1.937218308448791504e-01
1.888746470212936401e-01
1.843718439340591431e-01
1.799236387014389038e-01
1.754534542560577393e-01
1.709679812192916870e-01
1.665934175252914429e-01
1.624831408262252808e-01
1.587029844522476196e-01
1.552172452211380005e-01
1.519412994384765625e-01
1.487886756658554077e-01
1.456955969333648682e-01
1.426267325878143311e-01
1.395722478628158569e-01
1.365407854318618774e-01
1.335483193397521973e-01
1.306113302707672119e-01
1.277446299791336060e-01
1.249639764428138733e-01
1.222884282469749451e-01
1.197398230433464050e-01
1.173374429345130920e-01
1.150922179222106934e-01
1.130055785179138184e-01
1.110719069838523865e-01
1.092820018529891968e-01
1.076249554753303528e-01
1.060890331864356995e-01
1.046628877520561218e-01
1.033352538943290710e-01
1.020961552858352661e-01
1.009361445903778076e-01
9.984726458787918091e-02
9.882196038961410522e-02
9.785402566194534302e-02
9.693758934736251831e-02
9.606800228357315063e-02
9.524084627628326416e-02
9.445252269506454468e-02
9.369978308677673340e-02
9.297981858253479004e-02
9.229021519422531128e-02
9.162870049476623535e-02
9.099329262971878052e-02
9.038221091032028198e-02
8.979391306638717651e-02
8.922670781612396240e-02
8.867928385734558105e-02
8.815030008554458618e-02
8.763866126537322998e-02
8.714321255683898926e-02
8.666293323040008545e-02
8.619698137044906616e-02
8.574439585208892822e-02
8.530455082654953003e-02
8.487662672996520996e-02
8.446002751588821411e-02
8.405426889657974243e-02
8.365857601165771484e-02
8.327257633209228516e-02
8.289581537246704102e-02
8.252792805433273315e-02
8.216844499111175537e-02
8.181701600551605225e-02
8.147336542606353760e-02
8.113712817430496216e-02
8.080794662237167358e-02
8.048567175865173340e-02
8.017003536224365234e-02
7.986070215702056885e-02
7.955737411975860596e-02
7.925996929407119751e-02
7.896817475557327271e-02
7.868177443742752075e-02
7.840047776699066162e-02
7.812408357858657837e-02
7.785239070653915405e-02
7.758502662181854248e-02
7.732180505990982056e-02
7.706231623888015747e-02
7.680644094944000244e-02
7.655362039804458618e-02
7.630371302366256714e-02
7.605636119842529297e-02
7.581117004156112671e-02
7.556802779436111450e-02
7.532659173011779785e-02
7.508686929941177368e-02
7.484853267669677734e-02
7.461174577474594116e-02
7.437661290168762207e-02
7.414314150810241699e-02
7.391152530908584595e-02
7.368192821741104126e-02
7.345455139875411987e-02
7.322955131530761719e-02
7.300716638565063477e-02
7.278741896152496338e-02
7.257048785686492920e-02
7.235644012689590454e-02
7.214526832103729248e-02
7.193695753812789917e-02
7.173155993223190308e-02
7.152905315160751343e-02
7.132928818464279175e-02
7.113213837146759033e-02
7.093761861324310303e-02
7.074558734893798828e-02
7.055590301752090454e-02
7.036830484867095947e-02
7.018285989761352539e-02
6.999936699867248535e-02
6.981761008501052856e-02
6.963757425546646118e-02
6.945908069610595703e-02
6.928208470344543457e-02
6.910643726587295532e-02
6.893208622932434082e-02
6.875897198915481567e-02
6.858700513839721680e-02
6.841621547937393188e-02
6.824656575918197632e-02
6.807808578014373779e-02
6.791067123413085938e-02
6.774453073740005493e-02
6.757959723472595215e-02
6.741593778133392334e-02
6.725361943244934082e-02
6.709269434213638306e-02
6.693327426910400391e-02
6.677541136741638184e-02
6.661910563707351685e-02
6.646446138620376587e-02
6.631155312061309814e-02
6.616042554378509521e-02
6.601110100746154785e-02
6.586354970932006836e-02
6.571795791387557983e-02
6.557417660951614380e-02
6.543233990669250488e-02
6.529238820075988770e-02
6.515433639287948608e-02
6.501820683479309082e-02
6.488391011953353882e-02
6.475149840116500854e-02
6.462093442678451538e-02
6.449222564697265625e-02
6.436527520418167114e-02
6.424015015363693237e-02
6.411673873662948608e-02
6.399509310722351074e-02
6.387504935264587402e-02
6.375680118799209595e-02
6.364005804061889648e-02
6.352501362562179565e-02
6.341148167848587036e-02
6.329948455095291138e-02
6.318904459476470947e-02
6.308010965585708618e-02
6.297256797552108765e-02
6.286645680665969849e-02
6.276176124811172485e-02
6.265842169523239136e-02
6.255641579627990723e-02
6.245576590299606323e-02
6.235629692673683167e-02
6.225810945034027100e-02
6.216118857264518738e-02
6.206544488668441772e-02
6.197087839245796204e-02
6.187749654054641724e-02
6.178513169288635254e-02
6.169394031167030334e-02
6.160382926464080811e-02
6.151471659541130066e-02
6.142665445804595947e-02
6.133956089615821838e-02
6.125343590974807739e-02
6.116830557584762573e-02
6.108404695987701416e-02
6.100076436996459961e-02
6.091831251978874207e-02
6.083676218986511230e-02
6.075593829154968262e-02
6.067603081464767456e-02
6.059689074754714966e-02
6.051846593618392944e-02
6.044087558984756470e-02
6.036395207047462463e-02
6.028774753212928772e-02
6.021226570010185242e-02
6.013742461800575256e-02
6.006325781345367432e-02
5.998967587947845459e-02
5.991678312420845032e-02
5.984443798661231995e-02
5.977261066436767578e-02
5.970142781734466553e-02
5.963076651096343994e-02
5.956058204174041748e-02
5.949098989367485046e-02
5.942181125283241272e-02
5.935315042734146118e-02
5.928494036197662354e-02
5.921715125441551208e-02
5.914980918169021606e-02
5.908292904496192932e-02
5.901637300848960876e-02
5.895023792982101440e-02
5.888447910547256470e-02
5.881907418370246887e-02
5.875397846102714539e-02
5.868924781680107117e-02
5.862485617399215698e-02
5.856073275208473206e-02
5.849695578217506409e-02
5.843339487910270691e-02
5.837015807628631592e-02
5.830713734030723572e-02
5.824446305632591248e-02
5.818193033337593079e-02
5.811965838074684143e-02
5.805760622024536133e-02
5.799574777483940125e-02
5.793407931923866272e-02
5.787262693047523499e-02
5.781138315796852112e-02
5.775022506713867188e-02
5.768931284546852112e-02
5.762852728366851807e-02
5.756786838173866272e-02
5.750733613967895508e-02
5.744696781039237976e-02
5.738664790987968445e-02
5.732645094394683838e-02
5.726645886898040771e-02
5.720652267336845398e-02
5.714661628007888794e-02
5.708682537078857422e-02
5.702712759375572205e-02
5.696747079491615295e-02
5.690785124897956848e-02
5.684833973646163940e-02
5.678883567452430725e-02
5.672939494252204895e-02
5.667001008987426758e-02
5.661058798432350159e-02
5.655126646161079407e-02
5.649192258715629578e-02
5.643260478973388672e-02
5.637324601411819458e-02
5.631391704082489014e-02
5.625463277101516724e-02
5.619526281952857971e-02
5.613592267036437988e-02
5.607656762003898621e-02
5.601717531681060791e-02
5.595776066184043884e-02
5.589830875396728516e-02
5.583887174725532532e-02
5.577928945422172546e-02
5.571975186467170715e-02
5.566012114286422729e-02
5.560046806931495667e-02
5.554074794054031372e-02
5.548098310828208923e-02
5.542114749550819397e-02
5.536125227808952332e-02
5.530128628015518188e-02
5.524126440286636353e-02
5.518117174506187439e-02
5.512099340558052063e-02
5.506080016493797302e-02
5.500046163797378540e-02
5.494010075926780701e-02
5.487960949540138245e-02
5.481904000043869019e-02
5.475845187902450562e-02
5.469772592186927795e-02
5.463697388768196106e-02
5.457609519362449646e-02
5.451511964201927185e-02
5.445410683751106262e-02
5.439303815364837646e-02
5.433179810643196106e-02
5.427056178450584412e-02
5.420919507741928101e-02
5.414776131510734558e-02
5.408626794815063477e-02
5.402470007538795471e-02
5.396303907036781311e-02
5.390130355954170227e-02
5.383950099349021912e-02
5.377760156989097595e-02
5.371566861867904663e-02
5.365367978811264038e-02
5.359157919883728027e-02
5.352947860956192017e-02
5.346726998686790466e-02
5.340501293540000916e-02
5.334270745515823364e-02
5.328038707375526428e-02
5.321794375777244568e-02
5.315554514527320862e-02
5.309305712580680847e-02
5.303049087524414062e-02
5.296797305345535278e-02
5.290536954998970032e-02
5.284275487065315247e-02
5.278012529015541077e-02
5.271746590733528137e-02
5.265478789806365967e-02
5.259213596582412720e-02
5.252942070364952087e-02
5.246670171618461609e-02
5.240404978394508362e-02
5.234132707118988037e-02
5.227867141366004944e-02
5.221600458025932312e-02
5.215332284569740295e-02
5.209069699048995972e-02
5.202810093760490417e-02
5.196552723646163940e-02
5.190295353531837463e-02
5.184046179056167603e-02
5.177798867225646973e-02
5.171553790569305420e-02
5.165315046906471252e-02
5.159083381295204163e-02
5.152857303619384766e-02
5.146633088588714600e-02
5.140418186783790588e-02
5.134208500385284424e-02
5.128003656864166260e-02
5.121810734272003174e-02
5.115623399615287781e-02
5.109442397952079773e-02
5.103272572159767151e-02
5.097107589244842529e-02
5.090957507491111755e-02
5.084809660911560059e-02
5.078671500086784363e-02
5.072550848126411438e-02
5.066430196166038513e-02
5.060325190424919128e-02
5.054229497909545898e-02
5.048144236207008362e-02
5.042066052556037903e-02
5.036002770066261292e-02
5.029951408505439758e-02
5.023907497525215149e-02
5.017878115177154541e-02
5.011859536170959473e-02
5.005852133035659790e-02
4.999859258532524109e-02
4.993877187371253967e-02
4.987904429435729980e-02
4.981949925422668457e-02
4.976004734635353088e-02
4.970068112015724182e-02
4.964147135615348816e-02
4.958242550492286682e-02
4.952346533536911011e-02
4.946465790271759033e-02
4.940591380000114441e-02
4.934735968708992004e-02
4.928893968462944031e-02
4.923062771558761597e-02
4.917243868112564087e-02
4.911438748240470886e-02
4.905648157000541687e-02
4.899868369102478027e-02
4.894100129604339600e-02
4.888346791267395020e-02
4.882609844207763672e-02
4.876877740025520325e-02
4.871164634823799133e-02
4.865462705492973328e-02
4.859774187207221985e-02
4.854095727205276489e-02
4.848433285951614380e-02
4.842779785394668579e-02
4.837138950824737549e-02
4.831510409712791443e-02
4.825899377465248108e-02
4.820294305682182312e-02
4.814702272415161133e-02
4.809125885367393494e-02
4.803560301661491394e-02
4.798002913594245911e-02
4.792458564043045044e-02
4.786927998065948486e-02
4.781406000256538391e-02
4.775898158550262451e-02
4.770400747656822205e-02
4.764913767576217651e-02
4.759438335895538330e-02
4.753972962498664856e-02
4.748518764972686768e-02
4.743074998259544373e-02
4.737640917301177979e-02
4.732216894626617432e-02
4.726809263229370117e-02
4.721406102180480957e-02
4.716008901596069336e-02
4.710626229643821716e-02
4.705257341265678406e-02
4.699889570474624634e-02
4.694534838199615479e-02
4.689192026853561401e-02
4.683854430913925171e-02
4.678530246019363403e-02
4.673209786415100098e-02
4.667901620268821716e-02
4.662601649761199951e-02
4.657308384776115417e-02
4.652025550603866577e-02
4.646745324134826660e-02
4.641478881239891052e-02
4.636218398809432983e-02
4.630968719720840454e-02
4.625725001096725464e-02
4.620490223169326782e-02
4.615256562829017639e-02
4.610034450888633728e-02
4.604816064238548279e-02
4.599608853459358215e-02
4.594405367970466614e-02
4.589205980300903320e-02
4.584019631147384644e-02
4.578833281993865967e-02
4.573656991124153137e-02
4.568485915660858154e-02
4.563319683074951172e-02
4.558158665895462036e-02
4.553003609180450439e-02
4.547854512929916382e-02
4.542709514498710632e-02
4.537568613886833191e-02
4.532432556152343750e-02
4.527302458882331848e-02
4.522176086902618408e-02
4.517056047916412354e-02
4.511940106749534607e-02
4.506824910640716553e-02
4.501715302467346191e-02
4.496605321764945984e-02
4.491502791643142700e-02
4.486405849456787109e-02
4.481309652328491211e-02
4.476215317845344543e-02
4.471123218536376953e-02
4.466034471988677979e-02
4.460950195789337158e-02
4.455863311886787415e-02
4.450779035687446594e-02
4.445694759488105774e-02
4.440613836050033569e-02
4.435534030199050903e-02
4.430454969406127930e-02
4.425378516316413879e-02
4.420300200581550598e-02
4.415221512317657471e-02
4.410143569111824036e-02
4.405064135789871216e-02
4.399988055229187012e-02
4.394906386733055115e-02
4.389825090765953064e-02
4.384743794798851013e-02
4.379658028483390808e-02
4.374573752284049988e-02
4.369483515620231628e-02
4.364392161369323730e-02
4.359302297234535217e-02
4.354202747344970703e-02
4.349101707339286804e-02
4.343997687101364136e-02
4.338891059160232544e-02
4.333778470754623413e-02
4.328662902116775513e-02
4.323541000485420227e-02
4.318412393331527710e-02
4.313284158706665039e-02
4.308146238327026367e-02
4.303002730011940002e-02
4.297851026058197021e-02
4.292694479227066040e-02
4.287532344460487366e-02
4.282360523939132690e-02
4.277181997895240784e-02
4.271998256444931030e-02
4.266804456710815430e-02
4.261601716279983521e-02
4.256390407681465149e-02
4.251170530915260315e-02
4.245941713452339172e-02
4.240702837705612183e-02
4.235456138849258423e-02
4.230196774005889893e-02
