2.103140652179718018e-01
2.032591104507446289e-01
1.983347088098526001e-01
1.949079930782318115e-01
1.923412382602691650e-01
1.901310235261917114e-01
1.880436986684799194e-01
1.861340701580047607e-01
1.845270991325378418e-01
1.832480579614639282e-01
1.822943836450576782e-01
1.817315518856048584e-01
1.816978305578231812e-01
1.822571158409118652e-01
1.827438026666641235e-01
1.811376810073852539e-01
1.760917603969573975e-01
1.688123792409896851e-01
1.613659858703613281e-01
1.546786129474639893e-01
1.487018316984176636e-01
1.432278901338577271e-01
1.381201744079589844e-01
1.332043111324310303e-01
1.281880587339401245e-01
1.228303015232086182e-01
1.172422990202903748e-01
1.118958070874214172e-01
1.072957217693328857e-01
1.036576479673385620e-01
1.008772328495979309e-01
9.876003861427307129e-02
9.712214767932891846e-02
9.580396860837936401e-02
9.468041360378265381e-02
9.367571771144866943e-02
9.275548160076141357e-02
9.190318733453750610e-02
9.111304581165313721e-02
9.039402008056640625e-02
8.974628895521163940e-02
8.915172517299652100e-02
8.859323710203170776e-02
8.806323260068893433e-02
8.756230026483535767e-02
8.709525316953659058e-02
8.666733652353286743e-02
8.628238737583160400e-02
8.594384789466857910e-02
8.565507084131240845e-02
8.541185408830642700e-02
8.518715947866439819e-02
8.493384718894958496e-02
8.461362868547439575e-02
8.421690016984939575e-02
8.375795185565948486e-02
8.325875550508499146e-02
8.273760974407196045e-02
8.220615983009338379e-02
8.167051523923873901e-02
8.113324642181396484e-02
8.059478551149368286e-02
8.005471527576446533e-02
7.951210439205169678e-02
7.896622270345687866e-02
7.841655611991882324e-02
7.786300033330917358e-02
7.730598747730255127e-02
7.674612849950790405e-02
7.618414610624313354e-02
7.562092691659927368e-02
7.505722343921661377e-02
7.449376583099365234e-02
7.393140345811843872e-02
7.337112724781036377e-02
7.281404733657836914e-02
7.226091623306274414e-02
7.171173393726348877e-02
7.116571068763732910e-02
7.062169164419174194e-02
7.008057087659835815e-02
6.954551488161087036e-02
6.901858747005462646e-02
6.851229071617126465e-02
6.803549826145172119e-02
6.757817417383193970e-02
6.713470071554183960e-02
6.670997291803359985e-02
6.630968302488327026e-02
6.593390554189682007e-02
6.557744741439819336e-02
6.523479521274566650e-02
6.490220129489898682e-02
6.457686424255371094e-02
6.425580382347106934e-02
6.393566727638244629e-02
6.361383944749832153e-02
6.328947842121124268e-02
6.296425312757492065e-02
6.264209747314453125e-02
6.232879310846328735e-02
6.203046068549156189e-02
6.175285577774047852e-02
6.150028109550476074e-02
6.127509102225303650e-02
6.107780337333679199e-02
6.090710684657096863e-02
6.076065078377723694e-02
6.063499674201011658e-02
6.052640825510025024e-02
6.043135002255439758e-02
6.034708768129348755e-02
6.027316302061080933e-02
6.021234765648841858e-02
6.017088145017623901e-02
6.015760451555252075e-02
6.018309295177459717e-02
6.025854498147964478e-02
6.039259582757949829e-02
6.058545410633087158e-02
6.082764267921447754e-02
6.111040338873863220e-02
6.144187599420547485e-02
6.184621527791023254e-02
6.234261766076087952e-02
6.292970478534698486e-02
6.358596682548522949e-02
6.427785754203796387e-02
6.497000157833099365e-02
6.563305854797363281e-02
6.624969840049743652e-02
6.681434810161590576e-02
6.733193248510360718e-02
6.781207025051116943e-02
6.826224178075790405e-02
6.868602335453033447e-02
6.909192353487014771e-02
6.950722634792327881e-02
6.995572894811630249e-02
7.038972526788711548e-02
7.127260416746139526e-02
7.234562933444976807e-02
7.341530919075012207e-02
7.440554350614547729e-02
7.524840533733367920e-02
7.594179362058639526e-02
7.648117095232009888e-02
7.686500996351242065e-02
7.585094124078750610e-02
7.724096626043319702e-02
7.508613169193267822e-02
7.690975815057754517e-02
7.680556178092956543e-02
7.674283534288406372e-02
7.386158406734466553e-02
7.705464214086532593e-02
7.811716943979263306e-02
7.339663058519363403e-02
7.107733190059661865e-02
7.226716727018356323e-02
7.159639894962310791e-02
7.397124171257019043e-02
7.294262200593948364e-02
6.894732266664505005e-02
6.528977304697036743e-02
6.608773767948150635e-02
6.486824899911880493e-02
6.578159332275390625e-02
6.767902523279190063e-02
7.189701497554779053e-02
6.942504644393920898e-02
7.226695120334625244e-02
6.509338319301605225e-02
6.442385166883468628e-02
6.578094512224197388e-02
6.474925577640533447e-02
6.899937242269515991e-02
6.210498884320259094e-02
6.451036781072616577e-02
7.205327600240707397e-02
6.333562731742858887e-02
7.421542704105377197e-02
6.751790642738342285e-02
7.169947028160095215e-02
6.685435771942138672e-02
6.161079183220863342e-02
6.339706480503082275e-02
8.331509679555892944e-02
6.564552336931228638e-02
6.260913610458374023e-02
6.235176324844360352e-02
6.365165114402770996e-02
6.196506321430206299e-02
6.181285530328750610e-02
6.448822468519210815e-02
7.278201729059219360e-02
8.408160507678985596e-02
7.483235746622085571e-02
6.768281012773513794e-02
7.851359993219375610e-02
6.525473296642303467e-02
6.839979439973831177e-02
6.529679894447326660e-02
6.859524548053741455e-02
7.280437648296356201e-02
7.357414066791534424e-02
7.105705142021179199e-02
6.824962794780731201e-02
7.012340426445007324e-02
6.723477691411972046e-02
6.661338359117507935e-02
6.960890442132949829e-02
7.269042730331420898e-02
6.543711572885513306e-02
6.571128964424133301e-02
7.204735279083251953e-02
7.753777503967285156e-02
7.407696545124053955e-02
7.266137748956680298e-02
7.490048557519912720e-02
7.833670079708099365e-02
7.289958745241165161e-02
7.380262017250061035e-02
7.289503514766693115e-02
7.457679510116577148e-02
7.268399745225906372e-02
7.310405373573303223e-02
7.265672087669372559e-02
7.052897661924362183e-02
7.177843153476715088e-02
7.522349804639816284e-02
7.080295681953430176e-02
7.211939245462417603e-02
7.101508975028991699e-02
7.269346714019775391e-02
7.063848525285720825e-02
7.193386554718017578e-02
7.034331560134887695e-02
7.087144255638122559e-02
7.105088233947753906e-02
7.481785118579864502e-02
7.511094212532043457e-02
7.580035924911499023e-02
7.510215789079666138e-02
7.546090334653854370e-02
7.169827073812484741e-02
7.653488218784332275e-02
7.399153709411621094e-02
7.421729713678359985e-02
7.360225915908813477e-02
7.459930330514907837e-02
7.221885770559310913e-02
7.097430527210235596e-02
7.273259758949279785e-02
7.633874565362930298e-02
7.106676697731018066e-02
7.210541516542434692e-02
7.602435350418090820e-02
7.278862595558166504e-02
7.231806963682174683e-02
7.142528891563415527e-02
7.142192125320434570e-02
7.136617600917816162e-02
7.134255021810531616e-02
7.132375985383987427e-02
7.130059599876403809e-02
7.127103209495544434e-02
7.122170925140380859e-02
7.110892981290817261e-02
7.093935459852218628e-02
7.068718224763870239e-02
7.028127461671829224e-02
7.009571045637130737e-02
7.014738023281097412e-02
6.808941811323165894e-02
6.247839331626892090e-02
5.850057676434516907e-02
7.110869884490966797e-02
7.209251075983047485e-02
6.158086657524108887e-02
5.760550126433372498e-02
6.831431388854980469e-02
6.694469600915908813e-02
6.197562813758850098e-02
5.746504291892051697e-02
6.737881898880004883e-02
7.051606476306915283e-02
7.036125659942626953e-02
5.693501606583595276e-02
6.869827210903167725e-02
6.329748779535293579e-02
5.804943293333053589e-02
7.060630619525909424e-02
7.040175050497055054e-02
7.165226340293884277e-02
7.111801207065582275e-02
7.085862010717391968e-02
7.111687958240509033e-02
7.183273881673812866e-02
8.071269840002059937e-02
7.231205701828002930e-02
7.112164795398712158e-02
7.104643434286117554e-02
6.195776537060737610e-02
7.170481979846954346e-02
7.404165714979171753e-02
6.674482673406600952e-02
6.943070143461227417e-02
6.853770464658737183e-02
6.860828399658203125e-02
6.967394053936004639e-02
6.842327862977981567e-02
6.894057989120483398e-02
6.903412193059921265e-02
7.428357750177383423e-02
7.174212485551834106e-02
7.021510601043701172e-02
7.075647264719009399e-02
5.687208101153373718e-02
6.960107386112213135e-02
6.590931117534637451e-02
6.937595456838607788e-02
6.597784161567687988e-02
6.222434714436531067e-02
6.324411928653717041e-02
7.608118653297424316e-02
6.805609911680221558e-02
6.670874357223510742e-02
6.137947738170623779e-02
6.830561906099319458e-02
6.528747826814651489e-02
7.184673100709915161e-02
6.842811405658721924e-02
6.943499296903610229e-02
7.226303219795227051e-02
7.019681483507156372e-02
6.913822889328002930e-02
6.158002093434333801e-02
7.005172222852706909e-02
6.606299430131912231e-02
6.713909655809402466e-02
6.897686421871185303e-02
6.179817765951156616e-02
6.510093808174133301e-02
6.242713332176208496e-02
6.593022495508193970e-02
6.725078076124191284e-02
6.771960109472274780e-02
6.827887147665023804e-02
6.444977968931198120e-02
6.457401067018508911e-02
6.210100650787353516e-02
6.513357162475585938e-02
6.256035715341567993e-02
6.516165286302566528e-02
6.049002707004547119e-02
6.265631318092346191e-02
6.478297710418701172e-02
6.482646614313125610e-02
6.405730545520782471e-02
6.330385804176330566e-02
6.264672428369522095e-02
6.207876279950141907e-02
6.144581362605094910e-02
6.172999739646911621e-02
6.530750542879104614e-02
6.301884353160858154e-02
6.840559840202331543e-02
6.375054270029067993e-02
6.295787543058395386e-02
6.517903506755828857e-02
6.308850646018981934e-02
6.332020461559295654e-02
6.167266517877578735e-02
6.395414471626281738e-02
6.231004744768142700e-02
6.283782422542572021e-02
6.283240765333175659e-02
6.214100867509841919e-02
6.126823648810386658e-02
6.186183169484138489e-02
6.938435882329940796e-02
6.427694112062454224e-02
6.509415060281753540e-02
6.208547577261924744e-02
6.213215738534927368e-02
6.362070143222808838e-02
6.423144042491912842e-02
6.234899163246154785e-02
6.324715912342071533e-02
6.156397983431816101e-02
6.338174641132354736e-02
6.157034635543823242e-02
6.360567361116409302e-02
6.490687280893325806e-02
6.217755004763603210e-02
6.322327256202697754e-02
6.268651783466339111e-02
6.211221218109130859e-02
6.220403313636779785e-02
6.128700077533721924e-02
6.365428864955902100e-02
6.183676421642303467e-02
6.192609667778015137e-02
6.273501366376876831e-02
6.303137540817260742e-02
6.538297235965728760e-02
6.295221298933029175e-02
6.180940940976142883e-02
6.302484869956970215e-02
6.330847740173339844e-02
6.122623011469841003e-02
6.254604458808898926e-02
6.254313886165618896e-02
6.144042313098907471e-02
6.451573222875595093e-02
6.142391636967658997e-02
6.123694777488708496e-02
6.241770461201667786e-02
6.121121346950531006e-02
5.983672663569450378e-02
6.326852738857269287e-02
6.089795753359794617e-02
6.305659562349319458e-02
6.290090084075927734e-02
5.956907942891120911e-02
6.136564910411834717e-02
6.235095858573913574e-02
6.005001813173294067e-02
6.302438676357269287e-02
6.318131089210510254e-02
6.222480908036231995e-02
6.171703338623046875e-02
6.155784055590629578e-02
6.073465570807456970e-02
6.205704063177108765e-02
6.149089336395263672e-02
6.158265471458435059e-02
6.076099723577499390e-02
6.129518896341323853e-02
6.061736121773719788e-02
6.104966998100280762e-02
5.920171365141868591e-02
6.019997969269752502e-02
6.069810315966606140e-02
6.070812046527862549e-02
6.144426017999649048e-02
6.160828843712806702e-02
6.170886009931564331e-02
6.170894578099250793e-02
6.172895804047584534e-02
6.171260401606559753e-02
6.165983527898788452e-02
6.159955263137817383e-02
6.153093650937080383e-02
6.147047504782676697e-02
6.141350045800209045e-02
6.136368587613105774e-02
6.131896749138832092e-02
6.128029152750968933e-02
6.124811619520187378e-02
6.122334301471710205e-02
6.120599806308746338e-02
6.119632720947265625e-02
6.119360029697418213e-02
6.119734048843383789e-02
6.120660901069641113e-02
6.122086569666862488e-02
6.123948842287063599e-02
6.126239895820617676e-02
6.128928810358047485e-02
6.132017076015472412e-02
6.135513633489608765e-02
6.139374896883964539e-02
6.143557280302047729e-02
6.148002669215202332e-02
6.152626872062683105e-02
6.157343834638595581e-02
6.162060424685478210e-02
6.166745349764823914e-02
6.171336397528648376e-02
6.175836920738220215e-02
6.180243939161300659e-02
6.184597685933113098e-02
6.188926473259925842e-02
6.193288043141365051e-02
6.197710707783699036e-02
6.202235817909240723e-02
6.206925213336944580e-02
6.211852282285690308e-02
6.217091158032417297e-02
6.222779676318168640e-02
6.229123100638389587e-02
6.236433237791061401e-02
6.245227903127670288e-02
6.256302446126937866e-02
6.270764768123626709e-02
6.289737671613693237e-02
6.313830614089965820e-02
6.343369185924530029e-02
