2.005812823772430420e-01
1.982851326465606689e-01
1.964110136032104492e-01
1.948940604925155640e-01
1.936482489109039307e-01
1.925830841064453125e-01
1.916133463382720947e-01
1.906605213880538940e-01
1.896553039550781250e-01
1.885452568531036377e-01
1.873131096363067627e-01
1.859957277774810791e-01
1.846818476915359497e-01
1.834717988967895508e-01
1.824292242527008057e-01
1.815745234489440918e-01
1.809132844209671021e-01
1.804637610912322998e-01
1.802611351013183594e-01
1.803135722875595093e-01
1.804565042257308960e-01
1.801488995552062988e-01
1.786277294158935547e-01
1.755685508251190186e-01
1.713672578334808350e-01
1.667243093252182007e-01
1.621780693531036377e-01
1.579567342996597290e-01
1.540606170892715454e-01
1.503867805004119873e-01
1.467987895011901855e-01
1.431457996368408203e-01
1.392660737037658691e-01
1.350082904100418091e-01
1.302968710660934448e-01
1.252164542675018311e-01
1.200265064835548401e-01
1.150791198015213013e-01
1.106847375631332397e-01
1.069833487272262573e-01
1.039635464549064636e-01
1.015410125255584717e-01
9.959530830383300781e-02
9.800495207309722900e-02
9.667210280895233154e-02
9.552451223134994507e-02
9.451068937778472900e-02
9.359472244977951050e-02
9.275235235691070557e-02
9.196721017360687256e-02
9.122715890407562256e-02
9.052398055791854858e-02
8.985684812068939209e-02
8.923161029815673828e-02
8.865239471197128296e-02
8.811728656291961670e-02
8.762126415967941284e-02
8.715892583131790161e-02
8.672586083412170410e-02
8.631824702024459839e-02
8.593274652957916260e-02
8.556625247001647949e-02
8.521561324596405029e-02
8.487731963396072388e-02
8.454767614603042603e-02
8.422273397445678711e-02
8.389859646558761597e-02
8.357155323028564453e-02
8.323842287063598633e-02
8.289659768342971802e-02
8.254439383745193481e-02
8.218071609735488892e-02
8.180510252714157104e-02
8.141757547855377197e-02
8.101825416088104248e-02
8.060737699270248413e-02
8.018513768911361694e-02
7.975158840417861938e-02
7.930680364370346069e-02
7.885087281465530396e-02
7.838391512632369995e-02
7.790622115135192871e-02
7.741838693618774414e-02
7.692115753889083862e-02
7.641559094190597534e-02
7.590314000844955444e-02
7.538548856973648071e-02
7.486475259065628052e-02
7.434323430061340332e-02
7.382360845804214478e-02
7.330874353647232056e-02
7.280146330595016479e-02
7.230453193187713623e-02
7.182038575410842896e-02
7.135098427534103394e-02
7.089775800704956055e-02
7.046154886484146118e-02
7.004268467426300049e-02
6.964097172021865845e-02
6.925591826438903809e-02
6.888667494058609009e-02
6.853224337100982666e-02
6.819147616624832153e-02
6.786341965198516846e-02
6.754709035158157349e-02
6.724182516336441040e-02
6.694725155830383301e-02
6.666312366724014282e-02
6.638944894075393677e-02
6.612639874219894409e-02
6.587403267621994019e-02
6.563256680965423584e-02
6.540204584598541260e-02
6.518261879682540894e-02
6.497427076101303101e-02
6.477703899145126343e-02
6.459078937768936157e-02
6.441543996334075928e-02
6.425076723098754883e-02
6.409659981727600098e-02
6.395255774259567261e-02
6.381832808256149292e-02
6.369347125291824341e-02
6.357750296592712402e-02
6.346999108791351318e-02
6.337036192417144775e-02
6.327806413173675537e-02
6.319256871938705444e-02
6.311325728893280029e-02
6.303948909044265747e-02
6.297052651643753052e-02
6.290575116872787476e-02
6.284437328577041626e-02
6.278563290834426880e-02
6.272879242897033691e-02
6.267315149307250977e-02
6.261809170246124268e-02
6.256312131881713867e-02
6.250787526369094849e-02
6.245215982198715210e-02
6.239607930183410645e-02
6.233990192413330078e-02
6.228406354784965515e-02
6.222925707697868347e-02
6.217640638351440430e-02
6.212649121880531311e-02
6.208070367574691772e-02
6.204030662775039673e-02
6.200660020112991333e-02
6.198092177510261536e-02
6.196459382772445679e-02
6.195896118879318237e-02
6.196514517068862915e-02
6.198436021804809570e-02
6.201754510402679443e-02
6.206561997532844543e-02
6.212930008769035339e-02
6.220907717943191528e-02
6.230520084500312805e-02
6.241785362362861633e-02
6.254667043685913086e-02
6.269104778766632080e-02
6.285016983747482300e-02
6.302287429571151733e-02
6.320747733116149902e-02
6.340232491493225098e-02
6.360533833503723145e-02
6.381433457136154175e-02
6.402688473463058472e-02
6.424058228731155396e-02
6.445302069187164307e-02
6.466171145439147949e-02
6.486451625823974609e-02
6.505920737981796265e-02
6.524385511875152588e-02
6.541673839092254639e-02
6.557638943195343018e-02
6.572170555591583252e-02
6.585168838500976562e-02
6.596563756465911865e-02
6.606311351060867310e-02
6.614399701356887817e-02
6.620828062295913696e-02
6.625603884458541870e-02
6.628768146038055420e-02
6.630364805459976196e-02
6.630434840917587280e-02
6.629014015197753906e-02
6.626152992248535156e-02
6.621898710727691650e-02
6.616254150867462158e-02
6.609249114990234375e-02
6.600875407457351685e-02
6.591124832630157471e-02
6.579962372779846191e-02
6.567353755235671997e-02
6.553231179714202881e-02
6.537508964538574219e-02
6.520090997219085693e-02
6.500890105962753296e-02
6.479840725660324097e-02
6.456908583641052246e-02
6.432175636291503906e-02
6.405874341726303101e-02
6.378455460071563721e-02
6.350561231374740601e-02
6.322968751192092896e-02
6.296475231647491455e-02
6.271634250879287720e-02
6.248745694756507874e-02
6.227803602814674377e-02
6.208568438887596130e-02
6.190793961286544800e-02
6.174525246024131775e-02
6.160190328955650330e-02
6.148440018296241760e-02
6.139964610338211060e-02
6.133964285254478455e-02
6.121280416846275330e-02
6.078041717410087585e-02
6.010602042078971863e-02
5.980758368968963623e-02
5.967487022280693054e-02
5.938792601227760315e-02
5.914024263620376587e-02
5.897027999162673950e-02
5.884825065732002258e-02
5.875399336218833923e-02
5.867810919880867004e-02
5.861600860953330994e-02
5.856573581695556641e-02
5.852635949850082397e-02
5.849742144346237183e-02
5.847888439893722534e-02
5.847089365124702454e-02
5.847364664077758789e-02
5.848769471049308777e-02
5.851369723677635193e-02
5.855270102620124817e-02
5.860596895217895508e-02
5.867543816566467285e-02
5.876434966921806335e-02
5.887701734900474548e-02
5.902070179581642151e-02
5.920594930648803711e-02
5.944898724555969238e-02
5.977414920926094055e-02
6.021899357438087463e-02
6.084407493472099304e-02
6.173777952790260315e-02
6.283959746360778809e-02
6.381305307149887085e-02
6.445134431123733521e-02
6.484527140855789185e-02
6.515936553478240967e-02
6.533572822809219360e-02
6.546875089406967163e-02
6.555730849504470825e-02
6.560319662094116211e-02
6.561258435249328613e-02
6.559173017740249634e-02
6.555100530385971069e-02
6.550051271915435791e-02
6.544788926839828491e-02
6.539794802665710449e-02
6.535293161869049072e-02
6.531392037868499756e-02
6.528116017580032349e-02
6.525451689958572388e-02
6.523413956165313721e-02
6.521958857774734497e-02
6.521020829677581787e-02
6.520469486713409424e-02
6.520116329193115234e-02
6.519761681556701660e-02
6.519147753715515137e-02
6.518070399761199951e-02
6.516356021165847778e-02
6.513885408639907837e-02
6.510604172945022583e-02
6.506512314081192017e-02
6.501643359661102295e-02
6.496065855026245117e-02
6.489850580692291260e-02
6.483075022697448730e-02
6.475798785686492920e-02
6.468074768781661987e-02
6.459942460060119629e-02
6.451447308063507080e-02
6.442626565694808960e-02
6.433515250682830811e-02
6.424132734537124634e-02
6.414506584405899048e-02
6.404618918895721436e-02
6.394084542989730835e-02
6.378536671400070190e-02
6.320939958095550537e-02
6.146212294697761536e-02
5.959571897983551025e-02
5.767885595560073853e-02
5.620875582098960876e-02
5.555655807256698608e-02
5.528224259614944458e-02
5.512927100062370300e-02
5.502069368958473206e-02
5.494172498583793640e-02
5.488584563136100769e-02
5.484308302402496338e-02
5.480504408478736877e-02
5.476799234747886658e-02
5.473321303725242615e-02
5.470449477434158325e-02
5.468131229281425476e-02
5.465290695428848267e-02
5.460048839449882507e-02
5.450855568051338196e-02
5.437199771404266357e-02
5.419265851378440857e-02
5.400281772017478943e-02
5.464414879679679871e-02
5.732826143503189087e-02
5.597715452313423157e-02
5.665523931384086609e-02
5.689570307731628418e-02
5.717075243592262268e-02
5.740028992295265198e-02
5.759763717651367188e-02
5.777449160814285278e-02
5.794419348239898682e-02
5.811265483498573303e-02
5.827882885932922363e-02
5.843811854720115662e-02
5.858455970883369446e-02
5.871432274580001831e-02
5.882551148533821106e-02
5.891838297247886658e-02
5.899445340037345886e-02
5.905530229210853577e-02
5.910233780741691589e-02
5.913686007261276245e-02
5.915977805852890015e-02
5.917241796851158142e-02
5.917565152049064636e-02
5.917051061987876892e-02
5.915848165750503540e-02
5.914072692394256592e-02
5.911810323596000671e-02
5.909198150038719177e-02
5.906323716044425964e-02
5.903244763612747192e-02
5.899982899427413940e-02
5.896508321166038513e-02
5.892652645707130432e-02
5.888115987181663513e-02
5.882492661476135254e-02
5.875211209058761597e-02
5.865638330578804016e-02
5.853094160556793213e-02
5.838454142212867737e-02
5.753958597779273987e-02
5.693342164158821106e-02
5.513646081089973450e-02
5.337699130177497864e-02
5.684542283415794373e-02
5.285256728529930115e-02
5.420204252004623413e-02
5.614472180604934692e-02
5.345995351672172546e-02
5.331146344542503357e-02
5.382394418120384216e-02
5.497312173247337341e-02
5.531391501426696777e-02
5.519861727952957153e-02
5.431973934173583984e-02
5.313951522111892700e-02
5.512084811925888062e-02
5.380835011601448059e-02
5.453402549028396606e-02
5.365367233753204346e-02
5.268078297376632690e-02
5.307593941688537598e-02
5.370776355266571045e-02
5.416505038738250732e-02
5.706011503934860229e-02
5.197585374116897583e-02
5.110347270965576172e-02
5.745638534426689148e-02
5.718003585934638977e-02
5.828361958265304565e-02
5.832990258932113647e-02
5.742128193378448486e-02
5.579753592610359192e-02
5.570078641176223755e-02
5.413889139890670776e-02
5.472660437226295471e-02
5.395187810063362122e-02
5.403328314423561096e-02
5.170803889632225037e-02
6.642975658178329468e-02
5.369836837053298950e-02
5.790915712714195251e-02
5.906975641846656799e-02
5.227240175008773804e-02
5.666311830282211304e-02
5.335189029574394226e-02
5.387971550226211548e-02
5.749531835317611694e-02
6.034819781780242920e-02
6.235834211111068726e-02
6.307399272918701172e-02
6.206140294671058655e-02
6.396598368883132935e-02
5.946954339742660522e-02
6.334321200847625732e-02
5.322201922535896301e-02
5.757383629679679871e-02
6.057724356651306152e-02
6.317473202943801880e-02
6.438034772872924805e-02
6.654234975576400757e-02
6.573156267404556274e-02
6.573452055454254150e-02
6.508437544107437134e-02
6.581193208694458008e-02
6.457495689392089844e-02
6.262597441673278809e-02
5.507014319300651550e-02
5.580632016062736511e-02
6.197937577962875366e-02
6.423487514257431030e-02
7.081802189350128174e-02
6.790001690387725830e-02
6.527695059776306152e-02
6.767446547746658325e-02
5.854923278093338013e-02
6.791579723358154297e-02
5.795821920037269592e-02
6.611634045839309692e-02
6.282794475555419922e-02
5.621051788330078125e-02
5.589137598872184753e-02
5.920225381851196289e-02
6.248330697417259216e-02
6.597276031970977783e-02
5.738896504044532776e-02
6.921885162591934204e-02
6.654269248247146606e-02
5.938386544585227966e-02
5.642778426408767700e-02
6.092108786106109619e-02
5.809802561998367310e-02
6.097635254263877869e-02
6.755669414997100830e-02
7.111653685569763184e-02
6.908276677131652832e-02
6.108926609158515930e-02
6.747604161500930786e-02
6.528428941965103149e-02
6.116590648889541626e-02
6.036127731204032898e-02
6.508505344390869141e-02
6.188778579235076904e-02
7.654918730258941650e-02
6.111660227179527283e-02
7.465048879384994507e-02
7.378391921520233154e-02
7.169809937477111816e-02
6.748107820749282837e-02
6.252926588058471680e-02
6.793193519115447998e-02
6.493598222732543945e-02
6.293419003486633301e-02
6.182269752025604248e-02
6.707456707954406738e-02
6.747968494892120361e-02
7.793953269720077515e-02
6.220014020800590515e-02
7.341010868549346924e-02
7.427946478128433228e-02
7.354544848203659058e-02
6.754310429096221924e-02
7.403816282749176025e-02
7.385365664958953857e-02
7.379123568534851074e-02
7.389152050018310547e-02
7.333284616470336914e-02
6.315694749355316162e-02
6.402310729026794434e-02
6.492884457111358643e-02
8.054956793785095215e-02
6.855167448520660400e-02
7.561478018760681152e-02
6.180408596992492676e-02
7.076638936996459961e-02
7.618638128042221069e-02
7.464087009429931641e-02
6.830158829689025879e-02
7.373385876417160034e-02
7.147841900587081909e-02
6.750848889350891113e-02
