1.910527199506759644e-01
1.899553984403610229e-01
1.892918199300765991e-01
1.886972635984420776e-01
1.881435662508010864e-01
1.875970959663391113e-01
1.870196759700775146e-01
1.863682270050048828e-01
1.855965405702590942e-01
1.846609860658645630e-01
1.835362166166305542e-01
1.822353601455688477e-01
1.808206886053085327e-01
1.793829500675201416e-01
1.779937595129013062e-01
1.766695827245712280e-01
1.753712743520736694e-01
1.740242093801498413e-01
1.725344210863113403e-01
1.708008795976638794e-01
1.687357723712921143e-01
1.663114577531814575e-01
1.636092513799667358e-01
1.607930213212966919e-01
1.580076217651367188e-01
1.553190648555755615e-01
1.527217626571655273e-01
1.501640379428863525e-01
1.475739479064941406e-01
1.448788046836853027e-01
1.420165896415710449e-01
1.389488577842712402e-01
1.356717795133590698e-01
1.322154849767684937e-01
1.286262124776840210e-01
1.249485760927200317e-01
1.212371289730072021e-01
1.175871044397354126e-01
1.141253709793090820e-01
1.110263690352439880e-01
1.083835735917091370e-01
1.061548516154289246e-01
1.042530015110969543e-01
1.026028990745544434e-01
1.011529639363288879e-01
9.986449778079986572e-02
9.870387613773345947e-02
9.764230996370315552e-02
9.665675461292266846e-02
9.572894871234893799e-02
9.484557062387466431e-02
9.400086849927902222e-02
9.319922327995300293e-02
9.244858473539352417e-02
9.174883365631103516e-02
9.109167754650115967e-02
9.046763181686401367e-02
8.986966311931610107e-02
8.929309993982315063e-02
8.873523771762847900e-02
8.819427341222763062e-02
8.766974508762359619e-02
8.716133236885070801e-02
8.666922897100448608e-02
8.619339764118194580e-02
8.573359251022338867e-02
8.528923243284225464e-02
8.485942333936691284e-02
8.444271981716156006e-02
8.403777331113815308e-02
8.364279568195343018e-02
8.325627446174621582e-02
8.287657052278518677e-02
8.250246942043304443e-02
8.213284611701965332e-02
8.176679164171218872e-02
8.140358328819274902e-02
8.104269206523895264e-02
8.068360388278961182e-02
8.032602071762084961e-02
7.996962964534759521e-02
7.961419224739074707e-02
7.925948500633239746e-02
7.890535145998001099e-02
7.855176925659179688e-02
7.819862663745880127e-02
7.784610241651535034e-02
7.749450951814651489e-02
7.714442908763885498e-02
7.679675519466400146e-02
7.645270228385925293e-02
7.611360400915145874e-02
7.578085362911224365e-02
7.545564323663711548e-02
7.513895630836486816e-02
7.483132928609848022e-02
7.453301548957824707e-02
7.424416393041610718e-02
7.396445423364639282e-02
7.369364053010940552e-02
7.343094795942306519e-02
7.317569851875305176e-02
7.292682677507400513e-02
7.268317788839340210e-02
7.244352996349334717e-02
7.220654934644699097e-02
7.197102904319763184e-02
7.173583656549453735e-02
7.150049507617950439e-02
7.126443833112716675e-02
7.102789729833602905e-02
7.079101353883743286e-02
7.055414468050003052e-02
7.031773030757904053e-02
7.008213549852371216e-02
6.984768807888031006e-02
6.961461156606674194e-02
6.938299536705017090e-02
6.915292143821716309e-02
6.892435997724533081e-02
6.869727373123168945e-02
6.847154349088668823e-02
6.824704259634017944e-02
6.802364438772201538e-02
6.780108809471130371e-02
6.757941097021102905e-02
6.735827028751373291e-02
6.713775545358657837e-02
6.691784411668777466e-02
6.669843941926956177e-02
6.647979468107223511e-02
6.626202911138534546e-02
6.604547053575515747e-02
6.583034992218017578e-02
6.561696529388427734e-02
6.540571153163909912e-02
6.519695371389389038e-02
6.499084085226058960e-02
6.478767096996307373e-02
6.458768248558044434e-02
6.439089030027389526e-02
6.419753283262252808e-02
6.400749087333679199e-02
6.382087618112564087e-02
6.363763660192489624e-02
6.345767527818679810e-02
6.328094750642776489e-02
6.310737133026123047e-02
6.293678283691406250e-02
6.276904046535491943e-02
6.260400265455245972e-02
6.244162842631340027e-02
6.228162348270416260e-02
6.212394684553146362e-02
6.196838244795799255e-02
6.181491911411285400e-02
6.166342645883560181e-02
6.151378154754638672e-02
6.136603653430938721e-02
6.122013181447982788e-02
6.107604503631591797e-02
6.093390658497810364e-02
6.079369410872459412e-02
6.065540388226509094e-02
6.051922589540481567e-02
6.038504093885421753e-02
6.025293096899986267e-02
6.012282520532608032e-02
5.999473482370376587e-02
5.986852571368217468e-02
5.974417179822921753e-02
5.962138622999191284e-02
5.950017273426055908e-02
5.938028916716575623e-02
5.926164239645004272e-02
5.914403870701789856e-02
5.902736634016036987e-02
5.891141295433044434e-02
5.879608541727066040e-02
5.868137627840042114e-02
5.856717377901077271e-02
5.845348164439201355e-02
5.834035575389862061e-02
5.822782963514328003e-02
5.811599269509315491e-02
5.800488591194152832e-02
5.789463222026824951e-02
5.778530240058898926e-02
5.767690390348434448e-02
5.756941810250282288e-02
5.746283754706382751e-02
5.735706910490989685e-02
5.725195631384849548e-02
5.714737623929977417e-02
5.704317241907119751e-02
5.693908408284187317e-02
5.683496221899986267e-02
5.673054978251457214e-02
5.662579461932182312e-02
5.652042105793952942e-02
5.641442537307739258e-02
5.630765482783317566e-02
5.620018765330314636e-02
5.609205737709999084e-02
5.598333477973937988e-02
5.587380751967430115e-02
5.576321482658386230e-02
5.565093457698822021e-02
5.553629994392395020e-02
5.541830137372016907e-02
5.529591068625450134e-02
5.516798421740531921e-02
5.503352358937263489e-02
5.489196255803108215e-02
5.474287644028663635e-02
5.458558723330497742e-02
5.441874265670776367e-02
5.423950403928756714e-02
5.404616892337799072e-02
5.385263264179229736e-02
5.369949340820312500e-02
5.357645079493522644e-02
5.347110703587532043e-02
5.336340144276618958e-02
5.326593667268753052e-02
5.317268893122673035e-02
5.307755991816520691e-02
5.298098921775817871e-02
5.288407579064369202e-02
5.278749391436576843e-02
5.269142612814903259e-02
5.259613320231437683e-02
5.250172317028045654e-02
5.240829288959503174e-02
5.231580883264541626e-02
5.222430825233459473e-02
5.213375762104988098e-02
5.204408243298530579e-02
5.195533856749534607e-02
5.186742916703224182e-02
5.178048461675643921e-02
5.169438943266868591e-02
5.160924792289733887e-02
5.152516067028045654e-02
5.144222825765609741e-02
5.136064067482948303e-02
5.128088220953941345e-02
5.120461434125900269e-02
5.113745853304862976e-02
5.109954625368118286e-02
5.115454643964767456e-02
5.122148245573043823e-02
5.113624036312103271e-02
5.097829550504684448e-02
5.083402991294860840e-02
5.074697732925415039e-02
5.065550282597541809e-02
5.056808888912200928e-02
5.048272758722305298e-02
5.039881914854049683e-02
5.032067373394966125e-02
5.025063082575798035e-02
5.018784850835800171e-02
5.012900382280349731e-02
5.007071420550346375e-02
5.001069977879524231e-02
4.994827881455421448e-02
4.988357797265052795e-02
4.981700330972671509e-02
4.974868148565292358e-02
4.967870563268661499e-02
4.960706084966659546e-02
4.953375086188316345e-02
4.945880174636840820e-02
4.938222467899322510e-02
4.930420592427253723e-02
4.922495037317276001e-02
4.914474487304687500e-02
4.906380549073219299e-02
4.898228123784065247e-02
4.890037700533866882e-02
4.881798103451728821e-02
4.873530939221382141e-02
4.865231364965438843e-02
4.856913909316062927e-02
4.848596453666687012e-02
4.840317368507385254e-02
4.832113906741142273e-02
4.824029654264450073e-02
4.816123470664024353e-02
4.808451235294342041e-02
4.801080748438835144e-02
4.794131219387054443e-02
4.787835478782653809e-02
4.782745987176895142e-02
4.780333489179611206e-02
4.784111306071281433e-02
4.793165251612663269e-02
4.783943668007850647e-02
4.775256663560867310e-02
4.770150035619735718e-02
4.764690995216369629e-02
4.761410132050514221e-02
4.758060351014137268e-02
4.753901064395904541e-02
4.748666658997535706e-02
4.742230474948883057e-02
4.734580963850021362e-02
4.725827649235725403e-02
4.716153070330619812e-02
4.705779254436492920e-02
4.694904759526252747e-02
4.683715850114822388e-02
4.672396183013916016e-02
4.661051556468009949e-02
4.649687185883522034e-02
4.638136550784111023e-02
4.625792056322097778e-02
4.611365124583244324e-02
4.598445072770118713e-02
4.593265056610107422e-02
4.593041911721229553e-02
4.590500146150588989e-02
4.574370384216308594e-02
4.564945399761199951e-02
4.555698484182357788e-02
4.546669498085975647e-02
4.537832364439964294e-02
4.529249668121337891e-02
4.520945250988006592e-02
4.512908309698104858e-02
4.505113512277603149e-02
4.497508704662322998e-02
4.490043595433235168e-02
4.482670128345489502e-02
4.475340247154235840e-02
4.468037188053131104e-02
4.460733756422996521e-02
4.453425481915473938e-02
4.446107521653175354e-02
4.438766837120056152e-02
4.431400448083877563e-02
4.424006491899490356e-02
4.416584223508834839e-02
4.409125819802284241e-02
4.401637241244316101e-02
4.394113272428512573e-02
4.386563971638679504e-02
4.378995299339294434e-02
4.371415823698043823e-02
4.363841190934181213e-02
4.356276616454124451e-02
4.348738864064216614e-02
4.341223463416099548e-02
4.333711043000221252e-02
4.326136037707328796e-02
4.318409040570259094e-02
4.310426488518714905e-02
4.303259029984474182e-02
4.329521581530570984e-02
4.384753853082656860e-02
4.379833489656448364e-02
4.356993734836578369e-02
4.296237602829933167e-02
4.343931376934051514e-02
4.278026521205902100e-02
4.281555861234664917e-02
4.294073209166526794e-02
4.302480816841125488e-02
4.300304129719734192e-02
4.296392202377319336e-02
4.244819283485412598e-02
4.249681532382965088e-02
4.248570278286933899e-02
4.219465330243110657e-02
4.229221493005752563e-02
4.211004078388214111e-02
4.213729500770568848e-02
4.215862601995468140e-02
4.238764196634292603e-02
4.190379753708839417e-02
4.167620465159416199e-02
4.146710038185119629e-02
4.136500135064125061e-02
4.229870066046714783e-02
4.131091013550758362e-02
4.142180457711219788e-02
4.093436896800994873e-02
4.145124554634094238e-02
4.101765528321266174e-02
4.108223319053649902e-02
4.139660671353340149e-02
4.131007567048072815e-02
4.123288020491600037e-02
4.091662168502807617e-02
4.078617691993713379e-02
4.063277319073677063e-02
4.055227711796760559e-02
4.068220779299736023e-02
4.026097059249877930e-02
3.985656425356864929e-02
3.996926918625831604e-02
4.008336365222930908e-02
4.094469919800758362e-02
3.960998356342315674e-02
3.946034610271453857e-02
3.921156376600265503e-02
3.909239545464515686e-02
3.897063061594963074e-02
3.892454877495765686e-02
3.891951963305473328e-02
3.888415545225143433e-02
3.866343945264816284e-02
3.856395930051803589e-02
3.859969228506088257e-02
3.887465223670005798e-02
3.849014639854431152e-02
3.835184127092361450e-02
3.848248347640037537e-02
3.830475732684135437e-02
3.823221474885940552e-02
3.807628527283668518e-02
3.795167431235313416e-02
3.801105171442031860e-02
3.771686926484107971e-02
3.758930414915084839e-02
3.773888945579528809e-02
3.774673119187355042e-02
3.756108134984970093e-02
3.782262280583381653e-02
3.790999576449394226e-02
3.814106434583663940e-02
3.751266747713088989e-02
3.888755291700363159e-02
3.728018701076507568e-02
3.868351876735687256e-02
3.724636882543563843e-02
3.839571401476860046e-02
3.830388188362121582e-02
3.765871748328208923e-02
3.721005097031593323e-02
3.714695945382118225e-02
3.700728341937065125e-02
3.720891103148460388e-02
3.889973834156990051e-02
3.709520027041435242e-02
3.680088371038436890e-02
3.802106529474258423e-02
3.784735500812530518e-02
3.713966906070709229e-02
3.678400442004203796e-02
3.622800111770629883e-02
3.665994107723236084e-02
3.728059306740760803e-02
3.689254447817802429e-02
3.636450693011283875e-02
3.652932867407798767e-02
3.649738803505897522e-02
3.666299954056739807e-02
3.535436838865280151e-02
3.542606532573699951e-02
3.615478426218032837e-02
3.558505326509475708e-02
3.732650354504585266e-02
3.517135232686996460e-02
3.699434176087379456e-02
3.789725527167320251e-02
3.591096401214599609e-02
3.637557104229927063e-02
3.912001103162765503e-02
3.692299127578735352e-02
3.495350480079650879e-02
3.548544272780418396e-02
3.432716801762580872e-02
3.624675422906875610e-02
3.475371003150939941e-02
3.895269706845283508e-02
3.465212881565093994e-02
3.687761351466178894e-02
3.578275814652442932e-02
3.561386838555335999e-02
3.490093722939491272e-02
3.441082313656806946e-02
3.412638604640960693e-02
3.401939943432807922e-02
3.452081233263015747e-02
3.458334505558013916e-02
3.366830199956893921e-02
3.355354070663452148e-02
3.402386605739593506e-02
3.545128554105758667e-02
3.376371785998344421e-02
3.632954135537147522e-02
3.325112909078598022e-02
3.452067822217941284e-02
3.545466810464859009e-02
3.513836115598678589e-02
3.371572121977806091e-02
3.328179940581321716e-02
3.476132825016975403e-02
