2.077964544296264648e-01
1.979668736457824707e-01
1.950696259737014771e-01
1.937275975942611694e-01
1.926639080047607422e-01
1.912312954664230347e-01
1.890724599361419678e-01
1.866911649703979492e-01
1.844838261604309082e-01
1.825046390295028687e-01
1.808590143918991089e-01
1.796138584613800049e-01
1.789181530475616455e-01
1.792041659355163574e-01
1.812553703784942627e-01
1.847438067197799683e-01
1.854355782270431519e-01
1.801342964172363281e-01
1.716286540031433105e-01
1.632063239812850952e-01
1.553979218006134033e-01
1.477019041776657104e-01
1.396059989929199219e-01
1.300553381443023682e-01
1.190069392323493958e-01
1.095290258526802063e-01
1.030576899647712708e-01
9.886130690574645996e-02
9.623696655035018921e-02
9.465337544679641724e-02
9.353562444448471069e-02
9.252002835273742676e-02
9.156349301338195801e-02
9.061598032712936401e-02
8.964759856462478638e-02
8.861502259969711304e-02
8.757654577493667603e-02
8.671008050441741943e-02
8.604865521192550659e-02
8.546321094036102295e-02
8.495845645666122437e-02
8.451251685619354248e-02
8.415016531944274902e-02
8.385059982538223267e-02
8.352173119783401489e-02
8.313074707984924316e-02
8.269551396369934082e-02
8.220852166414260864e-02
8.160876482725143433e-02
8.082681894302368164e-02
7.987902313470840454e-02
7.888799905776977539e-02
7.798580080270767212e-02
7.722558081150054932e-02
7.659664005041122437e-02
7.607538253068923950e-02
7.564898580312728882e-02
7.532221823930740356e-02
7.511487603187561035e-02
7.503192871809005737e-02
7.501275837421417236e-02
7.495320588350296021e-02
7.478922605514526367e-02
7.452862709760665894e-02
7.419987022876739502e-02
7.382999360561370850e-02
7.345572859048843384e-02
7.306913286447525024e-02
7.264932990074157715e-02
7.218687236309051514e-02
7.167351245880126953e-02
7.110044360160827637e-02
7.046323269605636597e-02
6.977767497301101685e-02
6.908845901489257812e-02
6.844037026166915894e-02
6.783585250377655029e-02
6.725619733333587646e-02
6.671911478042602539e-02
6.623527407646179199e-02
6.570551544427871704e-02
6.501170992851257324e-02
6.413051486015319824e-02
6.311103701591491699e-02
6.230291351675987244e-02
6.128683313727378845e-02
6.108194962143898010e-02
6.117614358663558960e-02
6.128050759434700012e-02
6.142246350646018982e-02
6.169343367218971252e-02
6.197271496057510376e-02
6.218622997403144836e-02
6.226905435323715210e-02
6.197059154510498047e-02
6.095082312822341919e-02
5.968808010220527649e-02
6.235528737306594849e-02
6.383974850177764893e-02
6.418531388044357300e-02
6.365865468978881836e-02
6.322831660509109497e-02
6.268000602722167969e-02
6.267686933279037476e-02
6.318150460720062256e-02
6.431432068347930908e-02
6.659851968288421631e-02
6.374062597751617432e-02
6.386748701333999634e-02
6.371989101171493530e-02
6.349937617778778076e-02
6.330960988998413086e-02
6.290647387504577637e-02
6.294129043817520142e-02
6.453563272953033447e-02
6.455612182617187500e-02
6.172890216112136841e-02
6.188503652811050415e-02
5.746566876769065857e-02
6.276439130306243896e-02
6.526637822389602661e-02
6.396195292472839355e-02
6.266181915998458862e-02
6.301752477884292603e-02
6.324286013841629028e-02
6.302051246166229248e-02
5.868920683860778809e-02
6.035371124744415283e-02
6.366843730211257935e-02
6.287986040115356445e-02
6.130729243159294128e-02
6.379681080579757690e-02
6.343489885330200195e-02
6.462702155113220215e-02
6.337731331586837769e-02
6.266719102859497070e-02
6.251829862594604492e-02
6.260666996240615845e-02
6.270940601825714111e-02
6.258124113082885742e-02
6.230065971612930298e-02
6.211251020431518555e-02
6.198688969016075134e-02
6.180581450462341309e-02
6.123130023479461670e-02
6.115020811557769775e-02
6.157109886407852173e-02
6.152376160025596619e-02
6.061536073684692383e-02
6.086903810501098633e-02
6.631203740835189819e-02
6.083316355943679810e-02
6.583113223314285278e-02
6.097443029284477234e-02
6.630062311887741089e-02
6.883115321397781372e-02
6.646741181612014771e-02
6.151899695396423340e-02
6.720163673162460327e-02
5.954498797655105591e-02
5.753737688064575195e-02
6.327635049819946289e-02
6.682941317558288574e-02
6.464049965143203735e-02
6.797738373279571533e-02
6.939866393804550171e-02
6.174287199974060059e-02
5.565629526972770691e-02
6.838424503803253174e-02
6.797073036432266235e-02
6.769715994596481323e-02
6.835366785526275635e-02
6.789746135473251343e-02
6.696595996618270874e-02
5.482845753431320190e-02
6.708408892154693604e-02
6.489799916744232178e-02
7.170123606920242310e-02
6.907541304826736450e-02
6.998547166585922241e-02
6.889437884092330933e-02
6.655618548393249512e-02
8.026675879955291748e-02
6.541366130113601685e-02
7.111827284097671509e-02
7.200922071933746338e-02
7.868494093418121338e-02
8.538718521595001221e-02
6.891813129186630249e-02
6.711577624082565308e-02
6.452300399541854858e-02
6.900013238191604614e-02
6.065563112497329712e-02
7.602994143962860107e-02
6.097961962223052979e-02
6.015529483556747437e-02
6.630821526050567627e-02
6.313958019018173218e-02
6.346993148326873779e-02
6.315764784812927246e-02
6.089147552847862244e-02
5.661027878522872925e-02
5.823542550206184387e-02
5.801069736480712891e-02
5.741739645600318909e-02
5.772546306252479553e-02
5.501255765557289124e-02
5.678567290306091309e-02
5.803236737847328186e-02
5.472168326377868652e-02
5.664230510592460632e-02
6.390839815139770508e-02
5.882802605628967285e-02
5.620135366916656494e-02
7.288369536399841309e-02
5.867249518632888794e-02
6.130060553550720215e-02
7.365941256284713745e-02
6.283076107501983643e-02
5.890811234712600708e-02
5.694680660963058472e-02
5.525109171867370605e-02
5.448930338025093079e-02
7.153294980525970459e-02
5.898157507181167603e-02
5.822475254535675049e-02
5.506015941500663757e-02
5.366113409399986267e-02
5.596463009715080261e-02
6.405292451381683350e-02
7.633057981729507446e-02
6.239952147006988525e-02
5.802758038043975830e-02
5.664694681763648987e-02
5.572256818413734436e-02
5.764451995491981506e-02
5.927056819200515747e-02
5.828334018588066101e-02
5.215353518724441528e-02
5.325751751661300659e-02
5.214297771453857422e-02
5.796441808342933655e-02
5.754614993929862976e-02
8.058733493089675903e-02
6.254734843969345093e-02
5.689991638064384460e-02
5.675537884235382080e-02
5.796993896365165710e-02
5.530363693833351135e-02
5.963772907853126526e-02
5.961317569017410278e-02
6.376408040523529053e-02
6.483651697635650635e-02
5.460109561681747437e-02
5.922759324312210083e-02
5.652215704321861267e-02
5.829747766256332397e-02
5.943292006850242615e-02
6.086908653378486633e-02
5.926965549588203430e-02
5.719156935811042786e-02
5.953129380941390991e-02
5.829454585909843445e-02
5.944960191845893860e-02
5.344463512301445007e-02
5.365102738142013550e-02
6.073834747076034546e-02
6.215659528970718384e-02
5.828157439827919006e-02
5.958269909024238586e-02
5.690593272447586060e-02
5.819661542773246765e-02
6.183753907680511475e-02
5.584602802991867065e-02
6.063375994563102722e-02
5.502978712320327759e-02
5.883338674902915955e-02
6.085401400923728943e-02
6.106512248516082764e-02
6.240714341402053833e-02
6.157877668738365173e-02
6.292492896318435669e-02
6.225261837244033813e-02
6.214316561818122864e-02
6.223766505718231201e-02
6.198644638061523438e-02
6.143541261553764343e-02
6.065540388226509094e-02
6.048031896352767944e-02
5.896347016096115112e-02
6.077375635504722595e-02
5.595773831009864807e-02
6.310918182134628296e-02
5.798851326107978821e-02
6.179573759436607361e-02
6.464931368827819824e-02
6.637192517518997192e-02
6.642260402441024780e-02
6.506366282701492310e-02
6.507112830877304077e-02
6.593093276023864746e-02
6.592702865600585938e-02
6.196103990077972412e-02
5.894856899976730347e-02
6.441802531480789185e-02
5.808946862816810608e-02
6.489771604537963867e-02
8.071296662092208862e-02
5.775623023509979248e-02
6.490635126829147339e-02
6.973187625408172607e-02
6.827897578477859497e-02
6.634854525327682495e-02
6.098321452736854553e-02
6.673323363065719604e-02
5.685880780220031738e-02
6.223478168249130249e-02
7.175416499376296997e-02
6.975550204515457153e-02
8.299632370471954346e-02
7.791284471750259399e-02
8.044059574604034424e-02
7.845091074705123901e-02
6.733674556016921997e-02
7.254563271999359131e-02
8.010911196470260620e-02
6.956336647272109985e-02
7.392980158329010010e-02
6.788292527198791504e-02
7.613081485033035278e-02
7.130571454763412476e-02
8.306030929088592529e-02
7.588668912649154663e-02
8.118784427642822266e-02
7.918821275234222412e-02
6.642220169305801392e-02
7.116362452507019043e-02
6.992106884717941284e-02
7.298019528388977051e-02
6.177939102053642273e-02
7.570855319499969482e-02
7.454527169466018677e-02
6.388073414564132690e-02
8.483127504587173462e-02
6.516711413860321045e-02
7.804974913597106934e-02
6.067354604601860046e-02
8.009914308786392212e-02
8.074688166379928589e-02
7.986191660165786743e-02
6.184327229857444763e-02
7.215650379657745361e-02
8.662102371454238892e-02
8.881183713674545288e-02
8.418529480695724487e-02
8.214872330427169800e-02
8.456130325794219971e-02
8.204481750726699829e-02
8.576574921607971191e-02
8.564236015081405640e-02
8.642567694187164307e-02
9.811709076166152954e-02
8.985830843448638916e-02
8.500815182924270630e-02
7.330957055091857910e-02
9.068399667739868164e-02
8.590501546859741211e-02
8.752804249525070190e-02
8.606120944023132324e-02
6.857269257307052612e-02
7.861556857824325562e-02
8.478227257728576660e-02
8.518569916486740112e-02
9.213352203369140625e-02
9.806843847036361694e-02
8.020918071269989014e-02
6.828233599662780762e-02
8.476300537586212158e-02
6.726124137639999390e-02
8.545146882534027100e-02
9.220001101493835449e-02
8.901848644018173218e-02
8.176648616790771484e-02
7.707326859235763550e-02
8.035796880722045898e-02
7.835125923156738281e-02
7.525514066219329834e-02
7.196640223264694214e-02
7.259845733642578125e-02
7.285469770431518555e-02
7.536920160055160522e-02
7.934691011905670166e-02
7.250852137804031372e-02
7.709600031375885010e-02
8.224257081747055054e-02
8.318431675434112549e-02
8.082777261734008789e-02
8.537837117910385132e-02
6.940390914678573608e-02
8.778584003448486328e-02
8.807876706123352051e-02
8.915305882692337036e-02
7.091603428125381470e-02
8.848173916339874268e-02
9.648352116346359253e-02
8.342488855123519897e-02
9.534683078527450562e-02
6.891100853681564331e-02
8.302566409111022949e-02
8.684807270765304565e-02
6.823958456516265869e-02
1.028636917471885681e-01
7.775976508855819702e-02
1.089673489332199097e-01
9.276665002107620239e-02
1.148450896143913269e-01
9.603486955165863037e-02
9.500564634799957275e-02
6.778365373611450195e-02
8.109451085329055786e-02
8.070894330739974976e-02
9.451881051063537598e-02
8.150524646043777466e-02
7.333140075206756592e-02
9.152753651142120361e-02
1.103648990392684937e-01
7.912695407867431641e-02
7.747300714254379272e-02
7.572873681783676147e-02
9.126529097557067871e-02
8.291541039943695068e-02
9.016098082065582275e-02
9.300938993692398071e-02
8.150526881217956543e-02
8.821265399456024170e-02
8.734835684299468994e-02
8.714322000741958618e-02
1.017751917243003845e-01
7.977591454982757568e-02
8.998786658048629761e-02
8.822559565305709839e-02
9.886038303375244141e-02
9.275736659765243530e-02
7.825201004743576050e-02
7.455467432737350464e-02
8.372373133897781372e-02
8.899195492267608643e-02
1.235240846872329712e-01
9.846508502960205078e-02
9.734162688255310059e-02
9.127551317214965820e-02
8.732873946428298950e-02
8.836397528648376465e-02
9.964133054018020630e-02
8.761166781187057495e-02
9.762917459011077881e-02
7.786740362644195557e-02
9.784624725580215454e-02
8.902377635240554810e-02
8.700981736183166504e-02
7.294788211584091187e-02
7.911624759435653687e-02
8.424407988786697388e-02
8.766608685255050659e-02
8.479017764329910278e-02
8.746335655450820923e-02
8.695521950721740723e-02
8.447416871786117554e-02
9.885601699352264404e-02
8.151671290397644043e-02
8.794958144426345825e-02
9.275231510400772095e-02
9.485077857971191406e-02
8.740438520908355713e-02
8.804892003536224365e-02
8.879131823778152466e-02
8.919277787208557129e-02
9.398737549781799316e-02
9.388224780559539795e-02
9.017957746982574463e-02
9.439326822757720947e-02
8.585807681083679199e-02
9.209761023521423340e-02
8.743891119956970215e-02
8.426933735609054565e-02
1.274531930685043335e-01
8.380208164453506470e-02
8.724453300237655640e-02
7.997434586286544800e-02
8.498618006706237793e-02
9.032591432332992554e-02
7.954817265272140503e-02
8.543745428323745728e-02
9.466016292572021484e-02
1.058251336216926575e-01
7.306507229804992676e-02
8.255655318498611450e-02
9.155731648206710815e-02
8.829675614833831787e-02
1.036705002188682556e-01
