1.948043107986450195e-01
1.904055029153823853e-01
1.890594363212585449e-01
1.883464604616165161e-01
1.875941455364227295e-01
1.864067465066909790e-01
1.844199597835540771e-01
1.817976981401443481e-01
1.793972402811050415e-01
1.775589883327484131e-01
1.760648190975189209e-01
1.746835708618164062e-01
1.732506453990936279e-01
1.716082692146301270e-01
1.695498824119567871e-01
1.668371856212615967e-01
1.634092181921005249e-01
1.595668941736221313e-01
1.555968523025512695e-01
1.514068096876144409e-01
1.467756778001785278e-01
1.416350603103637695e-01
1.360805481672286987e-01
1.301304399967193604e-01
1.238571479916572571e-01
1.180615574121475220e-01
1.133235245943069458e-01
1.093704253435134888e-01
1.058834269642829895e-01
1.030012816190719604e-01
1.008234024047851562e-01
9.897928684949874878e-02
9.733436256647109985e-02
9.586167335510253906e-02
9.449368715286254883e-02
9.312332421541213989e-02
9.175195544958114624e-02
9.046112746000289917e-02
8.908738195896148682e-02
8.797413110733032227e-02
8.695748448371887207e-02
8.597568422555923462e-02
8.504128456115722656e-02
8.418092876672744751e-02
8.336012065410614014e-02
8.253495395183563232e-02
8.170506358146667480e-02
8.089857548475265503e-02
8.014521747827529907e-02
7.946193218231201172e-02
7.884907722473144531e-02
7.829509675502777100e-02
7.777369767427444458e-02
7.724913209676742554e-02
7.670753449201583862e-02
7.616300135850906372e-02
7.563237100839614868e-02
7.512021809816360474e-02
7.462889701128005981e-02
7.417792826890945435e-02
7.377669215202331543e-02
7.341115176677703857e-02
7.306477427482604980e-02
7.271175831556320190e-02
7.233846187591552734e-02
7.196767628192901611e-02
7.162233442068099976e-02
7.130605727434158325e-02
7.100810110569000244e-02
7.071963697671890259e-02
7.043769210577011108e-02
7.016081362962722778e-02
6.988789141178131104e-02
6.961895525455474854e-02
6.935714930295944214e-02
6.910899281501770020e-02
6.888105720281600952e-02
6.867524981498718262e-02
6.848806142807006836e-02
6.831368803977966309e-02
6.814999133348464966e-02
6.799293309450149536e-02
6.783608347177505493e-02
6.767024844884872437e-02
6.748364865779876709e-02
6.733274459838867188e-02
6.709340959787368774e-02
6.691221147775650024e-02
6.678552180528640747e-02
6.662083417177200317e-02
6.643866002559661865e-02
6.624051183462142944e-02
6.602250039577484131e-02
6.578145176172256470e-02
6.555804610252380371e-02
6.533382833003997803e-02
6.502791494131088257e-02
6.489939242601394653e-02
6.468527019023895264e-02
6.442135572433471680e-02
6.422760337591171265e-02
6.339562684297561646e-02
6.447762250900268555e-02
6.267222762107849121e-02
6.382213532924652100e-02
6.214420869946479797e-02
6.204172968864440918e-02
6.264246255159378052e-02
6.222163140773773193e-02
6.217244639992713928e-02
6.191243603825569153e-02
6.174349784851074219e-02
6.146587058901786804e-02
6.150006130337715149e-02
6.111128628253936768e-02
6.102812662720680237e-02
6.163246929645538330e-02
6.065342575311660767e-02
6.294204294681549072e-02
6.194900348782539368e-02
6.112046912312507629e-02
6.162168085575103760e-02
6.119778007268905640e-02
6.045772135257720947e-02
6.047115102410316467e-02
6.040004268288612366e-02
6.046289205551147461e-02
6.081720814108848572e-02
6.003463640809059143e-02
5.998099967837333679e-02
6.063102185726165771e-02
5.982559174299240112e-02
5.985777080059051514e-02
5.922660604119300842e-02
5.899256095290184021e-02
5.891980975866317749e-02
5.958056822419166565e-02
5.889713764190673828e-02
5.878909304738044739e-02
5.851539969444274902e-02
5.832534283399581909e-02
5.813753977417945862e-02
5.793996155261993408e-02
5.768140405416488647e-02
5.736419558525085449e-02
5.772433802485466003e-02
5.856100842356681824e-02
5.718153342604637146e-02
5.764605104923248291e-02
5.788569524884223938e-02
5.680771544575691223e-02
5.754345655441284180e-02
5.643468722701072693e-02
5.738950148224830627e-02
5.986540764570236206e-02
5.714174732565879822e-02
5.538715049624443054e-02
5.773232504725456238e-02
5.516749992966651917e-02
5.870237946510314941e-02
5.858899280428886414e-02
5.635895207524299622e-02
5.472859367728233337e-02
5.476593971252441406e-02
5.421139299869537354e-02
5.396594107151031494e-02
5.880320444703102112e-02
5.603348091244697571e-02
5.364001914858818054e-02
5.358953401446342468e-02
5.372870713472366333e-02
5.365607514977455139e-02
5.331058800220489502e-02
5.406286939978599548e-02
5.630432814359664917e-02
5.326976999640464783e-02
5.254604294896125793e-02
5.323177948594093323e-02
5.199892073869705200e-02
5.191606655716896057e-02
5.161975696682929993e-02
5.528652295470237732e-02
5.944488942623138428e-02
5.404727905988693237e-02
5.484884977340698242e-02
5.151290819048881531e-02
5.348483473062515259e-02
5.456137284636497498e-02
5.601168051362037659e-02
5.293884128332138062e-02
5.220184102654457092e-02
5.156712234020233154e-02
5.166999995708465576e-02
5.196906998753547668e-02
5.209265649318695068e-02
5.297233536839485168e-02
5.030734091997146606e-02
5.029049515724182129e-02
4.958704859018325806e-02
4.954284802079200745e-02
5.060737952589988708e-02
5.029011145234107971e-02
5.018403753638267517e-02
5.012920871376991272e-02
5.003425478935241699e-02
4.960308969020843506e-02
4.970092698931694031e-02
5.189611762762069702e-02
4.853590577840805054e-02
4.919737204909324646e-02
4.869252070784568787e-02
5.030834302306175232e-02
4.939286038279533386e-02
4.853677377104759216e-02
4.895741492509841919e-02
4.796657338738441467e-02
4.830969125032424927e-02
4.866231232881546021e-02
4.759565740823745728e-02
4.948909953236579895e-02
4.805319011211395264e-02
4.708823934197425842e-02
4.796846210956573486e-02
4.818428307771682739e-02
4.776057600975036621e-02
4.676452279090881348e-02
4.776492714881896973e-02
4.701300337910652161e-02
4.705200344324111938e-02
4.822759330272674561e-02
4.742531478404998779e-02
4.633431136608123779e-02
4.663632437586784363e-02
4.614652693271636963e-02
4.629038274288177490e-02
4.868776723742485046e-02
4.566260054707527161e-02
4.733980074524879456e-02
4.875148460268974304e-02
4.673979431390762329e-02
4.596100375056266785e-02
4.514171555638313293e-02
4.559726268053054810e-02
4.613006114959716797e-02
4.773643612861633301e-02
4.808584600687026978e-02
4.728507623076438904e-02
4.539623111486434937e-02
4.640926420688629150e-02
4.471162706613540649e-02
4.425496608018875122e-02
4.573411121964454651e-02
4.497980698943138123e-02
4.541274532675743103e-02
4.341299831867218018e-02
5.119770020246505737e-02
4.480187594890594482e-02
4.397529736161231995e-02
4.368698224425315857e-02
4.376010969281196594e-02
4.699242115020751953e-02
4.496575146913528442e-02
4.373351112008094788e-02
4.309324547648429871e-02
4.417087137699127197e-02
4.121493175625801086e-02
4.311573877930641174e-02
4.246509447693824768e-02
4.705053567886352539e-02
4.380431771278381348e-02
4.549203813076019287e-02
4.255796223878860474e-02
4.518089815974235535e-02
4.628215730190277100e-02
4.388416558504104614e-02
4.625862464308738708e-02
4.288338869810104370e-02
4.247211292386054993e-02
4.332599416375160217e-02
4.255358129739761353e-02
4.319405555725097656e-02
4.265850409865379333e-02
4.288721084594726562e-02
4.279526323080062866e-02
4.271415621042251587e-02
4.264330863952636719e-02
4.251212254166603088e-02
4.240720346570014954e-02
4.252668097615242004e-02
4.255412891507148743e-02
4.235558584332466125e-02
4.223937168717384338e-02
4.307089745998382568e-02
4.236441105604171753e-02
4.182327911257743835e-02
4.137173295021057129e-02
4.115049168467521667e-02
4.173117503523826599e-02
4.201939329504966736e-02
4.128733277320861816e-02
4.154224693775177002e-02
4.141563549637794495e-02
4.095117747783660889e-02
4.113791137933731079e-02
4.084395617246627808e-02
4.173951596021652222e-02
4.088397324085235596e-02
4.719956591725349426e-02
4.265457391738891602e-02
3.962923213839530945e-02
3.972719982266426086e-02
4.024294018745422363e-02
4.362371563911437988e-02
4.195244237780570984e-02
4.082958400249481201e-02
4.102938994765281677e-02
3.946651518344879150e-02
3.951279819011688232e-02
4.047680646181106567e-02
3.904226422309875488e-02
3.927318379282951355e-02
3.858004137873649597e-02
3.868620842695236206e-02
3.809093683958053589e-02
3.913279995322227478e-02
3.853789344429969788e-02
3.909599408507347107e-02
3.896531835198402405e-02
4.022254794836044312e-02
4.250680655241012573e-02
3.896856680512428284e-02
3.900900110602378845e-02
4.074215516448020935e-02
3.755947202444076538e-02
3.826287016272544861e-02
3.836738318204879761e-02
3.856926038861274719e-02
4.056432470679283142e-02
3.884371742606163025e-02
4.032122716307640076e-02
3.829658776521682739e-02
3.746563568711280823e-02
3.821814432740211487e-02
4.797445237636566162e-02
3.962414339184761047e-02
3.666978701949119568e-02
4.056780785322189331e-02
3.938713669776916504e-02
3.663497045636177063e-02
4.160650447010993958e-02
4.596018791198730469e-02
4.084690287709236145e-02
3.806683793663978577e-02
3.867809846997261047e-02
3.856628760695457458e-02
3.791187331080436707e-02
3.599322214722633362e-02
3.698967769742012024e-02
3.600474819540977478e-02
3.632808104157447815e-02
3.656237199902534485e-02
3.525128588080406189e-02
3.605171665549278259e-02
3.764972090721130371e-02
3.639758005738258362e-02
3.565204516053199768e-02
3.545935824513435364e-02
3.521504253149032593e-02
3.950168564915657043e-02
3.697795793414115906e-02
3.533430770039558411e-02
3.429343923926353455e-02
3.571409359574317932e-02
3.337886929512023926e-02
3.460324183106422424e-02
3.597177565097808838e-02
3.873480856418609619e-02
3.540958091616630554e-02
3.839148953557014465e-02
3.344170376658439636e-02
3.264535963535308838e-02
3.509474918246269226e-02
4.025588557124137878e-02
3.520293533802032471e-02
3.478112444281578064e-02
3.351826965808868408e-02
3.384311869740486145e-02
3.221972286701202393e-02
3.308554738759994507e-02
3.566203638911247253e-02
3.202027827501296997e-02
3.314241394400596619e-02
3.269942849874496460e-02
3.172156959772109985e-02
3.206594288349151611e-02
3.174785524606704712e-02
3.197944909334182739e-02
3.163797408342361450e-02
3.108702786266803741e-02
3.107453696429729462e-02
3.456623479723930359e-02
3.419830650091171265e-02
4.814540594816207886e-02
3.355075791478157043e-02
3.397277370095252991e-02
3.713060915470123291e-02
4.863748326897621155e-02
4.173967242240905762e-02
3.305836394429206848e-02
3.165704011917114258e-02
3.612459450960159302e-02
3.132264316082000732e-02
4.640962928533554077e-02
3.250381350517272949e-02
3.858311846852302551e-02
3.592211008071899414e-02
3.659203648567199707e-02
3.959953784942626953e-02
3.366206958889961243e-02
3.143682330846786499e-02
2.798893861472606659e-02
3.073536045849323273e-02
3.162370622158050537e-02
3.113899938762187958e-02
3.682694211602210999e-02
3.522021323442459106e-02
5.721875280141830444e-02
3.354359790682792664e-02
3.103265352547168732e-02
2.804324030876159668e-02
3.254668787121772766e-02
3.175701200962066650e-02
2.789801917970180511e-02
3.267025575041770935e-02
2.950379438698291779e-02
2.883463539183139801e-02
4.046708717942237854e-02
3.139900043606758118e-02
3.191427886486053467e-02
2.747981809079647064e-02
2.685044892132282257e-02
3.873940557241439819e-02
3.353459015488624573e-02
2.734393998980522156e-02
2.741098590195178986e-02
2.623710967600345612e-02
3.066358529031276703e-02
3.778723999857902527e-02
3.843419998884201050e-02
3.603315725922584534e-02
3.539367392659187317e-02
2.481136657297611237e-02
2.662958763539791107e-02
2.884223312139511108e-02
2.627672627568244934e-02
2.672497741878032684e-02
2.838338911533355713e-02
2.854432724416255951e-02
2.461452409625053406e-02
2.518451772630214691e-02
2.963659539818763733e-02
2.562876790761947632e-02
2.703996747732162476e-02
3.272823616862297058e-02
2.648263424634933472e-02
3.534771502017974854e-02
2.620051801204681396e-02
2.598660252988338470e-02
2.819467149674892426e-02
3.398506715893745422e-02
2.611604891717433929e-02
2.568891085684299469e-02
3.168934211134910583e-02
2.625480853021144867e-02
2.706119418144226074e-02
2.953433990478515625e-02
3.375254198908805847e-02
2.762169204652309418e-02
3.041324019432067871e-02
2.395834028720855713e-02
2.160082384943962097e-02
2.824446931481361389e-02
2.565663121640682220e-02
2.431622520089149475e-02
2.676355838775634766e-02
3.169410675764083862e-02
3.668556734919548035e-02
3.449609875679016113e-02
2.828518487513065338e-02
2.317226864397525787e-02
3.021537326276302338e-02
2.496940270066261292e-02
2.204146049916744232e-02
3.406773880124092102e-02
3.225717321038246155e-02
3.834483027458190918e-02
2.231594175100326538e-02
2.795266918838024139e-02
2.544878050684928894e-02
3.120216540992259979e-02
