1.912180483341217041e-01
1.900264769792556763e-01
1.893131583929061890e-01
1.886771619319915771e-01
1.880854517221450806e-01
1.875016391277313232e-01
1.868861764669418335e-01
1.861960291862487793e-01
1.853845864534378052e-01
1.844077557325363159e-01
1.832385510206222534e-01
1.818861961364746094e-01
1.804048269987106323e-01
1.788674741983413696e-01
1.773218512535095215e-01
1.757653504610061646e-01
1.741513460874557495e-01
1.724035739898681641e-01
1.704272478818893433e-01
1.681189835071563721e-01
1.653896868228912354e-01
1.622116863727569580e-01
1.586743742227554321e-01
1.549772620201110840e-01
1.513233333826065063e-01
1.478125005960464478e-01
1.444347947835922241e-01
1.411269754171371460e-01
1.378275603055953979e-01
1.345066428184509277e-01
1.311750411987304688e-01
1.278757750988006592e-01
1.246652901172637939e-01
1.215958446264266968e-01
1.187106296420097351e-01
1.160432174801826477e-01
1.136078760027885437e-01
1.113934293389320374e-01
1.093754395842552185e-01
1.075348183512687683e-01
1.058616787195205688e-01
1.043479070067405701e-01
1.029804944992065430e-01
1.017403006553649902e-01
1.006062105298042297e-01
9.955823421478271484e-02
9.857822209596633911e-02
9.764862805604934692e-02
9.674904495477676392e-02
9.585832059383392334e-02
9.497564285993576050e-02
9.414473921060562134e-02
9.340071678161621094e-02
9.272547066211700439e-02
9.209586679935455322e-02
9.149973094463348389e-02
9.093045443296432495e-02
9.038372337818145752e-02
8.985667675733566284e-02
8.934722095727920532e-02
8.885368704795837402e-02
8.837477862834930420e-02
8.790917694568634033e-02
8.745586872100830078e-02
8.701364696025848389e-02
8.658178150653839111e-02
8.615940064191818237e-02
8.574546873569488525e-02
8.533934503793716431e-02
8.494003862142562866e-02
8.454690128564834595e-02
8.415926992893218994e-02
8.377648890018463135e-02
8.339811861515045166e-02
8.302368968725204468e-02
8.265319466590881348e-02
8.228626102209091187e-02
8.192288130521774292e-02
8.156296610832214355e-02
8.120654523372650146e-02
8.085372298955917358e-02
8.050469309091567993e-02
8.015973865985870361e-02
7.981909811496734619e-02
7.948330789804458618e-02
7.915270328521728516e-02
7.882777601480484009e-02
7.850869745016098022e-02
7.819595187902450562e-02
7.788947969675064087e-02
7.758935540914535522e-02
7.729531079530715942e-02
7.700704038143157959e-02
7.672375440597534180e-02
7.644465565681457520e-02
7.616896182298660278e-02
7.589577883481979370e-02
7.562429457902908325e-02
7.535409927368164062e-02
7.508518546819686890e-02
7.481777667999267578e-02
7.455229759216308594e-02
7.428916543722152710e-02
7.402859628200531006e-02
7.377059757709503174e-02
7.351507246494293213e-02
7.326193153858184814e-02
7.301085442304611206e-02
7.276161015033721924e-02
7.251389324665069580e-02
7.226733118295669556e-02
7.202167809009552002e-02
7.177669554948806763e-02
7.153207808732986450e-02
7.128776609897613525e-02
7.104366272687911987e-02
7.079966366291046143e-02
7.055578380823135376e-02
7.031191140413284302e-02
7.006791979074478149e-02
6.982331722974777222e-02
6.957788765430450439e-02
6.933130323886871338e-02
6.908330321311950684e-02
6.883385032415390015e-02
6.858315318822860718e-02
6.833165884017944336e-02
6.807991862297058105e-02
6.782852858304977417e-02
6.757812947034835815e-02
6.732939928770065308e-02
6.708302348852157593e-02
6.683956831693649292e-02
6.659974902868270874e-02
6.636413931846618652e-02
6.613280624151229858e-02
6.590459495782852173e-02
6.567594408988952637e-02
6.544046103954315186e-02
6.519399583339691162e-02
6.494484096765518188e-02
6.470603495836257935e-02
6.448018550872802734e-02
6.426463276147842407e-02
6.405743211507797241e-02
6.385791301727294922e-02
6.366571038961410522e-02
6.348048895597457886e-02
6.330183148384094238e-02
6.312941014766693115e-02
6.296262890100479126e-02
6.280098110437393188e-02
6.264390796422958374e-02
6.249097362160682678e-02
6.234167143702507019e-02
6.219571828842163086e-02
6.205265969038009644e-02
6.191219389438629150e-02
6.177402660250663757e-02
6.163794919848442078e-02
6.150382384657859802e-02
6.137141585350036621e-02
6.124065443873405457e-02
6.111153215169906616e-02
6.098410114645957947e-02
6.085842475295066833e-02
6.073462963104248047e-02
6.061291322112083435e-02
6.049355864524841309e-02
6.037680059671401978e-02
6.026274710893630981e-02
6.015168502926826477e-02
6.004362925887107849e-02
5.993873625993728638e-02
5.983698740601539612e-02
5.973835289478302002e-02
5.964257568120956421e-02
5.954960361123085022e-02
5.945919081568717957e-02
5.937113240361213684e-02
5.928524583578109741e-02
5.920119211077690125e-02
5.911877751350402832e-02
5.903775990009307861e-02
5.895797908306121826e-02
5.887916311621665955e-02
5.880115181207656860e-02
5.872372910380363464e-02
5.864672362804412842e-02
5.857001990079879761e-02
5.849346891045570374e-02
5.841689556837081909e-02
5.834021791815757751e-02
5.826331675052642822e-02
5.818613246083259583e-02
5.810850858688354492e-02
5.803042650222778320e-02
5.795182287693023682e-02
5.787261947989463806e-02
5.779282003641128540e-02
5.771235749125480652e-02
5.763126537203788757e-02
5.754955112934112549e-02
5.746715515851974487e-02
5.738412216305732727e-02
5.730041489005088806e-02
5.721605569124221802e-02
5.713108181953430176e-02
5.704533681273460388e-02
5.695898458361625671e-02
5.687192454934120178e-02
5.678418278694152832e-02
5.669569969177246094e-02
5.660644546151161194e-02
5.651638656854629517e-02
5.642548948526382446e-02
5.633385106921195984e-02
5.624138191342353821e-02
5.614814162254333496e-02
5.605420097708702087e-02
5.595972761511802673e-02
5.586479976773262024e-02
5.576954036951065063e-02
5.567392334342002869e-02
5.557777360081672668e-02
5.548080429434776306e-02
5.538258329033851624e-02
5.528271943330764771e-02
5.518089979887008667e-02
5.507661029696464539e-02
5.496961995959281921e-02
5.485955625772476196e-02
5.474609509110450745e-02
5.462869256734848022e-02
5.450660362839698792e-02
5.437827855348587036e-02
5.424132570624351501e-02
5.409220978617668152e-02
5.392773076891899109e-02
5.375132337212562561e-02
5.358130857348442078e-02
5.343890190124511719e-02
5.332291126251220703e-02
5.321643501520156860e-02
5.311013013124465942e-02
5.300347879528999329e-02
5.289737880229949951e-02
5.279180780053138733e-02
5.268681421875953674e-02
5.258247256278991699e-02
5.247892066836357117e-02
5.237614735960960388e-02
5.227441713213920593e-02
5.217374116182327271e-02
5.207433924078941345e-02
5.197628960013389587e-02
5.187966302037239075e-02
5.178461223840713501e-02
5.169108510017395020e-02
5.159913748502731323e-02
5.150878056883811951e-02
5.141996592283248901e-02
5.133257433772087097e-02
5.124663189053535461e-02
5.116195976734161377e-02
5.107853561639785767e-02
5.099624767899513245e-02
5.091502144932746887e-02
5.083478242158889771e-02
5.075546354055404663e-02
5.067698284983634949e-02
5.059924349188804626e-02
5.052224919199943542e-02
5.044589191675186157e-02
5.037014558911323547e-02
5.029498785734176636e-02
5.022024735808372498e-02
5.014610290527343750e-02
5.007237568497657776e-02
4.999909922480583191e-02
4.992626979947090149e-02
4.985394328832626343e-02
4.978211969137191772e-02
4.971086978912353516e-02
4.964029788970947266e-02
4.957047849893569946e-02
4.950164258480072021e-02
4.943403229117393494e-02
4.936790838837623596e-02
4.930371046066284180e-02
4.924200847744941711e-02
4.918351769447326660e-02
4.912921041250228882e-02
4.908014833927154541e-02
4.903773218393325806e-02
4.900298267602920532e-02
4.897561296820640564e-02
4.895331710577011108e-02
4.893169179558753967e-02
4.890789464116096497e-02
4.888371005654335022e-02
4.886146262288093567e-02
4.883989319205284119e-02
4.881671071052551270e-02
4.879046976566314697e-02
4.875979572534561157e-02
4.872322082519531250e-02
4.868017509579658508e-02
4.863105341792106628e-02
4.857710748910903931e-02
4.851982370018959045e-02
4.846011847257614136e-02
4.839868471026420593e-02
4.833593219518661499e-02
4.827207326889038086e-02
4.820743203163146973e-02
4.814213514328002930e-02
4.807619750499725342e-02
4.800967872142791748e-02
4.794247075915336609e-02
4.787464812397956848e-02
4.780613258481025696e-02
4.773696139454841614e-02
4.766699299216270447e-02
4.759636148810386658e-02
4.752494022250175476e-02
4.745278134942054749e-02
4.737965390086174011e-02
4.730553925037384033e-02
4.723027348518371582e-02
4.715366661548614502e-02
4.707582667469978333e-02
4.699650406837463379e-02
4.691611975431442261e-02
4.683432728052139282e-02
4.675126448273658752e-02
4.666657373309135437e-02
4.657956212759017944e-02
4.649063572287559509e-02
4.639955982565879822e-02
4.630941525101661682e-02
4.621855542063713074e-02
4.615407809615135193e-02
4.625570029020309448e-02
4.663625732064247131e-02
4.599805176258087158e-02
4.594069346785545349e-02
4.591349884867668152e-02
4.585500434041023254e-02
4.584937915205955505e-02
4.568041861057281494e-02
4.569082707166671753e-02
4.546908661723136902e-02
4.542569816112518311e-02
4.541027918457984924e-02
4.522717371582984924e-02
4.514548555016517639e-02
4.507140070199966431e-02
4.494764283299446106e-02
4.484898597002029419e-02
4.475289210677146912e-02
4.465951770544052124e-02
4.457445815205574036e-02
4.449756443500518799e-02
4.442737624049186707e-02
4.436203464865684509e-02
4.429999366402626038e-02
4.424006864428520203e-02
4.418164119124412537e-02
4.412431642413139343e-02
4.406791925430297852e-02
4.401228949427604675e-02
4.395751655101776123e-02
4.390343278646469116e-02
4.385010525584220886e-02
4.379755258560180664e-02
4.374566674232482910e-02
4.369456321001052856e-02
4.364417493343353271e-02
4.359444230794906616e-02
4.354539886116981506e-02
4.349699616432189941e-02
4.344921559095382690e-02
4.340200871229171753e-02
4.335537180304527283e-02
4.330931231379508972e-02
4.326373338699340820e-02
4.321872442960739136e-02
4.317414015531539917e-02
4.313013330101966858e-02
4.308651387691497803e-02
4.304341599345207214e-02
4.300077632069587708e-02
4.295861348509788513e-02
4.291696101427078247e-02
4.287575557827949524e-02
4.283503815531730652e-02
4.279481619596481323e-02
4.275511950254440308e-02
4.271592944860458374e-02
4.267727211117744446e-02
4.263916239142417908e-02
4.260155931115150452e-02
4.256451874971389771e-02
4.252811893820762634e-02
4.249220713973045349e-02
4.245693236589431763e-02
4.242221638560295105e-02
4.238812625408172607e-02
4.235453158617019653e-02
4.232150688767433167e-02
4.228899627923965454e-02
4.225696623325347900e-02
4.222532361745834351e-02
4.219399020075798035e-02
4.216295480728149414e-02
4.213195294141769409e-02
4.210094735026359558e-02
4.206978529691696167e-02
4.203824326395988464e-02
4.200617223978042603e-02
4.197335988283157349e-02
4.193972051143646240e-02
4.190504550933837891e-02
4.186932742595672607e-02
4.183242842555046082e-02
4.179439693689346313e-02
4.175520315766334534e-02
4.171494022011756897e-02
4.167365282773971558e-02
4.163150489330291748e-02
4.158853739500045776e-02
4.154482856392860413e-02
4.150047153234481812e-02
4.145549610257148743e-02
4.140990972518920898e-02
4.136366397142410278e-02
4.131677001714706421e-02
4.126918315887451172e-02
4.122074693441390991e-02
4.117150604724884033e-02
4.112130776047706604e-02
4.107008501887321472e-02
4.101774469017982483e-02
4.096425697207450867e-02
4.090964421629905701e-02
4.085380584001541138e-02
4.079678282141685486e-02
4.073860868811607361e-02
4.067927971482276917e-02
4.061890393495559692e-02
4.055743664503097534e-02
4.049504920840263367e-02
4.043173044919967651e-02
4.036753997206687927e-02
4.030250757932662964e-02
4.023674875497817993e-02
4.017023742198944092e-02
4.010306671261787415e-02
4.003519192337989807e-02
3.996660187840461731e-02
3.989739343523979187e-02
3.982752189040184021e-02
3.975697606801986694e-02
3.968582674860954285e-02
3.961404785513877869e-02
3.954157978296279907e-02
3.946846351027488708e-02
3.939471021294593811e-02
3.932027891278266907e-02
3.924522176384925842e-02
3.916948661208152771e-02
3.909315541386604309e-02
3.901612386107444763e-02
3.893846273422241211e-02
3.886019438505172729e-02
3.878127783536911011e-02
3.870178014039993286e-02
3.862166404724121094e-02
3.854096308350563049e-02
3.845969587564468384e-02
3.837784379720687866e-02
3.829542919993400574e-02
3.821244090795516968e-02
3.812883794307708740e-02
3.804472088813781738e-02
3.795987740159034729e-02
3.787444159388542175e-02
3.778836503624916077e-02
3.770159557461738586e-02
3.761417791247367859e-02
3.752607479691505432e-02
3.743734583258628845e-02
3.734795004129409790e-02
3.725804388523101807e-02
3.716758638620376587e-02
3.707676380872726440e-02
3.698564320802688599e-02
3.689424321055412292e-02
3.680275753140449524e-02
