1.939238011837005615e-01
1.926660835742950439e-01
1.922574490308761597e-01
1.918786317110061646e-01
1.915292292833328247e-01
1.912086457014083862e-01
1.909160166978836060e-01
1.906501501798629761e-01
1.904095709323883057e-01
1.901923269033432007e-01
1.899967640638351440e-01
1.898210942745208740e-01
1.896629929542541504e-01
1.895209848880767822e-01
1.893931329250335693e-01
1.892779320478439331e-01
1.891736239194869995e-01
1.890791952610015869e-01
1.889930814504623413e-01
1.889142692089080811e-01
1.888420730829238892e-01
1.887753307819366455e-01
1.887133717536926270e-01
1.886555254459381104e-01
1.886011660099029541e-01
1.885499060153961182e-01
1.885011196136474609e-01
1.884545385837554932e-01
1.884095221757888794e-01
1.883657276630401611e-01
1.883228570222854614e-01
1.882806271314620972e-01
1.882384270429611206e-01
1.881960183382034302e-01
1.881529539823532104e-01
1.881086528301239014e-01
1.880626678466796875e-01
1.880145072937011719e-01
1.879632771015167236e-01
1.879082322120666504e-01
1.878482252359390259e-01
1.877820789813995361e-01
1.877079159021377563e-01
1.876238733530044556e-01
1.875273585319519043e-01
1.874149143695831299e-01
1.872817575931549072e-01
1.871224045753479004e-01
1.869285106658935547e-01
1.866898238658905029e-01
1.863914430141448975e-01
1.860136687755584717e-01
1.855298429727554321e-01
1.849040240049362183e-01
1.840920895338058472e-01
1.830478459596633911e-01
1.817428469657897949e-01
1.802021563053131104e-01
1.785274147987365723e-01
1.768637299537658691e-01
1.753176301717758179e-01
1.739118993282318115e-01
1.726081669330596924e-01
1.713487207889556885e-01
1.700801402330398560e-01
1.687621772289276123e-01
1.673688739538192749e-01
1.658845096826553345e-01
1.643013954162597656e-01
1.626154482364654541e-01
1.608308106660842896e-01
1.589643508195877075e-01
1.570508033037185669e-01
1.551373153924942017e-01
1.532696187496185303e-01
1.514910161495208740e-01
1.498420387506484985e-01
1.483504474163055420e-01
1.470239162445068359e-01
1.458562463521957397e-01
1.448380947113037109e-01
1.439553350210189819e-01
1.431886553764343262e-01
1.425172686576843262e-01
1.419215351343154907e-01
1.413847655057907104e-01
1.408929973840713501e-01
1.404336839914321899e-01
1.399957388639450073e-01
1.395686715841293335e-01
1.391423195600509644e-01
1.387063562870025635e-01
1.382492780685424805e-01
1.377571970224380493e-01
1.372119188308715820e-01
1.365882307291030884e-01
1.358492970466613770e-01
1.349408477544784546e-01
1.337825804948806763e-01
1.322635859251022339e-01
1.302609592676162720e-01
1.277147084474563599e-01
1.247536540031433105e-01
1.217302829027175903e-01
1.190067902207374573e-01
1.167008653283119202e-01
1.146987602114677429e-01
1.128279715776443481e-01
1.109713315963745117e-01
1.090979576110839844e-01
1.072443574666976929e-01
1.054627224802970886e-01
1.037689372897148132e-01
1.021320372819900513e-01
1.005269289016723633e-01
9.895300120115280151e-02
9.743409603834152222e-02
9.598389267921447754e-02
9.458704292774200439e-02
9.322198480367660522e-02
9.188506752252578735e-02
9.057609736919403076e-02
8.929953724145889282e-02
8.807288110256195068e-02
8.691282570362091064e-02
8.582324534654617310e-02
8.480029553174972534e-02
8.385066688060760498e-02
8.298914134502410889e-02
8.221715688705444336e-02
8.151860535144805908e-02
8.087416738271713257e-02
8.027075231075286865e-02
7.970213890075683594e-02
7.916568219661712646e-02
7.865888625383377075e-02
7.817463576793670654e-02
7.770270854234695435e-02
7.724166661500930786e-02
7.679697871208190918e-02
7.637128233909606934e-02
7.596340030431747437e-02
7.557202130556106567e-02
7.519658654928207397e-02
7.483784854412078857e-02
7.449687272310256958e-02
7.417454570531845093e-02
7.387115806341171265e-02
7.358670979738235474e-02
7.332090288400650024e-02
7.307362556457519531e-02
7.284493744373321533e-02
7.263527065515518188e-02
7.244508713483810425e-02
7.227507978677749634e-02
7.212650030851364136e-02
7.200250029563903809e-02
7.190962880849838257e-02
7.185411453247070312e-02
7.182835787534713745e-02
7.180446386337280273e-02
7.175447046756744385e-02
7.166670262813568115e-02
7.154071331024169922e-02
7.138053327798843384e-02
7.119214534759521484e-02
7.098323851823806763e-02
7.076112180948257446e-02
7.053179293870925903e-02
7.029967010021209717e-02
7.006859034299850464e-02
6.984163075685501099e-02
6.962153315544128418e-02
6.941051036119461060e-02
6.920991837978363037e-02
6.901990622282028198e-02
6.883925944566726685e-02
6.866557896137237549e-02
6.849613040685653687e-02
6.832844763994216919e-02
6.816123425960540771e-02
6.799412518739700317e-02
6.782775372266769409e-02
6.766299158334732056e-02
6.750061362981796265e-02
6.734088063240051270e-02
6.718408316373825073e-02
6.702978909015655518e-02
6.687764078378677368e-02
6.672716140747070312e-02
6.657794117927551270e-02
6.642941385507583618e-02
6.628091633319854736e-02
6.613166630268096924e-02
6.598070263862609863e-02
6.582750380039215088e-02
6.567399203777313232e-02
6.552748382091522217e-02
6.539931893348693848e-02
6.529892235994338989e-02
6.524079293012619019e-02
6.526010483503341675e-02
6.532996147871017456e-02
6.530065089464187622e-02
6.519903242588043213e-02
6.510914117097854614e-02
6.490842998027801514e-02
6.484714150428771973e-02
6.461344659328460693e-02
6.479240953922271729e-02
6.453073769807815552e-02
6.406371295452117920e-02
6.393729150295257568e-02
6.377884745597839355e-02
6.369782984256744385e-02
6.328658759593963623e-02
6.306278705596923828e-02
6.287377327680587769e-02
6.312336772680282593e-02
6.364946812391281128e-02
6.316135823726654053e-02
6.262467801570892334e-02
6.191673502326011658e-02
6.261564046144485474e-02
6.169928237795829773e-02
6.109271943569183350e-02
6.138528883457183838e-02
6.069477647542953491e-02
6.057133525609970093e-02
6.272839009761810303e-02
6.127204000949859619e-02
5.983065813779830933e-02
5.995570868253707886e-02
6.007084995508193970e-02
6.057288497686386108e-02
6.048792228102684021e-02
5.938171222805976868e-02
5.892409384250640869e-02
5.899589508771896362e-02
5.913759768009185791e-02
5.820578336715698242e-02
5.811869353055953979e-02
5.794940888881683350e-02
5.761539191007614136e-02
5.770649760961532593e-02
5.727670714259147644e-02
5.701037496328353882e-02
5.740999802947044373e-02
5.706824734807014465e-02
5.715735629200935364e-02
5.731673538684844971e-02
5.697109922766685486e-02
5.815565213561058044e-02
5.684407800436019897e-02
5.741093680262565613e-02
5.671128630638122559e-02
5.676063150167465210e-02
5.769499391317367554e-02
5.646714940667152405e-02
6.219185516238212585e-02
6.149794161319732666e-02
5.854853615164756775e-02
6.148124486207962036e-02
6.015008687973022461e-02
5.687259137630462646e-02
5.797758698463439941e-02
5.617948621511459351e-02
5.561595037579536438e-02
5.521182715892791748e-02
5.702010542154312134e-02
5.585328862071037292e-02
5.494445189833641052e-02
5.541842058300971985e-02
5.549433082342147827e-02
5.504747852683067322e-02
5.497619509696960449e-02
5.502301827073097229e-02
5.517033487558364868e-02
5.507832393050193787e-02
5.434517934918403625e-02
5.651724338531494141e-02
5.613860487937927246e-02
5.496438220143318176e-02
5.391693115234375000e-02
5.514670163393020630e-02
5.515072867274284363e-02
5.376613885164260864e-02
5.377193540334701538e-02
5.393571406602859497e-02
5.386436730623245239e-02
5.241557210683822632e-02
5.375617370009422302e-02
5.230794847011566162e-02
5.333873629570007324e-02
5.249362438917160034e-02
5.279079079627990723e-02
5.242658033967018127e-02
5.342269688844680786e-02
5.281613394618034363e-02
5.268659815192222595e-02
5.270298942923545837e-02
5.305580422282218933e-02
5.327888578176498413e-02
5.785942450165748596e-02
5.372651666402816772e-02
5.448811501264572144e-02
5.313801392912864685e-02
5.233332514762878418e-02
5.691299587488174438e-02
5.728809908032417297e-02
5.670976266264915466e-02
5.184721946716308594e-02
5.813844874501228333e-02
5.229778960347175598e-02
5.262485146522521973e-02
5.308254435658454895e-02
5.528939887881278992e-02
5.349951237440109253e-02
5.379972606897354126e-02
5.419431626796722412e-02
5.268785730004310608e-02
5.210113897919654846e-02
5.169831588864326477e-02
5.305441468954086304e-02
5.556776002049446106e-02
5.202444270253181458e-02
5.905927345156669617e-02
5.225230380892753601e-02
5.176328122615814209e-02
5.229010060429573059e-02
5.181754380464553833e-02
5.155728012323379517e-02
5.367897078394889832e-02
5.294700339436531067e-02
5.096708238124847412e-02
5.090625584125518799e-02
5.102638155221939087e-02
5.088502541184425354e-02
5.475111678242683411e-02
5.050560086965560913e-02
5.746278166770935059e-02
5.260217562317848206e-02
5.103915557265281677e-02
5.060088634490966797e-02
5.326294153928756714e-02
5.204494670033454895e-02
5.159007012844085693e-02
5.430229008197784424e-02
5.190050974488258362e-02
5.104442685842514038e-02
5.092989280819892883e-02
4.999032244086265564e-02
5.559455975890159607e-02
4.937237873673439026e-02
5.063870921730995178e-02
5.145765841007232666e-02
5.630110949277877808e-02
5.635573714971542358e-02
5.066863074898719788e-02
5.107444152235984802e-02
5.017346143722534180e-02
5.151711404323577881e-02
4.939470812678337097e-02
4.910267889499664307e-02
5.207458510994911194e-02
5.183108523488044739e-02
5.159331485629081726e-02
4.947987943887710571e-02
4.932358860969543457e-02
4.906189069151878357e-02
4.946319013833999634e-02
4.949864372611045837e-02
4.901513457298278809e-02
4.848125576972961426e-02
4.979277402162551880e-02
4.865883663296699524e-02
4.907139018177986145e-02
4.938977211713790894e-02
4.893970116972923279e-02
5.179484188556671143e-02
4.890431836247444153e-02
4.873511567711830139e-02
4.781667143106460571e-02
4.827816039323806763e-02
4.788335412740707397e-02
4.863208532333374023e-02
4.923638701438903809e-02
4.898431897163391113e-02
4.766220971941947937e-02
4.945556074380874634e-02
4.824851453304290771e-02
4.758549109101295471e-02
4.931506887078285217e-02
4.784081131219863892e-02
4.763309657573699951e-02
4.891127347946166992e-02
5.103198438882827759e-02
4.929140955209732056e-02
4.833940789103507996e-02
4.834761843085289001e-02
4.776113480329513550e-02
4.795292392373085022e-02
4.770088195800781250e-02
4.779506474733352661e-02
4.731982201337814331e-02
4.606363549828529358e-02
4.592785611748695374e-02
4.809009283781051636e-02
5.297617986798286438e-02
4.612239822745323181e-02
4.640978574752807617e-02
4.712926596403121948e-02
4.655160382390022278e-02
4.714158549904823303e-02
4.580981656908988953e-02
4.606176912784576416e-02
4.643598571419715881e-02
4.655868187546730042e-02
4.600828886032104492e-02
4.629563167691230774e-02
4.572213813662528992e-02
4.644541442394256592e-02
4.628354683518409729e-02
5.058520659804344177e-02
4.631812497973442078e-02
4.558068513870239258e-02
4.534180462360382080e-02
4.537213221192359924e-02
4.567373543977737427e-02
4.465143010020256042e-02
4.459735751152038574e-02
4.409612715244293213e-02
4.388639330863952637e-02
4.591053724288940430e-02
4.653815925121307373e-02
4.767283424735069275e-02
4.561194777488708496e-02
4.726000130176544189e-02
4.953400045633316040e-02
4.432036727666854858e-02
4.464723914861679077e-02
4.821152985095977783e-02
4.455960914492607117e-02
4.703041166067123413e-02
4.479643702507019043e-02
4.418003931641578674e-02
4.342178627848625183e-02
4.349184408783912659e-02
4.334344342350959778e-02
4.282563552260398865e-02
4.334521293640136719e-02
4.285164922475814819e-02
4.204975813627243042e-02
4.231927171349525452e-02
4.393909871578216553e-02
4.278314486145973206e-02
4.255686327815055847e-02
4.196734726428985596e-02
4.166655614972114563e-02
4.139089584350585938e-02
4.169920459389686584e-02
4.153130576014518738e-02
4.138484224677085876e-02
4.102941974997520447e-02
4.069422557950019836e-02
4.092413932085037231e-02
4.051089286804199219e-02
4.026993736624717712e-02
4.029599949717521667e-02
4.018176719546318054e-02
4.006570577621459961e-02
4.000123590230941772e-02
4.017671197652816772e-02
3.987937793135643005e-02
3.992758691310882568e-02
3.999705612659454346e-02
4.731262475252151489e-02
4.317468777298927307e-02
4.042512178421020508e-02
4.337479174137115479e-02
4.001319780945777893e-02
3.989710286259651184e-02
3.941732645034790039e-02
3.980268910527229309e-02
3.931476920843124390e-02
4.030374437570571899e-02
4.804827645421028137e-02
4.220315814018249512e-02
4.665707424283027649e-02
4.117805138230323792e-02
5.069627612829208374e-02
4.095790162682533264e-02
4.802453517913818359e-02
4.798029363155364990e-02
4.179001972079277039e-02
3.965649753808975220e-02
4.225694388151168823e-02
4.008156433701515198e-02
4.545482620596885681e-02
4.089658334851264954e-02
