1.694865345954895020e+00
1.345914483070373535e+00
1.214783191680908203e+00
1.131478548049926758e+00
1.080783486366271973e+00
1.038097858428955078e+00
1.009933829307556152e+00
9.852117300033569336e-01
9.445308446884155273e-01
9.265548586845397949e-01
9.083313345909118652e-01
8.892430663108825684e-01
8.780016303062438965e-01
8.700757622718811035e-01
8.530870079994201660e-01
8.501455187797546387e-01
8.315784335136413574e-01
8.332014083862304688e-01
8.208618164062500000e-01
8.074907660484313965e-01
8.107975125312805176e-01
7.953160405158996582e-01
7.974553704261779785e-01
7.854303717613220215e-01
7.900911569595336914e-01
7.753682732582092285e-01
7.727925777435302734e-01
7.684800028800964355e-01
7.666599750518798828e-01
7.545883655548095703e-01
7.528423666954040527e-01
7.561579942703247070e-01
7.469553351402282715e-01
7.441009283065795898e-01
7.454890012741088867e-01
7.427845597267150879e-01
7.397342324256896973e-01
7.381090521812438965e-01
7.350827455520629883e-01
7.263262271881103516e-01
7.292020916938781738e-01
7.246763110160827637e-01
7.228904962539672852e-01
7.207745313644409180e-01
7.218649983406066895e-01
7.148880958557128906e-01
7.153086066246032715e-01
7.173211574554443359e-01
7.129812240600585938e-01
7.061215639114379883e-01
7.112349271774291992e-01
7.081592679023742676e-01
7.056922912597656250e-01
7.011861801147460938e-01
7.031700611114501953e-01
7.034332156181335449e-01
6.949006915092468262e-01
6.974495053291320801e-01
6.965250968933105469e-01
6.981803774833679199e-01
6.955457925796508789e-01
6.897749304771423340e-01
6.961773633956909180e-01
6.960936784744262695e-01
6.916670203208923340e-01
6.865307092666625977e-01
6.904175877571105957e-01
6.896890401840209961e-01
6.843362450599670410e-01
6.879050135612487793e-01
6.849530339241027832e-01
6.865764260292053223e-01
6.818218827247619629e-01
6.840296983718872070e-01
6.864761710166931152e-01
6.856090426445007324e-01
6.813113093376159668e-01
6.784472465515136719e-01
6.773773431777954102e-01
6.772729158401489258e-01
6.792756915092468262e-01
6.743984222412109375e-01
6.727638244628906250e-01
6.743038892745971680e-01
6.771782636642456055e-01
6.737332940101623535e-01
6.719298958778381348e-01
6.716430187225341797e-01
6.760135293006896973e-01
6.701257824897766113e-01
6.646591424942016602e-01
6.684084534645080566e-01
6.618718504905700684e-01
6.694745421409606934e-01
6.683820486068725586e-01
6.700797677040100098e-01
6.685927510261535645e-01
6.625742316246032715e-01
6.598947048187255859e-01
6.674968004226684570e-01
