3.711200058460235596e-01
5.091400146484375000e-01
5.659999847412109375e-01
5.964400172233581543e-01
6.155999898910522461e-01
6.315400004386901855e-01
6.436799764633178711e-01
6.533399820327758789e-01
6.676399707794189453e-01
6.768599748611450195e-01
6.819400191307067871e-01
6.894400119781494141e-01
6.928799748420715332e-01
6.976000070571899414e-01
7.012000083923339844e-01
7.055000066757202148e-01
7.109599709510803223e-01
7.087000012397766113e-01
7.147200107574462891e-01
7.192800045013427734e-01
7.179399728775024414e-01
7.223399877548217773e-01
7.228199839591979980e-01
7.268199920654296875e-01
7.249400019645690918e-01
7.288600206375122070e-01
7.283800244331359863e-01
7.323399782180786133e-01
7.341399788856506348e-01
7.359200119972229004e-01
7.383199930191040039e-01
7.369999885559082031e-01
7.403200268745422363e-01
7.403200268745422363e-01
7.416999936103820801e-01
7.424399852752685547e-01
7.426599860191345215e-01
7.419000267982482910e-01
7.422000169754028320e-01
7.462400197982788086e-01
7.453200221061706543e-01
7.483000159263610840e-01
7.458800077438354492e-01
7.489399909973144531e-01
7.499399781227111816e-01
7.505800127983093262e-01
7.504000067710876465e-01
7.500200271606445312e-01
7.522199749946594238e-01
7.548599839210510254e-01
7.509999871253967285e-01
7.526400089263916016e-01
7.540799975395202637e-01
7.531800270080566406e-01
7.529199719429016113e-01
7.550799846649169922e-01
7.574399709701538086e-01
7.570400238037109375e-01
7.553200125694274902e-01
7.569800019264221191e-01
7.576599717140197754e-01
7.597399950027465820e-01
7.559199929237365723e-01
7.563199996948242188e-01
7.578999996185302734e-01
7.600200176239013672e-01
7.591400146484375000e-01
7.602400183677673340e-01
7.597200274467468262e-01
7.611799836158752441e-01
7.602800130844116211e-01
7.596200108528137207e-01
7.612599730491638184e-01
7.621600031852722168e-01
7.612400054931640625e-01
7.594199776649475098e-01
7.628800272941589355e-01
7.626600265502929688e-01
7.629399895668029785e-01
7.638599872589111328e-01
7.605599761009216309e-01
7.634400129318237305e-01
7.633200287818908691e-01
7.652800083160400391e-01
7.638400197029113770e-01
7.645400166511535645e-01
7.647799849510192871e-01
7.642999887466430664e-01
7.634599804878234863e-01
7.653200030326843262e-01
7.680600285530090332e-01
7.666599750518798828e-01
7.680799961090087891e-01
7.659999728202819824e-01
7.671200037002563477e-01
7.652800083160400391e-01
7.656400203704833984e-01
7.685400247573852539e-01
7.679799795150756836e-01
7.648199796676635742e-01
