1.915278136730194092e-01
1.865782588720321655e-01
1.822881996631622314e-01
1.781690865755081177e-01
1.740762740373611450e-01
1.699657291173934937e-01
1.659112721681594849e-01
1.620289236307144165e-01
1.583799719810485840e-01
1.549480855464935303e-01
1.516725122928619385e-01
1.484867334365844727e-01
1.453400552272796631e-01
1.422067731618881226e-01
1.390855610370635986e-01
1.359923630952835083e-01
1.329506337642669678e-01
1.299835443496704102e-01
1.271111667156219482e-01
1.243515610694885254e-01
1.217210367321968079e-01
1.192320957779884338e-01
1.168922558426856995e-01
1.147034466266632080e-01
1.126629114151000977e-01
1.107642948627471924e-01
1.089990809559822083e-01
1.073572710156440735e-01
1.058287620544433594e-01
1.044033020734786987e-01
1.030712798237800598e-01
1.018235757946968079e-01
1.006521135568618774e-01
9.954966604709625244e-02
9.850937873125076294e-02
9.752547740936279297e-02
9.659288823604583740e-02
9.570689499378204346e-02
9.486369788646697998e-02
9.405966848134994507e-02
9.329178929328918457e-02
9.255749732255935669e-02
9.185410290956497192e-02
9.117964655160903931e-02
9.053214639425277710e-02
8.990959823131561279e-02
8.931046724319458008e-02
8.873318880796432495e-02
8.817620575428009033e-02
8.763839304447174072e-02
8.711828291416168213e-02
8.661495149135589600e-02
8.612737804651260376e-02
8.565446734428405762e-02
8.519557118415832520e-02
8.474979549646377563e-02
8.431642502546310425e-02
8.389496803283691406e-02
8.348456770181655884e-02
8.308496326208114624e-02
8.269556611776351929e-02
8.231591433286666870e-02
8.194548636674880981e-02
8.158408105373382568e-02
8.123122900724411011e-02
8.088663220405578613e-02
8.054996281862258911e-02
8.022101968526840210e-02
7.989946007728576660e-02
7.958509027957916260e-02
7.927770167589187622e-02
7.897697389125823975e-02
7.868272066116333008e-02
7.839482277631759644e-02
7.811306416988372803e-02
7.783719897270202637e-02
7.756716758012771606e-02
7.730278372764587402e-02
7.704388350248336792e-02
7.679030299186706543e-02
7.654189318418502808e-02
7.629857957363128662e-02
7.606013864278793335e-02
7.582650333642959595e-02
7.559742033481597900e-02
7.537283003330230713e-02
7.515256106853485107e-02
7.493645697832107544e-02
7.472441345453262329e-02
7.451611757278442383e-02
7.431156933307647705e-02
7.411038130521774292e-02
7.391242682933807373e-02
7.371741533279418945e-02
7.352514564990997314e-02
7.333528250455856323e-02
7.314763963222503662e-02
7.296188175678253174e-02
7.277762144804000854e-02
7.259473949670791626e-02
7.241299748420715332e-02
7.223209738731384277e-02
7.205194979906082153e-02
7.187251746654510498e-02
7.169369608163833618e-02
7.151562720537185669e-02
7.133838534355163574e-02
7.116210460662841797e-02
7.098703831434249878e-02
7.081328332424163818e-02
7.064104825258255005e-02
7.047058641910552979e-02
7.030202448368072510e-02
7.013545185327529907e-02
6.997116655111312866e-02
6.980907171964645386e-02
6.964925676584243774e-02
6.949180364608764648e-02
6.933676451444625854e-02
6.918393820524215698e-02
6.903348118066787720e-02
6.888519972562789917e-02
6.873913109302520752e-02
6.859509646892547607e-02
6.845300644636154175e-02
6.831277906894683838e-02
6.817443668842315674e-02
6.803770363330841064e-02
6.790251284837722778e-02
6.776879727840423584e-02
6.763644516468048096e-02
6.750538945198059082e-02
6.737551093101501465e-02
6.724668294191360474e-02
6.711893528699874878e-02
6.699207425117492676e-02
6.686605513095855713e-02
6.674081087112426758e-02
6.661634892225265503e-02
6.649258732795715332e-02
6.636942178010940552e-02
6.624682247638702393e-02
6.612483412027359009e-02
6.600333750247955322e-02
6.588241457939147949e-02
6.576194614171981812e-02
6.564205139875411987e-02
6.552258878946304321e-02
6.540372222661972046e-02
6.528529524803161621e-02
6.516745686531066895e-02
6.505018472671508789e-02
6.493347138166427612e-02
6.481745094060897827e-02
6.470201164484024048e-02
6.458728015422821045e-02
6.447326391935348511e-02
6.436002254486083984e-02
6.424749642610549927e-02
6.413581967353820801e-02
6.402498483657836914e-02
6.391502171754837036e-02
6.380590051412582397e-02
6.369772553443908691e-02
6.359045952558517456e-02
6.348421424627304077e-02
6.337886303663253784e-02
6.327456980943679810e-02
6.317118555307388306e-02
6.306892633438110352e-02
6.296757608652114868e-02
6.286729872226715088e-02
6.276804208755493164e-02
6.266973167657852173e-02
6.257246434688568115e-02
6.247624382376670837e-02
6.238100305199623108e-02
6.228681281208992004e-02
6.219355016946792603e-02
6.210123375058174133e-02
6.200996413826942444e-02
6.191962212324142456e-02
6.183024123311042786e-02
6.174175441265106201e-02
6.165419146418571472e-02
6.156758219003677368e-02
6.148175150156021118e-02
6.139683350920677185e-02
6.131280586123466492e-02
6.122952327132225037e-02
6.114709749817848206e-02
6.106549873948097229e-02
6.098464503884315491e-02
6.090449914336204529e-02
6.082512438297271729e-02
6.074645742774009705e-02
6.066847965121269226e-02
6.059115752577781677e-02
6.051450595259666443e-02
6.043848767876625061e-02
6.036306172609329224e-02
6.028824672102928162e-02
6.021402403712272644e-02
6.014027446508407593e-02
6.006713584065437317e-02
5.999446660280227661e-02
5.992227047681808472e-02
5.985060706734657288e-02
5.977937579154968262e-02
5.970857292413711548e-02
5.963814631104469299e-02
5.956816673278808594e-02
5.949858203530311584e-02
5.942933261394500732e-02
5.936045944690704346e-02
5.929192528128623962e-02
5.922369286417961121e-02
5.915569514036178589e-02
5.908806249499320984e-02
5.902066454291343689e-02
5.895355343818664551e-02
5.888661742210388184e-02
5.881994590163230896e-02
5.875349417328834534e-02
5.868723616003990173e-02
5.862116813659667969e-02
5.855522677302360535e-02
5.848949775099754333e-02
5.842386558651924133e-02
5.835840851068496704e-02
5.829313397407531738e-02
5.822788551449775696e-02
5.816274881362915039e-02
5.809777602553367615e-02
5.803285539150238037e-02
5.796798691153526306e-02
5.790319666266441345e-02
5.783850699663162231e-02
5.777383223176002502e-02
5.770920217037200928e-02
5.764462798833847046e-02
5.758006870746612549e-02
5.751557275652885437e-02
5.745106190443038940e-02
5.738657340407371521e-02
5.732208117842674255e-02
5.725760757923126221e-02
5.719309672713279724e-02
5.712859705090522766e-02
5.706406757235527039e-02
5.699957907199859619e-02
5.693500488996505737e-02
5.687035620212554932e-02
5.680575221776962280e-02
5.674108117818832397e-02
5.667638778686523438e-02
5.661162734031677246e-02
5.654681846499443054e-02
5.648196861147880554e-02
5.641708523035049438e-02
5.635213479399681091e-02
5.628710240125656128e-02
5.622203275561332703e-02
5.615688115358352661e-02
5.609165504574775696e-02
5.602636933326721191e-02
5.596105754375457764e-02
5.589566007256507874e-02
5.583017691969871521e-02
5.576464161276817322e-02
5.569905042648315430e-02
5.563338845968246460e-02
5.556763708591461182e-02
5.550181865692138672e-02
5.543598160147666931e-02
5.537002161145210266e-02
5.530402064323425293e-02
5.523794889450073242e-02
5.517181009054183960e-02
5.510565266013145447e-02
5.503939837217330933e-02
5.497315153479576111e-02
5.490681156516075134e-02
5.484038218855857849e-02
5.477397516369819641e-02
5.470746755599975586e-02
5.464094877243041992e-02
5.457443743944168091e-02
5.450783297419548035e-02
5.444124341011047363e-02
5.437464267015457153e-02
5.430803075432777405e-02
5.424140766263008118e-02
5.417475849390029907e-02
5.410810187458992004e-02
5.404147505760192871e-02
5.397483706474304199e-02
5.390826240181922913e-02
5.384167656302452087e-02
5.377512052655220032e-02
5.370859056711196899e-02
5.364207923412322998e-02
5.357567220926284790e-02
5.350930243730545044e-02
5.344295129179954529e-02
5.337668955326080322e-02
5.331048741936683655e-02
5.324439704418182373e-02
5.317833647131919861e-02
5.311241000890731812e-02
5.304654315114021301e-02
5.298076570034027100e-02
5.291507393121719360e-02
5.284956097602844238e-02
5.278406292200088501e-02
5.271875113248825073e-02
5.265356972813606262e-02
5.258848890662193298e-02
5.252353847026824951e-02
5.245874077081680298e-02
5.239403620362281799e-02
5.232954025268554688e-02
5.226516351103782654e-02
5.220093578100204468e-02
5.213684588670730591e-02
5.207296460866928101e-02
5.200922489166259766e-02
5.194567143917083740e-02
5.188225954771041870e-02
5.181900039315223694e-02
5.175593495368957520e-02
5.169304460287094116e-02
5.163033306598663330e-02
5.156781524419784546e-02
5.150545015931129456e-02
5.144331231713294983e-02
5.138132721185684204e-02
5.131956934928894043e-02
5.125792697072029114e-02
5.119651556015014648e-02
5.113529786467552185e-02
5.107427015900611877e-02
5.101339519023895264e-02
5.095273628830909729e-02
5.089227482676506042e-02
5.083197727799415588e-02
5.077186226844787598e-02
5.071198567748069763e-02
5.065223202109336853e-02
5.059272795915603638e-02
5.053338408470153809e-02
5.047421157360076904e-02
5.041525140404701233e-02
5.035644769668579102e-02
5.029784888029098511e-02
5.023940280079841614e-02
5.018115043640136719e-02
5.012306571006774902e-02
5.006514489650726318e-02
5.000742152333259583e-02
4.994985833764076233e-02
4.989243671298027039e-02
4.983521252870559692e-02
4.977814853191375732e-02
4.972124472260475159e-02
4.966448619961738586e-02
4.960787668824195862e-02
4.955141618847846985e-02
4.949511215090751648e-02
4.943897202610969543e-02
4.938298463821411133e-02
4.932710900902748108e-02
4.927136003971099854e-02
4.921577870845794678e-02
4.916030913591384888e-02
4.910498484969139099e-02
4.904977232217788696e-02
4.899466782808303833e-02
4.893970116972923279e-02
4.888485372066497803e-02
4.883008822798728943e-02
4.877545684576034546e-02
4.872092604637145996e-02
4.866649955511093140e-02
4.861218482255935669e-02
4.855793341994285583e-02
4.850378632545471191e-02
4.844970628619194031e-02
4.839571937918663025e-02
4.834185540676116943e-02
4.828802123665809631e-02
4.823427274823188782e-02
4.818056523799896240e-02
4.812693968415260315e-02
4.807339981198310852e-02
4.801990091800689697e-02
4.796644672751426697e-02
4.791308566927909851e-02
4.785972461104393005e-02
4.780643805861473083e-02
4.775317013263702393e-02
4.769996181130409241e-02
4.764679074287414551e-02
4.759361222386360168e-02
4.754053056240081787e-02
4.748741164803504944e-02
4.743434116244316101e-02
4.738131910562515259e-02
4.732826724648475647e-02
4.727522656321525574e-02
4.722218960523605347e-02
4.716917499899864197e-02
4.711620137095451355e-02
4.706317931413650513e-02
4.701017215847969055e-02
4.695715382695198059e-02
4.690414667129516602e-02
4.685111716389656067e-02
4.679805040359497070e-02
4.674502834677696228e-02
4.669196531176567078e-02
4.663885384798049927e-02
4.658572003245353699e-02
4.653259366750717163e-02
4.647943377494812012e-02
4.642624780535697937e-02
4.637303203344345093e-02
4.631977155804634094e-02
4.626649245619773865e-02
4.621317610144615173e-02
4.615977779030799866e-02
4.610640928149223328e-02
4.605296999216079712e-02
4.599948599934577942e-02
4.594596102833747864e-02
4.589239135384559631e-02
4.583877697587013245e-02
4.578515514731407166e-02
4.573144391179084778e-02
4.567768052220344543e-02
4.562387987971305847e-02
4.557001963257789612e-02
4.551613703370094299e-02
4.546219483017921448e-02
4.540819674730300903e-02
4.535416513681411743e-02
4.530002921819686890e-02
4.524590075016021729e-02
4.519167914986610413e-02
4.513742774724960327e-02
4.508310183882713318e-02
4.502874612808227539e-02
4.497434943914413452e-02
4.491990432143211365e-02
4.486539587378501892e-02
4.481084644794464111e-02
4.475621506571769714e-02
4.470155760645866394e-02
4.464684054255485535e-02
4.459209740161895752e-02
4.453726857900619507e-02
4.448244348168373108e-02
4.442753642797470093e-02
4.437259584665298462e-02
4.431763291358947754e-02
4.426259920001029968e-02
4.420755058526992798e-02
4.415243491530418396e-02
4.409734532237052917e-02
4.404214024543762207e-02
4.398695006966590881e-02
4.393169283866882324e-02
4.387644678354263306e-02
4.382111877202987671e-02
4.376574605703353882e-02
4.371038451790809631e-02
4.365500062704086304e-02
4.359958320856094360e-02
4.354413598775863647e-02
4.348865523934364319e-02
4.343316331505775452e-02
4.337761551141738892e-02
4.332207888364791870e-02
4.326654225587844849e-02
4.321093857288360596e-02
4.315533488988876343e-02
4.309972003102302551e-02
4.304407909512519836e-02
4.298842698335647583e-02
4.293273761868476868e-02
4.287706688046455383e-02
4.282135516405105591e-02
4.276563599705696106e-02
4.270992428064346313e-02
4.265417531132698059e-02
4.259843379259109497e-02
4.254262894392013550e-02
4.248687624931335449e-02
4.243106022477149963e-02
4.237525537610054016e-02
