2.080542445182800293e-01
2.034790515899658203e-01
1.991232633590698242e-01
1.946751922369003296e-01
1.898400485515594482e-01
1.844611167907714844e-01
1.786483675241470337e-01
1.727483421564102173e-01
1.671240031719207764e-01
1.619681417942047119e-01
1.572983115911483765e-01
1.530417501926422119e-01
1.491041481494903564e-01
1.454023718833923340e-01
1.418777555227279663e-01
1.384990513324737549e-01
1.352595835924148560e-01
1.321696192026138306e-01
1.292476803064346313e-01
1.265117377042770386e-01
1.239711716771125793e-01
1.216245144605636597e-01
1.194618642330169678e-01
1.174689382314682007e-01
1.156310662627220154e-01
1.139347776770591736e-01
1.123679578304290771e-01
1.109201237559318542e-01
1.095816344022750854e-01
1.083435192704200745e-01
1.071970760822296143e-01
1.061337664723396301e-01
1.051452159881591797e-01
1.042234301567077637e-01
1.033606827259063721e-01
1.025497019290924072e-01
1.017837971448898315e-01
1.010568514466285706e-01
1.003633961081504822e-01
9.969856590032577515e-02
9.905807673931121826e-02
9.843827784061431885e-02
9.783599525690078735e-02
9.724865108728408813e-02
9.667411446571350098e-02
9.611058235168457031e-02
9.555671364068984985e-02
9.501140564680099487e-02
9.447398036718368530e-02
9.394374489784240723e-02
9.342036396265029907e-02
9.290362894535064697e-02
9.239335358142852783e-02
9.188959002494812012e-02
9.139241278171539307e-02
9.090186655521392822e-02
9.041815996170043945e-02
8.994144201278686523e-02
8.947190642356872559e-02
8.900979906320571899e-02
8.855532109737396240e-02
8.810867369174957275e-02
8.767008781433105469e-02
8.723972737789154053e-02
8.681774884462356567e-02
8.640441298484802246e-02
8.599974215030670166e-02
8.560395240783691406e-02
8.521711081266403198e-02
8.483935892581939697e-02
8.447067439556121826e-02
8.411121368408203125e-02
8.376098424196243286e-02
8.342000842094421387e-02
8.308821171522140503e-02
8.276566863059997559e-02
8.245227485895156860e-02
8.214798569679260254e-02
8.185271173715591431e-02
8.156636357307434082e-02
8.128880709409713745e-02
8.101990818977355957e-02
8.075948804616928101e-02
8.050744235515594482e-02
8.026348054409027100e-02
8.002746850252151489e-02
7.979916781187057495e-02
7.957828789949417114e-02
7.936461269855499268e-02
7.915786653757095337e-02
7.895775884389877319e-02
7.876399904489517212e-02
7.857628166675567627e-02
7.839421182870864868e-02
7.821754366159439087e-02
7.804595679044723511e-02
7.787899672985076904e-02
7.771646976470947266e-02
7.755792140960693359e-02
7.740310579538345337e-02
7.725170254707336426e-02
7.710348814725875854e-02
7.695820927619934082e-02
7.681558281183242798e-02
7.667554169893264771e-02
7.653786987066268921e-02
7.640244811773300171e-02
7.626921683549880981e-02
7.613805681467056274e-02
7.600901275873184204e-02
7.588193565607070923e-02
7.575689256191253662e-02
7.563383132219314575e-02
7.551278173923492432e-02
7.539378106594085693e-02
7.527675479650497437e-02
7.516178488731384277e-02
7.504889369010925293e-02
7.493808120489120483e-02
7.482942938804626465e-02
7.472284883260726929e-02
7.461845129728317261e-02
7.451623678207397461e-02
7.441618293523788452e-02
7.431827485561370850e-02
7.422247529029846191e-02
7.412879168987274170e-02
7.403718680143356323e-02
7.394761592149734497e-02
7.386003434658050537e-02
7.377436012029647827e-02
7.369048893451690674e-02
7.360840588808059692e-02
7.352799922227859497e-02
7.344920188188552856e-02
7.337187230587005615e-02
7.329598814249038696e-02
7.322132587432861328e-02
7.314790785312652588e-02
7.307551056146621704e-02
7.300413399934768677e-02
7.293358445167541504e-02
7.286383211612701416e-02
7.279467582702636719e-02
7.272610068321228027e-02
7.265795022249221802e-02
7.259014993906021118e-02
7.252263277769088745e-02
7.245527207851409912e-02
7.238805294036865234e-02
7.232087850570678711e-02
7.225366681814193726e-02
7.218641787767410278e-02
7.211907953023910522e-02
7.205162197351455688e-02
7.198403775691986084e-02
7.191632688045501709e-02
7.184840738773345947e-02
7.178033143281936646e-02
7.171215862035751343e-02
7.164382189512252808e-02
7.157540321350097656e-02
7.150689512491226196e-02
7.143834233283996582e-02
7.136981934309005737e-02
7.130131870508193970e-02
7.123293727636337280e-02
7.116468250751495361e-02
7.109660655260086060e-02
7.102872431278228760e-02
7.096114754676818848e-02
7.089388370513916016e-02
7.082701474428176880e-02
7.076051086187362671e-02
7.069450616836547852e-02
7.062900811433792114e-02
7.056403905153274536e-02
7.049966603517532349e-02
7.043589651584625244e-02
7.037279009819030762e-02
7.031030207872390747e-02
7.024852186441421509e-02
7.018748670816421509e-02
7.012718170881271362e-02
7.006766647100448608e-02
7.000891119241714478e-02
6.995091587305068970e-02
6.989373266696929932e-02
6.983738392591476440e-02
6.978178769350051880e-02
6.972701847553253174e-02
6.967302411794662476e-02
6.961988657712936401e-02
6.956750154495239258e-02
6.951593607664108276e-02
6.946512311697006226e-02
6.941507011651992798e-02
6.936582177877426147e-02
6.931733340024948120e-02
6.926951557397842407e-02
6.922249495983123779e-02
6.917614489793777466e-02
6.913047283887863159e-02
6.908543407917022705e-02
6.904108822345733643e-02
6.899739056825637817e-02
6.895428150892257690e-02
6.891179829835891724e-02
6.886985152959823608e-02
6.882850080728530884e-02
6.878765672445297241e-02
6.874740123748779297e-02
6.870756298303604126e-02
6.866823136806488037e-02
6.862941384315490723e-02
6.859103590250015259e-02
6.855305284261703491e-02
6.851548701524734497e-02
6.847833096981048584e-02
6.844152510166168213e-02
6.840506941080093384e-02
6.836899369955062866e-02
6.833323091268539429e-02
6.829780340194702148e-02
6.826268881559371948e-02
6.822778284549713135e-02
6.819321960210800171e-02
6.815889477729797363e-02
6.812485307455062866e-02
6.809101253747940063e-02
6.805741786956787109e-02
6.802404671907424927e-02
6.799086183309555054e-02
6.795791536569595337e-02
6.792514771223068237e-02
6.789257377386093140e-02
6.786011904478073120e-02
6.782791763544082642e-02
6.779587268829345703e-02
6.776393949985504150e-02
6.773217767477035522e-02
6.770057231187820435e-02
6.766911596059799194e-02
6.763778626918792725e-02
6.760661303997039795e-02
6.757557392120361328e-02
6.754466891288757324e-02
6.751386821269989014e-02
6.748323142528533936e-02
6.745272874832153320e-02
6.742229312658309937e-02
6.739199161529541016e-02
6.736183911561965942e-02
6.733180582523345947e-02
6.730186194181442261e-02
6.727205216884613037e-02
6.724237650632858276e-02
6.721279770135879517e-02
6.718335300683975220e-02
6.715402007102966309e-02
6.712478399276733398e-02
6.709569692611694336e-02
6.706671416759490967e-02
6.703782081604003906e-02
6.700909882783889771e-02
6.698043644428253174e-02
6.695191562175750732e-02
6.692349910736083984e-02
6.689523160457611084e-02
6.686709076166152954e-02
6.683905422687530518e-02
6.681112200021743774e-02
6.678331643342971802e-02
6.675564497709274292e-02
6.672807037830352783e-02
6.670065224170684814e-02
6.667333841323852539e-02
6.664614379405975342e-02
6.661906838417053223e-02
6.659213453531265259e-02
6.656529754400253296e-02
6.653859466314315796e-02
6.651198863983154297e-02
6.648557633161544800e-02
6.645923107862472534e-02
6.643302738666534424e-02
6.640693545341491699e-02
6.638097018003463745e-02
6.635513901710510254e-02
6.632946431636810303e-02
6.630385667085647583e-02
6.627841293811798096e-02
6.625308841466903687e-02
6.622790545225143433e-02
6.620278209447860718e-02
6.617785990238189697e-02
6.615305691957473755e-02
6.612836569547653198e-02
6.610380858182907104e-02
6.607936322689056396e-02
6.605505943298339844e-02
6.603087484836578369e-02
6.600679457187652588e-02
6.598287820816040039e-02
6.595905125141143799e-02
6.593536585569381714e-02
6.591182947158813477e-02
6.588841229677200317e-02
6.586514413356781006e-02
6.584197282791137695e-02
6.581895053386688232e-02
6.579603999853134155e-02
6.577327847480773926e-02
6.575065851211547852e-02
6.572817265987396240e-02
6.570581346750259399e-02
6.568359583616256714e-02
6.566148251295089722e-02
6.563954800367355347e-02
6.561774015426635742e-02
6.559604406356811523e-02
6.557449698448181152e-02
6.555311381816864014e-02
6.553189456462860107e-02
6.551077216863632202e-02
6.548979878425598145e-02
6.546896696090698242e-02
6.544829159975051880e-02
6.542777270078659058e-02
6.540739536285400391e-02
6.538713723421096802e-02
6.536705791950225830e-02
6.534713506698608398e-02
6.532736122608184814e-02
6.530773639678955078e-02
6.528827548027038574e-02
6.526896357536315918e-02
6.524974852800369263e-02
6.523076444864273071e-02
6.521192193031311035e-02
6.519320607185363770e-02
6.517469137907028198e-02
6.515634059906005859e-02
6.513812392950057983e-02
6.512007117271423340e-02
6.510216742753982544e-02
6.508442759513854980e-02
6.506687402725219727e-02
6.504948437213897705e-02
6.503225117921829224e-02
6.501519680023193359e-02
6.499831378459930420e-02
6.498156487941741943e-02
6.496501713991165161e-02
6.494861841201782227e-02
6.493239849805831909e-02
6.491636484861373901e-02
6.490050256252288818e-02
6.488480418920516968e-02
6.486929208040237427e-02
6.485393643379211426e-02
6.483874469995498657e-02
6.482373923063278198e-02
6.480890512466430664e-02
6.479427963495254517e-02
6.477979570627212524e-02
6.476548314094543457e-02
6.475137919187545776e-02
6.473743915557861328e-02
6.472371518611907959e-02
6.471013277769088745e-02
6.469677388668060303e-02
6.468357890844345093e-02
6.467055529356002808e-02
6.465773284435272217e-02
6.464511156082153320e-02
6.463268399238586426e-02
6.462042033672332764e-02
6.460836529731750488e-02
6.459653377532958984e-02
6.458488106727600098e-02
6.457342952489852905e-02
6.456214934587478638e-02
6.455113738775253296e-02
6.454024463891983032e-02
6.452958285808563232e-02
6.451916694641113281e-02
6.450891494750976562e-02
6.449892371892929077e-02
6.448908150196075439e-02
6.447944045066833496e-02
6.447010487318038940e-02
6.446094810962677002e-02
6.445203721523284912e-02
6.444332748651504517e-02
6.443484872579574585e-02
6.442660093307495117e-02
6.441862136125564575e-02
6.441085785627365112e-02
6.440330296754837036e-02
6.439597159624099731e-02
6.438898295164108276e-02
6.438219547271728516e-02
6.437560915946960449e-02
6.436930596828460693e-02
6.436324119567871094e-02
6.435748189687728882e-02
6.435194611549377441e-02
6.434664875268936157e-02
6.434169411659240723e-02
6.433695554733276367e-02
6.433245539665222168e-02
6.432831287384033203e-02
6.432442367076873779e-02
6.432079523801803589e-02
6.431749463081359863e-02
6.431449949741363525e-02
6.431176513433456421e-02
6.430932879447937012e-02
6.430719047784805298e-02
6.430532783269882202e-02
6.430378556251525879e-02
6.430254876613616943e-02
6.430162489414215088e-02
6.430102139711380005e-02
6.430072337388992310e-02
6.430076062679290771e-02
6.430107355117797852e-02
6.430175155401229858e-02
6.430274248123168945e-02
6.430405378341674805e-02
6.430570036172866821e-02
6.430764496326446533e-02
6.430993974208831787e-02
6.431262940168380737e-02
6.431560963392257690e-02
6.431887298822402954e-02
6.432252377271652222e-02
6.432651728391647339e-02
6.433078646659851074e-02
6.433545798063278198e-02
6.434042006731033325e-02
6.434571743011474609e-02
6.435139477252960205e-02
6.435737758874893188e-02
6.436369568109512329e-02
6.437033414840698242e-02
6.437734514474868774e-02
6.438466161489486694e-02
6.439226120710372925e-02
6.440020352602005005e-02
6.440850347280502319e-02
6.441706418991088867e-02
6.442599743604660034e-02
6.443522125482559204e-02
6.444475799798965454e-02
6.445459276437759399e-02
6.446471810340881348e-02
6.447514146566390991e-02
6.448584794998168945e-02
6.449680775403976440e-02
6.450814008712768555e-02
6.451965123414993286e-02
6.453149020671844482e-02
6.454358994960784912e-02
6.455591320991516113e-02
6.456851214170455933e-02
6.458132714033126831e-02
6.459445506334304810e-02
6.460775434970855713e-02
6.462128460407257080e-02
6.463505327701568604e-02
6.464901566505432129e-02
6.466318666934967041e-02
6.467759609222412109e-02
6.469212472438812256e-02
6.470678746700286865e-02
6.472172588109970093e-02
6.473678350448608398e-02
6.475205719470977783e-02
6.476744264364242554e-02
6.478299200534820557e-02
6.479870527982711792e-02
6.481453776359558105e-02
6.483050435781478882e-02
6.484657526016235352e-02
6.486283242702484131e-02
6.487915664911270142e-02
6.489562243223190308e-02
6.491211801767349243e-02
6.492879986763000488e-02
6.494545936584472656e-02
6.496229767799377441e-02
6.497915834188461304e-02
6.499610096216201782e-02
6.501311808824539185e-02
6.503020972013473511e-02
6.504730880260467529e-02
6.506447494029998779e-02
6.508169323205947876e-02
