1.921850591897964478e-01
1.908583492040634155e-01
1.904538571834564209e-01
1.900916695594787598e-01
1.897725909948348999e-01
1.894951909780502319e-01
1.892562955617904663e-01
1.890520006418228149e-01
1.888784319162368774e-01
1.887301355600357056e-01
1.886034309864044189e-01
1.884937733411788940e-01
1.883976608514785767e-01
1.883124262094497681e-01
1.882350593805313110e-01
1.881637424230575562e-01
1.880965083837509155e-01
1.880312263965606689e-01
1.879667788743972778e-01
1.879017055034637451e-01
1.878338456153869629e-01
1.877616941928863525e-01
1.876827627420425415e-01
1.875948905944824219e-01
1.874939948320388794e-01
1.873760223388671875e-01
1.872349977493286133e-01
1.870628893375396729e-01
1.868490278720855713e-01
1.865786015987396240e-01
1.862318813800811768e-01
1.857836395502090454e-01
1.852030605077743530e-01
1.844606101512908936e-01
1.835410594940185547e-01
1.824645698070526123e-01
1.813005954027175903e-01
1.801463961601257324e-01
1.790805608034133911e-01
1.781341582536697388e-01
1.772979944944381714e-01
1.765442192554473877e-01
1.758428663015365601e-01
1.751665025949478149e-01
1.744931787252426147e-01
1.738051325082778931e-01
1.730871647596359253e-01
1.723268628120422363e-01
1.715140044689178467e-01
1.706413626670837402e-01
1.697045117616653442e-01
1.687022745609283447e-01
1.676368266344070435e-01
1.665117442607879639e-01
1.653328239917755127e-01
1.641057878732681274e-01
1.628363281488418579e-01
1.615288853645324707e-01
1.601853519678115845e-01
1.588058769702911377e-01
1.573912501335144043e-01
1.559502035379409790e-01
1.545036137104034424e-01
1.530822813510894775e-01
1.517140269279479980e-01
1.504108607769012451e-01
1.491762697696685791e-01
1.480109095573425293e-01
1.469113230705261230e-01
1.458689421415328979e-01
1.448612362146377563e-01
1.438442170619964600e-01
1.427588611841201782e-01
1.415488123893737793e-01
1.401767134666442871e-01
1.386507302522659302e-01
1.370398998260498047e-01
1.354287564754486084e-01
1.338970214128494263e-01
1.325152814388275146e-01
1.313185840845108032e-01
1.302985399961471558e-01
1.294175684452056885e-01
1.286264657974243164e-01
1.278762668371200562e-01
1.271257996559143066e-01
1.263449490070343018e-01
1.255144327878952026e-01
1.246225908398628235e-01
1.236601397395133972e-01
1.226158961653709412e-01
1.214760765433311462e-01
1.202327534556388855e-01
1.188984215259552002e-01
1.175093650817871094e-01
1.160875037312507629e-01
1.146034449338912964e-01
1.130192205309867859e-01
1.113476902246475220e-01
1.096640452742576599e-01
1.080650538206100464e-01
1.066029295325279236e-01
1.052373126149177551e-01
1.038698107004165649e-01
1.024642512202262878e-01
1.009778156876564026e-01
9.959047287702560425e-02
9.842387586832046509e-02
9.737277776002883911e-02
9.638877213001251221e-02
9.548545628786087036e-02
9.468548744916915894e-02
9.398011118173599243e-02
9.333417564630508423e-02
9.270597249269485474e-02
9.203374385833740234e-02
9.134790301322937012e-02
9.081620723009109497e-02
9.027147293090820312e-02
8.962272852659225464e-02
8.893403410911560059e-02
8.831463754177093506e-02
8.767423778772354126e-02
8.695580065250396729e-02
8.621070533990859985e-02
8.558484166860580444e-02
8.502161502838134766e-02
8.410093933343887329e-02
8.364018052816390991e-02
8.328486979007720947e-02
8.292914181947708130e-02
8.256184309720993042e-02
8.218839764595031738e-02
8.181293308734893799e-02
8.143571764230728149e-02
8.105430006980895996e-02
8.066579699516296387e-02
8.026902377605438232e-02
7.986514270305633545e-02
7.945650815963745117e-02
7.904485613107681274e-02
7.863287627696990967e-02
7.822438329458236694e-02
7.782190293073654175e-02
7.742305845022201538e-02
7.701928168535232544e-02
7.660302519798278809e-02
7.618542015552520752e-02
7.579365372657775879e-02
7.544324547052383423e-02
7.514077425003051758e-02
7.490040361881256104e-02
7.471960037946701050e-02
7.458892464637756348e-02
7.447331398725509644e-02
7.433419674634933472e-02
7.415623962879180908e-02
7.395015656948089600e-02
7.372237741947174072e-02
7.347030937671661377e-02
7.320468872785568237e-02
7.293229550123214722e-02
7.265821099281311035e-02
7.238765805959701538e-02
7.212398201227188110e-02
7.186681777238845825e-02
7.161428779363632202e-02
7.136625796556472778e-02
7.112455368041992188e-02
7.089106738567352295e-02
7.067167758941650391e-02
7.046598941087722778e-02
7.025656849145889282e-02
7.003644108772277832e-02
6.980754435062408447e-02
6.957239657640457153e-02
6.933314353227615356e-02
6.909205764532089233e-02
6.885296106338500977e-02
6.862175464630126953e-02
6.840387731790542603e-02
6.819980591535568237e-02
6.800673156976699829e-02
6.782189756631851196e-02
6.764253973960876465e-02
6.746365129947662354e-02
6.727880239486694336e-02
6.708136200904846191e-02
6.685806065797805786e-02
6.656398624181747437e-02
6.628752499818801880e-02
6.608480960130691528e-02
6.583199650049209595e-02
6.576209515333175659e-02
6.514658778905868530e-02
6.499819457530975342e-02
6.437175720930099487e-02
6.446440517902374268e-02
6.383305788040161133e-02
6.399730592966079712e-02
6.341990083456039429e-02
6.379867345094680786e-02
6.301836669445037842e-02
6.342905014753341675e-02
6.319423764944076538e-02
6.295276433229446411e-02
6.294626742601394653e-02
6.251959502696990967e-02
6.241673976182937622e-02
6.240679323673248291e-02
6.372521072626113892e-02
6.174915283918380737e-02
6.141199171543121338e-02
6.128168106079101562e-02
6.137717887759208679e-02
6.096364930272102356e-02
6.100771576166152954e-02
6.160121038556098938e-02
6.036706268787384033e-02
6.065390631556510925e-02
6.063010916113853455e-02
6.039859354496002197e-02
6.029507145285606384e-02
6.006436794996261597e-02
6.141050532460212708e-02
6.011600419878959656e-02
5.975985899567604065e-02
5.910137668251991272e-02
5.958062037825584412e-02
6.194676831364631653e-02
6.027904152870178223e-02
6.070429831743240356e-02
6.028940901160240173e-02
6.056760251522064209e-02
5.964230373501777649e-02
6.112369894981384277e-02
6.039243191480636597e-02
5.931171402335166931e-02
6.002698093652725220e-02
5.881675332784652710e-02
5.922280251979827881e-02
5.865516886115074158e-02
5.879301950335502625e-02
5.835817754268646240e-02
5.850533768534660339e-02
5.831975862383842468e-02
5.831184610724449158e-02
5.820536985993385315e-02
5.813211202621459961e-02
5.854913219809532166e-02
5.787741765379905701e-02
5.792267620563507080e-02
5.793781951069831848e-02
5.741563439369201660e-02
5.776133388280868530e-02
5.931987613439559937e-02
5.774299055337905884e-02
5.755302682518959045e-02
5.750148743391036987e-02
5.729054287075996399e-02
5.712673813104629517e-02
5.703947320580482483e-02
5.696681514382362366e-02
5.688053742051124573e-02
5.677950382232666016e-02
5.666572228074073792e-02
5.653818324208259583e-02
5.641123279929161072e-02
5.630590021610260010e-02
5.623779073357582092e-02
5.620080232620239258e-02
5.615540593862533569e-02
5.608091503381729126e-02
5.603795871138572693e-02
5.593459308147430420e-02
5.593023449182510376e-02
5.582987144589424133e-02
5.573625490069389343e-02
5.572865530848503113e-02
5.565119162201881409e-02
5.562416464090347290e-02
5.556538701057434082e-02
5.551238730549812317e-02
5.544993653893470764e-02
5.539299547672271729e-02
5.533238500356674194e-02
5.528016015887260437e-02
5.529668927192687988e-02
5.522444099187850952e-02
5.501219630241394043e-02
5.509986355900764465e-02
5.560284480452537537e-02
5.471539869904518127e-02
5.451690778136253357e-02
5.493898317217826843e-02
5.547773838043212891e-02
5.489530414342880249e-02
5.466432496905326843e-02
5.682738125324249268e-02
5.447268113493919373e-02
5.676197260618209839e-02
5.408746004104614258e-02
5.573090910911560059e-02
5.434298887848854065e-02
5.427478626370429993e-02
5.417853966355323792e-02
5.507788434624671936e-02
5.425602197647094727e-02
5.419707298278808594e-02
5.392985790967941284e-02
5.378100648522377014e-02
5.360786616802215576e-02
5.376799032092094421e-02
5.369653552770614624e-02
5.376876518130302429e-02
5.381547287106513977e-02
5.372685566544532776e-02
5.369674041867256165e-02
5.318509787321090698e-02
5.291292071342468262e-02
5.381237342953681946e-02
5.232131108641624451e-02
5.275972932577133179e-02
5.310642346739768982e-02
5.260086432099342346e-02
5.280175432562828064e-02
5.288339406251907349e-02
5.218781158328056335e-02
5.262975767254829407e-02
5.250717326998710632e-02
5.293926224112510681e-02
5.202885717153549194e-02
5.245093256235122681e-02
5.232680961489677429e-02
5.238784104585647583e-02
5.237917229533195496e-02
5.210369452834129333e-02
5.210297554731369019e-02
5.184291303157806396e-02
5.200177803635597229e-02
5.164058506488800049e-02
5.204113572835922241e-02
5.183037370443344116e-02
5.182289332151412964e-02
5.114924535155296326e-02
5.201371386647224426e-02
5.132757127285003662e-02
5.174179747700691223e-02
5.142182484269142151e-02
5.130790546536445618e-02
5.122362822294235229e-02
5.116438120603561401e-02
5.097089335322380066e-02
5.067653208971023560e-02
5.184636637568473816e-02
5.138347297906875610e-02
5.137620493769645691e-02
5.135102197527885437e-02
5.114287137985229492e-02
5.105411633849143982e-02
5.113678053021430969e-02
5.114497989416122437e-02
5.083994939923286438e-02
5.096682906150817871e-02
5.033799633383750916e-02
5.071995779871940613e-02
5.069980770349502563e-02
5.051656067371368408e-02
5.062714219093322754e-02
5.009466037154197693e-02
5.021647736430168152e-02
5.044801533222198486e-02
5.037053301930427551e-02
4.987867549061775208e-02
5.006628483533859253e-02
5.023985728621482849e-02
5.035226047039031982e-02
4.972703009843826294e-02
4.961148649454116821e-02
4.976546764373779297e-02
4.985135793685913086e-02
4.972008243203163147e-02
4.936263337731361389e-02
4.929333180189132690e-02
4.932177811861038208e-02
4.939739406108856201e-02
4.932260513305664062e-02
4.921191185712814331e-02
4.910463839769363403e-02
4.904874786734580994e-02
4.900341480970382690e-02
4.895664006471633911e-02
4.891163483262062073e-02
4.887656494975090027e-02
4.884581640362739563e-02
4.881745949387550354e-02
4.879138618707656860e-02
4.876681044697761536e-02
4.874195903539657593e-02
4.871520772576332092e-02
4.868602007627487183e-02
4.865464568138122559e-02
4.862212389707565308e-02
4.859035089612007141e-02
4.856230318546295166e-02
4.854080453515052795e-02
4.852617904543876648e-02
4.851994290947914124e-02
4.851756244897842407e-02
4.850253835320472717e-02
4.847392439842224121e-02
4.843951389193534851e-02
4.839932173490524292e-02
4.835129901766777039e-02
4.830056056380271912e-02
4.825140535831451416e-02
4.820402339100837708e-02
4.815621301531791687e-02
4.810517281293869019e-02
4.804733395576477051e-02
4.797518253326416016e-02
4.787148162722587585e-02
4.769703000783920288e-02
4.735437035560607910e-02
4.777714982628822327e-02
4.781651496887207031e-02
4.782995581626892090e-02
4.757560417056083679e-02
4.749660938978195190e-02
4.744597151875495911e-02
4.734105244278907776e-02
4.726913198828697205e-02
4.717520251870155334e-02
4.710503667593002319e-02
4.734006896615028381e-02
4.702007398009300232e-02
4.755256697535514832e-02
4.705212265253067017e-02
4.734757170081138611e-02
4.682287946343421936e-02
4.685761779546737671e-02
4.739995300769805908e-02
4.689667001366615295e-02
4.682900384068489075e-02
4.684055596590042114e-02
4.677341878414154053e-02
4.774159938097000122e-02
4.695961251854896545e-02
4.654652625322341919e-02
4.722583666443824768e-02
4.658455029129981995e-02
4.701055586338043213e-02
4.634816944599151611e-02
4.726426675915718079e-02
4.639506712555885315e-02
4.727093875408172607e-02
4.643543437123298645e-02
4.621584713459014893e-02
4.623305797576904297e-02
4.616587981581687927e-02
4.723104462027549744e-02
4.583158344030380249e-02
4.599171131849288940e-02
4.739149659872055054e-02
4.561315476894378662e-02
4.638101905584335327e-02
4.733711108565330505e-02
4.594025388360023499e-02
4.531135782599449158e-02
4.559265822172164917e-02
4.736656323075294495e-02
4.760260879993438721e-02
4.501106962561607361e-02
4.541975632309913635e-02
4.690762609243392944e-02
4.564398527145385742e-02
4.501187056303024292e-02
4.531987383961677551e-02
4.650744795799255371e-02
4.536446556448936462e-02
4.464308917522430420e-02
4.511624202132225037e-02
4.529290646314620972e-02
4.438558593392372131e-02
4.508569091558456421e-02
4.476106911897659302e-02
4.479704424738883972e-02
4.500142112374305725e-02
4.436915367841720581e-02
4.424329102039337158e-02
4.509972780942916870e-02
4.468177258968353271e-02
4.559276625514030457e-02
4.437342658638954163e-02
4.453558102250099182e-02
4.412532225251197815e-02
4.400501400232315063e-02
4.408740624785423279e-02
4.374468326568603516e-02
4.367249831557273865e-02
