2.527716159820556641e-01
2.572062015533447266e-01
2.594234943389892578e-01
2.616407871246337891e-01
2.572062015533447266e-01
2.549889087677001953e-01
2.594234943389892578e-01
2.572062015533447266e-01
2.594234943389892578e-01
2.616407871246337891e-01
2.594234943389892578e-01
2.616407871246337891e-01
2.616407871246337891e-01
2.572062015533447266e-01
2.549889087677001953e-01
2.505543231964111328e-01
2.505543231964111328e-01
2.505543231964111328e-01
2.505543231964111328e-01
2.505543231964111328e-01
2.505543231964111328e-01
2.505543231964111328e-01
2.483370304107666016e-01
2.439024448394775391e-01
2.394678443670272827e-01
2.394678443670272827e-01
2.483370304107666016e-01
2.505543231964111328e-01
2.616407871246337891e-01
2.705099880695343018e-01
2.682926952838897705e-01
2.771618664264678955e-01
2.771618664264678955e-01
2.793791592121124268e-01
2.971175312995910645e-01
3.192904591560363770e-01
3.414634168148040771e-01
3.525498807430267334e-01
3.503325879573822021e-01
3.525498807430267334e-01
3.614190816879272461e-01
3.614190816879272461e-01
3.769401311874389648e-01
3.835920095443725586e-01
3.902438879013061523e-01
3.902438879013061523e-01
4.057649672031402588e-01
4.101995527744293213e-01
4.190687239170074463e-01
4.257206320762634277e-01
4.279379248619079590e-01
4.279379248619079590e-01
4.301552176475524902e-01
4.301552176475524902e-01
4.434589743614196777e-01
4.501108527183532715e-01
4.567627608776092529e-01
4.501108527183532715e-01
4.634146392345428467e-01
4.745011031627655029e-01
4.722838103771209717e-01
4.789356887340545654e-01
4.833702743053436279e-01
4.878048896789550781e-01
4.900221824645996094e-01
4.944567680358886719e-01
4.966740608215332031e-01
4.966740608215332031e-01
5.077605247497558594e-01
5.144124031066894531e-01
5.210642814636230469e-01
5.210642814636230469e-01
5.321508049964904785e-01
5.343680977821350098e-01
5.365853905677795410e-01
5.432372689247131348e-01
5.476718544960021973e-01
5.587583184242248535e-01
5.565410256385803223e-01
5.676274895668029785e-01
5.720620751380920410e-01
5.742793679237365723e-01
5.742793679237365723e-01
5.831485390663146973e-01
5.853658318519592285e-01
5.898004174232482910e-01
5.809312462806701660e-01
5.787139534950256348e-01
5.831485390663146973e-01
5.831485390663146973e-01
5.853658318519592285e-01
5.831485390663146973e-01
5.831485390663146973e-01
5.964523553848266602e-01
6.053215265274047852e-01
6.141906976699829102e-01
6.141906976699829102e-01
6.164079904556274414e-01
6.319290399551391602e-01
6.407982110977172852e-01
6.496673822402954102e-01
6.541019678115844727e-01
6.607539057731628418e-01
6.696230769157409668e-01
6.740576624870300293e-01
6.784922480583190918e-01
6.895787119865417480e-01
6.917960047721862793e-01
6.895787119865417480e-01
6.984478831291198730e-01
7.028824687004089355e-01
7.028824687004089355e-01
7.050997614860534668e-01
7.117516398429870605e-01
7.139689326286315918e-01
7.206208705902099609e-01
7.228381633758544922e-01
7.250554561614990234e-01
7.272727489471435547e-01
7.272727489471435547e-01
7.317073345184326172e-01
7.339246273040771484e-01
7.405765056610107422e-01
7.405765056610107422e-01
7.361419200897216797e-01
7.361419200897216797e-01
7.383592128753662109e-01
7.472283840179443359e-01
7.516629695892333984e-01
7.494456768035888672e-01
7.583148479461669922e-01
7.583148479461669922e-01
7.560975551605224609e-01
7.560975551605224609e-01
7.560975551605224609e-01
7.560975551605224609e-01
7.538802623748779297e-01
7.516629695892333984e-01
7.538802623748779297e-01
7.560975551605224609e-01
7.560975551605224609e-01
7.560975551605224609e-01
7.560975551605224609e-01
7.649667263031005859e-01
7.671840190887451172e-01
7.649667263031005859e-01
7.671840190887451172e-01
7.716186046600341797e-01
7.716186046600341797e-01
7.760531902313232422e-01
7.760531902313232422e-01
7.738358974456787109e-01
7.738358974456787109e-01
7.738358974456787109e-01
7.716186046600341797e-01
7.738358974456787109e-01
7.716186046600341797e-01
7.649667263031005859e-01
7.716186046600341797e-01
7.738358974456787109e-01
7.760531902313232422e-01
7.804877758026123047e-01
7.827051281929016113e-01
7.849224209785461426e-01
7.871397137641906738e-01
7.871397137641906738e-01
7.871397137641906738e-01
7.871397137641906738e-01
7.871397137641906738e-01
7.871397137641906738e-01
7.871397137641906738e-01
7.915742993354797363e-01
7.937915921211242676e-01
7.937915921211242676e-01
7.960088849067687988e-01
7.960088849067687988e-01
7.960088849067687988e-01
7.960088849067687988e-01
7.960088849067687988e-01
7.982261776924133301e-01
8.004434704780578613e-01
8.004434704780578613e-01
8.004434704780578613e-01
8.004434704780578613e-01
8.004434704780578613e-01
8.004434704780578613e-01
8.004434704780578613e-01
8.004434704780578613e-01
8.026607632637023926e-01
8.048780560493469238e-01
8.048780560493469238e-01
8.070953488349914551e-01
8.070953488349914551e-01
8.026607632637023926e-01
8.070953488349914551e-01
8.070953488349914551e-01
8.137472271919250488e-01
8.159645199775695801e-01
8.137472271919250488e-01
8.159645199775695801e-01
8.203991055488586426e-01
8.159645199775695801e-01
8.181818127632141113e-01
8.203991055488586426e-01
8.203991055488586426e-01
8.248336911201477051e-01
8.203991055488586426e-01
8.203991055488586426e-01
8.181818127632141113e-01
8.203991055488586426e-01
8.048780560493469238e-01
8.159645199775695801e-01
8.270509839057922363e-01
8.270509839057922363e-01
8.292682766914367676e-01
8.226163983345031738e-01
8.270509839057922363e-01
8.248336911201477051e-01
8.248336911201477051e-01
8.226163983345031738e-01
8.203991055488586426e-01
8.226163983345031738e-01
8.203991055488586426e-01
8.203991055488586426e-01
8.248336911201477051e-01
8.226163983345031738e-01
8.248336911201477051e-01
8.270509839057922363e-01
8.226163983345031738e-01
8.270509839057922363e-01
8.203991055488586426e-01
8.203991055488586426e-01
8.226163983345031738e-01
8.203991055488586426e-01
8.292682766914367676e-01
8.314855694770812988e-01
8.292682766914367676e-01
8.292682766914367676e-01
8.270509839057922363e-01
8.314855694770812988e-01
8.270509839057922363e-01
8.292682766914367676e-01
8.270509839057922363e-01
8.314855694770812988e-01
8.314855694770812988e-01
8.337028622627258301e-01
8.314855694770812988e-01
8.314855694770812988e-01
8.314855694770812988e-01
8.337028622627258301e-01
8.425720334053039551e-01
8.447893857955932617e-01
8.447893857955932617e-01
8.359201550483703613e-01
8.425720334053039551e-01
8.248336911201477051e-01
8.359201550483703613e-01
8.337028622627258301e-01
8.337028622627258301e-01
8.359201550483703613e-01
8.381374478340148926e-01
8.381374478340148926e-01
8.381374478340148926e-01
8.403547406196594238e-01
8.403547406196594238e-01
8.403547406196594238e-01
8.403547406196594238e-01
8.381374478340148926e-01
8.381374478340148926e-01
8.381374478340148926e-01
8.403547406196594238e-01
8.381374478340148926e-01
8.381374478340148926e-01
8.381374478340148926e-01
8.403547406196594238e-01
8.403547406196594238e-01
8.403547406196594238e-01
8.403547406196594238e-01
8.403547406196594238e-01
8.425720334053039551e-01
8.425720334053039551e-01
8.425720334053039551e-01
8.425720334053039551e-01
8.425720334053039551e-01
8.381374478340148926e-01
8.381374478340148926e-01
8.403547406196594238e-01
8.403547406196594238e-01
8.403547406196594238e-01
8.403547406196594238e-01
8.425720334053039551e-01
8.447893857955932617e-01
8.403547406196594238e-01
8.403547406196594238e-01
8.403547406196594238e-01
8.381374478340148926e-01
8.425720334053039551e-01
8.425720334053039551e-01
8.381374478340148926e-01
8.425720334053039551e-01
8.403547406196594238e-01
8.447893857955932617e-01
8.381374478340148926e-01
8.403547406196594238e-01
8.403547406196594238e-01
8.403547406196594238e-01
8.425720334053039551e-01
8.425720334053039551e-01
8.403547406196594238e-01
8.359201550483703613e-01
8.359201550483703613e-01
8.337028622627258301e-01
8.314855694770812988e-01
8.359201550483703613e-01
8.359201550483703613e-01
8.381374478340148926e-01
8.381374478340148926e-01
8.425720334053039551e-01
8.381374478340148926e-01
8.381374478340148926e-01
8.403547406196594238e-01
8.403547406196594238e-01
8.425720334053039551e-01
8.359201550483703613e-01
8.403547406196594238e-01
8.425720334053039551e-01
8.403547406196594238e-01
8.381374478340148926e-01
8.359201550483703613e-01
8.425720334053039551e-01
8.381374478340148926e-01
8.425720334053039551e-01
8.381374478340148926e-01
8.425720334053039551e-01
8.425720334053039551e-01
8.425720334053039551e-01
8.425720334053039551e-01
8.514412641525268555e-01
8.470066785812377930e-01
8.447893857955932617e-01
8.492239713668823242e-01
8.492239713668823242e-01
8.425720334053039551e-01
8.470066785812377930e-01
8.492239713668823242e-01
8.492239713668823242e-01
8.492239713668823242e-01
8.470066785812377930e-01
8.492239713668823242e-01
8.492239713668823242e-01
8.514412641525268555e-01
8.492239713668823242e-01
8.536585569381713867e-01
8.514412641525268555e-01
8.470066785812377930e-01
8.536585569381713867e-01
8.514412641525268555e-01
8.492239713668823242e-01
8.514412641525268555e-01
8.558758497238159180e-01
8.580931425094604492e-01
8.558758497238159180e-01
8.536585569381713867e-01
8.514412641525268555e-01
8.536585569381713867e-01
8.514412641525268555e-01
8.514412641525268555e-01
8.514412641525268555e-01
8.492239713668823242e-01
8.536585569381713867e-01
8.514412641525268555e-01
8.580931425094604492e-01
8.514412641525268555e-01
8.514412641525268555e-01
8.558758497238159180e-01
8.580931425094604492e-01
8.536585569381713867e-01
8.492239713668823242e-01
8.492239713668823242e-01
8.514412641525268555e-01
8.514412641525268555e-01
8.492239713668823242e-01
8.492239713668823242e-01
8.492239713668823242e-01
8.492239713668823242e-01
8.514412641525268555e-01
8.514412641525268555e-01
8.514412641525268555e-01
8.514412641525268555e-01
8.514412641525268555e-01
8.514412641525268555e-01
8.536585569381713867e-01
8.536585569381713867e-01
8.536585569381713867e-01
8.536585569381713867e-01
8.536585569381713867e-01
8.536585569381713867e-01
8.536585569381713867e-01
8.536585569381713867e-01
8.536585569381713867e-01
8.536585569381713867e-01
8.514412641525268555e-01
8.514412641525268555e-01
8.514412641525268555e-01
8.514412641525268555e-01
8.514412641525268555e-01
8.514412641525268555e-01
8.536585569381713867e-01
8.603104352951049805e-01
8.603104352951049805e-01
8.603104352951049805e-01
8.603104352951049805e-01
8.603104352951049805e-01
8.603104352951049805e-01
8.603104352951049805e-01
8.603104352951049805e-01
8.603104352951049805e-01
8.603104352951049805e-01
8.625277280807495117e-01
8.647450208663940430e-01
8.647450208663940430e-01
8.647450208663940430e-01
8.647450208663940430e-01
8.603104352951049805e-01
8.625277280807495117e-01
8.647450208663940430e-01
8.669623136520385742e-01
8.713968992233276367e-01
8.713968992233276367e-01
8.713968992233276367e-01
8.691796064376831055e-01
8.691796064376831055e-01
8.691796064376831055e-01
8.669623136520385742e-01
8.691796064376831055e-01
8.625277280807495117e-01
8.625277280807495117e-01
8.603104352951049805e-01
8.669623136520385742e-01
8.625277280807495117e-01
8.580931425094604492e-01
8.669623136520385742e-01
8.647450208663940430e-01
8.580931425094604492e-01
8.603104352951049805e-01
8.558758497238159180e-01
8.691796064376831055e-01
8.625277280807495117e-01
8.580931425094604492e-01
8.691796064376831055e-01
8.603104352951049805e-01
8.691796064376831055e-01
8.603104352951049805e-01
8.713968992233276367e-01
8.603104352951049805e-01
8.691796064376831055e-01
8.625277280807495117e-01
8.625277280807495117e-01
8.647450208663940430e-01
8.647450208663940430e-01
8.669623136520385742e-01
8.713968992233276367e-01
8.625277280807495117e-01
8.736141920089721680e-01
8.691796064376831055e-01
8.647450208663940430e-01
8.647450208663940430e-01
8.758314847946166992e-01
8.691796064376831055e-01
8.647450208663940430e-01
8.647450208663940430e-01
8.691796064376831055e-01
8.736141920089721680e-01
8.736141920089721680e-01
8.669623136520385742e-01
8.758314847946166992e-01
8.758314847946166992e-01
8.713968992233276367e-01
8.669623136520385742e-01
8.736141920089721680e-01
8.780487775802612305e-01
8.713968992233276367e-01
8.736141920089721680e-01
8.802660703659057617e-01
8.713968992233276367e-01
8.736141920089721680e-01
8.713968992233276367e-01
8.713968992233276367e-01
8.802660703659057617e-01
8.736141920089721680e-01
8.691796064376831055e-01
8.758314847946166992e-01
8.691796064376831055e-01
8.736141920089721680e-01
8.736141920089721680e-01
8.758314847946166992e-01
8.780487775802612305e-01
8.802660703659057617e-01
8.780487775802612305e-01
8.802660703659057617e-01
