2.022265642881393433e-01
2.003078013658523560e-01
1.986638903617858887e-01
1.972805112600326538e-01
1.961314976215362549e-01
1.951851844787597656e-01
1.944092661142349243e-01
1.937735527753829956e-01
1.932507008314132690e-01
1.928181499242782593e-01
1.924569308757781982e-01
1.921524107456207275e-01
1.918927729129791260e-01
1.916691213846206665e-01
1.914744079113006592e-01
1.913029551506042480e-01
1.911503672599792480e-01
1.910126060247421265e-01
1.908866614103317261e-01
1.907694786787033081e-01
1.906584203243255615e-01
1.905506253242492676e-01
1.904430687427520752e-01
1.903321892023086548e-01
1.902134865522384644e-01
1.900808960199356079e-01
1.899261176586151123e-01
1.897364407777786255e-01
1.894937604665756226e-01
1.891704648733139038e-01
1.887263357639312744e-01
1.881060749292373657e-01
1.872424781322479248e-01
1.860758066177368164e-01
1.845960915088653564e-01
1.828908175230026245e-01
1.811369508504867554e-01
1.795093268156051636e-01
1.780919283628463745e-01
1.768773347139358521e-01
1.758175343275070190e-01
1.748618036508560181e-01
1.739686131477355957e-01
1.731049120426177979e-01
1.722431480884552002e-01
1.713590025901794434e-01
1.704306602478027344e-01
1.694398075342178345e-01
1.683730930089950562e-01
1.672250181436538696e-01
1.659998744726181030e-01
1.647117137908935547e-01
1.633829027414321899e-01
1.620414853096008301e-01
1.607176214456558228e-01
1.594403386116027832e-01
1.582342833280563354e-01
1.571151316165924072e-01
1.560848653316497803e-01
1.551239043474197388e-01
1.541863679885864258e-01
1.532041281461715698e-01
1.521051973104476929e-01
1.508357524871826172e-01
1.493756771087646484e-01
1.477448791265487671e-01
1.459994018077850342e-01
1.442207843065261841e-01
1.424948722124099731e-01
1.408776342868804932e-01
1.393909156322479248e-01
1.380511820316314697e-01
1.368475109338760376e-01
1.356727927923202515e-01
1.343727409839630127e-01
1.328475922346115112e-01
1.310531497001647949e-01
1.290248483419418335e-01
1.269587725400924683e-01
1.251055002212524414e-01
1.236014515161514282e-01
1.224362105131149292e-01
1.215189546346664429e-01
1.207453235983848572e-01
1.200310513377189636e-01
1.193219721317291260e-01
1.185952872037887573e-01
1.178525984287261963e-01
1.171057000756263733e-01
1.163603663444519043e-01
1.156053990125656128e-01
1.148111224174499512e-01
1.139385178685188293e-01
1.129503473639488220e-01
1.118105500936508179e-01
1.104742139577865601e-01
1.089010164141654968e-01
1.070785447955131531e-01
1.050409749150276184e-01
1.029000803828239441e-01
1.008211672306060791e-01
9.897992759943008423e-02
9.748586267232894897e-02
9.633471071720123291e-02
9.561051428318023682e-02
9.550493210554122925e-02
9.560544788837432861e-02
9.563051164150238037e-02
9.566362947225570679e-02
9.578496217727661133e-02
9.598883986473083496e-02
9.613297879695892334e-02
9.600620716810226440e-02
9.550774842500686646e-02
9.471051394939422607e-02
9.373722970485687256e-02
9.275963902473449707e-02
9.153164178133010864e-02
8.981265872716903687e-02
8.814740926027297974e-02
8.660436421632766724e-02
8.514183759689331055e-02
8.381605893373489380e-02
8.272037655115127563e-02
8.190327137708663940e-02
8.132371306419372559e-02
8.088307082653045654e-02
8.045456558465957642e-02
8.000132441520690918e-02
7.956286519765853882e-02
7.915208488702774048e-02
7.876601815223693848e-02
7.839871197938919067e-02
7.804538309574127197e-02
7.770277559757232666e-02
7.736764103174209595e-02
7.703605294227600098e-02
7.670439034700393677e-02
7.637052983045578003e-02
7.603321224451065063e-02
7.568899542093276978e-02
7.532928884029388428e-02
7.494104653596878052e-02
7.451118528842926025e-02
7.403282821178436279e-02
7.350975275039672852e-02
7.295656949281692505e-02
7.239150255918502808e-02
7.182562351226806641e-02
7.126250863075256348e-02
7.069693505764007568e-02
7.011884450912475586e-02
6.955367326736450195e-02
6.903569400310516357e-02
6.855464726686477661e-02
6.810008734464645386e-02
6.769009679555892944e-02
6.732808798551559448e-02
6.698651611804962158e-02
6.664561480283737183e-02
6.629803031682968140e-02
6.594843417406082153e-02
6.560819596052169800e-02
6.528995931148529053e-02
6.500542163848876953e-02
6.476442515850067139e-02
6.457697600126266479e-02
6.445574015378952026e-02
6.441117078065872192e-02
6.442655622959136963e-02
6.445003300905227661e-02
6.445875763893127441e-02
6.447207927703857422e-02
6.450389325618743896e-02
6.455727666616439819e-02
6.463256478309631348e-02
6.472947448492050171e-02
6.484623253345489502e-02
6.497761607170104980e-02
6.511233001947402954e-02
6.523400545120239258e-02
6.533081829547882080e-02
6.541028618812561035e-02
6.549622863531112671e-02
6.560894101858139038e-02
6.576014310121536255e-02
6.596197187900543213e-02
6.622491031885147095e-02
6.652070581912994385e-02
6.673438847064971924e-02
6.689927726984024048e-02
6.709860265254974365e-02
6.731349974870681763e-02
6.675080209970474243e-02
6.794490665197372437e-02
6.615779548883438110e-02
6.698890775442123413e-02
6.492800265550613403e-02
6.483516097068786621e-02
6.357470154762268066e-02
6.355135142803192139e-02
6.202181428670883179e-02
6.240593269467353821e-02
5.924196913838386536e-02
5.877305194735527039e-02
5.882365629076957703e-02
5.939402058720588684e-02
5.929449945688247681e-02
6.053634732961654663e-02
6.328827142715454102e-02
6.464681029319763184e-02
6.132506206631660461e-02
6.023746356368064880e-02
6.249923259019851685e-02
5.969154462218284607e-02
6.101090833544731140e-02
6.104891747236251831e-02
5.899572744965553284e-02
6.213981658220291138e-02
6.348723173141479492e-02
6.240113824605941772e-02
6.258714199066162109e-02
6.260381639003753662e-02
6.328143179416656494e-02
6.314297765493392944e-02
6.486970931291580200e-02
6.177268549799919128e-02
6.293997168540954590e-02
6.807207316160202026e-02
6.622090935707092285e-02
6.413970887660980225e-02
6.405701488256454468e-02
6.260564923286437988e-02
6.388096511363983154e-02
7.097490131855010986e-02
7.080452889204025269e-02
6.807889789342880249e-02
7.193615287542343140e-02
6.894731521606445312e-02
7.189447432756423950e-02
7.055841386318206787e-02
7.091953605413436890e-02
7.033015787601470947e-02
7.077910006046295166e-02
7.065911591053009033e-02
7.057904452085494995e-02
7.029730081558227539e-02
7.021527737379074097e-02
6.971197575330734253e-02
6.931006163358688354e-02
6.979981064796447754e-02
6.975759565830230713e-02
6.936863064765930176e-02
6.856951862573623657e-02
6.890837103128433228e-02
7.057542353868484497e-02
6.939551979303359985e-02
6.953668594360351562e-02
6.971480697393417358e-02
7.036923617124557495e-02
7.066123187541961670e-02
7.088545709848403931e-02
7.114331424236297607e-02
7.137595117092132568e-02
7.153850793838500977e-02
7.163841277360916138e-02
7.168176025152206421e-02
7.167634367942810059e-02
7.163596153259277344e-02
7.161650061607360840e-02
7.168879359960556030e-02
7.182848453521728516e-02
7.194472104310989380e-02
7.198028266429901123e-02
7.230143994092941284e-02
7.211212068796157837e-02
7.239494472742080688e-02
7.234098762273788452e-02
7.249443233013153076e-02
7.253819704055786133e-02
7.261733710765838623e-02
7.268542796373367310e-02
7.276157289743423462e-02
7.282691448926925659e-02
7.289642840623855591e-02
7.295063138008117676e-02
7.307238876819610596e-02
7.277888804674148560e-02
7.305621355772018433e-02
7.305151969194412231e-02
7.313172519207000732e-02
7.272428274154663086e-02
7.286867499351501465e-02
7.261659950017929077e-02
7.312922179698944092e-02
7.256594300270080566e-02
7.246222347021102905e-02
7.263836264610290527e-02
7.244209200143814087e-02
7.216217368841171265e-02
7.230199873447418213e-02
7.216320931911468506e-02
7.210046797990798950e-02
7.193163037300109863e-02
7.200105488300323486e-02
7.188276201486587524e-02
7.206098735332489014e-02
7.172771543264389038e-02
7.175818085670471191e-02
7.188706099987030029e-02
7.163134217262268066e-02
7.149131596088409424e-02
7.115285843610763550e-02
7.113645970821380615e-02
7.119920104742050171e-02
7.132428139448165894e-02
7.150142639875411987e-02
7.141727954149246216e-02
7.170119136571884155e-02
7.154502719640731812e-02
7.112784683704376221e-02
7.191503793001174927e-02
7.149039953947067261e-02
7.164913415908813477e-02
7.129287719726562500e-02
7.147833704948425293e-02
7.303952425718307495e-02
7.149513810873031616e-02
7.092230021953582764e-02
7.074809074401855469e-02
7.354611158370971680e-02
7.137046009302139282e-02
7.062114030122756958e-02
7.023400813341140747e-02
7.000733911991119385e-02
7.270211726427078247e-02
6.504862010478973389e-02
7.013335078954696655e-02
6.934756785631179810e-02
7.124266028404235840e-02
6.941124796867370605e-02
7.043616473674774170e-02
6.881315261125564575e-02
6.817924231290817261e-02
6.814910471439361572e-02
6.815116107463836670e-02
6.822948902845382690e-02
6.789781153202056885e-02
6.738552451133728027e-02
6.733497977256774902e-02
6.804754585027694702e-02
6.807312369346618652e-02
6.741761416196823120e-02
6.816054135560989380e-02
6.638153642416000366e-02
6.615023314952850342e-02
6.387539207935333252e-02
6.390153616666793823e-02
6.288913637399673462e-02
6.251569092273712158e-02
6.323184072971343994e-02
6.300451606512069702e-02
6.457275897264480591e-02
6.355656683444976807e-02
6.320872902870178223e-02
6.355157494544982910e-02
6.270181387662887573e-02
6.263773888349533081e-02
6.252743303775787354e-02
6.322618573904037476e-02
6.261799484491348267e-02
6.322255730628967285e-02
6.258419901132583618e-02
6.290422379970550537e-02
6.282792985439300537e-02
6.336699426174163818e-02
6.252774596214294434e-02
6.230847164988517761e-02
6.211454793810844421e-02
6.232995167374610901e-02
6.201349571347236633e-02
6.225701048970222473e-02
6.226421520113945007e-02
6.188867241144180298e-02
6.192230433225631714e-02
6.210890412330627441e-02
6.202427297830581665e-02
6.184259057044982910e-02
6.180810183286666870e-02
6.189574673771858215e-02
6.201053038239479065e-02
6.210680678486824036e-02
6.220102682709693909e-02
6.233785301446914673e-02
6.251424551010131836e-02
6.271102279424667358e-02
6.292124092578887939e-02
6.314029544591903687e-02
6.335813552141189575e-02
6.356492638587951660e-02
6.375493854284286499e-02
6.392516195774078369e-02
6.407438963651657104e-02
6.420613825321197510e-02
6.433467566967010498e-02
6.447959691286087036e-02
6.463614851236343384e-02
6.475614756345748901e-02
6.479076296091079712e-02
6.475293636322021484e-02
6.470453739166259766e-02
6.471098959445953369e-02
6.473303586244583130e-02
6.475384533405303955e-02
6.476286798715591431e-02
6.475331634283065796e-02
6.473588198423385620e-02
6.472105532884597778e-02
6.470899283885955811e-02
6.469158828258514404e-02
6.464784592390060425e-02
6.451432406902313232e-02
6.406784057617187500e-02
6.455896794795989990e-02
6.732241809368133545e-02
6.630906462669372559e-02
6.566923856735229492e-02
6.379789859056472778e-02
6.400498002767562866e-02
6.323115527629852295e-02
6.315873563289642334e-02
6.308045983314514160e-02
6.323719769716262817e-02
6.315383315086364746e-02
6.325109302997589111e-02
6.343417614698410034e-02
6.413874775171279907e-02
6.407440453767776489e-02
6.531885266304016113e-02
6.553168594837188721e-02
6.473185867071151733e-02
6.527334451675415039e-02
6.628453731536865234e-02
6.645646691322326660e-02
6.588479131460189819e-02
6.373126804828643799e-02
6.606236100196838379e-02
6.682828068733215332e-02
6.412806361913681030e-02
6.609790772199630737e-02
6.429172307252883911e-02
6.705375760793685913e-02
6.468172371387481689e-02
6.661407649517059326e-02
6.456793844699859619e-02
6.693215668201446533e-02
6.769696623086929321e-02
6.759358942508697510e-02
6.707993894815444946e-02
6.448211520910263062e-02
6.675256788730621338e-02
6.796852499246597290e-02
6.367710977792739868e-02
6.786593794822692871e-02
6.733728200197219849e-02
6.481651961803436279e-02
6.653587520122528076e-02
6.830064952373504639e-02
6.780691444873809814e-02
6.499118357896804810e-02
6.449490785598754883e-02
6.960988789796829224e-02
6.769081205129623413e-02
6.622431427240371704e-02
6.704679131507873535e-02
6.889074295759201050e-02
6.863225996494293213e-02
6.577980518341064453e-02
6.654998660087585449e-02
6.887084245681762695e-02
6.857053935527801514e-02
6.589228659868240356e-02
6.860186159610748291e-02
6.822139769792556763e-02
6.552881002426147461e-02
6.797146052122116089e-02
6.620091944932937622e-02
6.792419403791427612e-02
6.810119003057479858e-02
6.734716892242431641e-02
6.737037003040313721e-02
6.742079555988311768e-02
6.752581894397735596e-02
6.782425940036773682e-02
6.877803057432174683e-02
6.764026731252670288e-02
6.915861368179321289e-02
6.753236055374145508e-02
6.895321607589721680e-02
6.732998788356781006e-02
