2.023372948169708252e-01
2.002823948860168457e-01
1.985093355178833008e-01
1.970175355672836304e-01
1.957886666059494019e-01
1.947922110557556152e-01
1.939911991357803345e-01
1.933484226465225220e-01
1.928296238183975220e-01
1.924062073230743408e-01
1.920554935932159424e-01
1.917595416307449341e-01
1.915047764778137207e-01
1.912801414728164673e-01
1.910768002271652222e-01
1.908867061138153076e-01
1.907023638486862183e-01
1.905152499675750732e-01
1.903154850006103516e-01
1.900904625654220581e-01
1.898226588964462280e-01
1.894874572753906250e-01
1.890504509210586548e-01
1.884645372629165649e-01
1.876708567142486572e-01
1.866084784269332886e-01
1.852413564920425415e-01
1.836010068655014038e-01
1.818102449178695679e-01
1.800412386655807495e-01
1.784255653619766235e-01
1.770060062408447266e-01
1.757577508687973022e-01
1.746291071176528931e-01
1.735654026269912720e-01
1.725174933671951294e-01
1.714422106742858887e-01
1.703047305345535278e-01
1.690806448459625244e-01
1.677580177783966064e-01
1.663379818201065063e-01
1.648322790861129761e-01
1.632589995861053467e-01
1.616401523351669312e-01
1.600018739700317383e-01
1.583726108074188232e-01
1.567778438329696655e-01
1.552330106496810913e-01
1.537316292524337769e-01
1.522313207387924194e-01
1.506526917219161987e-01
1.489086598157882690e-01
1.469545811414718628e-01
1.448201388120651245e-01
1.426006406545639038e-01
1.404217332601547241e-01
1.383882611989974976e-01
1.365289241075515747e-01
1.347836703062057495e-01
1.330735087394714355e-01
1.313399374485015869e-01
1.295692324638366699e-01
1.278209835290908813e-01
1.262086480855941772e-01
1.248214989900588989e-01
1.236720010638237000e-01
1.227025985717773438e-01
1.218210831284523010e-01
1.209395453333854675e-01
1.200013533234596252e-01
1.189892068505287170e-01
1.179119050502777100e-01
1.167773306369781494e-01
1.155738979578018188e-01
1.142759546637535095e-01
1.128637790679931641e-01
1.113387346267700195e-01
1.097195968031883240e-01
1.080266311764717102e-01
1.062749475240707397e-01
1.044806689023971558e-01
1.026617214083671570e-01
1.008409410715103149e-01
9.904944896697998047e-02
9.731894731521606445e-02
9.568177908658981323e-02
9.418001770973205566e-02
9.285698831081390381e-02
9.173794090747833252e-02
9.082367271184921265e-02
9.010221064090728760e-02
8.956053107976913452e-02
8.918096870183944702e-02
8.892719447612762451e-02
8.874698728322982788e-02
8.858542144298553467e-02
8.840534836053848267e-02
8.820247650146484375e-02
8.797325193881988525e-02
8.762498944997787476e-02
8.694893121719360352e-02
8.602004498243331909e-02
8.504109084606170654e-02
8.409298956394195557e-02
8.320420980453491211e-02
8.237744122743606567e-02
8.160516619682312012e-02
8.087696135044097900e-02
8.019261807203292847e-02
7.959907501935958862e-02
7.905101776123046875e-02
7.848111540079116821e-02
7.800269871950149536e-02
7.756549865007400513e-02
7.716199755668640137e-02
7.678532600402832031e-02
7.642982900142669678e-02
7.609258592128753662e-02
7.577305287122726440e-02
7.547260075807571411e-02
7.519261538982391357e-02
7.493317872285842896e-02
7.469200342893600464e-02
7.446575909852981567e-02
7.425246387720108032e-02
7.405267655849456787e-02
7.386986911296844482e-02
7.370929419994354248e-02
7.357819378376007080e-02
7.348880171775817871e-02
7.345779240131378174e-02
7.347325235605239868e-02
7.333831489086151123e-02
7.294171303510665894e-02
7.256393134593963623e-02
7.236702740192413330e-02
7.246666401624679565e-02
7.286032289266586304e-02
7.339040935039520264e-02
7.385134696960449219e-02
7.408750057220458984e-02
7.392080128192901611e-02
7.325191795825958252e-02
7.247916609048843384e-02
7.200887799263000488e-02
7.227698713541030884e-02
7.149370014667510986e-02
7.213683426380157471e-02
7.211393862962722778e-02
7.137075066566467285e-02
7.065395265817642212e-02
7.026669383049011230e-02
7.005183398723602295e-02
6.991188228130340576e-02
6.982401758432388306e-02
6.976133584976196289e-02
6.970125436782836914e-02
6.962376087903976440e-02
6.951456516981124878e-02
6.936456263065338135e-02
6.916341185569763184e-02
6.889831274747848511e-02
6.855832040309906006e-02
6.814187765121459961e-02
6.766132265329360962e-02
6.713223457336425781e-02
6.656651943922042847e-02
6.596872955560684204e-02
6.532582640647888184e-02
6.462340801954269409e-02
6.387713551521301270e-02
6.313072144985198975e-02
6.242503598332405090e-02
6.178964674472808838e-02
6.124320998787879944e-02
6.078768149018287659e-02
6.041252240538597107e-02
6.010361388325691223e-02
5.984710901975631714e-02
5.962852761149406433e-02
5.943401157855987549e-02
5.925649031996726990e-02
5.908918380737304688e-02
5.910555645823478699e-02
5.935700610280036926e-02
6.012621521949768066e-02
6.001332774758338928e-02
6.006545200943946838e-02
6.002594530582427979e-02
6.000132113695144653e-02
6.027968600392341614e-02
6.060948967933654785e-02
6.061347201466560364e-02
6.067505478858947754e-02
6.075554713606834412e-02
6.081946939229965210e-02
6.072595342993736267e-02
5.960423126816749573e-02
6.666029244661331177e-02
7.289461791515350342e-02
6.051061674952507019e-02
5.988042056560516357e-02
5.967913195490837097e-02
5.857676267623901367e-02
6.093712151050567627e-02
6.063424050807952881e-02
6.183023005723953247e-02
6.325867027044296265e-02
6.115585193037986755e-02
6.234524399042129517e-02
5.831579491496086121e-02
5.917036905884742737e-02
5.954013764858245850e-02
5.839576199650764465e-02
8.063100278377532959e-02
5.876075103878974915e-02
6.243766471743583679e-02
6.320700049400329590e-02
6.191996484994888306e-02
5.929957702755928040e-02
6.159175932407379150e-02
6.330201029777526855e-02
6.204884499311447144e-02
6.083864346146583557e-02
6.216214969754219055e-02
6.162174046039581299e-02
6.123412400484085083e-02
6.302189081907272339e-02
6.130883097648620605e-02
6.215022504329681396e-02
6.224652007222175598e-02
6.370158493518829346e-02
6.178759783506393433e-02
6.097748130559921265e-02
5.671034008264541626e-02
6.117719784379005432e-02
6.151596829295158386e-02
6.211741268634796143e-02
6.373913586139678955e-02
6.182155385613441467e-02
6.261293590068817139e-02
6.185504049062728882e-02
6.208226829767227173e-02
6.230903044342994690e-02
6.203633174300193787e-02
6.229124963283538818e-02
6.226421520113945007e-02
6.203778833150863647e-02
5.853974074125289917e-02
5.819171667098999023e-02
6.365039199590682983e-02
5.982117354869842529e-02
5.937068164348602295e-02
6.453691422939300537e-02
6.419721990823745728e-02
6.238395720720291138e-02
5.969863384962081909e-02
6.554792076349258423e-02
5.984473973512649536e-02
6.451904773712158203e-02
6.379890441894531250e-02
6.221031025052070618e-02
5.943907797336578369e-02
6.350481510162353516e-02
6.361262500286102295e-02
6.806001812219619751e-02
6.540833413600921631e-02
6.289435178041458130e-02
6.269033253192901611e-02
6.667269021272659302e-02
6.361154466867446899e-02
6.820392608642578125e-02
6.612007319927215576e-02
6.715255975723266602e-02
6.477098912000656128e-02
6.539833545684814453e-02
6.318558752536773682e-02
7.771907746791839600e-02
6.713859736919403076e-02
6.714371591806411743e-02
6.472068279981613159e-02
6.565330177545547485e-02
6.417150050401687622e-02
6.683406233787536621e-02
6.520051509141921997e-02
6.406305730342864990e-02
6.380505114793777466e-02
6.905025988817214966e-02
6.856898218393325806e-02
6.843590736389160156e-02
6.732280552387237549e-02
6.405508518218994141e-02
6.285141408443450928e-02
6.676444411277770996e-02
6.424532830715179443e-02
6.802211701869964600e-02
6.414420157670974731e-02
6.470832228660583496e-02
6.344180554151535034e-02
6.703816354274749756e-02
6.553362309932708740e-02
6.595374643802642822e-02
6.779835373163223267e-02
6.826974451541900635e-02
6.686483323574066162e-02
6.844355911016464233e-02
7.290374487638473511e-02
6.379015743732452393e-02
6.497178971767425537e-02
6.393857300281524658e-02
6.398177146911621094e-02
6.354194879531860352e-02
6.386485695838928223e-02
6.395214051008224487e-02
6.472960114479064941e-02
6.677991896867752075e-02
6.772660464048385620e-02
6.824241578578948975e-02
6.957681477069854736e-02
6.281558424234390259e-02
6.255634129047393799e-02
6.226434186100959778e-02
6.676440685987472534e-02
6.127045676112174988e-02
6.215865910053253174e-02
6.303215771913528442e-02
6.638649106025695801e-02
6.636157631874084473e-02
6.681897491216659546e-02
6.634945422410964966e-02
6.921719759702682495e-02
6.717190891504287720e-02
6.465464085340499878e-02
6.855073571205139160e-02
6.850918382406234741e-02
6.537185609340667725e-02
6.458758562803268433e-02
6.288734078407287598e-02
6.459126621484756470e-02
6.720214337110519409e-02
6.770041584968566895e-02
6.815269589424133301e-02
6.608944386243820190e-02
6.605871766805648804e-02
6.445677578449249268e-02
6.335599720478057861e-02
6.388918310403823853e-02
6.381404399871826172e-02
6.574416905641555786e-02
6.318809837102890015e-02
6.737949699163436890e-02
6.801651418209075928e-02
6.564821302890777588e-02
6.466195732355117798e-02
6.743665784597396851e-02
6.577283889055252075e-02
6.578825414180755615e-02
6.611564010381698608e-02
6.661240011453628540e-02
6.775718182325363159e-02
6.664828211069107056e-02
6.635851413011550903e-02
6.489109992980957031e-02
6.642144918441772461e-02
6.870509684085845947e-02
6.611453741788864136e-02
6.746221333742141724e-02
6.879608333110809326e-02
6.638986617326736450e-02
6.640925258398056030e-02
6.649090349674224854e-02
6.818301975727081299e-02
6.791141629219055176e-02
6.808819621801376343e-02
6.826315075159072876e-02
6.680584698915481567e-02
6.909459829330444336e-02
6.817358732223510742e-02
6.498849391937255859e-02
7.013437896966934204e-02
6.978428363800048828e-02
7.015696167945861816e-02
6.989769637584686279e-02
6.824203580617904663e-02
6.861781328916549683e-02
7.021391391754150391e-02
6.977018713951110840e-02
7.013476639986038208e-02
7.010684907436370850e-02
6.899837404489517212e-02
7.035964727401733398e-02
7.081784307956695557e-02
6.969114392995834351e-02
7.055743038654327393e-02
6.787542998790740967e-02
6.662029772996902466e-02
7.039148360490798950e-02
7.063920050859451294e-02
7.065178453922271729e-02
7.127420604228973389e-02
6.974891573190689087e-02
7.042451202869415283e-02
7.191180437803268433e-02
7.144930213689804077e-02
7.066193968057632446e-02
6.992477923631668091e-02
7.127786427736282349e-02
7.023692131042480469e-02
7.126850634813308716e-02
7.097400724887847900e-02
7.068415731191635132e-02
7.073596119880676270e-02
7.071564346551895142e-02
7.180120050907135010e-02
7.122889161109924316e-02
7.194074988365173340e-02
7.262260466814041138e-02
7.149560749530792236e-02
7.167602330446243286e-02
7.163350284099578857e-02
6.985872238874435425e-02
7.338110357522964478e-02
7.056978344917297363e-02
7.156821340322494507e-02
7.161158323287963867e-02
7.227988541126251221e-02
7.113285362720489502e-02
7.099538296461105347e-02
7.329596579074859619e-02
7.026828080415725708e-02
7.193842530250549316e-02
7.237586379051208496e-02
6.760708987712860107e-02
7.340051978826522827e-02
7.232868671417236328e-02
7.334595918655395508e-02
7.383615523576736450e-02
7.032517343759536743e-02
7.354356348514556885e-02
7.328937947750091553e-02
7.446307688951492310e-02
7.345888763666152954e-02
7.463663816452026367e-02
7.138449698686599731e-02
7.460419833660125732e-02
7.178176939487457275e-02
7.424494624137878418e-02
7.328594475984573364e-02
7.693438977003097534e-02
7.618930935859680176e-02
7.501924782991409302e-02
7.595761120319366455e-02
7.467351853847503662e-02
7.448476552963256836e-02
7.500521838665008545e-02
7.560623437166213989e-02
7.439842075109481812e-02
7.385038584470748901e-02
7.607513666152954102e-02
7.419069856405258179e-02
7.446621358394622803e-02
7.640481740236282349e-02
7.691523432731628418e-02
7.791504263877868652e-02
7.801257818937301636e-02
7.710444182157516479e-02
7.612607628107070923e-02
7.740181684494018555e-02
7.691262662410736084e-02
6.971195340156555176e-02
7.386477291584014893e-02
7.494843751192092896e-02
7.606191188097000122e-02
7.630218565464019775e-02
7.379501312971115112e-02
7.226866483688354492e-02
7.613743096590042114e-02
7.384451478719711304e-02
7.172404974699020386e-02
6.653586030006408691e-02
7.246051728725433350e-02
7.148008793592453003e-02
7.004253566265106201e-02
7.027750462293624878e-02
7.172374427318572998e-02
7.042859494686126709e-02
6.568136811256408691e-02
7.211807370185852051e-02
6.667651236057281494e-02
6.727031618356704712e-02
6.829978525638580322e-02
6.559996306896209717e-02
6.645926088094711304e-02
7.195974886417388916e-02
6.990207731723785400e-02
6.878110766410827637e-02
6.542452424764633179e-02
6.861712038516998291e-02
6.501507759094238281e-02
6.460063904523849487e-02
