1.916072666645050049e-01
1.908219903707504272e-01
1.903969198465347290e-01
1.900190412998199463e-01
1.896886527538299561e-01
1.894027590751647949e-01
1.891573071479797363e-01
1.889464408159255981e-01
1.887644678354263306e-01
1.886055022478103638e-01
1.884638518095016479e-01
1.883354336023330688e-01
1.882153749465942383e-01
1.880999356508255005e-01
1.879853159189224243e-01
1.878670901060104370e-01
1.877413839101791382e-01
1.876024305820465088e-01
1.874442398548126221e-01
1.872582435607910156e-01
1.870340108871459961e-01
1.867569237947463989e-01
1.864079982042312622e-01
1.859637349843978882e-01
1.853940635919570923e-01
1.846690475940704346e-01
1.837669759988784790e-01
1.826940327882766724e-01
1.815008074045181274e-01
1.802737265825271606e-01
1.790979355573654175e-01
1.780201345682144165e-01
1.770433336496353149e-01
1.761428266763687134e-01
1.752852201461791992e-01
1.744373738765716553e-01
1.735702753067016602e-01
1.726606786251068115e-01
1.716912537813186646e-01
1.706505417823791504e-01
1.695322841405868530e-01
1.683343201875686646e-01
1.670577228069305420e-01
1.657038927078247070e-01
1.642762124538421631e-01
1.627795398235321045e-01
1.612198948860168457e-01
1.596015691757202148e-01
1.579252928495407104e-01
1.561956852674484253e-01
1.544291079044342041e-01
1.526537090539932251e-01
1.508978903293609619e-01
1.491830945014953613e-01
1.475207954645156860e-01
1.459095031023025513e-01
1.443411707878112793e-01
1.427983492612838745e-01
1.412604004144668579e-01
1.397057473659515381e-01
1.381225883960723877e-01
1.365292966365814209e-01
1.349719166755676270e-01
1.335014849901199341e-01
1.321497112512588501e-01
1.309152990579605103e-01
1.297690868377685547e-01
1.286685913801193237e-01
1.275710761547088623e-01
1.264409869909286499e-01
1.252551674842834473e-01
1.240044534206390381e-01
1.226908639073371887e-01
1.213221997022628784e-01
1.199091300368309021e-01
1.184644103050231934e-01
1.170008108019828796e-01
1.155263483524322510e-01
1.140414997935295105e-01
1.125448197126388550e-01
1.110416203737258911e-01
1.095465198159217834e-01
1.080812290310859680e-01
1.066685840487480164e-01
1.053203642368316650e-01
1.040353626012802124e-01
1.028071418404579163e-01
1.016285195946693420e-01
1.004897356033325195e-01
9.937702864408493042e-02
9.828122705221176147e-02
9.720907360315322876e-02
9.618648141622543335e-02
9.525506198406219482e-02
9.445553272962570190e-02
9.378758072853088379e-02
9.323957562446594238e-02
9.281566739082336426e-02
9.251731634140014648e-02
9.228934347629547119e-02
9.196382015943527222e-02
9.150737524032592773e-02
9.101962298154830933e-02
9.054448455572128296e-02
9.008762985467910767e-02
8.963913470506668091e-02
8.918309956789016724e-02
8.869110047817230225e-02
8.811046183109283447e-02
8.738545328378677368e-02
8.661272376775741577e-02
8.591472357511520386e-02
8.529039472341537476e-02
8.488857746124267578e-02
8.445745706558227539e-02
8.404161036014556885e-02
8.363610506057739258e-02
8.323680609464645386e-02
8.284050971269607544e-02
8.244494348764419556e-02
8.204907923936843872e-02
8.165354281663894653e-02
8.126119524240493774e-02
8.087532967329025269e-02
8.049850165843963623e-02
8.013129979372024536e-02
7.977293431758880615e-02
7.942204922437667847e-02
7.907887548208236694e-02
7.874788343906402588e-02
7.843507081270217896e-02
7.813344895839691162e-02
7.780786603689193726e-02
7.746513932943344116e-02
7.718235254287719727e-02
7.689090073108673096e-02
7.650192826986312866e-02
7.610774040222167969e-02
7.572631537914276123e-02
7.533783465623855591e-02
7.494390755891799927e-02
7.457765191793441772e-02
7.427110522985458374e-02
7.400579005479812622e-02
7.372546941041946411e-02
7.371105998754501343e-02
7.312463968992233276e-02
7.257919013500213623e-02
7.218833267688751221e-02
7.182905077934265137e-02
7.146161794662475586e-02
7.110721617937088013e-02
7.079908996820449829e-02
7.053558528423309326e-02
7.029660791158676147e-02
7.007098942995071411e-02
6.985495984554290771e-02
6.964714080095291138e-02
6.944703310728073120e-02
6.925436854362487793e-02
6.906808167695999146e-02
6.888528913259506226e-02
6.870058923959732056e-02
6.850782036781311035e-02
6.830134987831115723e-02
6.807920336723327637e-02
6.784411519765853882e-02
6.760280579328536987e-02
6.736136972904205322e-02
6.711979210376739502e-02
6.687599420547485352e-02
6.663213670253753662e-02
6.639284640550613403e-02
6.616108864545822144e-02
6.593754142522811890e-02
6.572170555591583252e-02
6.551267951726913452e-02
6.530995666980743408e-02
6.511405855417251587e-02
6.492678821086883545e-02
6.475171446800231934e-02
6.459294259548187256e-02
6.444869190454483032e-02
6.431618332862854004e-02
6.427066028118133545e-02
6.433926522731781006e-02
6.422605365514755249e-02
6.416686624288558960e-02
6.402049213647842407e-02
6.392569094896316528e-02
6.382650882005691528e-02
6.376493722200393677e-02
6.369201838970184326e-02
6.356834620237350464e-02
6.344234943389892578e-02
6.330972164869308472e-02
6.317561864852905273e-02
6.318037211894989014e-02
6.298199295997619629e-02
6.401468813419342041e-02
6.326682865619659424e-02
6.292173266410827637e-02
6.639440357685089111e-02
6.141562387347221375e-02
6.514184176921844482e-02
6.118755787611007690e-02
6.123082339763641357e-02
6.248218938708305359e-02
6.372728198766708374e-02
6.031320989131927490e-02
6.111108139157295227e-02
6.050594896078109741e-02
6.303624063730239868e-02
6.092870235443115234e-02
6.527858227491378784e-02
6.243293732404708862e-02
6.155610457062721252e-02
6.009170413017272949e-02
6.173535436391830444e-02
6.123150885105133057e-02
5.958844721317291260e-02
6.451809406280517578e-02
6.041178479790687561e-02
5.989893898367881775e-02
6.099462881684303284e-02
5.986861884593963623e-02
5.995607003569602966e-02
6.312284618616104126e-02
6.228717789053916931e-02
6.079435348510742188e-02
5.932351574301719666e-02
6.045229732990264893e-02
5.856441333889961243e-02
5.910938605666160583e-02
6.340006738901138306e-02
5.910992994904518127e-02
5.910053104162216187e-02
6.070269271731376648e-02
5.948337540030479431e-02
5.848705768585205078e-02
5.745545774698257446e-02
5.778826773166656494e-02
5.759469792246818542e-02
5.765924975275993347e-02
5.764288827776908875e-02
5.741485208272933960e-02
5.730845034122467041e-02
5.730681493878364563e-02
5.681689456105232239e-02
5.920230597257614136e-02
5.676260963082313538e-02
5.605337396264076233e-02
5.618121474981307983e-02
5.692068114876747131e-02
5.563548207283020020e-02
5.568289756774902344e-02
5.639345198869705200e-02
5.640043318271636963e-02
5.573295429348945618e-02
5.587734654545783997e-02
5.486193671822547913e-02
5.587522685527801514e-02
5.544331669807434082e-02
5.542041733860969543e-02
5.579009652137756348e-02
5.697137862443923950e-02
5.501449108123779297e-02
5.519157648086547852e-02
5.529963225126266479e-02
5.919730290770530701e-02
5.485712736845016479e-02
5.509766191244125366e-02
5.499111860990524292e-02
5.495583638548851013e-02
5.503102019429206848e-02
5.526699498295783997e-02
5.813013389706611633e-02
5.658938735723495483e-02
5.448608100414276123e-02
5.606122687458992004e-02
5.460555106401443481e-02
5.447143688797950745e-02
5.441926419734954834e-02
5.471757799386978149e-02
5.469612404704093933e-02
5.467227101325988770e-02
5.519454181194305420e-02
5.455369129776954651e-02
5.354350060224533081e-02
5.316068977117538452e-02
5.325861647725105286e-02
5.378333479166030884e-02
5.383010208606719971e-02
5.386087670922279358e-02
5.428782105445861816e-02
5.397653207182884216e-02
5.398491770029067993e-02
5.397365614771842957e-02
5.380785465240478516e-02
5.406976118683815002e-02
5.328696221113204956e-02
5.421634390950202942e-02
5.266345292329788208e-02
5.263509601354598999e-02
5.280861631035804749e-02
5.521640181541442871e-02
5.642978101968765259e-02
5.457380041480064392e-02
5.376625061035156250e-02
5.504804849624633789e-02
5.309811607003211975e-02
5.295545235276222229e-02
5.295073613524436951e-02
5.299161374568939209e-02
5.297783762216567993e-02
5.263482779264450073e-02
5.311337113380432129e-02
5.251402780413627625e-02
5.293283239006996155e-02
5.421030893921852112e-02
5.287236347794532776e-02
5.293123796582221985e-02
5.333950370550155640e-02
5.437921732664108276e-02
5.295353010296821594e-02
5.388509109616279602e-02
5.231818929314613342e-02
5.296271666884422302e-02
5.169649422168731689e-02
5.214150995016098022e-02
5.212649330496788025e-02
5.250734835863113403e-02
5.223103612661361694e-02
5.305050686001777649e-02
5.197096988558769226e-02
5.195074900984764099e-02
5.205503851175308228e-02
5.390639603137969971e-02
5.380217730998992920e-02
5.310940742492675781e-02
5.358774960041046143e-02
5.187124386429786682e-02
5.291989818215370178e-02
5.215942859649658203e-02
5.192381143569946289e-02
5.345619842410087585e-02
5.260705575346946716e-02
5.206000432372093201e-02
5.396683886647224426e-02
5.240152403712272644e-02
5.219693109393119812e-02
5.206286162137985229e-02
5.155779793858528137e-02
5.393363162875175476e-02
5.277405679225921631e-02
5.121099948883056641e-02
5.085452273488044739e-02
5.304339900612831116e-02
5.356166139245033264e-02
5.158610641956329346e-02
5.042013525962829590e-02
5.068680271506309509e-02
5.094531551003456116e-02
5.103847011923789978e-02
5.182816460728645325e-02
5.248488858342170715e-02
5.144549533724784851e-02
5.176079273223876953e-02
5.115642398595809937e-02
5.254884064197540283e-02
5.161015316843986511e-02
5.086412280797958374e-02
5.083953589200973511e-02
5.041922256350517273e-02
5.195512250065803528e-02
5.180528014898300171e-02
5.123389139771461487e-02
5.396275967359542847e-02
5.271244794130325317e-02
5.062475427985191345e-02
5.111240223050117493e-02
5.144634097814559937e-02
5.174653604626655579e-02
5.160762369632720947e-02
5.237050727009773254e-02
4.966661334037780762e-02
5.066980421543121338e-02
5.017739906907081604e-02
5.054304376244544983e-02
5.030694231390953064e-02
5.048619210720062256e-02
5.047602951526641846e-02
5.030810832977294922e-02
5.038743838667869568e-02
5.007662624120712280e-02
5.033351108431816101e-02
5.065351352095603943e-02
5.042339861392974854e-02
5.059751123189926147e-02
5.117938667535781860e-02
5.165942385792732239e-02
5.151471123099327087e-02
5.002459883689880371e-02
4.986053705215454102e-02
5.042309686541557312e-02
5.102470144629478455e-02
5.004187300801277161e-02
4.950914531946182251e-02
4.941615462303161621e-02
4.956107214093208313e-02
4.994837567210197449e-02
4.955013468861579895e-02
4.967929422855377197e-02
4.881406202912330627e-02
4.886458814144134521e-02
4.886606335639953613e-02
5.071777850389480591e-02
4.842932522296905518e-02
4.880582913756370544e-02
4.891374334692955017e-02
5.060348659753799438e-02
4.965419694781303406e-02
5.095938593149185181e-02
4.902224987745285034e-02
4.904780164361000061e-02
4.863056913018226624e-02
4.907567799091339111e-02
4.963464289903640747e-02
4.883031174540519714e-02
4.911862313747406006e-02
4.830989614129066467e-02
4.815529659390449524e-02
4.898564517498016357e-02
4.814630001783370972e-02
4.876909032464027405e-02
4.811302572488784790e-02
4.783302545547485352e-02
4.884387180209159851e-02
4.811714589595794678e-02
4.788007214665412903e-02
4.826768860220909119e-02
4.822371527552604675e-02
4.740988090634346008e-02
4.820943251252174377e-02
4.765790700912475586e-02
4.820952937006950378e-02
4.783992469310760498e-02
4.862187802791595459e-02
4.740193486213684082e-02
4.762383177876472473e-02
4.747312515974044800e-02
4.727587476372718811e-02
4.836569726467132568e-02
4.701608046889305115e-02
4.812034219503402710e-02
4.684388637542724609e-02
4.738639295101165771e-02
4.682848230004310608e-02
4.791891202330589294e-02
4.712057486176490784e-02
4.692837595939636230e-02
4.769327491521835327e-02
4.714806005358695984e-02
4.721568897366523743e-02
4.703978821635246277e-02
4.644752666354179382e-02
4.629043862223625183e-02
4.689704626798629761e-02
4.667427018284797668e-02
4.667764902114868164e-02
4.695739969611167908e-02
4.855612292885780334e-02
4.706187546253204346e-02
4.650466144084930420e-02
4.628227278590202332e-02
4.620803147554397583e-02
4.638597741723060608e-02
4.585458710789680481e-02
4.601412266492843628e-02
4.587510973215103149e-02
4.610977694392204285e-02
4.578427970409393311e-02
4.572755843400955200e-02
4.752730950713157654e-02
4.630336165428161621e-02
4.598670452833175659e-02
4.563454166054725647e-02
4.638127237558364868e-02
4.535746201872825623e-02
4.517229646444320679e-02
4.535933211445808411e-02
4.506665468215942383e-02
4.541898146271705627e-02
4.617489874362945557e-02
4.511185362935066223e-02
4.511381685733795166e-02
4.492617771029472351e-02
4.495308548212051392e-02
4.440869763493537903e-02
4.478817805647850037e-02
