2.164461314678192139e-01
2.113928049802780151e-01
2.065209597349166870e-01
2.016057521104812622e-01
1.963643282651901245e-01
1.905860900878906250e-01
1.842432767152786255e-01
1.775530576705932617e-01
1.709289848804473877e-01
1.647718697786331177e-01
1.592796146869659424e-01
1.544488817453384399e-01
1.501775234937667847e-01
1.463437825441360474e-01
1.428402215242385864e-01
1.395811289548873901e-01
1.365026682615280151e-01
1.335637867450714111e-01
1.307463347911834717e-01
1.280530691146850586e-01
1.254979670047760010e-01
1.230932176113128662e-01
1.208405718207359314e-01
1.187334880232810974e-01
1.167634949088096619e-01
1.149235293269157410e-01
1.132078245282173157e-01
1.116113886237144470e-01
1.101288050413131714e-01
1.087538823485374451e-01
1.074795499444007874e-01
1.062976419925689697e-01
1.051995158195495605e-01
1.041763275861740112e-01
1.032193303108215332e-01
1.023203432559967041e-01
1.014715731143951416e-01
1.006661951541900635e-01
9.989816695451736450e-02
9.916217625141143799e-02
9.845376759767532349e-02
9.776923805475234985e-02
9.710536152124404907e-02
9.645958989858627319e-02
9.582988917827606201e-02
9.521450102329254150e-02
9.461224079132080078e-02
9.402205795049667358e-02
9.344321489334106445e-02
9.287539124488830566e-02
9.231813997030258179e-02
9.177133440971374512e-02
9.123497456312179565e-02
9.070903062820434570e-02
9.019361436367034912e-02
8.968879282474517822e-02
8.919467777013778687e-02
8.871138095855712891e-02
8.823908120393753052e-02
8.777783811092376709e-02
8.732775598764419556e-02
8.688884973526000977e-02
8.646124601364135742e-02
8.604494482278823853e-02
8.563991636037826538e-02
8.524617552757263184e-02
8.486367017030715942e-02
8.449232578277587891e-02
8.413201570510864258e-02
8.378269523382186890e-02
8.344417810440063477e-02
8.311628550291061401e-02
8.279889822006225586e-02
8.249176293611526489e-02
8.219476789236068726e-02
8.190758526325225830e-02
8.163001388311386108e-02
8.136179298162460327e-02
8.110268414020538330e-02
8.085229247808456421e-02
8.061043918132781982e-02
8.037671446800231934e-02
8.015087246894836426e-02
7.993251085281372070e-02
7.972126454114913940e-02
7.951683551073074341e-02
7.931878417730331421e-02
7.912670075893402100e-02
7.894022762775421143e-02
7.875891774892807007e-02
7.858233898878097534e-02
7.841011136770248413e-02
7.824183255434036255e-02
7.807704806327819824e-02
7.791551202535629272e-02
7.775680720806121826e-02
7.760071009397506714e-02
7.744699716567993164e-02
7.729545235633850098e-02
7.714594155550003052e-02
7.699829339981079102e-02
7.685240358114242554e-02
7.670821994543075562e-02
7.656563073396682739e-02
7.642458379268646240e-02
7.628502696752548218e-02
7.614693790674209595e-02
7.601024210453033447e-02
7.587494701147079468e-02
7.574097812175750732e-02
7.560835778713226318e-02
7.547716796398162842e-02
7.534727454185485840e-02
7.521879673004150391e-02
7.509176433086395264e-02
7.496607303619384766e-02
7.484181970357894897e-02
7.471897453069686890e-02
7.459754496812820435e-02
7.447753101587295532e-02
7.435893267393112183e-02
7.424167543649673462e-02
7.412578910589218140e-02
7.401122152805328369e-02
7.389792799949645996e-02
7.378592342138290405e-02
7.367510348558425903e-02
7.356553524732589722e-02
7.345709204673767090e-02
7.334978878498077393e-02
7.324360311031341553e-02
7.313849031925201416e-02
7.303439080715179443e-02
7.293134927749633789e-02
7.282932102680206299e-02
7.272833585739135742e-02
7.262826710939407349e-02
7.252923399209976196e-02
7.243119180202484131e-02
7.233405113220214844e-02
7.223793119192123413e-02
7.214273512363433838e-02
7.204850763082504272e-02
7.195527851581573486e-02
7.186297327280044556e-02
7.177168130874633789e-02
7.168133556842803955e-02
7.159192860126495361e-02
7.150352746248245239e-02
7.141610234975814819e-02
7.132964581251144409e-02
7.124418765306472778e-02
7.115963846445083618e-02
7.107614725828170776e-02
7.099357247352600098e-02
7.091202586889266968e-02
7.083138078451156616e-02
7.075174152851104736e-02
7.067302614450454712e-02
7.059524208307266235e-02
7.051841914653778076e-02
7.044249027967453003e-02
7.036748528480529785e-02
7.029340416193008423e-02
7.022017240524291992e-02
7.014784216880798340e-02
7.007636874914169312e-02
7.000574469566345215e-02
6.993594020605087280e-02
6.986695528030395508e-02
6.979877501726150513e-02
6.973138451576232910e-02
6.966471672058105469e-02
6.959881633520126343e-02
6.953363120555877686e-02
6.946914643049240112e-02
6.940537691116333008e-02
6.934224069118499756e-02
6.927973031997680664e-02
6.921789050102233887e-02
6.915664672851562500e-02
6.909605115652084351e-02
6.903596222400665283e-02
6.897649168968200684e-02
6.891748309135437012e-02
6.885908544063568115e-02
6.880117952823638916e-02
6.874374300241470337e-02
6.868678331375122070e-02
6.863030791282653809e-02
6.857429444789886475e-02
6.851869076490402222e-02
6.846350431442260742e-02
6.840875744819641113e-02
6.835442036390304565e-02
6.830050051212310791e-02
6.824692338705062866e-02
6.819372624158859253e-02
6.814089417457580566e-02
6.808842718601226807e-02
6.803633272647857666e-02
6.798456609249114990e-02
6.793311983346939087e-02
6.788202375173568726e-02
6.783127784729003906e-02
6.778082251548767090e-02
6.773069500923156738e-02
6.768088042736053467e-02
6.763139367103576660e-02
6.758219003677368164e-02
6.753327697515487671e-02
6.748465448617935181e-02
6.743635982275009155e-02
6.738837808370590210e-02
6.734065711498260498e-02
6.729325652122497559e-02
6.724610924720764160e-02
6.719925999641418457e-02
6.715268641710281372e-02
6.710644066333770752e-02
6.706039607524871826e-02
6.701467186212539673e-02
6.696920841932296753e-02
6.692399829626083374e-02
6.687907129526138306e-02
6.683439761400222778e-02
6.678999960422515869e-02
6.674581766128540039e-02
6.670190393924713135e-02
6.665822863578796387e-02
6.661477684974670410e-02
6.657157838344573975e-02
6.652866303920745850e-02
6.648590415716171265e-02
6.644339859485626221e-02
6.640113145112991333e-02
6.635903567075729370e-02
6.631720066070556641e-02
6.627558171749114990e-02
6.623411923646926880e-02
6.619285792112350464e-02
6.615178287029266357e-02
6.611093878746032715e-02
6.607026606798171997e-02
6.602973490953445435e-02
6.598944216966629028e-02
6.594926863908767700e-02
6.590929627418518066e-02
6.586951017379760742e-02
6.582981348037719727e-02
6.579034030437469482e-02
6.575098633766174316e-02
6.571181863546371460e-02
6.567277014255523682e-02
6.563385576009750366e-02
6.559512019157409668e-02
6.555654108524322510e-02
6.551805138587951660e-02
6.547977030277252197e-02
6.544162333011627197e-02
6.540358066558837891e-02
6.536563485860824585e-02
6.532792747020721436e-02
6.529028713703155518e-02
6.525277346372604370e-02
6.521544605493545532e-02
6.517823040485382080e-02
6.514114886522293091e-02
6.510420888662338257e-02
6.506741791963577271e-02
6.503073126077651978e-02
6.499425321817398071e-02
6.495790928602218628e-02
6.492169201374053955e-02
6.488560885190963745e-02
6.484974175691604614e-02
6.481397151947021484e-02
6.477837264537811279e-02
6.474293768405914307e-02
6.470766663551330566e-02
6.467255204916000366e-02
6.463760882616043091e-02
6.460283696651458740e-02
6.456821411848068237e-02
6.453379988670349121e-02
6.449957191944122314e-02
6.446554511785507202e-02
6.443167477846145630e-02
6.439797580242156982e-02
6.436447054147720337e-02
6.433117389678955078e-02
6.429807096719741821e-02
6.426516175270080566e-02
6.423246115446090698e-02
6.419998407363891602e-02
6.416773051023483276e-02
6.413564085960388184e-02
6.410376727581024170e-02
6.407210230827331543e-02
6.404070556163787842e-02
6.400950253009796143e-02
6.397850811481475830e-02
6.394776701927185059e-02
6.391723453998565674e-02
6.388691812753677368e-02
6.385682523250579834e-02
6.382699310779571533e-02
6.379737704992294312e-02
6.376799941062927246e-02
6.373886018991470337e-02
6.370997428894042969e-02
6.368127465248107910e-02
6.365288048982620239e-02
6.362464278936386108e-02
6.359671801328659058e-02
6.356900930404663086e-02
6.354153156280517578e-02
6.351429224014282227e-02
6.348729878664016724e-02
6.346055120229721069e-02
6.343407928943634033e-02
6.340780854225158691e-02
6.338180601596832275e-02
6.335599720478057861e-02
6.333048641681671143e-02
6.330517679452896118e-02
6.328009814023971558e-02
6.325531750917434692e-02
6.323078274726867676e-02
6.320644170045852661e-02
6.318237632513046265e-02
6.315853446722030640e-02
6.313496083021163940e-02
6.311162561178207397e-02
6.308855116367340088e-02
6.306569278240203857e-02
6.304313242435455322e-02
6.302075833082199097e-02
6.299868971109390259e-02
6.297680735588073730e-02
6.295521557331085205e-02
6.293385475873947144e-02
6.291274726390838623e-02
6.289190798997879028e-02
6.287129968404769897e-02
6.285106390714645386e-02
6.283096969127655029e-02
6.281115859746932983e-02
6.279162317514419556e-02
6.277234107255935669e-02
6.275332719087600708e-02
6.273458153009414673e-02
6.271614879369735718e-02
6.269796192646026611e-02
6.268003582954406738e-02
6.266241520643234253e-02
6.264501810073852539e-02
6.262797117233276367e-02
6.261115521192550659e-02
6.259471178054809570e-02
6.257852166891098022e-02
6.256264448165893555e-02
6.254705786705017090e-02
6.253178417682647705e-02
6.251684576272964478e-02
6.250221282243728638e-02
6.248788535594940186e-02
6.247389316558837891e-02
6.246023625135421753e-02
6.244686245918273926e-02
6.243385747075080872e-02
6.242121756076812744e-02
6.240893527865409851e-02
6.239699944853782654e-02
6.238536909222602844e-02
6.237414479255676270e-02
6.236324086785316467e-02
6.235269457101821899e-02
6.234257668256759644e-02
6.233282759785652161e-02
6.232348456978797913e-02
6.231451779603958130e-02
6.230593472719192505e-02
6.229772046208381653e-02
6.228992342948913574e-02
6.228258088231086731e-02
6.227563321590423584e-02
6.226907670497894287e-02
6.226292252540588379e-02
6.225720047950744629e-02
6.225192919373512268e-02
6.224708259105682373e-02
6.224262714385986328e-02
6.223867461085319519e-02
6.223509833216667175e-02
6.223201006650924683e-02
6.222936883568763733e-02
6.222718209028244019e-02
6.222544983029365540e-02
6.222414597868919373e-02
6.222329661250114441e-02
6.222295388579368591e-02
6.222305819392204285e-02
6.222362443804740906e-02
6.222463399171829224e-02
6.222612783312797546e-02
6.222813203930854797e-02
6.223055347800254822e-02
6.223350390791893005e-02
6.223688274621963501e-02
6.224073097109794617e-02
6.224507838487625122e-02
6.224988773465156555e-02
6.225516647100448608e-02
6.226095929741859436e-02
6.226717680692672729e-02
6.227390840649604797e-02
6.228107213973999023e-02
6.228869780898094177e-02
6.229678541421890259e-02
6.230533123016357422e-02
6.231435388326644897e-02
6.232382729649543762e-02
6.233374774456024170e-02
6.234413757920265198e-02
6.235497817397117615e-02
6.236619874835014343e-02
6.237789615988731384e-02
6.239007040858268738e-02
6.240267306566238403e-02
6.241569295525550842e-02
6.242910027503967285e-02
6.244296953082084656e-02
6.245721131563186646e-02
6.247187778353691101e-02
6.248695403337478638e-02
6.250242888927459717e-02
6.251831352710723877e-02
6.253451108932495117e-02
6.255112588405609131e-02
6.256806850433349609e-02
6.258539855480194092e-02
6.260307878255844116e-02
6.262111663818359375e-02
6.263951212167739868e-02
6.265823543071746826e-02
6.267729401588439941e-02
6.269663572311401367e-02
6.271633505821228027e-02
6.273635476827621460e-02
6.275663524866104126e-02
6.277725100517272949e-02
6.279815733432769775e-02
6.281930208206176758e-02
6.284073740243911743e-02
6.286240369081497192e-02
6.288436055183410645e-02
6.290656328201293945e-02
6.292901188135147095e-02
6.295171380043029785e-02
6.297463178634643555e-02
6.299777328968048096e-02
6.302113085985183716e-02
6.304466724395751953e-02
6.306838244199752808e-02
6.309232115745544434e-02
6.311649829149246216e-02
6.314081698656082153e-02
6.316527724266052246e-02
6.318996846675872803e-02
6.321477144956588745e-02
6.323974579572677612e-02
6.326485425233840942e-02
6.329013407230377197e-02
6.331552565097808838e-02
6.334108114242553711e-02
6.336674094200134277e-02
6.339254975318908691e-02
6.341844052076339722e-02
6.344445794820785522e-02
6.347060203552246094e-02
6.349679827690124512e-02
6.352309137582778931e-02
6.354952603578567505e-02
6.357600539922714233e-02
6.360255181789398193e-02
6.362923234701156616e-02
6.365597248077392578e-02
6.368277221918106079e-02
6.370967626571655273e-02
6.373663246631622314e-02
6.376363337039947510e-02
6.379069387912750244e-02
6.381779164075851440e-02
6.384490430355072021e-02
6.387213617563247681e-02
6.389943510293960571e-02
6.392671912908554077e-02
6.395404785871505737e-02
6.398143619298934937e-02
