2.408759593963623047e-01
2.332369983196258545e-01
2.258177995681762695e-01
2.182751148939132690e-01
2.105197906494140625e-01
2.026465237140655518e-01
1.947259455919265747e-01
1.868713200092315674e-01
1.793454438447952271e-01
1.724756807088851929e-01
1.664136350154876709e-01
1.610972583293914795e-01
1.563735604286193848e-01
1.520884037017822266e-01
1.481177806854248047e-01
1.443713307380676270e-01
1.407891809940338135e-01
1.373400986194610596e-01
1.340184956789016724e-01
1.308385729789733887e-01
1.278243213891983032e-01
1.250000596046447754e-01
1.223828047513961792e-01
1.199801564216613770e-01
1.177906170487403870e-01
1.158061623573303223e-01
1.140142306685447693e-01
1.123998686671257019e-01
1.109467968344688416e-01
1.096385195851325989e-01
1.084585860371589661e-01
1.073913052678108215e-01
1.064214333891868591e-01
1.055350005626678467e-01
1.047190874814987183e-01
1.039620637893676758e-01
1.032537296414375305e-01
1.025851592421531677e-01
1.019487604498863220e-01
1.013380885124206543e-01
1.007478237152099609e-01
1.001733914017677307e-01
9.961121529340744019e-02
9.905821830034255981e-02
9.851209819316864014e-02
9.797096252441406250e-02
9.743349254131317139e-02
9.689876437187194824e-02
9.636620432138442993e-02
9.583557397127151489e-02
9.530678391456604004e-02
9.478009492158889771e-02
9.425580501556396484e-02
9.373431652784347534e-02
9.321614354848861694e-02
9.270197153091430664e-02
9.219230711460113525e-02
9.168791770935058594e-02
9.118931740522384644e-02
9.069723635911941528e-02
9.021224081516265869e-02
8.973488956689834595e-02
8.926562964916229248e-02
8.880502730607986450e-02
8.835344761610031128e-02
8.791120350360870361e-02
8.747867494821548462e-02
8.705610781908035278e-02
8.664360642433166504e-02
8.624144643545150757e-02
8.584959805011749268e-02
8.546824753284454346e-02
8.509732782840728760e-02
8.473682403564453125e-02
8.438674360513687134e-02
8.404690027236938477e-02
8.371721953153610229e-02
8.339758962392807007e-02
8.308784663677215576e-02
8.278772979974746704e-02
8.249716460704803467e-02
8.221583813428878784e-02
8.194360136985778809e-02
8.168019354343414307e-02
8.142545074224472046e-02
8.117903769016265869e-02
8.094081282615661621e-02
8.071053028106689453e-02
8.048794418573379517e-02
8.027286827564239502e-02
8.006504923105239868e-02
7.986426353454589844e-02
7.967038452625274658e-02
7.948306947946548462e-02
7.930227369070053101e-02
7.912776619195938110e-02
7.895930111408233643e-02
7.879675924777984619e-02
7.863991707563400269e-02
7.848861068487167358e-02
7.834269106388092041e-02
7.820195704698562622e-02
7.806621491909027100e-02
7.793526351451873779e-02
7.780890911817550659e-02
7.768694311380386353e-02
7.756912708282470703e-02
7.745511829853057861e-02
7.734476029872894287e-02
7.723769545555114746e-02
7.713358104228973389e-02
7.703214883804321289e-02
7.693294435739517212e-02
7.683569192886352539e-02
7.673995941877365112e-02
7.664543390274047852e-02
7.655180245637893677e-02
7.645875215530395508e-02
7.636599242687225342e-02
7.627332210540771484e-02
7.618051022291183472e-02
7.608741521835327148e-02
7.599385827779769897e-02
7.589977979660034180e-02
7.580504566431045532e-02
7.570964843034744263e-02
7.561346888542175293e-02
7.551655173301696777e-02
7.541891932487487793e-02
7.532066106796264648e-02
7.522185146808624268e-02
7.512263953685760498e-02
7.502323389053344727e-02
7.492370903491973877e-02
7.482431083917617798e-02
7.472523301839828491e-02
7.462661713361740112e-02
7.452864944934844971e-02
7.443152368068695068e-02
7.433531433343887329e-02
7.424012571573257446e-02
7.414609938859939575e-02
7.405330240726470947e-02
7.396174222230911255e-02
7.387147843837738037e-02
7.378254085779190063e-02
7.369494438171386719e-02
7.360872626304626465e-02
7.352379709482192993e-02
7.344022393226623535e-02
7.335799932479858398e-02
7.327704131603240967e-02
7.319741696119308472e-02
7.311902940273284912e-02
7.304192334413528442e-02
7.296606153249740601e-02
7.289138436317443848e-02
7.281792908906936646e-02
7.274568825960159302e-02
7.267457991838455200e-02
7.260467112064361572e-02
7.253587990999221802e-02
7.246823608875274658e-02
7.240168750286102295e-02
7.233624905347824097e-02
7.227192074060440063e-02
7.220859825611114502e-02
7.214641571044921875e-02
7.208524644374847412e-02
7.202506810426712036e-02
7.196594029664993286e-02
7.190784811973571777e-02
7.185073196887969971e-02
7.179454714059829712e-02
7.173931598663330078e-02
7.168503850698471069e-02
7.163161784410476685e-02
7.157916575670242310e-02
7.152754813432693481e-02
7.147675752639770508e-02
7.142689079046249390e-02
7.137776166200637817e-02
7.132940739393234253e-02
7.128185778856277466e-02
7.123501598834991455e-02
7.118891179561614990e-02
7.114351540803909302e-02
7.109881937503814697e-02
7.105469703674316406e-02
7.101123780012130737e-02
7.096841186285018921e-02
7.092611491680145264e-02
7.088439166545867920e-02
7.084316760301589966e-02
7.080247998237609863e-02
7.076225429773330688e-02
7.072249054908752441e-02
7.068320363759994507e-02
7.064427435398101807e-02
7.060570269823074341e-02
7.056759297847747803e-02
7.052977383136749268e-02
7.049226015806198120e-02
7.045509666204452515e-02
7.041816413402557373e-02
7.038154453039169312e-02
7.034513354301452637e-02
7.030894607305526733e-02
7.027296721935272217e-02
7.023718208074569702e-02
7.020151615142822266e-02
7.016605883836746216e-02
7.013071328401565552e-02
7.009545713663101196e-02
7.006035000085830688e-02
7.002526521682739258e-02
6.999030709266662598e-02
6.995534151792526245e-02
6.992048025131225586e-02
6.988558918237686157e-02
6.985078752040863037e-02
6.981588155031204224e-02
6.978104263544082642e-02
6.974612921476364136e-02
6.971123069524765015e-02
6.967625766992568970e-02
6.964124739170074463e-02
6.960619240999221802e-02
6.957106292247772217e-02
6.953585892915725708e-02
6.950053572654724121e-02
6.946517527103424072e-02
6.942968815565109253e-02
6.939407438039779663e-02
6.935838609933853149e-02
6.932257860898971558e-02
6.928665935993194580e-02
6.925058364868164062e-02
6.921443343162536621e-02
6.917805969715118408e-02
6.914161890745162964e-02
6.910504400730133057e-02
6.906829774379730225e-02
6.903140991926193237e-02
6.899444013833999634e-02
6.895726919174194336e-02
6.892000138759613037e-02
6.888256222009658813e-02
6.884499639272689819e-02
6.880726665258407593e-02
6.876947730779647827e-02
6.873147934675216675e-02
6.869339197874069214e-02
6.865515559911727905e-02
6.861675530672073364e-02
6.857829540967941284e-02
6.853970140218734741e-02
6.850099563598632812e-02
6.846214830875396729e-02
6.842321902513504028e-02
6.838421523571014404e-02
6.834504753351211548e-02
6.830583512783050537e-02
6.826651096343994141e-02
6.822712719440460205e-02
6.818769127130508423e-02
6.814817339181900024e-02
6.810858100652694702e-02
6.806894391775131226e-02
6.802923977375030518e-02
6.798952817916870117e-02
6.794980913400650024e-02
6.790998578071594238e-02
6.787015497684478760e-02
6.783037632703781128e-02
6.779053062200546265e-02
6.775071471929550171e-02
6.771092116832733154e-02
6.767116487026214600e-02
6.763137876987457275e-02
6.759165972471237183e-02
6.755200773477554321e-02
6.751240044832229614e-02
6.747279316186904907e-02
6.743329763412475586e-02
6.739386171102523804e-02
6.735452264547348022e-02
6.731525808572769165e-02
6.727609038352966309e-02
6.723698973655700684e-02
6.719800829887390137e-02
6.715916842222213745e-02
6.712044775485992432e-02
6.708185374736785889e-02
6.704334914684295654e-02
6.700502336025238037e-02
6.696683913469314575e-02
6.692880392074584961e-02
6.689091771841049194e-02
6.685320287942886353e-02
6.681566685438156128e-02
6.677826493978500366e-02
6.674105674028396606e-02
6.670404970645904541e-02
6.666722893714904785e-02
6.663060933351516724e-02
6.659412384033203125e-02
6.655792891979217529e-02
6.652190536260604858e-02
6.648603826761245728e-02
6.645038723945617676e-02
6.641500443220138550e-02
6.637981534004211426e-02
6.634481251239776611e-02
6.631004810333251953e-02
6.627551466226577759e-02
6.624124199151992798e-02
6.620714068412780762e-02
6.617326289415359497e-02
6.613963842391967773e-02
6.610623002052307129e-02
6.607303023338317871e-02
6.604006886482238770e-02
6.600734591484069824e-02
6.597491353750228882e-02
6.594262272119522095e-02
6.591061502695083618e-02
6.587883830070495605e-02
6.584728509187698364e-02
6.581593304872512817e-02
6.578481942415237427e-02
6.575394421815872192e-02
6.572331488132476807e-02
6.569290906190872192e-02
6.566271930932998657e-02
6.563277542591094971e-02
6.560301780700683594e-02
6.557349115610122681e-02
6.554421782493591309e-02
6.551514565944671631e-02
6.548628211021423340e-02
6.545761227607727051e-02
6.542918831110000610e-02
6.540094316005706787e-02
6.537289917469024658e-02
6.534510850906372070e-02
6.531749665737152100e-02
6.529011577367782593e-02
6.526289880275726318e-02
6.523586064577102661e-02
6.520904600620269775e-02
6.518235057592391968e-02
6.515590846538543701e-02
6.512964516878128052e-02
6.510362029075622559e-02
6.507772207260131836e-02
6.505196541547775269e-02
6.502643972635269165e-02
6.500104814767837524e-02
6.497582793235778809e-02
6.495079398155212402e-02
6.492593884468078613e-02
6.490118056535720825e-02
6.487663090229034424e-02
6.485223025083541870e-02
6.482798606157302856e-02
6.480388343334197998e-02
6.477997452020645142e-02
6.475616246461868286e-02
6.473249197006225586e-02
6.470898538827896118e-02
6.468560546636581421e-02
6.466241925954818726e-02
6.463927775621414185e-02
6.461630016565322876e-02
6.459346413612365723e-02
6.457075476646423340e-02
6.454813480377197266e-02
6.452567875385284424e-02
6.450330466032028198e-02
6.448107957839965820e-02
6.445898115634918213e-02
6.443697214126586914e-02
6.441506743431091309e-02
6.439327448606491089e-02
6.437165290117263794e-02
6.435008347034454346e-02
6.432862579822540283e-02
6.430726498365402222e-02
6.428600102663040161e-02
6.426484137773513794e-02
6.424374878406524658e-02
6.422282010316848755e-02
6.420193612575531006e-02
6.418114155530929565e-02
6.416047364473342896e-02
6.413990259170532227e-02
6.411942094564437866e-02
6.409897655248641968e-02
6.407866626977920532e-02
6.405840069055557251e-02
6.403823941946029663e-02
6.401818245649337769e-02
6.399818509817123413e-02
6.397826969623565674e-02
6.395845860242843628e-02
6.393870711326599121e-02
6.391902267932891846e-02
6.389940530061721802e-02
6.387992948293685913e-02
6.386049091815948486e-02
6.384108215570449829e-02
6.382182985544204712e-02
6.380264461040496826e-02
6.378348916769027710e-02
6.376440823078155518e-02
6.374539434909820557e-02
6.372651457786560059e-02
6.370764970779418945e-02
6.368888169527053833e-02
6.367017328739166260e-02
6.365155428647994995e-02
6.363297998905181885e-02
6.361453235149383545e-02
6.359611451625823975e-02
6.357780098915100098e-02
6.355948746204376221e-02
6.354130804538726807e-02
6.352317333221435547e-02
6.350513547658920288e-02
6.348719447851181030e-02
6.346933543682098389e-02
6.345146149396896362e-02
6.343372911214828491e-02
6.341605633497238159e-02
6.339848786592483521e-02
6.338096410036087036e-02
6.336354464292526245e-02
6.334619969129562378e-02
6.332892924547195435e-02
6.331171095371246338e-02
6.329463422298431396e-02
6.327755749225616455e-02
6.326062977313995361e-02
6.324382871389389038e-02
6.322709470987319946e-02
6.321039795875549316e-02
6.319384276866912842e-02
6.317733973264694214e-02
6.316098570823669434e-02
6.314470618963241577e-02
6.312858313322067261e-02
6.311246752738952637e-02
6.309648603200912476e-02
6.308070570230484009e-02
6.306493282318115234e-02
6.304930895566940308e-02
6.303382664918899536e-02
6.301837414503097534e-02
6.300312280654907227e-02
6.298803538084030151e-02
6.297297030687332153e-02
6.295815855264663696e-02
6.294336915016174316e-02
6.292872130870819092e-02
6.291424483060836792e-02
6.289992481470108032e-02
6.288573145866394043e-02
6.287168711423873901e-02
6.285782158374786377e-02
6.284409761428833008e-02
6.283053755760192871e-02
6.281713396310806274e-02
6.280388683080673218e-02
6.279084086418151855e-02
6.277796626091003418e-02
6.276521086692810059e-02
6.275266408920288086e-02
6.274031847715377808e-02
6.272812932729721069e-02
6.271618604660034180e-02
6.270439177751541138e-02
6.269280612468719482e-02
6.268144398927688599e-02
6.267023831605911255e-02
6.265931576490402222e-02
6.264853477478027344e-02
6.263799965381622314e-02
6.262765079736709595e-02
6.261754781007766724e-02
6.260766088962554932e-02
6.259801983833312988e-02
6.258860230445861816e-02
6.257940828800201416e-02
6.257043778896331787e-02
6.256171315908432007e-02
6.255322694778442383e-02
6.254490464925765991e-02
6.253691762685775757e-02
6.252916902303695679e-02
