1.948771625757217407e-01
1.905025988817214966e-01
1.889257282018661499e-01
1.880939453840255737e-01
1.872267723083496094e-01
1.859065592288970947e-01
1.838416457176208496e-01
1.813232153654098511e-01
1.789795905351638794e-01
1.769282519817352295e-01
1.749553680419921875e-01
1.727937459945678711e-01
1.701798588037490845e-01
1.669086217880249023e-01
1.628900021314620972e-01
1.580648422241210938e-01
1.526161581277847290e-01
1.470062881708145142e-01
1.414024680852890015e-01
1.357535421848297119e-01
1.298682838678359985e-01
1.238962486386299133e-01
1.187407299876213074e-01
1.150906085968017578e-01
1.118938773870468140e-01
1.089201346039772034e-01
1.061807721853256226e-01
1.037786379456520081e-01
1.016524955630302429e-01
9.978479892015457153e-02
9.818538278341293335e-02
9.671546518802642822e-02
9.535221010446548462e-02
9.403032809495925903e-02
9.274285286664962769e-02
9.146817028522491455e-02
9.020669758319854736e-02
8.897310495376586914e-02
8.782050758600234985e-02
8.685027807950973511e-02
8.610551059246063232e-02
8.526290208101272583e-02
8.436641842126846313e-02
8.348129689693450928e-02
8.264642208814620972e-02
8.204344660043716431e-02
8.166958391666412354e-02
8.139130473136901855e-02
8.106050640344619751e-02
8.064810186624526978e-02
8.015473186969757080e-02
7.958579808473587036e-02
7.894039154052734375e-02
7.822206616401672363e-02
7.745754718780517578e-02
7.673931866884231567e-02
7.615621387958526611e-02
7.563401013612747192e-02
7.508554309606552124e-02
7.467691600322723389e-02
7.463552802801132202e-02
7.441890984773635864e-02
7.413255423307418823e-02
7.379087060689926147e-02
7.342921942472457886e-02
7.341073453426361084e-02
7.341143488883972168e-02
7.314738631248474121e-02
7.301554828882217407e-02
7.318850606679916382e-02
7.289923727512359619e-02
7.264010608196258545e-02
7.245913147926330566e-02
7.109480351209640503e-02
7.132444530725479126e-02
7.126322388648986816e-02
7.119256258010864258e-02
7.105380296707153320e-02
7.053332030773162842e-02
6.967684626579284668e-02
6.933332979679107666e-02
6.916128098964691162e-02
6.881374120712280273e-02
6.849445402622222900e-02
6.833410263061523438e-02
6.813989579677581787e-02
6.802406162023544312e-02
6.771969795227050781e-02
6.761329621076583862e-02
6.710567325353622437e-02
6.685672700405120850e-02
6.697104871273040771e-02
6.662050634622573853e-02
6.613565981388092041e-02
6.578137725591659546e-02
6.532479077577590942e-02
6.481671333312988281e-02
6.391080468893051147e-02
6.373645365238189697e-02
6.304078549146652222e-02
6.279502809047698975e-02
6.250827014446258545e-02
6.227520853281021118e-02
6.201390922069549561e-02
6.176961213350296021e-02
6.158315390348434448e-02
6.148106977343559265e-02
6.143680214881896973e-02
6.127681955695152283e-02
6.109508872032165527e-02
6.108174100518226624e-02
6.098738312721252441e-02
6.060460209846496582e-02
6.042617186903953552e-02
5.987055972218513489e-02
5.991394445300102234e-02
5.960589647293090820e-02
5.943836644291877747e-02
5.920992046594619751e-02
5.904740840196609497e-02
5.893309041857719421e-02
5.909813567996025085e-02
5.858117714524269104e-02
5.947443470358848572e-02
6.179673969745635986e-02
6.109491363167762756e-02
6.086653470993041992e-02
5.990113690495491028e-02
5.924123898148536682e-02
6.063157320022583008e-02
5.927755683660507202e-02
6.071617081761360168e-02
6.180711463093757629e-02
5.910153314471244812e-02
5.978011712431907654e-02
5.871519818902015686e-02
5.857727304100990295e-02
5.817410722374916077e-02
5.800552666187286377e-02
5.623453855514526367e-02
5.656079202890396118e-02
5.628052353858947754e-02
5.991233512759208679e-02
5.575284361839294434e-02
5.528477579355239868e-02
5.733404308557510376e-02
5.564235150814056396e-02
5.570106208324432373e-02
5.597845464944839478e-02
5.668977275490760803e-02
5.456649512052536011e-02
5.444472655653953552e-02
5.319655686616897583e-02
5.343781411647796631e-02
5.550165101885795593e-02
5.466467887163162231e-02
5.447737127542495728e-02
5.212629958987236023e-02
5.355457216501235962e-02
5.145526304841041565e-02
5.394421890377998352e-02
5.224650353193283081e-02
5.184880271553993225e-02
5.284980684518814087e-02
5.298372730612754822e-02
5.081570893526077271e-02
5.235623195767402649e-02
5.144394934177398682e-02
5.160245299339294434e-02
5.024856701493263245e-02
5.085211619734764099e-02
5.127276480197906494e-02
5.139479786157608032e-02
5.200036615133285522e-02
5.096432194113731384e-02
5.124236270785331726e-02
5.037471279501914978e-02
4.977778345346450806e-02
5.269862338900566101e-02
5.090249702334403992e-02
4.865229874849319458e-02
5.174229666590690613e-02
5.102108791470527649e-02
4.788998141884803772e-02
5.269116535782814026e-02
4.934560880064964294e-02
4.931450262665748596e-02
4.823582619428634644e-02
4.795430228114128113e-02
4.888306930661201477e-02
4.871601611375808716e-02
4.818989336490631104e-02
5.038370192050933838e-02
4.856518283486366272e-02
4.713542759418487549e-02
4.955453798174858093e-02
4.782995581626892090e-02
4.755254089832305908e-02
4.792982339859008789e-02
4.802180826663970947e-02
4.756200313568115234e-02
4.842808470129966736e-02
4.796763136982917786e-02
4.769137129187583923e-02
4.705197736620903015e-02
4.710873961448669434e-02
4.668615013360977173e-02
4.713282361626625061e-02
4.724875092506408691e-02
4.616918414831161499e-02
4.627322778105735779e-02
4.692181944847106934e-02
4.559198021888732910e-02
4.561010375618934631e-02
4.450754448771476746e-02
4.509973526000976562e-02
4.440098628401756287e-02
4.688215628266334534e-02
4.453660175204277039e-02
4.478292539715766907e-02
4.461541771888732910e-02
4.341835901141166687e-02
4.338033497333526611e-02
4.588019475340843201e-02
4.266204312443733215e-02
4.352879151701927185e-02
4.640634730458259583e-02
4.282357171177864075e-02
4.274856299161911011e-02
4.402140527963638306e-02
4.094983264803886414e-02
4.272010549902915955e-02
4.195286333560943604e-02
4.018138721585273743e-02
4.114396870136260986e-02
4.158160090446472168e-02
4.224585369229316711e-02
4.156079515814781189e-02
4.081867635250091553e-02
3.958676755428314209e-02
4.021205008029937744e-02
3.873790428042411804e-02
3.956796601414680481e-02
3.849001601338386536e-02
4.040792584419250488e-02
3.921383991837501526e-02
3.884325921535491943e-02
3.848835825920104980e-02
3.970398753881454468e-02
4.220914468169212341e-02
3.898916766047477722e-02
3.848345205187797546e-02
3.793267533183097839e-02
4.102934524416923523e-02
3.870697692036628723e-02
3.887152299284934998e-02
3.890359029173851013e-02
3.869050741195678711e-02
3.949628025293350220e-02
4.016010463237762451e-02
3.754978999495506287e-02
3.775068372488021851e-02
3.806252405047416687e-02
3.858562558889389038e-02
3.820059821009635925e-02
3.888341784477233887e-02
3.765701130032539368e-02
3.760389611124992371e-02
3.923679515719413757e-02
3.992797061800956726e-02
3.737540915608406067e-02
3.813213855028152466e-02
3.635833039879798889e-02
3.649357333779335022e-02
3.643956407904624939e-02
3.778430819511413574e-02
3.894482553005218506e-02
3.497482463717460632e-02
3.722091764211654663e-02
3.732181712985038757e-02
3.678041696548461914e-02
3.742351382970809937e-02
3.701510652899742126e-02
4.186699166893959045e-02
3.527426719665527344e-02
3.797682374715805054e-02
3.458417579531669617e-02
3.590750321745872498e-02
3.857148811221122742e-02
3.511568531394004822e-02
3.604973852634429932e-02
3.519320487976074219e-02
3.472607210278511047e-02
3.497401252388954163e-02
3.313582390546798706e-02
3.587966784834861755e-02
3.708521649241447449e-02
3.932030126452445984e-02
4.319095984101295471e-02
3.438916802406311035e-02
3.699381649494171143e-02
3.433870524168014526e-02
3.585397452116012573e-02
3.892093896865844727e-02
3.536359593272209167e-02
3.907266259193420410e-02
3.418571874499320984e-02
3.589251264929771423e-02
3.147021681070327759e-02
3.336347639560699463e-02
3.640465810894966125e-02
3.668863698840141296e-02
4.001477733254432678e-02
3.740572929382324219e-02
3.570592030882835388e-02
3.580972179770469666e-02
3.393096104264259338e-02
3.610948473215103149e-02
3.387833386659622192e-02
3.692367300391197205e-02
3.838155418634414673e-02
3.612406179308891296e-02
3.266040980815887451e-02
3.249730914831161499e-02
3.301261365413665771e-02
3.800426051020622253e-02
3.520525246858596802e-02
3.626477718353271484e-02
3.825680539011955261e-02
3.218567743897438049e-02
3.445176780223846436e-02
3.263879567384719849e-02
3.459502384066581726e-02
3.478236868977546692e-02
2.919904887676239014e-02
3.567013144493103027e-02
3.356396406888961792e-02
3.377845138311386108e-02
3.011113591492176056e-02
3.780032694339752197e-02
3.470174968242645264e-02
2.899199165403842926e-02
2.980252355337142944e-02
2.933535538613796234e-02
3.346404060721397400e-02
3.220974653959274292e-02
2.870020270347595215e-02
2.864702604711055756e-02
3.499404340982437134e-02
2.844043448567390442e-02
3.138973936438560486e-02
3.532662242650985718e-02
2.956108376383781433e-02
3.542963787913322449e-02
3.648700565099716187e-02
3.575313836336135864e-02
2.789954841136932373e-02
3.008133731782436371e-02
3.197104856371879578e-02
3.018352016806602478e-02
3.090836852788925171e-02
2.888378873467445374e-02
3.048707172274589539e-02
2.611336484551429749e-02
3.438373655080795288e-02
3.165704756975173950e-02
2.710323221981525421e-02
3.727300837635993958e-02
4.086939245462417603e-02
3.274389728903770447e-02
2.940632216632366180e-02
2.813649177551269531e-02
3.209229186177253723e-02
2.808250114321708679e-02
2.977944910526275635e-02
2.762456797063350677e-02
2.789341285824775696e-02
2.817111834883689880e-02
2.578334137797355652e-02
2.713863365352153778e-02
2.701599337160587311e-02
3.071451000869274139e-02
3.569901362061500549e-02
2.763021551072597504e-02
2.607006952166557312e-02
2.525323629379272461e-02
3.853246569633483887e-02
2.689173817634582520e-02
2.847614884376525879e-02
3.300590440630912781e-02
2.556991949677467346e-02
2.706957422196865082e-02
3.129215165972709656e-02
3.548055514693260193e-02
2.772918529808521271e-02
3.123655170202255249e-02
3.018029406666755676e-02
2.785588800907135010e-02
2.966370061039924622e-02
2.532321028411388397e-02
2.566634304821491241e-02
2.711506187915802002e-02
3.481128066778182983e-02
2.387431077659130096e-02
2.520553581416606903e-02
2.758238092064857483e-02
2.629148401319980621e-02
2.807223796844482422e-02
2.760211192071437836e-02
3.202467784285545349e-02
2.604399994015693665e-02
2.422518469393253326e-02
2.399997971951961517e-02
2.609229460358619690e-02
2.216700278222560883e-02
3.024964593350887299e-02
3.117261640727519989e-02
3.020398132503032684e-02
2.452533878386020660e-02
2.685777284204959869e-02
2.387700416147708893e-02
2.804108895361423492e-02
2.575815282762050629e-02
2.331790328025817871e-02
2.362298034131526947e-02
2.593134157359600067e-02
2.230509743094444275e-02
2.465944923460483551e-02
2.319733239710330963e-02
2.746476978063583374e-02
2.649608626961708069e-02
3.019739501178264618e-02
2.324765175580978394e-02
2.463175356388092041e-02
2.153908833861351013e-02
2.242166548967361450e-02
2.305272221565246582e-02
2.278365194797515869e-02
2.265399508178234100e-02
2.178360894322395325e-02
2.303260564804077148e-02
3.392874076962471008e-02
3.374144062399864197e-02
2.140948362648487091e-02
2.155725657939910889e-02
2.078212983906269073e-02
2.077778056263923645e-02
2.383862435817718506e-02
2.206791751086711884e-02
2.808190509676933289e-02
2.448835782706737518e-02
2.454980835318565369e-02
2.167309634387493134e-02
2.539157308638095856e-02
2.301645837724208832e-02
3.019348531961441040e-02
2.490666136145591736e-02
2.377712354063987732e-02
2.314736880362033844e-02
1.904299110174179077e-02
2.590489014983177185e-02
2.161048166453838348e-02
3.318952769041061401e-02
3.546635434031486511e-02
2.151571772992610931e-02
2.076238580048084259e-02
2.180830202996730804e-02
1.864389888942241669e-02
2.027977257966995239e-02
3.433573991060256958e-02
1.907071657478809357e-02
2.289971895515918732e-02
2.268721349537372589e-02
2.260098606348037720e-02
2.703805454075336456e-02
2.053876407444477081e-02
2.396703325212001801e-02
2.637364715337753296e-02
2.110981196165084839e-02
1.878225989639759064e-02
2.068594656884670258e-02
1.945925876498222351e-02
2.896578796207904816e-02
2.880343794822692871e-02
2.085458859801292419e-02
2.855439670383930206e-02
1.760068722069263458e-02
2.020258642733097076e-02
2.188181690871715546e-02
2.707112766802310944e-02
2.705877460539340973e-02
2.182381413877010345e-02
2.598754875361919403e-02
2.337321266531944275e-02
2.221466973423957825e-02
2.807233110070228577e-02
2.079194225370883942e-02
2.586110495030879974e-02
2.859484218060970306e-02
2.476606145501136780e-02
