2.086654156446456909e-01
1.978936493396759033e-01
1.948288679122924805e-01
1.933856904506683350e-01
1.921787261962890625e-01
1.905501782894134521e-01
1.883377283811569214e-01
1.861062347888946533e-01
1.840640604496002197e-01
1.822379082441329956e-01
1.806972771883010864e-01
1.794696897268295288e-01
1.787550300359725952e-01
1.785520315170288086e-01
1.766491681337356567e-01
1.701480597257614136e-01
1.602401584386825562e-01
1.498972028493881226e-01
1.407827585935592651e-01
1.323723047971725464e-01
1.232090890407562256e-01
1.137139424681663513e-01
1.065907627344131470e-01
1.024845018982887268e-01
9.969559311866760254e-02
9.766703099012374878e-02
9.616348892450332642e-02
9.510368853807449341e-02
9.416161477565765381e-02
9.321213513612747192e-02
9.235087037086486816e-02
9.155856817960739136e-02
9.078472852706909180e-02
8.999045193195343018e-02
8.915969729423522949e-02
8.829025179147720337e-02
8.736456930637359619e-02
8.635891228914260864e-02
8.527202904224395752e-02
8.424630761146545410e-02
8.352214843034744263e-02
8.268886059522628784e-02
8.162007480859756470e-02
8.078245073556900024e-02
8.063706010580062866e-02
8.072724938392639160e-02
8.060450106859207153e-02
8.025750517845153809e-02
7.978580147027969360e-02
7.909303158521652222e-02
7.827027887105941772e-02
7.736920565366744995e-02
7.639711350202560425e-02
7.541754096746444702e-02
7.456327229738235474e-02
7.390281558036804199e-02
7.340572774410247803e-02
7.301387935876846313e-02
7.267659157514572144e-02
7.238299399614334106e-02
7.207716256380081177e-02
7.183377444744110107e-02
7.143625617027282715e-02
7.249633967876434326e-02
7.244306802749633789e-02
7.158589363098144531e-02
7.247563451528549194e-02
7.335852831602096558e-02
7.197073101997375488e-02
7.242229580879211426e-02
7.362835854291915894e-02
7.351339608430862427e-02
7.378605008125305176e-02
7.390545308589935303e-02
7.373919337987899780e-02
7.455648481845855713e-02
7.438083738088607788e-02
7.459390908479690552e-02
7.456021010875701904e-02
7.402286678552627563e-02
7.357265800237655640e-02
7.305360585451126099e-02
7.278050482273101807e-02
7.283084094524383545e-02
7.265210151672363281e-02
7.238223403692245483e-02
7.235106825828552246e-02
7.203789055347442627e-02
7.164967060089111328e-02
7.143224775791168213e-02
7.132054120302200317e-02
7.056183367967605591e-02
7.045828551054000854e-02
7.040669769048690796e-02
7.056164741516113281e-02
7.040989398956298828e-02
6.972157955169677734e-02
6.962037086486816406e-02
6.975799798965454102e-02
6.857567280530929565e-02
6.913176923990249634e-02
6.939861178398132324e-02
6.987370550632476807e-02
7.020723819732666016e-02
7.030041515827178955e-02
7.027490437030792236e-02
6.983507424592971802e-02
6.884025037288665771e-02
6.841267645359039307e-02
6.895171105861663818e-02
6.798914819955825806e-02
6.756199151277542114e-02
6.782099604606628418e-02
6.706818938255310059e-02
6.737765669822692871e-02
6.747123599052429199e-02
6.850073486566543579e-02
6.873571872711181641e-02
6.864389777183532715e-02
6.972689181566238403e-02
7.112774997949600220e-02
6.982447206974029541e-02
6.662100553512573242e-02
7.839129120111465454e-02
7.930607348680496216e-02
6.594073772430419922e-02
8.158981800079345703e-02
8.436319977045059204e-02
6.416830420494079590e-02
6.152816489338874817e-02
6.396985054016113281e-02
6.415595859289169312e-02
5.968780443072319031e-02
5.985905975103378296e-02
6.164361909031867981e-02
5.991370975971221924e-02
6.150305271148681641e-02
7.818261533975601196e-02
7.614582031965255737e-02
9.237302839756011963e-02
6.124229356646537781e-02
8.770749717950820923e-02
6.397170573472976685e-02
8.575825393199920654e-02
7.410901784896850586e-02
7.292568683624267578e-02
9.417653083801269531e-02
1.112897098064422607e-01
7.580383121967315674e-02
8.130845427513122559e-02
7.867916673421859741e-02
7.362800091505050659e-02
7.463969290256500244e-02
7.877293974161148071e-02
6.147170439362525940e-02
6.127508729696273804e-02
8.158049732446670532e-02
6.920476257801055908e-02
7.184755802154541016e-02
6.554604321718215942e-02
6.086645275354385376e-02
5.973304808139801025e-02
6.224709376692771912e-02
9.061217308044433594e-02
7.148251682519912720e-02
6.783421337604522705e-02
6.652770191431045532e-02
7.648265361785888672e-02
6.559094786643981934e-02
7.175366580486297607e-02
7.050260901451110840e-02
7.425709813833236694e-02
6.898974627256393433e-02
7.770139724016189575e-02
7.867430895566940308e-02
9.086185693740844727e-02
6.498405337333679199e-02
6.830315291881561279e-02
6.987649947404861450e-02
8.988708257675170898e-02
6.295863538980484009e-02
6.358148902654647827e-02
6.425585597753524780e-02
7.924894988536834717e-02
6.374236196279525757e-02
7.090760767459869385e-02
7.097774744033813477e-02
7.323998957872390747e-02
7.609474658966064453e-02
7.998044788837432861e-02
9.451730549335479736e-02
7.310966402292251587e-02
7.921068370342254639e-02
7.379596680402755737e-02
7.676015049219131470e-02
6.712918728590011597e-02
7.891137897968292236e-02
7.738516479730606079e-02
8.400323241949081421e-02
7.992507517337799072e-02
9.809315204620361328e-02
9.742777049541473389e-02
7.421066612005233765e-02
8.088892698287963867e-02
7.419094443321228027e-02
7.391650974750518799e-02
7.256131619215011597e-02
7.108218967914581299e-02
7.538593560457229614e-02
7.260236144065856934e-02
7.196011394262313843e-02
7.277871668338775635e-02
7.574696093797683716e-02
7.672072201967239380e-02
7.565259188413619995e-02
9.404495358467102051e-02
7.728587836027145386e-02
6.869205832481384277e-02
7.453484088182449341e-02
7.168908417224884033e-02
7.178581506013870239e-02
7.199490815401077271e-02
7.372334599494934082e-02
6.776803731918334961e-02
7.201365381479263306e-02
6.830254197120666504e-02
7.254649698734283447e-02
6.965231150388717651e-02
6.927918642759323120e-02
6.768329441547393799e-02
6.807182729244232178e-02
7.752289623022079468e-02
7.485412806272506714e-02
7.508385926485061646e-02
7.243183255195617676e-02
9.098307788372039795e-02
7.083497196435928345e-02
6.984976679086685181e-02
6.672308593988418579e-02
7.185282558202743530e-02
6.787746399641036987e-02
7.534921914339065552e-02
6.861034035682678223e-02
7.519163191318511963e-02
7.097658514976501465e-02
7.176085561513900757e-02
6.700871884822845459e-02
7.386063784360885620e-02
6.969355791807174683e-02
7.371184974908828735e-02
7.567748427391052246e-02
7.295262813568115234e-02
7.522772252559661865e-02
6.882310658693313599e-02
7.571529597043991089e-02
7.991844415664672852e-02
8.027508854866027832e-02
8.012600988149642944e-02
7.329121232032775879e-02
7.547134906053543091e-02
7.504797726869583130e-02
7.410966604948043823e-02
7.830005884170532227e-02
7.856900990009307861e-02
8.460252732038497925e-02
7.685783505439758301e-02
7.662435621023178101e-02
7.617276161909103394e-02
7.166826725006103516e-02
7.784873247146606445e-02
8.097461611032485962e-02
7.699387520551681519e-02
7.336015254259109497e-02
7.713669538497924805e-02
7.767602056264877319e-02
8.318755030632019043e-02
7.875343412160873413e-02
8.325206488370895386e-02
8.261363953351974487e-02
8.045127987861633301e-02
7.994129508733749390e-02
7.261028885841369629e-02
7.998841255903244019e-02
7.085687667131423950e-02
7.376660406589508057e-02
7.610423862934112549e-02
8.659245818853378296e-02
8.254987001419067383e-02
7.150149345397949219e-02
7.885131984949111938e-02
7.450570166110992432e-02
7.524649798870086670e-02
7.727127522230148315e-02
8.154586702585220337e-02
8.126958459615707397e-02
7.351262867450714111e-02
8.378868550062179565e-02
8.247367292642593384e-02
6.754631549119949341e-02
7.455991208553314209e-02
8.341383934020996094e-02
8.229279518127441406e-02
7.688463479280471802e-02
8.009733259677886963e-02
7.022162526845932007e-02
7.779323309659957886e-02
8.577982336282730103e-02
7.870791107416152954e-02
8.584342151880264282e-02
6.947603821754455566e-02
6.732065230607986450e-02
7.937429845333099365e-02
7.200904190540313721e-02
6.452221423387527466e-02
9.130446612834930420e-02
8.738444000482559204e-02
8.017233014106750488e-02
6.879693269729614258e-02
9.179533272981643677e-02
6.379877775907516479e-02
6.824018806219100952e-02
8.142340183258056641e-02
7.189489156007766724e-02
7.053866982460021973e-02
8.408222347497940063e-02
8.866423368453979492e-02
8.187629282474517822e-02
9.010370075702667236e-02
7.056371867656707764e-02
7.500242441892623901e-02
6.561993062496185303e-02
7.174191623926162720e-02
6.896637380123138428e-02
7.697872817516326904e-02
9.671037644147872925e-02
8.651775866746902466e-02
6.521140038967132568e-02
8.141028136014938354e-02
9.665683656930923462e-02
7.818301022052764893e-02
6.998031586408615112e-02
9.059468656778335571e-02
8.710736036300659180e-02
9.325038641691207886e-02
9.483751654624938965e-02
7.628224790096282959e-02
8.443079888820648193e-02
8.753670006990432739e-02
7.118626683950424194e-02
8.662232011556625366e-02
7.390066236257553101e-02
6.591434031724929810e-02
7.841234654188156128e-02
7.212027162313461304e-02
7.263567298650741577e-02
8.186681568622589111e-02
8.235825598239898682e-02
7.261233031749725342e-02
8.549889177083969116e-02
6.896147876977920532e-02
8.176879584789276123e-02
7.807350903749465942e-02
6.911394000053405762e-02
7.965967804193496704e-02
6.666874140501022339e-02
7.664377987384796143e-02
8.485191315412521362e-02
7.325168699026107788e-02
6.784020364284515381e-02
7.322424650192260742e-02
7.818060368299484253e-02
7.166392356157302856e-02
7.541684061288833618e-02
7.966583967208862305e-02
8.776359260082244873e-02
7.135304808616638184e-02
7.661073654890060425e-02
7.273119688034057617e-02
8.739664405584335327e-02
8.398794382810592651e-02
8.366733789443969727e-02
8.195696771144866943e-02
7.976697385311126709e-02
7.366593927145004272e-02
8.841622620820999146e-02
8.635264635086059570e-02
6.925724446773529053e-02
7.883995771408081055e-02
7.834213227033615112e-02
7.730934768915176392e-02
8.033072948455810547e-02
7.967510819435119629e-02
8.808420598506927490e-02
7.638132572174072266e-02
7.689017802476882935e-02
8.819861710071563721e-02
7.251115888357162476e-02
7.552173733711242676e-02
7.914548367261886597e-02
7.982054352760314941e-02
7.871054112911224365e-02
8.750595152378082275e-02
7.587356120347976685e-02
8.119589090347290039e-02
7.640601694583892822e-02
7.527565211057662964e-02
7.322122901678085327e-02
7.399667054414749146e-02
8.368057757616043091e-02
7.686564326286315918e-02
8.782199770212173462e-02
8.516653627157211304e-02
8.180122077465057373e-02
7.678643614053726196e-02
8.627803623676300049e-02
8.730220794677734375e-02
7.173202931880950928e-02
8.497752994298934937e-02
8.376409113407135010e-02
8.757013827562332153e-02
7.435964047908782959e-02
8.139689266681671143e-02
8.108011633157730103e-02
8.632197976112365723e-02
7.165345549583435059e-02
7.922223210334777832e-02
7.726864516735076904e-02
7.893556356430053711e-02
7.844688743352890015e-02
8.441978693008422852e-02
7.798206806182861328e-02
7.750012725591659546e-02
8.321761339902877808e-02
8.135330677032470703e-02
9.057056903839111328e-02
8.607349544763565063e-02
8.673956245183944702e-02
9.264753758907318115e-02
8.772119879722595215e-02
9.067020565271377563e-02
7.968558371067047119e-02
7.982119172811508179e-02
8.578757196664810181e-02
7.846063375473022461e-02
8.577985316514968872e-02
8.557355403900146484e-02
7.874087244272232056e-02
7.478331774473190308e-02
8.133530616760253906e-02
7.611350715160369873e-02
8.178562670946121216e-02
8.262208104133605957e-02
8.071605116128921509e-02
7.754259556531906128e-02
7.756940275430679321e-02
7.710476964712142944e-02
8.035290241241455078e-02
8.645939826965332031e-02
8.185662329196929932e-02
8.887302875518798828e-02
7.931648194789886475e-02
8.192565292119979858e-02
8.468203246593475342e-02
7.097007334232330322e-02
7.504511624574661255e-02
8.303354680538177490e-02
7.424075901508331299e-02
6.974123418331146240e-02
8.405353128910064697e-02
8.978544175624847412e-02
8.562280982732772827e-02
7.601246237754821777e-02
8.363340049982070923e-02
8.062246441841125488e-02
7.381132245063781738e-02
7.993259280920028687e-02
8.168663084506988525e-02
7.399801909923553467e-02
8.319949358701705933e-02
8.089133352041244507e-02
8.311367779970169067e-02
7.845014333724975586e-02
7.413700968027114868e-02
8.118958026170730591e-02
9.271629899740219116e-02
7.500421255826950073e-02
8.175867795944213867e-02
9.015646576881408691e-02
7.888680696487426758e-02
9.235691279172897339e-02
7.259164750576019287e-02
8.067651093006134033e-02
7.994072139263153076e-02
8.837676793336868286e-02
8.465707302093505859e-02
7.271866500377655029e-02
9.208123385906219482e-02
8.490732312202453613e-02
8.812391012907028198e-02
8.523526042699813843e-02
