1.961368769407272339e-01
1.955008655786514282e-01
1.948756277561187744e-01
1.942519843578338623e-01
1.936200708150863647e-01
1.929682940244674683e-01
1.922827363014221191e-01
1.915462464094161987e-01
1.907373219728469849e-01
1.898290812969207764e-01
1.887900382280349731e-01
1.875883787870407104e-01
1.862032860517501831e-01
1.846430450677871704e-01
1.829579919576644897e-01
1.812269538640975952e-01
1.795112639665603638e-01
1.778077632188796997e-01
1.760160028934478760e-01
1.739092469215393066e-01
1.711692661046981812e-01
1.676105558872222900e-01
1.633994877338409424e-01
1.589277386665344238e-01
1.545173376798629761e-01
1.502945125102996826e-01
1.462336182594299316e-01
1.422366946935653687e-01
1.381900012493133545e-01
1.340050548315048218e-01
1.296636760234832764e-01
1.252584159374237061e-01
1.209682449698448181e-01
1.169775873422622681e-01
1.134150028228759766e-01
1.103174313902854919e-01
1.076592206954956055e-01
1.053894460201263428e-01
1.034459173679351807e-01
1.017649695277214050e-01
1.002878621220588684e-01
9.896470606327056885e-02
9.775541722774505615e-02
9.662997722625732422e-02
9.557043761014938354e-02
9.457293152809143066e-02
9.363863617181777954e-02
9.276385605335235596e-02
9.194198250770568848e-02
9.116715192794799805e-02
9.043356776237487793e-02
8.973549306392669678e-02
8.906696736812591553e-02
8.842253684997558594e-02
8.779743313789367676e-02
8.718758821487426758e-02
8.658983558416366577e-02
8.600171655416488647e-02
8.542135357856750488e-02
8.484753221273422241e-02
8.427944779396057129e-02
8.371677994728088379e-02
8.315943181514739990e-02
8.260770142078399658e-02
8.206183463335037231e-02
8.152198791503906250e-02
8.098825067281723022e-02
8.046036958694458008e-02
7.993777096271514893e-02
7.941988855600357056e-02
7.890585809946060181e-02
7.839488983154296875e-02
7.788614928722381592e-02
7.737924158573150635e-02
7.687371969223022461e-02
7.636943459510803223e-02
7.586655765771865845e-02
7.536551356315612793e-02
7.486706227064132690e-02
7.437263429164886475e-02
7.388470321893692017e-02
7.340647280216217041e-02
7.294122874736785889e-02
7.249128073453903198e-02
7.205744832754135132e-02
7.163964956998825073e-02
7.123748958110809326e-02
7.085056602954864502e-02
7.047884911298751831e-02
7.012237608432769775e-02
6.978129595518112183e-02
6.945559382438659668e-02
6.914506852626800537e-02
6.884924322366714478e-02
6.856733560562133789e-02
6.829845905303955078e-02
6.804159283638000488e-02
6.779566407203674316e-02
6.755980104207992554e-02
6.733318418264389038e-02
6.711511313915252686e-02
6.690502166748046875e-02
6.670255213975906372e-02
6.650739163160324097e-02
6.631922721862792969e-02
6.613792479038238525e-02
6.596337258815765381e-02
6.579551100730895996e-02
6.563430279493331909e-02
6.547976285219192505e-02
6.533184647560119629e-02
6.519049406051635742e-02
6.505548208951950073e-02
6.492666155099868774e-02
6.480367481708526611e-02
6.468611955642700195e-02
6.457348167896270752e-02
6.446538120508193970e-02
6.436124444007873535e-02
6.426075845956802368e-02
6.416355073451995850e-02
6.406944245100021362e-02
6.397819519042968750e-02
6.388977915048599243e-02
6.380417943000793457e-02
6.372135877609252930e-02
6.364140659570693970e-02
6.356425583362579346e-02
6.349000334739685059e-02
6.341865658760070801e-02
6.335011124610900879e-02
6.328432261943817139e-02
6.322109699249267578e-02
6.316038966178894043e-02
6.310196220874786377e-02
6.304556131362915039e-02
6.299086660146713257e-02
6.293758749961853027e-02
6.288544088602066040e-02
6.283393502235412598e-02
6.278270483016967773e-02
6.273135542869567871e-02
6.267949193716049194e-02
6.262663006782531738e-02
6.257233023643493652e-02
6.251623481512069702e-02
6.245794519782066345e-02
6.239708885550498962e-02
6.233340501785278320e-02
6.226667016744613647e-02
6.219660118222236633e-02
6.212304532527923584e-02
6.204598024487495422e-02
6.196524947881698608e-02
6.188100948929786682e-02
6.179326400160789490e-02
6.170214712619781494e-02
6.160796433687210083e-02
6.151093170046806335e-02
6.141130626201629639e-02
6.130956858396530151e-02
6.120590865612030029e-02
6.110050156712532043e-02
6.099356338381767273e-02
6.088497862219810486e-02
6.077476963400840759e-02
6.066298857331275940e-02
6.054975464940071106e-02
6.043549254536628723e-02
6.032039597630500793e-02
6.020428985357284546e-02
6.008601561188697815e-02
5.996330082416534424e-02
5.983304977416992188e-02
5.969255045056343079e-02
5.954084172844886780e-02
5.937895178794860840e-02
5.920988693833351135e-02
5.903735384345054626e-02
5.886506661772727966e-02
5.869626253843307495e-02
5.853367969393730164e-02
5.837952718138694763e-02
5.823481455445289612e-02
5.809862911701202393e-02
5.796812847256660461e-02
5.783974751830101013e-02
5.771011859178543091e-02
5.757730454206466675e-02
5.744174867868423462e-02
5.730628222227096558e-02
5.717585980892181396e-02
5.705707147717475891e-02
5.695647001266479492e-02
5.687855556607246399e-02
5.682374164462089539e-02
5.679006502032279968e-02
5.676740780472755432e-02
5.673962086439132690e-02
5.670864135026931763e-02
5.668935924768447876e-02
5.667687207460403442e-02
5.663604661822319031e-02
5.656632035970687866e-02
5.648652464151382446e-02
5.640370398759841919e-02
5.632112175226211548e-02
5.624079331755638123e-02
5.616401508450508118e-02
5.609153211116790771e-02
5.602411180734634399e-02
5.596220493316650391e-02
5.590597167611122131e-02
5.585563182830810547e-02
5.581053346395492554e-02
5.576907098293304443e-02
5.572670698165893555e-02
5.567185953259468079e-02
5.556979402899742126e-02
5.536177381873130798e-02
5.515256896615028381e-02
5.510686710476875305e-02
5.509115755558013916e-02
5.516693741083145142e-02
5.524669960141181946e-02
5.536749213933944702e-02
5.548325181007385254e-02
5.561501532793045044e-02
5.574778839945793152e-02
5.590422078967094421e-02
5.608007684350013733e-02
5.621055141091346741e-02
5.622123554348945618e-02
5.610046163201332092e-02
5.578687787055969238e-02
5.522209033370018005e-02
5.479863658547401428e-02
5.456036701798439026e-02
5.434111878275871277e-02
5.416681990027427673e-02
5.401948839426040649e-02
5.389507859945297241e-02
5.380697920918464661e-02
5.376799032092094421e-02
5.377080291509628296e-02
5.381016060709953308e-02
5.388811975717544556e-02
5.400994792580604553e-02
5.417802184820175171e-02
5.438952147960662842e-02
5.463756248354911804e-02
5.491317808628082275e-02
5.520693585276603699e-02
5.550954490900039673e-02
5.581275001168251038e-02
5.611046403646469116e-02
5.639901757240295410e-02
5.667719244956970215e-02
5.694574862718582153e-02
5.720631033182144165e-02
5.746071785688400269e-02
5.771049857139587402e-02
5.795674026012420654e-02
5.819971486926078796e-02
5.843922123312950134e-02
5.867455527186393738e-02
5.890469998121261597e-02
5.912854149937629700e-02
5.934535339474678040e-02
5.955390632152557373e-02
5.975392088294029236e-02
5.994507297873497009e-02
6.012710928916931152e-02
6.030024588108062744e-02
6.046462431550025940e-02
6.062068790197372437e-02
6.076883524656295776e-02
6.090987101197242737e-02
6.104416027665138245e-02
6.117252260446548462e-02
6.129558011889457703e-02
6.141420453786849976e-02
6.152894720435142517e-02
6.164055690169334412e-02
6.174968183040618896e-02
6.185692921280860901e-02
6.196274235844612122e-02
6.206788495182991028e-02
6.217242404818534851e-02
6.227707490324974060e-02
6.238189712166786194e-02
6.248729676008224487e-02
6.259341537952423096e-02
6.270008534193038940e-02
6.280778348445892334e-02
6.291612982749938965e-02
6.302528828382492065e-02
6.313506513833999634e-02
6.324554234743118286e-02
6.335651874542236328e-02
6.346783041954040527e-02
6.357951462268829346e-02
6.369131803512573242e-02
6.380315870046615601e-02
6.391488015651702881e-02
6.402659416198730469e-02
6.413802504539489746e-02
6.424918770790100098e-02
6.436008960008621216e-02
6.447059661149978638e-02
6.458070874214172363e-02
6.469056010246276855e-02
6.480000913143157959e-02
6.490921974182128906e-02
6.501811742782592773e-02
6.512683629989624023e-02
6.523538380861282349e-02
6.534393876791000366e-02
6.545229256153106689e-02
6.556075811386108398e-02
6.566933542490005493e-02
6.577784568071365356e-02
6.588653475046157837e-02
6.599539518356323242e-02
6.610435247421264648e-02
6.621325761079788208e-02
6.632230430841445923e-02
6.643123924732208252e-02
6.654001772403717041e-02
6.664847582578659058e-02
6.675636023283004761e-02
6.686350703239440918e-02
6.696949154138565063e-02
6.707403063774108887e-02
6.717673689126968384e-02
6.727723032236099243e-02
6.737488508224487305e-02
6.746926158666610718e-02
6.756008416414260864e-02
6.764681637287139893e-02
6.772942095994949341e-02
6.780777871608734131e-02
6.788197159767150879e-02
6.795222312211990356e-02
6.801924854516983032e-02
6.808333098888397217e-02
6.814511120319366455e-02
6.820537894964218140e-02
6.826471537351608276e-02
6.832362711429595947e-02
6.838279962539672852e-02
6.844253093004226685e-02
6.850316375494003296e-02
6.856506317853927612e-02
6.862843781709671021e-02
6.869333982467651367e-02
6.875967234373092651e-02
6.882750988006591797e-02
6.889691203832626343e-02
6.896776705980300903e-02
6.903991848230361938e-02
6.911313533782958984e-02
6.918758898973464966e-02
6.926316767930984497e-02
6.933941692113876343e-02
6.941668689250946045e-02
6.949470937252044678e-02
6.957343965768814087e-02
6.965313851833343506e-02
6.973362714052200317e-02
6.981536746025085449e-02
6.989832967519760132e-02
6.998331844806671143e-02
7.007104158401489258e-02
7.016211003065109253e-02
7.025777548551559448e-02
7.035912573337554932e-02
7.046739012002944946e-02
7.058350741863250732e-02
7.070755213499069214e-02
7.083765417337417603e-02
7.097128778696060181e-02
7.110314816236495972e-02
7.122489064931869507e-02
7.131241261959075928e-02
7.122606039047241211e-02
6.916753947734832764e-02
6.301102787256240845e-02
6.784452497959136963e-02
6.534021347761154175e-02
6.361451745033264160e-02
6.084043532609939575e-02
6.464891880750656128e-02
6.475392729043960571e-02
6.273064017295837402e-02
6.036571413278579712e-02
6.021899729967117310e-02
6.725072115659713745e-02
7.083164155483245850e-02
6.384698301553726196e-02
6.640721112489700317e-02
7.105632871389389038e-02
6.299930810928344727e-02
6.733764708042144775e-02
6.717050820589065552e-02
7.080210000276565552e-02
6.726536899805068970e-02
6.846773624420166016e-02
6.919236481189727783e-02
6.966083496809005737e-02
6.320916116237640381e-02
7.314004004001617432e-02
6.288366019725799561e-02
7.286846637725830078e-02
6.936760991811752319e-02
6.545327603816986084e-02
6.617051362991333008e-02
6.559423357248306274e-02
6.641618162393569946e-02
6.866266578435897827e-02
6.466439366340637207e-02
6.853109598159790039e-02
6.885283440351486206e-02
6.980866938829421997e-02
6.876022368669509888e-02
6.820064783096313477e-02
6.792500615119934082e-02
6.881647557020187378e-02
6.737709790468215942e-02
6.803213059902191162e-02
6.724257767200469971e-02
6.800071895122528076e-02
6.894505023956298828e-02
6.930343806743621826e-02
6.979105621576309204e-02
6.941698491573333740e-02
6.960919499397277832e-02
6.926812231540679932e-02
6.880342215299606323e-02
6.902046501636505127e-02
6.919775903224945068e-02
6.938090175390243530e-02
6.962225586175918579e-02
6.988880038261413574e-02
7.012257725000381470e-02
7.033490389585494995e-02
7.050917297601699829e-02
7.063281536102294922e-02
7.070614397525787354e-02
7.074076682329177856e-02
7.075960934162139893e-02
7.078856229782104492e-02
7.085064053535461426e-02
7.095942646265029907e-02
7.111736387014389038e-02
7.131556421518325806e-02
7.154091447591781616e-02
7.178396731615066528e-02
7.203913480043411255e-02
7.230193167924880981e-02
7.256898283958435059e-02
7.283730059862136841e-02
7.310467958450317383e-02
7.337000221014022827e-02
7.363305240869522095e-02
7.389330863952636719e-02
7.415069639682769775e-02
7.440457493066787720e-02
7.465406507253646851e-02
7.489857077598571777e-02
7.513815164566040039e-02
7.537431269884109497e-02
7.561443001031875610e-02
7.589621841907501221e-02
7.645383477210998535e-02
7.234959304332733154e-02
7.515013217926025391e-02
7.616294920444488525e-02
7.483660429716110229e-02
7.491808384656906128e-02
7.579453289508819580e-02
7.839038968086242676e-02
7.693572342395782471e-02
7.739701122045516968e-02
7.889331877231597900e-02
8.025194704532623291e-02
8.095861226320266724e-02
8.082098513841629028e-02
7.886362820863723755e-02
7.634565979242324829e-02
7.828436791896820068e-02
7.877176254987716675e-02
7.484791427850723267e-02
7.883859425783157349e-02
7.974097877740859985e-02
8.021745085716247559e-02
8.025039732456207275e-02
7.953651249408721924e-02
7.878144085407257080e-02
7.901225984096527100e-02
