2.505543231964111328e-01
2.616407871246337891e-01
2.616407871246337891e-01
2.660754024982452393e-01
2.682926952838897705e-01
2.727272808551788330e-01
2.815964519977569580e-01
2.749445736408233643e-01
2.705099880695343018e-01
2.838137447834014893e-01
3.015521168708801270e-01
3.148558735847473145e-01
3.126385807991027832e-01
3.458980023860931396e-01
3.569844663143157959e-01
3.769401311874389648e-01
4.057649672031402588e-01
4.212860167026519775e-01
4.279379248619079590e-01
4.634146392345428467e-01
4.745011031627655029e-01
4.745011031627655029e-01
4.833702743053436279e-01
4.988913536071777344e-01
5.188469886779785156e-01
5.432372689247131348e-01
5.609756112098693848e-01
5.631929039955139160e-01
5.875831246376037598e-01
5.964523553848266602e-01
5.964523553848266602e-01
6.164079904556274414e-01
6.297117471694946289e-01
6.407982110977172852e-01
6.452327966690063477e-01
6.496673822402954102e-01
6.585366129875183105e-01
6.696230769157409668e-01
6.740576624870300293e-01
6.762749552726745605e-01
6.762749552726745605e-01
6.873614192008972168e-01
6.962305903434753418e-01
7.006651759147644043e-01
7.050997614860534668e-01
7.139689326286315918e-01
7.206208705902099609e-01
7.184035181999206543e-01
7.206208705902099609e-01
7.206208705902099609e-01
7.361419200897216797e-01
7.405765056610107422e-01
7.450110912322998047e-01
7.472283840179443359e-01
7.516629695892333984e-01
7.516629695892333984e-01
7.538802623748779297e-01
7.538802623748779297e-01
7.605321407318115234e-01
7.583148479461669922e-01
7.583148479461669922e-01
7.538802623748779297e-01
7.538802623748779297e-01
7.560975551605224609e-01
7.583148479461669922e-01
7.583148479461669922e-01
7.627494335174560547e-01
7.671840190887451172e-01
7.671840190887451172e-01
7.694013118743896484e-01
7.694013118743896484e-01
7.694013118743896484e-01
7.671840190887451172e-01
7.671840190887451172e-01
7.649667263031005859e-01
7.605321407318115234e-01
7.605321407318115234e-01
7.627494335174560547e-01
7.605321407318115234e-01
7.649667263031005859e-01
7.671840190887451172e-01
7.671840190887451172e-01
7.649667263031005859e-01
7.649667263031005859e-01
7.649667263031005859e-01
7.649667263031005859e-01
7.671840190887451172e-01
7.671840190887451172e-01
7.671840190887451172e-01
7.694013118743896484e-01
7.738358974456787109e-01
7.760531902313232422e-01
7.804877758026123047e-01
7.849224209785461426e-01
7.849224209785461426e-01
7.849224209785461426e-01
7.871397137641906738e-01
7.893570065498352051e-01
7.893570065498352051e-01
7.893570065498352051e-01
7.893570065498352051e-01
7.893570065498352051e-01
7.915742993354797363e-01
7.915742993354797363e-01
7.915742993354797363e-01
7.915742993354797363e-01
7.893570065498352051e-01
7.893570065498352051e-01
7.893570065498352051e-01
7.893570065498352051e-01
7.915742993354797363e-01
7.937915921211242676e-01
7.960088849067687988e-01
8.004434704780578613e-01
8.004434704780578613e-01
8.004434704780578613e-01
8.004434704780578613e-01
8.026607632637023926e-01
8.026607632637023926e-01
8.004434704780578613e-01
8.004434704780578613e-01
8.004434704780578613e-01
8.026607632637023926e-01
8.048780560493469238e-01
8.093126416206359863e-01
8.093126416206359863e-01
8.093126416206359863e-01
8.115299344062805176e-01
8.093126416206359863e-01
8.115299344062805176e-01
8.093126416206359863e-01
8.070953488349914551e-01
8.115299344062805176e-01
8.137472271919250488e-01
8.115299344062805176e-01
8.137472271919250488e-01
8.137472271919250488e-01
8.137472271919250488e-01
8.159645199775695801e-01
8.181818127632141113e-01
8.181818127632141113e-01
8.226163983345031738e-01
8.248336911201477051e-01
8.248336911201477051e-01
8.248336911201477051e-01
8.248336911201477051e-01
8.270509839057922363e-01
8.270509839057922363e-01
8.248336911201477051e-01
8.270509839057922363e-01
8.270509839057922363e-01
8.270509839057922363e-01
8.292682766914367676e-01
8.270509839057922363e-01
8.292682766914367676e-01
8.270509839057922363e-01
8.248336911201477051e-01
8.248336911201477051e-01
8.248336911201477051e-01
8.248336911201477051e-01
8.270509839057922363e-01
8.314855694770812988e-01
8.314855694770812988e-01
8.337028622627258301e-01
8.337028622627258301e-01
8.337028622627258301e-01
8.359201550483703613e-01
8.359201550483703613e-01
8.381374478340148926e-01
8.381374478340148926e-01
8.381374478340148926e-01
8.381374478340148926e-01
8.381374478340148926e-01
8.381374478340148926e-01
8.359201550483703613e-01
8.381374478340148926e-01
8.359201550483703613e-01
8.381374478340148926e-01
8.381374478340148926e-01
8.425720334053039551e-01
8.425720334053039551e-01
8.403547406196594238e-01
8.425720334053039551e-01
8.425720334053039551e-01
8.403547406196594238e-01
8.359201550483703613e-01
8.337028622627258301e-01
8.337028622627258301e-01
8.337028622627258301e-01
8.359201550483703613e-01
8.359201550483703613e-01
8.359201550483703613e-01
8.359201550483703613e-01
8.359201550483703613e-01
8.381374478340148926e-01
8.381374478340148926e-01
8.381374478340148926e-01
8.425720334053039551e-01
8.425720334053039551e-01
8.425720334053039551e-01
8.425720334053039551e-01
8.425720334053039551e-01
8.425720334053039551e-01
8.403547406196594238e-01
8.381374478340148926e-01
8.381374478340148926e-01
8.381374478340148926e-01
8.403547406196594238e-01
8.381374478340148926e-01
8.403547406196594238e-01
8.425720334053039551e-01
8.425720334053039551e-01
8.425720334053039551e-01
8.425720334053039551e-01
8.403547406196594238e-01
8.403547406196594238e-01
8.447893857955932617e-01
8.447893857955932617e-01
8.470066785812377930e-01
8.447893857955932617e-01
8.447893857955932617e-01
8.425720334053039551e-01
8.425720334053039551e-01
8.425720334053039551e-01
8.514412641525268555e-01
8.514412641525268555e-01
8.492239713668823242e-01
8.514412641525268555e-01
8.514412641525268555e-01
8.514412641525268555e-01
8.514412641525268555e-01
8.514412641525268555e-01
8.536585569381713867e-01
8.536585569381713867e-01
8.536585569381713867e-01
8.536585569381713867e-01
8.558758497238159180e-01
8.558758497238159180e-01
8.558758497238159180e-01
8.558758497238159180e-01
8.558758497238159180e-01
8.558758497238159180e-01
8.558758497238159180e-01
8.558758497238159180e-01
8.558758497238159180e-01
8.558758497238159180e-01
8.580931425094604492e-01
8.625277280807495117e-01
8.625277280807495117e-01
8.647450208663940430e-01
8.669623136520385742e-01
8.669623136520385742e-01
8.669623136520385742e-01
8.669623136520385742e-01
8.669623136520385742e-01
8.647450208663940430e-01
8.647450208663940430e-01
8.669623136520385742e-01
8.669623136520385742e-01
8.669623136520385742e-01
8.669623136520385742e-01
8.647450208663940430e-01
8.625277280807495117e-01
8.603104352951049805e-01
8.603104352951049805e-01
8.603104352951049805e-01
8.603104352951049805e-01
8.580931425094604492e-01
8.580931425094604492e-01
8.580931425094604492e-01
8.580931425094604492e-01
8.580931425094604492e-01
8.603104352951049805e-01
8.603104352951049805e-01
8.603104352951049805e-01
8.603104352951049805e-01
8.603104352951049805e-01
8.625277280807495117e-01
8.625277280807495117e-01
8.625277280807495117e-01
8.625277280807495117e-01
8.625277280807495117e-01
8.625277280807495117e-01
8.603104352951049805e-01
8.603104352951049805e-01
8.603104352951049805e-01
8.603104352951049805e-01
8.625277280807495117e-01
8.625277280807495117e-01
8.625277280807495117e-01
8.625277280807495117e-01
8.625277280807495117e-01
8.625277280807495117e-01
8.625277280807495117e-01
8.625277280807495117e-01
8.625277280807495117e-01
8.625277280807495117e-01
8.625277280807495117e-01
8.625277280807495117e-01
8.625277280807495117e-01
8.625277280807495117e-01
8.625277280807495117e-01
8.625277280807495117e-01
8.625277280807495117e-01
8.647450208663940430e-01
8.691796064376831055e-01
8.691796064376831055e-01
8.691796064376831055e-01
8.691796064376831055e-01
8.691796064376831055e-01
8.713968992233276367e-01
8.713968992233276367e-01
8.713968992233276367e-01
8.713968992233276367e-01
8.713968992233276367e-01
8.736141920089721680e-01
8.736141920089721680e-01
8.736141920089721680e-01
8.736141920089721680e-01
8.736141920089721680e-01
8.736141920089721680e-01
8.713968992233276367e-01
8.713968992233276367e-01
8.713968992233276367e-01
8.713968992233276367e-01
8.713968992233276367e-01
8.713968992233276367e-01
8.713968992233276367e-01
8.713968992233276367e-01
8.713968992233276367e-01
8.713968992233276367e-01
8.713968992233276367e-01
8.713968992233276367e-01
8.736141920089721680e-01
8.736141920089721680e-01
8.736141920089721680e-01
8.736141920089721680e-01
8.736141920089721680e-01
8.736141920089721680e-01
8.736141920089721680e-01
8.713968992233276367e-01
8.736141920089721680e-01
8.736141920089721680e-01
8.736141920089721680e-01
8.736141920089721680e-01
8.736141920089721680e-01
8.713968992233276367e-01
8.713968992233276367e-01
8.713968992233276367e-01
8.713968992233276367e-01
8.713968992233276367e-01
8.713968992233276367e-01
8.713968992233276367e-01
8.713968992233276367e-01
8.713968992233276367e-01
8.736141920089721680e-01
8.736141920089721680e-01
8.736141920089721680e-01
8.736141920089721680e-01
8.758314847946166992e-01
8.758314847946166992e-01
8.758314847946166992e-01
8.736141920089721680e-01
8.736141920089721680e-01
8.736141920089721680e-01
8.736141920089721680e-01
8.736141920089721680e-01
8.736141920089721680e-01
8.736141920089721680e-01
8.736141920089721680e-01
8.736141920089721680e-01
8.736141920089721680e-01
8.736141920089721680e-01
8.736141920089721680e-01
8.758314847946166992e-01
8.758314847946166992e-01
8.736141920089721680e-01
8.736141920089721680e-01
8.758314847946166992e-01
8.758314847946166992e-01
8.758314847946166992e-01
8.780487775802612305e-01
8.780487775802612305e-01
8.802660703659057617e-01
8.802660703659057617e-01
8.824833631515502930e-01
8.802660703659057617e-01
8.780487775802612305e-01
8.802660703659057617e-01
8.758314847946166992e-01
8.824833631515502930e-01
8.736141920089721680e-01
8.802660703659057617e-01
8.713968992233276367e-01
8.647450208663940430e-01
8.691796064376831055e-01
8.691796064376831055e-01
8.647450208663940430e-01
8.758314847946166992e-01
8.691796064376831055e-01
8.736141920089721680e-01
8.758314847946166992e-01
8.669623136520385742e-01
8.758314847946166992e-01
8.736141920089721680e-01
8.780487775802612305e-01
8.647450208663940430e-01
8.780487775802612305e-01
8.780487775802612305e-01
8.802660703659057617e-01
8.669623136520385742e-01
8.736141920089721680e-01
8.736141920089721680e-01
8.669623136520385742e-01
8.736141920089721680e-01
8.780487775802612305e-01
8.758314847946166992e-01
8.824833631515502930e-01
8.847006559371948242e-01
8.869179487228393555e-01
8.713968992233276367e-01
8.736141920089721680e-01
8.824833631515502930e-01
8.891352415084838867e-01
8.758314847946166992e-01
8.869179487228393555e-01
8.824833631515502930e-01
8.847006559371948242e-01
8.802660703659057617e-01
8.847006559371948242e-01
8.891352415084838867e-01
8.869179487228393555e-01
8.869179487228393555e-01
8.913525342941284180e-01
8.913525342941284180e-01
8.891352415084838867e-01
8.935698270797729492e-01
8.891352415084838867e-01
8.913525342941284180e-01
8.935698270797729492e-01
8.935698270797729492e-01
8.913525342941284180e-01
8.935698270797729492e-01
8.957871198654174805e-01
8.957871198654174805e-01
8.980044126510620117e-01
8.980044126510620117e-01
8.980044126510620117e-01
8.980044126510620117e-01
8.980044126510620117e-01
8.980044126510620117e-01
8.957871198654174805e-01
8.957871198654174805e-01
8.957871198654174805e-01
8.957871198654174805e-01
8.957871198654174805e-01
8.957871198654174805e-01
8.957871198654174805e-01
8.957871198654174805e-01
8.957871198654174805e-01
8.957871198654174805e-01
8.957871198654174805e-01
8.957871198654174805e-01
8.957871198654174805e-01
8.957871198654174805e-01
8.957871198654174805e-01
8.957871198654174805e-01
8.957871198654174805e-01
8.957871198654174805e-01
8.957871198654174805e-01
8.957871198654174805e-01
8.957871198654174805e-01
8.957871198654174805e-01
8.957871198654174805e-01
8.957871198654174805e-01
8.957871198654174805e-01
8.935698270797729492e-01
8.891352415084838867e-01
8.847006559371948242e-01
8.935698270797729492e-01
8.957871198654174805e-01
8.935698270797729492e-01
8.913525342941284180e-01
8.913525342941284180e-01
8.913525342941284180e-01
8.913525342941284180e-01
8.935698270797729492e-01
8.935698270797729492e-01
8.957871198654174805e-01
8.935698270797729492e-01
8.869179487228393555e-01
8.913525342941284180e-01
8.957871198654174805e-01
8.980044126510620117e-01
8.957871198654174805e-01
8.957871198654174805e-01
8.957871198654174805e-01
8.980044126510620117e-01
8.980044126510620117e-01
8.980044126510620117e-01
