1.898064911365509033e-01
1.895743012428283691e-01
1.892550885677337646e-01
1.889554709196090698e-01
1.886638253927230835e-01
1.883682757616043091e-01
1.880555897951126099e-01
1.877108663320541382e-01
1.873151957988739014e-01
1.868450492620468140e-01
1.862710267305374146e-01
1.855560541152954102e-01
1.846570074558258057e-01
1.835300773382186890e-01
1.821447908878326416e-01
1.805119961500167847e-01
1.787048578262329102e-01
1.768406480550765991e-01
1.750182956457138062e-01
1.732623428106307983e-01
1.715226322412490845e-01
1.697047352790832520e-01
1.677003502845764160e-01
1.654121428728103638e-01
1.627823859453201294e-01
1.598237305879592896e-01
1.566272377967834473e-01
1.533265858888626099e-01
1.500340253114700317e-01
1.467947661876678467e-01
1.435875743627548218e-01
1.403565406799316406e-01
1.370447427034378052e-01
1.336144953966140747e-01
1.300589889287948608e-01
1.264251619577407837e-01
1.228266730904579163e-01
1.193915307521820068e-01
1.162027269601821899e-01
1.132908686995506287e-01
1.106552630662918091e-01
1.082825958728790283e-01
1.061562001705169678e-01
1.042581051588058472e-01
1.025670245289802551e-01
1.010556370019912720e-01
9.969124943017959595e-02
9.844109416007995605e-02
9.727895259857177734e-02
9.618663787841796875e-02
9.515386819839477539e-02
9.417457878589630127e-02
9.324520826339721680e-02
9.236258268356323242e-02
9.152364730834960938e-02
9.072518348693847656e-02
8.996390551328659058e-02
8.923713117837905884e-02
8.854279667139053345e-02
8.787960559129714966e-02
8.724636584520339966e-02
8.664198219776153564e-02
8.606436848640441895e-02
8.551086485385894775e-02
8.497862517833709717e-02
8.446462452411651611e-02
8.396640419960021973e-02
8.348210901021957397e-02
8.301036059856414795e-02
8.255030214786529541e-02
8.210126310586929321e-02
8.166246861219406128e-02
8.123331516981124878e-02
8.081325888633728027e-02
8.040139079093933105e-02
7.999704033136367798e-02
7.959960401058197021e-02
7.920817285776138306e-02
7.882210612297058105e-02
7.844059914350509644e-02
7.806269079446792603e-02
7.768709957599639893e-02
7.731252908706665039e-02
7.693739980459213257e-02
7.656041532754898071e-02
7.618062943220138550e-02
7.579839974641799927e-02
7.541494071483612061e-02
7.503227144479751587e-02
7.465232163667678833e-02
7.427692413330078125e-02
7.390724867582321167e-02
7.354415953159332275e-02
7.318855077028274536e-02
7.284136861562728882e-02
7.250332832336425781e-02
7.217500358819961548e-02
7.185658812522888184e-02
7.154772430658340454e-02
7.124783843755722046e-02
7.095619291067123413e-02
7.067143917083740234e-02
7.039251923561096191e-02
7.011818885803222656e-02
6.984762102365493774e-02
6.958019733428955078e-02
6.931557506322860718e-02
6.905357539653778076e-02
6.879445165395736694e-02
6.853818893432617188e-02
6.828514486551284790e-02
6.803549826145172119e-02
6.778946518898010254e-02
6.754717230796813965e-02
6.730875372886657715e-02
6.707434356212615967e-02
6.684393435716629028e-02
6.661756336688995361e-02
6.639520823955535889e-02
6.617680937051773071e-02
6.596241146326065063e-02
6.575193256139755249e-02
6.554527580738067627e-02
6.534241884946823120e-02
6.514336913824081421e-02
6.494798511266708374e-02
6.475618481636047363e-02
6.456796079874038696e-02
6.438327580690383911e-02
6.420185416936874390e-02
6.402384489774703979e-02
6.384901702404022217e-02
6.367732584476470947e-02
6.350864470005035400e-02
6.334288418292999268e-02
6.317988038063049316e-02
6.301951408386230469e-02
6.286167353391647339e-02
6.270625442266464233e-02
6.255308538675308228e-02
6.240204721689224243e-02
6.225305795669555664e-02
6.210600957274436951e-02
6.196078285574913025e-02
6.181725859642028809e-02
6.167542189359664917e-02
6.153516471385955811e-02
6.139657646417617798e-02
6.125953048467636108e-02
6.112402677536010742e-02
6.099002808332443237e-02
6.085765361785888672e-02
6.072685122489929199e-02
6.059772148728370667e-02
6.047024950385093689e-02
6.034457683563232422e-02
6.022074446082115173e-02
6.009882688522338867e-02
5.997902154922485352e-02
5.986134707927703857e-02
5.974600091576576233e-02
5.963319540023803711e-02
5.952298268675804138e-02
5.941544100642204285e-02
5.931059271097183228e-02
5.920838564634323120e-02
5.910863727331161499e-02
5.901116877794265747e-02
5.891552194952964783e-02
5.882173776626586914e-02
5.872945487499237061e-02
5.863844230771064758e-02
5.854859575629234314e-02
5.845960974693298340e-02
5.837159231305122375e-02
5.828436091542243958e-02
5.819815397262573242e-02
5.811301618814468384e-02
5.802931264042854309e-02
5.794736742973327637e-02
5.786724016070365906e-02
5.778896436095237732e-02
5.771243199706077576e-02
5.763730034232139587e-02
5.756328999996185303e-02
5.749009549617767334e-02
5.741738155484199524e-02
5.734501779079437256e-02
5.727271735668182373e-02
5.720032006502151489e-02
5.712774023413658142e-02
5.705484375357627869e-02
5.698157846927642822e-02
5.690786242485046387e-02
5.683374404907226562e-02
5.675906687974929810e-02
5.668399110436439514e-02
5.660843849182128906e-02
5.653242394328117371e-02
5.645600706338882446e-02
5.637922883033752441e-02
5.630217865109443665e-02
5.622484907507896423e-02
5.614724010229110718e-02
5.606937780976295471e-02
5.599140375852584839e-02
5.591323226690292358e-02
5.583494901657104492e-02
5.575654283165931702e-02
5.567790567874908447e-02
5.559905990958213806e-02
5.551991611719131470e-02
5.544032901525497437e-02
5.536023899912834167e-02
5.527934432029724121e-02
5.519742146134376526e-02
5.511423572897911072e-02
5.502920597791671753e-02
5.494198948144912720e-02
5.485201999545097351e-02
5.475882813334465027e-02
5.466198921203613281e-02
5.456135421991348267e-02
5.445712804794311523e-02
5.435009300708770752e-02
5.424118041992187500e-02
5.413172021508216858e-02
5.402293801307678223e-02
5.391559749841690063e-02
5.380986630916595459e-02
5.370528623461723328e-02
5.360059440135955811e-02
5.349437519907951355e-02
5.338542908430099487e-02
5.327324941754341125e-02
5.315833538770675659e-02
5.304186046123504639e-02
5.292538926005363464e-02
5.281017720699310303e-02
5.269719287753105164e-02
5.258679017424583435e-02
5.247912928462028503e-02
5.237411335110664368e-02
5.227157846093177795e-02
5.217136815190315247e-02
5.207331851124763489e-02
5.197732150554656982e-02
5.188316851854324341e-02
5.179075524210929871e-02
5.169986560940742493e-02
5.161026865243911743e-02
5.152182653546333313e-02
5.143438279628753662e-02
5.134769901633262634e-02
5.126157030463218689e-02
5.117579549551010132e-02
5.109012126922607422e-02
5.100432410836219788e-02
5.091819539666175842e-02
5.083156004548072815e-02
5.074428394436836243e-02
5.065624788403511047e-02
5.056740716099739075e-02
5.047783255577087402e-02
5.038742348551750183e-02
5.029631406068801880e-02
5.020447820425033569e-02
5.011205375194549561e-02
5.001903697848320007e-02
4.992562159895896912e-02
4.983193054795265198e-02
4.973807930946350098e-02
4.964450001716613770e-02
4.955148324370384216e-02
4.945933818817138672e-02
4.936860129237174988e-02
4.927955940365791321e-02
4.919256642460823059e-02
4.910788685083389282e-02
4.902561008930206299e-02
4.894579946994781494e-02
4.886838793754577637e-02
4.879328981041908264e-02
4.872033745050430298e-02
4.864928126335144043e-02
4.857992753386497498e-02
4.851178079843521118e-02
4.844456538558006287e-02
4.837796092033386230e-02
4.831146448850631714e-02
4.824449494481086731e-02
4.817631095647811890e-02
4.810569807887077332e-02
4.803090542554855347e-02
4.794964194297790527e-02
4.785852506756782532e-02
4.775401577353477478e-02
4.763612151145935059e-02
4.752036556601524353e-02
4.743288457393646240e-02
4.736515507102012634e-02
4.729995504021644592e-02
4.723810404539108276e-02
4.719933867454528809e-02
4.716332629323005676e-02
4.712700843811035156e-02
4.706594720482826233e-02
4.699378833174705505e-02
4.692591726779937744e-02
4.685661196708679199e-02
4.678083956241607666e-02
4.670142754912376404e-02
4.661802574992179871e-02
4.653093963861465454e-02
4.644091427326202393e-02
4.634859785437583923e-02
4.625283554196357727e-02
4.614993929862976074e-02
4.603429138660430908e-02
4.589919745922088623e-02
4.573953896760940552e-02
4.556480050086975098e-02
4.541682824492454529e-02
4.531656578183174133e-02
4.522764682769775391e-02
4.515083134174346924e-02
4.508952423930168152e-02
4.504359140992164612e-02
4.500913992524147034e-02
4.497736319899559021e-02
4.494103416800498962e-02
4.489757865667343140e-02
4.484710097312927246e-02
4.479070007801055908e-02
4.473061487078666687e-02
4.466960206627845764e-02
4.460966959595680237e-02
4.455168917775154114e-02
4.449511691927909851e-02
4.443874955177307129e-02
4.438170790672302246e-02
4.432313144207000732e-02
4.426309466361999512e-02
4.420167580246925354e-02
4.413907974958419800e-02
4.407536610960960388e-02
4.401072859764099121e-02
4.394510015845298767e-02
4.387859255075454712e-02
4.381138458847999573e-02
4.374354705214500427e-02
4.367531836032867432e-02
4.360698536038398743e-02
4.353878647089004517e-02
4.347098991274833679e-02
4.340386763215065002e-02
4.333761706948280334e-02
4.327237606048583984e-02
4.320825636386871338e-02
4.314542561769485474e-02
4.308384284377098083e-02
4.302356764674186707e-02
4.296462610363960266e-02
4.290689527988433838e-02
4.285042732954025269e-02
4.279512912034988403e-02
4.274091869592666626e-02
4.268770292401313782e-02
4.263545572757720947e-02
4.258402809500694275e-02
4.253335297107696533e-02
4.248328879475593567e-02
4.243374615907669067e-02
4.238444194197654724e-02
4.233548045158386230e-02
4.228634387254714966e-02
4.223702475428581238e-02
4.218726232647895813e-02
4.213672131299972534e-02
4.208511486649513245e-02
4.203234240412712097e-02
4.197799414396286011e-02
4.192180931568145752e-02
4.186359047889709473e-02
4.180314764380455017e-02
4.174020886421203613e-02
4.167474433779716492e-02
4.160685092210769653e-02
4.153648018836975098e-02
4.146393761038780212e-02
4.138931632041931152e-02
4.131282120943069458e-02
4.123469069600105286e-02
4.115507379174232483e-02
4.107391089200973511e-02
4.099142923951148987e-02
4.090756550431251526e-02
4.082237929105758667e-02
4.073572531342506409e-02
4.064763709902763367e-02
4.055790230631828308e-02
4.046659916639328003e-02
4.037345573306083679e-02
4.027831181883811951e-02
4.018115624785423279e-02
4.008185490965843201e-02
3.998030722141265869e-02
3.987672179937362671e-02
3.977091610431671143e-02
3.966349735856056213e-02
3.955410420894622803e-02
3.944373875856399536e-02
3.933173045516014099e-02
3.921931236982345581e-02
3.910567611455917358e-02
3.899184241890907288e-02
3.887691348791122437e-02
3.876174613833427429e-02
3.864539787173271179e-02
3.852855414152145386e-02
3.841041401028633118e-02
3.829133510589599609e-02
3.817083686590194702e-02
3.804898634552955627e-02
3.792550414800643921e-02
3.780033439397811890e-02
3.767324239015579224e-02
3.754408657550811768e-02
3.741261363029479980e-02
3.727872297167778015e-02
3.714245557785034180e-02
3.700402751564979553e-02
3.686391934752464294e-02
3.672272711992263794e-02
3.658112883567810059e-02
3.643959388136863708e-02
3.629857674241065979e-02
3.615836054086685181e-02
3.601913526654243469e-02
3.588109835982322693e-02
3.574443235993385315e-02
3.560924157500267029e-02
3.547581285238265991e-02
3.534442186355590820e-02
3.521538898348808289e-02
3.508918732404708862e-02
3.496618196368217468e-02
3.484661504626274109e-02
3.473031520843505859e-02
3.461723774671554565e-02
3.450717031955718994e-02
3.440012037754058838e-02
3.429624065756797791e-02
3.419538959860801697e-02
3.409738466143608093e-02
3.400167077779769897e-02
3.390717878937721252e-02
3.381280228495597839e-02
3.371754661202430725e-02
3.362138941884040833e-02
3.352518379688262939e-02
3.343021497130393982e-02
3.333733603358268738e-02
3.324634581804275513e-02
3.315659612417221069e-02
3.306758031249046326e-02
3.297843784093856812e-02
3.288817405700683594e-02
3.279600292444229126e-02
3.270134702324867249e-02
3.260351717472076416e-02
3.250331804156303406e-02
3.240380808711051941e-02
3.230821341276168823e-02
3.221748769283294678e-02
3.212954103946685791e-02
3.204107657074928284e-02
3.194913268089294434e-02
3.185367211699485779e-02
3.175806999206542969e-02
3.166550397872924805e-02
3.157565370202064514e-02
3.148689866065979004e-02
3.139691799879074097e-02
3.129718452692031860e-02
3.119526989758014679e-02
3.119046427309513092e-02
3.141451254487037659e-02
3.296656534075737000e-02
3.360856696963310242e-02
3.144216164946556091e-02
3.127171844244003296e-02
3.253553062677383423e-02
3.184030205011367798e-02
3.107086010277271271e-02
3.083643130958080292e-02
3.093294613063335419e-02
3.064906410872936249e-02
3.043770976364612579e-02
2.990080602467060089e-02
