2.394678443670272827e-01
2.527716159820556641e-01
2.572062015533447266e-01
2.572062015533447266e-01
2.616407871246337891e-01
2.616407871246337891e-01
2.616407871246337891e-01
2.616407871246337891e-01
2.660754024982452393e-01
2.705099880695343018e-01
2.705099880695343018e-01
2.705099880695343018e-01
2.727272808551788330e-01
2.727272808551788330e-01
2.705099880695343018e-01
2.727272808551788330e-01
2.749445736408233643e-01
2.727272808551788330e-01
2.727272808551788330e-01
2.771618664264678955e-01
2.771618664264678955e-01
2.793791592121124268e-01
2.815964519977569580e-01
2.860310375690460205e-01
2.860310375690460205e-01
2.838137447834014893e-01
2.926829159259796143e-01
2.926829159259796143e-01
3.015521168708801270e-01
3.037694096565246582e-01
3.104212880134582520e-01
3.126385807991027832e-01
3.104212880134582520e-01
3.170731663703918457e-01
3.192904591560363770e-01
3.215077519416809082e-01
3.192904591560363770e-01
3.303769528865814209e-01
3.392461240291595459e-01
3.414634168148040771e-01
3.414634168148040771e-01
3.414634168148040771e-01
3.525498807430267334e-01
3.636363744735717773e-01
3.658536672592163086e-01
3.636363744735717773e-01
3.569844663143157959e-01
3.592017590999603271e-01
3.592017590999603271e-01
3.569844663143157959e-01
3.636363744735717773e-01
3.658536672592163086e-01
3.658536672592163086e-01
3.658536672592163086e-01
3.702882528305053711e-01
3.680709600448608398e-01
3.680709600448608398e-01
3.725055456161499023e-01
3.769401311874389648e-01
3.791574239730834961e-01
3.813747167587280273e-01
3.813747167587280273e-01
3.813747167587280273e-01
3.835920095443725586e-01
3.835920095443725586e-01
3.880265951156616211e-01
3.880265951156616211e-01
3.946785032749176025e-01
3.946785032749176025e-01
3.968957960605621338e-01
4.057649672031402588e-01
4.101995527744293213e-01
4.101995527744293213e-01
4.101995527744293213e-01
4.079822599887847900e-01
4.057649672031402588e-01
4.035476744174957275e-01
4.057649672031402588e-01
4.057649672031402588e-01
4.035476744174957275e-01
4.057649672031402588e-01
4.124168455600738525e-01
4.124168455600738525e-01
4.168514311313629150e-01
4.168514311313629150e-01
4.190687239170074463e-01
4.235033392906188965e-01
4.235033392906188965e-01
4.235033392906188965e-01
4.212860167026519775e-01
4.190687239170074463e-01
4.235033392906188965e-01
4.190687239170074463e-01
4.301552176475524902e-01
4.279379248619079590e-01
4.301552176475524902e-01
4.323725104331970215e-01
4.390243887901306152e-01
4.456762671470642090e-01
4.545454680919647217e-01
4.545454680919647217e-01
4.545454680919647217e-01
4.523281455039978027e-01
4.545454680919647217e-01
4.611973464488983154e-01
4.634146392345428467e-01
4.589800536632537842e-01
4.656319320201873779e-01
4.722838103771209717e-01
4.700665175914764404e-01
4.745011031627655029e-01
4.722838103771209717e-01
4.789356887340545654e-01
4.855875968933105469e-01
4.878048896789550781e-01
4.855875968933105469e-01
4.855875968933105469e-01
4.855875968933105469e-01
4.878048896789550781e-01
4.900221824645996094e-01
4.988913536071777344e-01
4.988913536071777344e-01
5.033259391784667969e-01
4.988913536071777344e-01
5.011086463928222656e-01
5.011086463928222656e-01
5.055432319641113281e-01
5.077605247497558594e-01
5.077605247497558594e-01
5.121951103210449219e-01
5.121951103210449219e-01
5.144124031066894531e-01
5.166296958923339844e-01
5.188469886779785156e-01
5.232815742492675781e-01
5.277161598205566406e-01
5.277161598205566406e-01
5.321508049964904785e-01
5.321508049964904785e-01
5.299334526062011719e-01
5.321508049964904785e-01
5.388026833534240723e-01
5.388026833534240723e-01
5.410199761390686035e-01
5.410199761390686035e-01
5.498891472816467285e-01
5.476718544960021973e-01
5.521064400672912598e-01
5.543237328529357910e-01
5.631929039955139160e-01
5.698447823524475098e-01
5.654101967811584473e-01
5.698447823524475098e-01
5.720620751380920410e-01
5.742793679237365723e-01
5.809312462806701660e-01
5.875831246376037598e-01
5.942350625991821289e-01
5.986696481704711914e-01
6.053215265274047852e-01
6.075388193130493164e-01
6.141906976699829102e-01
6.164079904556274414e-01
6.186252832412719727e-01
6.164079904556274414e-01
6.164079904556274414e-01
6.208425760269165039e-01
6.186252832412719727e-01
6.208425760269165039e-01
6.252771615982055664e-01
6.252771615982055664e-01
6.297117471694946289e-01
6.319290399551391602e-01
6.407982110977172852e-01
6.407982110977172852e-01
6.407982110977172852e-01
6.407982110977172852e-01
6.430155038833618164e-01
6.430155038833618164e-01
6.407982110977172852e-01
6.407982110977172852e-01
6.452327966690063477e-01
6.496673822402954102e-01
6.496673822402954102e-01
6.563193202018737793e-01
6.607539057731628418e-01
6.651884913444519043e-01
6.651884913444519043e-01
6.651884913444519043e-01
6.651884913444519043e-01
6.674057841300964355e-01
6.674057841300964355e-01
6.718403697013854980e-01
6.718403697013854980e-01
6.740576624870300293e-01
6.784922480583190918e-01
6.784922480583190918e-01
6.807095408439636230e-01
6.851441264152526855e-01
6.895787119865417480e-01
6.917960047721862793e-01
6.917960047721862793e-01
6.895787119865417480e-01
6.895787119865417480e-01
6.917960047721862793e-01
6.940132975578308105e-01
6.940132975578308105e-01
6.940132975578308105e-01
6.940132975578308105e-01
6.940132975578308105e-01
6.940132975578308105e-01
6.940132975578308105e-01
6.940132975578308105e-01
6.940132975578308105e-01
6.917960047721862793e-01
6.917960047721862793e-01
6.984478831291198730e-01
6.984478831291198730e-01
6.984478831291198730e-01
6.984478831291198730e-01
7.006651759147644043e-01
7.006651759147644043e-01
7.028824687004089355e-01
7.050997614860534668e-01
7.050997614860534668e-01
7.050997614860534668e-01
7.117516398429870605e-01
7.161862254142761230e-01
7.184035181999206543e-01
7.161862254142761230e-01
7.206208705902099609e-01
7.206208705902099609e-01
7.184035181999206543e-01
7.206208705902099609e-01
7.228381633758544922e-01
7.250554561614990234e-01
7.228381633758544922e-01
7.228381633758544922e-01
7.250554561614990234e-01
7.272727489471435547e-01
7.272727489471435547e-01
7.294900417327880859e-01
7.317073345184326172e-01
7.317073345184326172e-01
7.317073345184326172e-01
7.339246273040771484e-01
7.339246273040771484e-01
7.339246273040771484e-01
7.339246273040771484e-01
7.339246273040771484e-01
7.361419200897216797e-01
7.339246273040771484e-01
7.339246273040771484e-01
7.339246273040771484e-01
7.339246273040771484e-01
7.339246273040771484e-01
7.339246273040771484e-01
7.339246273040771484e-01
7.339246273040771484e-01
7.339246273040771484e-01
7.361419200897216797e-01
7.339246273040771484e-01
7.361419200897216797e-01
7.361419200897216797e-01
7.361419200897216797e-01
7.361419200897216797e-01
7.361419200897216797e-01
7.361419200897216797e-01
7.383592128753662109e-01
7.405765056610107422e-01
7.405765056610107422e-01
7.405765056610107422e-01
7.405765056610107422e-01
7.427937984466552734e-01
7.450110912322998047e-01
7.472283840179443359e-01
7.472283840179443359e-01
7.472283840179443359e-01
7.472283840179443359e-01
7.472283840179443359e-01
7.472283840179443359e-01
7.472283840179443359e-01
7.494456768035888672e-01
7.516629695892333984e-01
7.516629695892333984e-01
7.538802623748779297e-01
7.560975551605224609e-01
7.583148479461669922e-01
7.605321407318115234e-01
7.605321407318115234e-01
7.605321407318115234e-01
7.605321407318115234e-01
7.605321407318115234e-01
7.605321407318115234e-01
7.627494335174560547e-01
7.627494335174560547e-01
7.649667263031005859e-01
7.649667263031005859e-01
7.649667263031005859e-01
7.671840190887451172e-01
7.671840190887451172e-01
7.671840190887451172e-01
7.671840190887451172e-01
7.671840190887451172e-01
7.694013118743896484e-01
7.716186046600341797e-01
7.716186046600341797e-01
7.716186046600341797e-01
7.716186046600341797e-01
7.716186046600341797e-01
7.694013118743896484e-01
7.716186046600341797e-01
7.760531902313232422e-01
7.760531902313232422e-01
7.760531902313232422e-01
7.760531902313232422e-01
7.760531902313232422e-01
7.760531902313232422e-01
7.760531902313232422e-01
7.760531902313232422e-01
7.760531902313232422e-01
7.760531902313232422e-01
7.760531902313232422e-01
7.760531902313232422e-01
7.760531902313232422e-01
7.760531902313232422e-01
7.760531902313232422e-01
7.760531902313232422e-01
7.760531902313232422e-01
7.760531902313232422e-01
7.782704830169677734e-01
7.782704830169677734e-01
7.782704830169677734e-01
7.804877758026123047e-01
7.804877758026123047e-01
7.804877758026123047e-01
7.804877758026123047e-01
7.804877758026123047e-01
7.804877758026123047e-01
7.827051281929016113e-01
7.849224209785461426e-01
7.827051281929016113e-01
7.827051281929016113e-01
7.827051281929016113e-01
7.827051281929016113e-01
7.827051281929016113e-01
7.849224209785461426e-01
7.849224209785461426e-01
7.849224209785461426e-01
7.849224209785461426e-01
7.849224209785461426e-01
7.871397137641906738e-01
7.871397137641906738e-01
7.871397137641906738e-01
7.871397137641906738e-01
7.871397137641906738e-01
7.849224209785461426e-01
7.849224209785461426e-01
7.871397137641906738e-01
7.871397137641906738e-01
7.849224209785461426e-01
7.849224209785461426e-01
7.871397137641906738e-01
7.871397137641906738e-01
7.871397137641906738e-01
7.871397137641906738e-01
7.893570065498352051e-01
7.893570065498352051e-01
7.871397137641906738e-01
7.871397137641906738e-01
7.871397137641906738e-01
7.871397137641906738e-01
7.871397137641906738e-01
7.871397137641906738e-01
7.871397137641906738e-01
7.871397137641906738e-01
7.893570065498352051e-01
7.893570065498352051e-01
7.893570065498352051e-01
7.893570065498352051e-01
7.915742993354797363e-01
7.915742993354797363e-01
7.915742993354797363e-01
7.915742993354797363e-01
7.937915921211242676e-01
7.937915921211242676e-01
7.937915921211242676e-01
7.960088849067687988e-01
7.960088849067687988e-01
7.960088849067687988e-01
7.937915921211242676e-01
7.937915921211242676e-01
7.937915921211242676e-01
7.937915921211242676e-01
7.937915921211242676e-01
7.937915921211242676e-01
7.937915921211242676e-01
7.937915921211242676e-01
7.915742993354797363e-01
7.893570065498352051e-01
7.893570065498352051e-01
7.893570065498352051e-01
7.893570065498352051e-01
7.893570065498352051e-01
7.893570065498352051e-01
7.893570065498352051e-01
7.893570065498352051e-01
7.893570065498352051e-01
7.893570065498352051e-01
7.893570065498352051e-01
7.893570065498352051e-01
7.871397137641906738e-01
7.871397137641906738e-01
7.871397137641906738e-01
7.871397137641906738e-01
7.871397137641906738e-01
7.871397137641906738e-01
7.871397137641906738e-01
7.871397137641906738e-01
7.871397137641906738e-01
7.871397137641906738e-01
7.893570065498352051e-01
7.893570065498352051e-01
7.893570065498352051e-01
7.915742993354797363e-01
7.915742993354797363e-01
7.915742993354797363e-01
7.915742993354797363e-01
7.915742993354797363e-01
7.915742993354797363e-01
7.915742993354797363e-01
7.915742993354797363e-01
7.915742993354797363e-01
7.915742993354797363e-01
7.915742993354797363e-01
7.915742993354797363e-01
7.915742993354797363e-01
7.915742993354797363e-01
7.915742993354797363e-01
7.915742993354797363e-01
7.915742993354797363e-01
7.915742993354797363e-01
7.915742993354797363e-01
7.915742993354797363e-01
7.915742993354797363e-01
7.915742993354797363e-01
7.915742993354797363e-01
7.893570065498352051e-01
7.893570065498352051e-01
7.893570065498352051e-01
7.915742993354797363e-01
7.915742993354797363e-01
7.915742993354797363e-01
7.915742993354797363e-01
7.937915921211242676e-01
7.937915921211242676e-01
7.937915921211242676e-01
7.937915921211242676e-01
7.937915921211242676e-01
7.960088849067687988e-01
7.960088849067687988e-01
7.960088849067687988e-01
7.960088849067687988e-01
7.960088849067687988e-01
7.960088849067687988e-01
7.982261776924133301e-01
7.982261776924133301e-01
8.004434704780578613e-01
8.004434704780578613e-01
8.004434704780578613e-01
8.004434704780578613e-01
8.026607632637023926e-01
8.026607632637023926e-01
8.026607632637023926e-01
8.026607632637023926e-01
8.026607632637023926e-01
8.026607632637023926e-01
8.026607632637023926e-01
8.026607632637023926e-01
8.026607632637023926e-01
8.026607632637023926e-01
8.048780560493469238e-01
8.048780560493469238e-01
8.026607632637023926e-01
8.026607632637023926e-01
8.026607632637023926e-01
8.026607632637023926e-01
8.026607632637023926e-01
8.026607632637023926e-01
8.026607632637023926e-01
8.026607632637023926e-01
8.026607632637023926e-01
8.026607632637023926e-01
8.048780560493469238e-01
8.048780560493469238e-01
8.048780560493469238e-01
8.048780560493469238e-01
8.048780560493469238e-01
8.048780560493469238e-01
8.048780560493469238e-01
8.070953488349914551e-01
8.070953488349914551e-01
8.093126416206359863e-01
8.093126416206359863e-01
8.093126416206359863e-01
8.115299344062805176e-01
8.115299344062805176e-01
8.115299344062805176e-01
8.115299344062805176e-01
8.115299344062805176e-01
8.115299344062805176e-01
8.115299344062805176e-01
8.115299344062805176e-01
8.115299344062805176e-01
8.115299344062805176e-01
8.115299344062805176e-01
8.093126416206359863e-01
8.070953488349914551e-01
8.070953488349914551e-01
8.070953488349914551e-01
8.070953488349914551e-01
8.070953488349914551e-01
8.070953488349914551e-01
8.070953488349914551e-01
8.070953488349914551e-01
8.070953488349914551e-01
8.070953488349914551e-01
8.070953488349914551e-01
8.070953488349914551e-01
8.048780560493469238e-01
8.048780560493469238e-01
8.048780560493469238e-01
8.048780560493469238e-01
8.048780560493469238e-01
8.048780560493469238e-01
8.048780560493469238e-01
8.048780560493469238e-01
8.048780560493469238e-01
8.048780560493469238e-01
8.048780560493469238e-01
8.048780560493469238e-01
8.048780560493469238e-01
8.048780560493469238e-01
8.048780560493469238e-01
8.048780560493469238e-01
8.026607632637023926e-01
8.026607632637023926e-01
8.026607632637023926e-01
8.026607632637023926e-01
8.026607632637023926e-01
8.026607632637023926e-01
8.026607632637023926e-01
8.026607632637023926e-01
8.026607632637023926e-01
8.026607632637023926e-01
8.026607632637023926e-01
8.026607632637023926e-01
8.026607632637023926e-01
8.026607632637023926e-01
8.026607632637023926e-01
8.026607632637023926e-01
8.026607632637023926e-01
8.026607632637023926e-01
8.026607632637023926e-01
8.026607632637023926e-01
8.026607632637023926e-01
8.026607632637023926e-01
8.026607632637023926e-01
8.026607632637023926e-01
8.026607632637023926e-01
8.026607632637023926e-01
8.048780560493469238e-01
8.048780560493469238e-01
8.048780560493469238e-01
8.048780560493469238e-01
8.048780560493469238e-01
8.048780560493469238e-01
8.048780560493469238e-01
8.048780560493469238e-01
8.048780560493469238e-01
8.048780560493469238e-01
8.048780560493469238e-01
8.048780560493469238e-01
8.048780560493469238e-01
8.048780560493469238e-01
8.048780560493469238e-01
8.048780560493469238e-01
8.048780560493469238e-01
8.048780560493469238e-01
8.070953488349914551e-01
8.070953488349914551e-01
8.070953488349914551e-01
8.070953488349914551e-01
8.070953488349914551e-01
8.070953488349914551e-01
8.070953488349914551e-01
8.070953488349914551e-01
8.070953488349914551e-01
8.070953488349914551e-01
8.070953488349914551e-01
8.070953488349914551e-01
8.070953488349914551e-01
8.070953488349914551e-01
8.093126416206359863e-01
8.093126416206359863e-01
8.093126416206359863e-01
8.093126416206359863e-01
8.093126416206359863e-01
8.093126416206359863e-01
8.093126416206359863e-01
8.093126416206359863e-01
8.093126416206359863e-01
8.093126416206359863e-01
8.093126416206359863e-01
8.093126416206359863e-01
8.093126416206359863e-01
8.093126416206359863e-01
8.093126416206359863e-01
8.093126416206359863e-01
8.093126416206359863e-01
8.093126416206359863e-01
8.093126416206359863e-01
8.093126416206359863e-01
8.093126416206359863e-01
8.093126416206359863e-01
8.093126416206359863e-01
8.093126416206359863e-01
8.093126416206359863e-01
8.093126416206359863e-01
8.093126416206359863e-01
8.093126416206359863e-01
8.093126416206359863e-01
8.093126416206359863e-01
8.093126416206359863e-01
8.093126416206359863e-01
8.093126416206359863e-01
8.093126416206359863e-01
8.093126416206359863e-01
8.093126416206359863e-01
8.093126416206359863e-01
8.093126416206359863e-01
8.093126416206359863e-01
8.093126416206359863e-01
8.093126416206359863e-01
8.093126416206359863e-01
8.093126416206359863e-01
8.093126416206359863e-01
8.093126416206359863e-01
8.115299344062805176e-01
8.115299344062805176e-01
8.115299344062805176e-01
8.115299344062805176e-01
8.115299344062805176e-01
8.115299344062805176e-01
8.115299344062805176e-01
8.115299344062805176e-01
8.115299344062805176e-01
8.137472271919250488e-01
8.137472271919250488e-01
8.159645199775695801e-01
8.159645199775695801e-01
8.159645199775695801e-01
8.159645199775695801e-01
8.159645199775695801e-01
8.159645199775695801e-01
8.159645199775695801e-01
8.159645199775695801e-01
8.159645199775695801e-01
8.159645199775695801e-01
8.159645199775695801e-01
8.159645199775695801e-01
8.159645199775695801e-01
8.159645199775695801e-01
8.159645199775695801e-01
8.181818127632141113e-01
8.203991055488586426e-01
8.203991055488586426e-01
8.203991055488586426e-01
8.203991055488586426e-01
8.203991055488586426e-01
8.203991055488586426e-01
8.203991055488586426e-01
8.203991055488586426e-01
8.203991055488586426e-01
8.203991055488586426e-01
8.203991055488586426e-01
8.203991055488586426e-01
8.203991055488586426e-01
8.203991055488586426e-01
8.203991055488586426e-01
8.203991055488586426e-01
8.203991055488586426e-01
8.203991055488586426e-01
8.203991055488586426e-01
8.203991055488586426e-01
8.203991055488586426e-01
8.226163983345031738e-01
8.203991055488586426e-01
8.203991055488586426e-01
8.203991055488586426e-01
8.203991055488586426e-01
8.203991055488586426e-01
8.203991055488586426e-01
8.181818127632141113e-01
8.181818127632141113e-01
8.181818127632141113e-01
8.181818127632141113e-01
8.181818127632141113e-01
8.181818127632141113e-01
8.181818127632141113e-01
8.181818127632141113e-01
8.181818127632141113e-01
8.181818127632141113e-01
8.181818127632141113e-01
8.181818127632141113e-01
8.181818127632141113e-01
8.181818127632141113e-01
8.181818127632141113e-01
8.181818127632141113e-01
8.181818127632141113e-01
8.181818127632141113e-01
8.181818127632141113e-01
8.181818127632141113e-01
8.226163983345031738e-01
8.226163983345031738e-01
8.226163983345031738e-01
8.226163983345031738e-01
8.226163983345031738e-01
8.226163983345031738e-01
8.226163983345031738e-01
8.226163983345031738e-01
8.226163983345031738e-01
8.226163983345031738e-01
8.226163983345031738e-01
8.226163983345031738e-01
8.248336911201477051e-01
8.248336911201477051e-01
8.270509839057922363e-01
8.270509839057922363e-01
8.270509839057922363e-01
8.270509839057922363e-01
8.248336911201477051e-01
8.226163983345031738e-01
8.226163983345031738e-01
8.226163983345031738e-01
8.226163983345031738e-01
8.226163983345031738e-01
8.226163983345031738e-01
8.226163983345031738e-01
8.226163983345031738e-01
8.226163983345031738e-01
8.226163983345031738e-01
8.226163983345031738e-01
8.226163983345031738e-01
8.226163983345031738e-01
8.226163983345031738e-01
8.248336911201477051e-01
8.248336911201477051e-01
8.248336911201477051e-01
8.248336911201477051e-01
8.248336911201477051e-01
8.248336911201477051e-01
8.248336911201477051e-01
8.248336911201477051e-01
8.248336911201477051e-01
8.248336911201477051e-01
8.248336911201477051e-01
8.248336911201477051e-01
8.248336911201477051e-01
8.248336911201477051e-01
8.248336911201477051e-01
8.248336911201477051e-01
8.248336911201477051e-01
8.248336911201477051e-01
8.248336911201477051e-01
8.248336911201477051e-01
8.248336911201477051e-01
8.248336911201477051e-01
8.248336911201477051e-01
8.248336911201477051e-01
8.248336911201477051e-01
8.248336911201477051e-01
8.248336911201477051e-01
8.248336911201477051e-01
8.248336911201477051e-01
8.248336911201477051e-01
8.248336911201477051e-01
8.248336911201477051e-01
8.248336911201477051e-01
8.248336911201477051e-01
8.248336911201477051e-01
8.248336911201477051e-01
8.248336911201477051e-01
8.248336911201477051e-01
8.248336911201477051e-01
8.248336911201477051e-01
8.248336911201477051e-01
8.248336911201477051e-01
8.248336911201477051e-01
8.248336911201477051e-01
8.248336911201477051e-01
8.248336911201477051e-01
8.248336911201477051e-01
8.248336911201477051e-01
8.248336911201477051e-01
8.248336911201477051e-01
8.248336911201477051e-01
8.248336911201477051e-01
8.248336911201477051e-01
8.248336911201477051e-01
8.248336911201477051e-01
8.248336911201477051e-01
8.248336911201477051e-01
8.248336911201477051e-01
8.248336911201477051e-01
8.248336911201477051e-01
8.248336911201477051e-01
8.248336911201477051e-01
8.248336911201477051e-01
8.248336911201477051e-01
8.248336911201477051e-01
8.248336911201477051e-01
8.248336911201477051e-01
8.248336911201477051e-01
8.248336911201477051e-01
8.248336911201477051e-01
8.270509839057922363e-01
8.270509839057922363e-01
8.270509839057922363e-01
8.270509839057922363e-01
8.270509839057922363e-01
8.270509839057922363e-01
8.270509839057922363e-01
8.270509839057922363e-01
8.270509839057922363e-01
8.270509839057922363e-01
8.270509839057922363e-01
8.270509839057922363e-01
8.270509839057922363e-01
8.270509839057922363e-01
8.270509839057922363e-01
8.270509839057922363e-01
8.270509839057922363e-01
8.270509839057922363e-01
8.270509839057922363e-01
8.270509839057922363e-01
8.270509839057922363e-01
8.270509839057922363e-01
8.270509839057922363e-01
8.270509839057922363e-01
8.270509839057922363e-01
8.270509839057922363e-01
8.270509839057922363e-01
8.270509839057922363e-01
8.270509839057922363e-01
8.270509839057922363e-01
8.270509839057922363e-01
8.270509839057922363e-01
8.270509839057922363e-01
8.270509839057922363e-01
8.270509839057922363e-01
8.270509839057922363e-01
8.292682766914367676e-01
8.292682766914367676e-01
8.292682766914367676e-01
8.292682766914367676e-01
8.292682766914367676e-01
8.292682766914367676e-01
8.292682766914367676e-01
8.292682766914367676e-01
8.292682766914367676e-01
8.292682766914367676e-01
8.292682766914367676e-01
8.292682766914367676e-01
8.292682766914367676e-01
8.292682766914367676e-01
8.292682766914367676e-01
8.292682766914367676e-01
8.292682766914367676e-01
8.292682766914367676e-01
8.292682766914367676e-01
8.292682766914367676e-01
8.292682766914367676e-01
8.292682766914367676e-01
8.292682766914367676e-01
8.292682766914367676e-01
8.292682766914367676e-01
8.292682766914367676e-01
8.292682766914367676e-01
8.292682766914367676e-01
8.314855694770812988e-01
8.314855694770812988e-01
8.314855694770812988e-01
8.314855694770812988e-01
8.314855694770812988e-01
8.314855694770812988e-01
8.314855694770812988e-01
8.314855694770812988e-01
8.314855694770812988e-01
8.314855694770812988e-01
8.314855694770812988e-01
8.314855694770812988e-01
8.314855694770812988e-01
8.314855694770812988e-01
8.314855694770812988e-01
8.314855694770812988e-01
8.314855694770812988e-01
8.314855694770812988e-01
8.314855694770812988e-01
8.314855694770812988e-01
8.314855694770812988e-01
8.292682766914367676e-01
8.292682766914367676e-01
8.292682766914367676e-01
8.292682766914367676e-01
8.292682766914367676e-01
8.292682766914367676e-01
8.292682766914367676e-01
8.292682766914367676e-01
8.292682766914367676e-01
8.292682766914367676e-01
8.314855694770812988e-01
8.314855694770812988e-01
8.314855694770812988e-01
8.314855694770812988e-01
8.314855694770812988e-01
8.314855694770812988e-01
8.314855694770812988e-01
8.314855694770812988e-01
8.314855694770812988e-01
8.314855694770812988e-01
8.314855694770812988e-01
8.314855694770812988e-01
8.337028622627258301e-01
8.337028622627258301e-01
8.337028622627258301e-01
8.337028622627258301e-01
8.359201550483703613e-01
8.359201550483703613e-01
8.359201550483703613e-01
8.359201550483703613e-01
8.359201550483703613e-01
8.359201550483703613e-01
8.359201550483703613e-01
8.359201550483703613e-01
8.359201550483703613e-01
8.359201550483703613e-01
8.359201550483703613e-01
8.359201550483703613e-01
8.359201550483703613e-01
8.359201550483703613e-01
8.359201550483703613e-01
8.359201550483703613e-01
8.359201550483703613e-01
8.359201550483703613e-01
8.381374478340148926e-01
8.403547406196594238e-01
8.403547406196594238e-01
8.403547406196594238e-01
8.425720334053039551e-01
8.425720334053039551e-01
8.425720334053039551e-01
8.425720334053039551e-01
8.425720334053039551e-01
8.425720334053039551e-01
8.425720334053039551e-01
8.425720334053039551e-01
8.447893857955932617e-01
8.447893857955932617e-01
8.447893857955932617e-01
8.447893857955932617e-01
8.447893857955932617e-01
8.447893857955932617e-01
8.447893857955932617e-01
8.447893857955932617e-01
8.447893857955932617e-01
8.447893857955932617e-01
8.470066785812377930e-01
8.470066785812377930e-01
8.470066785812377930e-01
8.470066785812377930e-01
8.470066785812377930e-01
8.470066785812377930e-01
8.470066785812377930e-01
8.470066785812377930e-01
8.470066785812377930e-01
8.470066785812377930e-01
8.447893857955932617e-01
8.447893857955932617e-01
8.447893857955932617e-01
8.447893857955932617e-01
8.447893857955932617e-01
8.447893857955932617e-01
8.470066785812377930e-01
8.470066785812377930e-01
8.470066785812377930e-01
8.470066785812377930e-01
8.470066785812377930e-01
8.470066785812377930e-01
8.470066785812377930e-01
8.470066785812377930e-01
8.470066785812377930e-01
8.470066785812377930e-01
8.470066785812377930e-01
8.470066785812377930e-01
8.470066785812377930e-01
8.470066785812377930e-01
8.470066785812377930e-01
8.470066785812377930e-01
8.470066785812377930e-01
8.470066785812377930e-01
8.492239713668823242e-01
8.492239713668823242e-01
8.492239713668823242e-01
8.492239713668823242e-01
8.514412641525268555e-01
8.514412641525268555e-01
8.536585569381713867e-01
8.558758497238159180e-01
8.558758497238159180e-01
8.558758497238159180e-01
8.558758497238159180e-01
8.558758497238159180e-01
8.558758497238159180e-01
8.558758497238159180e-01
8.558758497238159180e-01
8.558758497238159180e-01
8.603104352951049805e-01
8.580931425094604492e-01
8.580931425094604492e-01
8.580931425094604492e-01
8.580931425094604492e-01
8.580931425094604492e-01
8.580931425094604492e-01
8.580931425094604492e-01
8.580931425094604492e-01
8.580931425094604492e-01
8.580931425094604492e-01
8.580931425094604492e-01
8.580931425094604492e-01
8.580931425094604492e-01
8.580931425094604492e-01
8.580931425094604492e-01
8.580931425094604492e-01
8.580931425094604492e-01
8.580931425094604492e-01
8.580931425094604492e-01
8.580931425094604492e-01
8.580931425094604492e-01
8.580931425094604492e-01
8.580931425094604492e-01
8.580931425094604492e-01
8.580931425094604492e-01
8.580931425094604492e-01
8.580931425094604492e-01
8.580931425094604492e-01
8.580931425094604492e-01
8.580931425094604492e-01
8.580931425094604492e-01
8.580931425094604492e-01
8.580931425094604492e-01
8.580931425094604492e-01
8.580931425094604492e-01
8.580931425094604492e-01
8.580931425094604492e-01
8.580931425094604492e-01
8.580931425094604492e-01
8.580931425094604492e-01
8.603104352951049805e-01
8.603104352951049805e-01
8.603104352951049805e-01
8.603104352951049805e-01
8.603104352951049805e-01
8.603104352951049805e-01
8.603104352951049805e-01
8.603104352951049805e-01
8.603104352951049805e-01
8.603104352951049805e-01
8.603104352951049805e-01
8.580931425094604492e-01
8.580931425094604492e-01
8.580931425094604492e-01
8.580931425094604492e-01
8.580931425094604492e-01
8.580931425094604492e-01
8.580931425094604492e-01
8.603104352951049805e-01
8.603104352951049805e-01
8.603104352951049805e-01
8.603104352951049805e-01
8.603104352951049805e-01
8.603104352951049805e-01
8.603104352951049805e-01
8.603104352951049805e-01
8.625277280807495117e-01
8.625277280807495117e-01
8.625277280807495117e-01
8.625277280807495117e-01
8.625277280807495117e-01
8.625277280807495117e-01
8.625277280807495117e-01
8.625277280807495117e-01
8.625277280807495117e-01
8.625277280807495117e-01
8.625277280807495117e-01
8.625277280807495117e-01
8.625277280807495117e-01
8.625277280807495117e-01
8.625277280807495117e-01
8.625277280807495117e-01
8.625277280807495117e-01
8.647450208663940430e-01
8.647450208663940430e-01
8.647450208663940430e-01
8.647450208663940430e-01
8.647450208663940430e-01
8.669623136520385742e-01
8.669623136520385742e-01
8.669623136520385742e-01
8.691796064376831055e-01
8.691796064376831055e-01
8.691796064376831055e-01
8.713968992233276367e-01
8.713968992233276367e-01
8.713968992233276367e-01
8.713968992233276367e-01
8.713968992233276367e-01
8.713968992233276367e-01
8.713968992233276367e-01
8.736141920089721680e-01
8.736141920089721680e-01
8.736141920089721680e-01
8.736141920089721680e-01
8.736141920089721680e-01
8.736141920089721680e-01
8.736141920089721680e-01
8.736141920089721680e-01
8.736141920089721680e-01
8.736141920089721680e-01
8.736141920089721680e-01
8.736141920089721680e-01
8.736141920089721680e-01
8.736141920089721680e-01
8.758314847946166992e-01
8.758314847946166992e-01
8.758314847946166992e-01
8.758314847946166992e-01
8.736141920089721680e-01
8.736141920089721680e-01
8.736141920089721680e-01
8.758314847946166992e-01
8.758314847946166992e-01
8.758314847946166992e-01
8.758314847946166992e-01
8.758314847946166992e-01
8.758314847946166992e-01
8.758314847946166992e-01
8.758314847946166992e-01
8.758314847946166992e-01
8.736141920089721680e-01
8.736141920089721680e-01
8.736141920089721680e-01
8.736141920089721680e-01
8.736141920089721680e-01
8.736141920089721680e-01
8.736141920089721680e-01
8.736141920089721680e-01
8.736141920089721680e-01
8.736141920089721680e-01
8.736141920089721680e-01
8.736141920089721680e-01
8.736141920089721680e-01
8.736141920089721680e-01
8.736141920089721680e-01
8.736141920089721680e-01
8.736141920089721680e-01
8.736141920089721680e-01
8.736141920089721680e-01
8.736141920089721680e-01
8.736141920089721680e-01
8.736141920089721680e-01
8.736141920089721680e-01
8.736141920089721680e-01
8.736141920089721680e-01
8.736141920089721680e-01
8.736141920089721680e-01
8.736141920089721680e-01
8.736141920089721680e-01
8.736141920089721680e-01
8.736141920089721680e-01
8.736141920089721680e-01
8.736141920089721680e-01
8.736141920089721680e-01
8.736141920089721680e-01
8.736141920089721680e-01
8.736141920089721680e-01
8.736141920089721680e-01
8.736141920089721680e-01
8.736141920089721680e-01
8.736141920089721680e-01
8.736141920089721680e-01
8.736141920089721680e-01
8.736141920089721680e-01
8.736141920089721680e-01
8.736141920089721680e-01
8.736141920089721680e-01
8.736141920089721680e-01
8.736141920089721680e-01
8.736141920089721680e-01
8.736141920089721680e-01
8.736141920089721680e-01
8.736141920089721680e-01
8.736141920089721680e-01
8.736141920089721680e-01
8.736141920089721680e-01
8.736141920089721680e-01
8.736141920089721680e-01
8.736141920089721680e-01
8.736141920089721680e-01
8.736141920089721680e-01
8.736141920089721680e-01
8.736141920089721680e-01
8.736141920089721680e-01
8.736141920089721680e-01
8.736141920089721680e-01
8.736141920089721680e-01
8.736141920089721680e-01
8.736141920089721680e-01
8.736141920089721680e-01
8.736141920089721680e-01
8.736141920089721680e-01
8.736141920089721680e-01
8.736141920089721680e-01
8.736141920089721680e-01
8.736141920089721680e-01
8.736141920089721680e-01
8.736141920089721680e-01
8.736141920089721680e-01
8.736141920089721680e-01
8.736141920089721680e-01
8.736141920089721680e-01
8.736141920089721680e-01
8.736141920089721680e-01
8.736141920089721680e-01
8.736141920089721680e-01
8.736141920089721680e-01
8.736141920089721680e-01
8.736141920089721680e-01
8.736141920089721680e-01
8.736141920089721680e-01
8.736141920089721680e-01
8.736141920089721680e-01
8.736141920089721680e-01
8.736141920089721680e-01
8.736141920089721680e-01
8.736141920089721680e-01
8.736141920089721680e-01
8.736141920089721680e-01
8.736141920089721680e-01
8.736141920089721680e-01
8.736141920089721680e-01
8.736141920089721680e-01
8.736141920089721680e-01
8.736141920089721680e-01
8.736141920089721680e-01
8.736141920089721680e-01
8.736141920089721680e-01
8.736141920089721680e-01
8.736141920089721680e-01
8.736141920089721680e-01
8.736141920089721680e-01
8.736141920089721680e-01
8.736141920089721680e-01
8.736141920089721680e-01
8.736141920089721680e-01
8.736141920089721680e-01
8.736141920089721680e-01
8.736141920089721680e-01
8.736141920089721680e-01
8.736141920089721680e-01
8.736141920089721680e-01
8.736141920089721680e-01
8.736141920089721680e-01
8.736141920089721680e-01
8.736141920089721680e-01
8.736141920089721680e-01
8.736141920089721680e-01
8.736141920089721680e-01
8.736141920089721680e-01
8.736141920089721680e-01
8.736141920089721680e-01
8.736141920089721680e-01
8.736141920089721680e-01
8.736141920089721680e-01
8.736141920089721680e-01
8.736141920089721680e-01
8.736141920089721680e-01
8.736141920089721680e-01
8.736141920089721680e-01
8.736141920089721680e-01
8.736141920089721680e-01
8.736141920089721680e-01
8.736141920089721680e-01
8.758314847946166992e-01
8.758314847946166992e-01
8.780487775802612305e-01
8.780487775802612305e-01
8.802660703659057617e-01
8.802660703659057617e-01
8.802660703659057617e-01
8.802660703659057617e-01
8.802660703659057617e-01
8.802660703659057617e-01
8.802660703659057617e-01
8.802660703659057617e-01
8.802660703659057617e-01
8.802660703659057617e-01
8.802660703659057617e-01
8.802660703659057617e-01
8.802660703659057617e-01
8.802660703659057617e-01
8.802660703659057617e-01
8.802660703659057617e-01
8.802660703659057617e-01
8.802660703659057617e-01
8.802660703659057617e-01
8.802660703659057617e-01
8.802660703659057617e-01
8.802660703659057617e-01
8.802660703659057617e-01
8.802660703659057617e-01
8.802660703659057617e-01
8.802660703659057617e-01
8.802660703659057617e-01
8.802660703659057617e-01
8.802660703659057617e-01
8.802660703659057617e-01
8.802660703659057617e-01
8.802660703659057617e-01
8.802660703659057617e-01
8.802660703659057617e-01
8.802660703659057617e-01
8.802660703659057617e-01
8.802660703659057617e-01
8.802660703659057617e-01
8.802660703659057617e-01
8.802660703659057617e-01
8.802660703659057617e-01
8.824833631515502930e-01
8.824833631515502930e-01
8.824833631515502930e-01
8.824833631515502930e-01
8.824833631515502930e-01
8.824833631515502930e-01
8.824833631515502930e-01
8.824833631515502930e-01
8.824833631515502930e-01
8.824833631515502930e-01
8.824833631515502930e-01
8.824833631515502930e-01
8.824833631515502930e-01
8.824833631515502930e-01
8.824833631515502930e-01
8.824833631515502930e-01
8.824833631515502930e-01
8.824833631515502930e-01
8.824833631515502930e-01
8.824833631515502930e-01
8.824833631515502930e-01
8.824833631515502930e-01
8.847006559371948242e-01
8.847006559371948242e-01
8.847006559371948242e-01
8.847006559371948242e-01
8.847006559371948242e-01
8.847006559371948242e-01
8.847006559371948242e-01
8.847006559371948242e-01
8.847006559371948242e-01
8.847006559371948242e-01
8.847006559371948242e-01
8.847006559371948242e-01
8.847006559371948242e-01
8.847006559371948242e-01
8.847006559371948242e-01
8.847006559371948242e-01
8.847006559371948242e-01
8.847006559371948242e-01
8.847006559371948242e-01
8.847006559371948242e-01
8.847006559371948242e-01
8.847006559371948242e-01
8.847006559371948242e-01
8.847006559371948242e-01
8.824833631515502930e-01
8.824833631515502930e-01
8.824833631515502930e-01
8.824833631515502930e-01
8.824833631515502930e-01
8.824833631515502930e-01
8.824833631515502930e-01
8.824833631515502930e-01
8.824833631515502930e-01
8.824833631515502930e-01
8.824833631515502930e-01
8.824833631515502930e-01
8.824833631515502930e-01
8.824833631515502930e-01
8.824833631515502930e-01
8.824833631515502930e-01
8.824833631515502930e-01
8.824833631515502930e-01
8.824833631515502930e-01
8.847006559371948242e-01
8.847006559371948242e-01
8.847006559371948242e-01
8.847006559371948242e-01
8.847006559371948242e-01
8.847006559371948242e-01
8.847006559371948242e-01
8.847006559371948242e-01
8.847006559371948242e-01
8.847006559371948242e-01
8.847006559371948242e-01
8.847006559371948242e-01
8.847006559371948242e-01
8.847006559371948242e-01
8.847006559371948242e-01
8.847006559371948242e-01
8.847006559371948242e-01
8.847006559371948242e-01
8.847006559371948242e-01
8.847006559371948242e-01
8.847006559371948242e-01
8.847006559371948242e-01
8.847006559371948242e-01
8.847006559371948242e-01
8.869179487228393555e-01
8.869179487228393555e-01
8.869179487228393555e-01
8.869179487228393555e-01
8.869179487228393555e-01
8.869179487228393555e-01
8.869179487228393555e-01
8.869179487228393555e-01
8.869179487228393555e-01
8.891352415084838867e-01
8.891352415084838867e-01
8.891352415084838867e-01
8.891352415084838867e-01
8.913525342941284180e-01
8.913525342941284180e-01
8.913525342941284180e-01
8.913525342941284180e-01
8.913525342941284180e-01
8.913525342941284180e-01
8.913525342941284180e-01
8.913525342941284180e-01
8.913525342941284180e-01
8.913525342941284180e-01
8.913525342941284180e-01
8.913525342941284180e-01
8.913525342941284180e-01
8.913525342941284180e-01
8.913525342941284180e-01
8.913525342941284180e-01
8.913525342941284180e-01
8.913525342941284180e-01
8.913525342941284180e-01
8.913525342941284180e-01
8.913525342941284180e-01
8.913525342941284180e-01
8.913525342941284180e-01
8.913525342941284180e-01
8.913525342941284180e-01
8.913525342941284180e-01
8.913525342941284180e-01
8.913525342941284180e-01
8.913525342941284180e-01
8.913525342941284180e-01
8.913525342941284180e-01
8.913525342941284180e-01
8.913525342941284180e-01
8.913525342941284180e-01
8.913525342941284180e-01
8.913525342941284180e-01
8.913525342941284180e-01
8.913525342941284180e-01
8.913525342941284180e-01
8.913525342941284180e-01
8.913525342941284180e-01
8.913525342941284180e-01
8.913525342941284180e-01
8.913525342941284180e-01
8.913525342941284180e-01
8.935698270797729492e-01
8.935698270797729492e-01
8.913525342941284180e-01
8.913525342941284180e-01
8.913525342941284180e-01
8.913525342941284180e-01
8.913525342941284180e-01
8.913525342941284180e-01
8.913525342941284180e-01
8.913525342941284180e-01
8.913525342941284180e-01
8.913525342941284180e-01
8.913525342941284180e-01
8.913525342941284180e-01
8.913525342941284180e-01
8.913525342941284180e-01
8.913525342941284180e-01
8.913525342941284180e-01
8.913525342941284180e-01
8.913525342941284180e-01
8.913525342941284180e-01
8.913525342941284180e-01
8.913525342941284180e-01
8.913525342941284180e-01
8.913525342941284180e-01
8.913525342941284180e-01
8.913525342941284180e-01
8.913525342941284180e-01
8.913525342941284180e-01
8.935698270797729492e-01
8.935698270797729492e-01
8.935698270797729492e-01
8.935698270797729492e-01
8.935698270797729492e-01
8.935698270797729492e-01
8.935698270797729492e-01
8.935698270797729492e-01
8.935698270797729492e-01
8.935698270797729492e-01
8.935698270797729492e-01
8.935698270797729492e-01
8.935698270797729492e-01
8.935698270797729492e-01
8.935698270797729492e-01
8.935698270797729492e-01
8.935698270797729492e-01
8.935698270797729492e-01
8.935698270797729492e-01
8.935698270797729492e-01
8.935698270797729492e-01
8.913525342941284180e-01
8.913525342941284180e-01
8.913525342941284180e-01
8.913525342941284180e-01
8.913525342941284180e-01
8.913525342941284180e-01
8.913525342941284180e-01
8.913525342941284180e-01
8.913525342941284180e-01
8.913525342941284180e-01
8.913525342941284180e-01
8.913525342941284180e-01
8.913525342941284180e-01
8.913525342941284180e-01
8.913525342941284180e-01
8.913525342941284180e-01
8.913525342941284180e-01
8.913525342941284180e-01
8.913525342941284180e-01
8.913525342941284180e-01
8.935698270797729492e-01
8.935698270797729492e-01
8.935698270797729492e-01
8.935698270797729492e-01
8.935698270797729492e-01
8.935698270797729492e-01
8.935698270797729492e-01
8.935698270797729492e-01
8.935698270797729492e-01
8.935698270797729492e-01
8.935698270797729492e-01
8.935698270797729492e-01
8.913525342941284180e-01
8.913525342941284180e-01
8.913525342941284180e-01
8.913525342941284180e-01
8.913525342941284180e-01
8.913525342941284180e-01
8.913525342941284180e-01
8.913525342941284180e-01
8.913525342941284180e-01
8.913525342941284180e-01
8.913525342941284180e-01
8.913525342941284180e-01
8.913525342941284180e-01
8.913525342941284180e-01
8.913525342941284180e-01
8.913525342941284180e-01
8.913525342941284180e-01
8.913525342941284180e-01
8.913525342941284180e-01
8.913525342941284180e-01
8.913525342941284180e-01
8.913525342941284180e-01
8.913525342941284180e-01
8.913525342941284180e-01
8.913525342941284180e-01
8.913525342941284180e-01
8.913525342941284180e-01
8.913525342941284180e-01
8.913525342941284180e-01
8.913525342941284180e-01
8.913525342941284180e-01
8.913525342941284180e-01
8.913525342941284180e-01
8.913525342941284180e-01
8.913525342941284180e-01
8.913525342941284180e-01
8.913525342941284180e-01
8.913525342941284180e-01
8.913525342941284180e-01
8.913525342941284180e-01
8.913525342941284180e-01
8.913525342941284180e-01
8.913525342941284180e-01
8.913525342941284180e-01
8.913525342941284180e-01
8.913525342941284180e-01
8.913525342941284180e-01
8.913525342941284180e-01
8.913525342941284180e-01
8.913525342941284180e-01
8.913525342941284180e-01
8.913525342941284180e-01
8.913525342941284180e-01
8.913525342941284180e-01
8.913525342941284180e-01
8.913525342941284180e-01
8.913525342941284180e-01
8.913525342941284180e-01
8.913525342941284180e-01
8.913525342941284180e-01
8.913525342941284180e-01
8.913525342941284180e-01
8.913525342941284180e-01
8.913525342941284180e-01
8.913525342941284180e-01
8.913525342941284180e-01
8.913525342941284180e-01
8.913525342941284180e-01
8.913525342941284180e-01
8.913525342941284180e-01
8.913525342941284180e-01
8.913525342941284180e-01
8.913525342941284180e-01
8.913525342941284180e-01
8.913525342941284180e-01
8.913525342941284180e-01
8.913525342941284180e-01
8.913525342941284180e-01
8.913525342941284180e-01
8.913525342941284180e-01
8.913525342941284180e-01
8.913525342941284180e-01
8.913525342941284180e-01
8.913525342941284180e-01
8.913525342941284180e-01
8.913525342941284180e-01
8.913525342941284180e-01
8.913525342941284180e-01
8.913525342941284180e-01
8.913525342941284180e-01
8.913525342941284180e-01
8.913525342941284180e-01
8.913525342941284180e-01
8.913525342941284180e-01
8.913525342941284180e-01
8.913525342941284180e-01
8.913525342941284180e-01
8.913525342941284180e-01
8.913525342941284180e-01
8.913525342941284180e-01
8.913525342941284180e-01
8.913525342941284180e-01
8.913525342941284180e-01
8.913525342941284180e-01
8.913525342941284180e-01
8.913525342941284180e-01
8.913525342941284180e-01
8.913525342941284180e-01
8.913525342941284180e-01
8.913525342941284180e-01
8.913525342941284180e-01
8.913525342941284180e-01
8.913525342941284180e-01
8.913525342941284180e-01
8.913525342941284180e-01
8.913525342941284180e-01
8.913525342941284180e-01
8.913525342941284180e-01
8.913525342941284180e-01
8.913525342941284180e-01
8.913525342941284180e-01
8.913525342941284180e-01
8.913525342941284180e-01
8.913525342941284180e-01
8.913525342941284180e-01
8.913525342941284180e-01
8.913525342941284180e-01
8.913525342941284180e-01
8.913525342941284180e-01
8.913525342941284180e-01
8.913525342941284180e-01
8.913525342941284180e-01
8.913525342941284180e-01
8.913525342941284180e-01
8.913525342941284180e-01
8.913525342941284180e-01
8.913525342941284180e-01
8.913525342941284180e-01
8.913525342941284180e-01
8.913525342941284180e-01
8.913525342941284180e-01
8.913525342941284180e-01
8.913525342941284180e-01
8.913525342941284180e-01
8.913525342941284180e-01
8.913525342941284180e-01
8.913525342941284180e-01
8.913525342941284180e-01
8.913525342941284180e-01
8.913525342941284180e-01
8.913525342941284180e-01
8.913525342941284180e-01
8.913525342941284180e-01
8.913525342941284180e-01
8.913525342941284180e-01
8.913525342941284180e-01
8.913525342941284180e-01
8.913525342941284180e-01
8.913525342941284180e-01
8.913525342941284180e-01
8.913525342941284180e-01
8.913525342941284180e-01
8.935698270797729492e-01
8.935698270797729492e-01
8.935698270797729492e-01
8.935698270797729492e-01
8.935698270797729492e-01
8.935698270797729492e-01
8.913525342941284180e-01
8.913525342941284180e-01
8.913525342941284180e-01
8.913525342941284180e-01
8.891352415084838867e-01
8.891352415084838867e-01
8.891352415084838867e-01
8.891352415084838867e-01
8.891352415084838867e-01
8.891352415084838867e-01
8.891352415084838867e-01
8.891352415084838867e-01
8.891352415084838867e-01
8.891352415084838867e-01
8.891352415084838867e-01
8.891352415084838867e-01
8.891352415084838867e-01
8.891352415084838867e-01
8.891352415084838867e-01
8.891352415084838867e-01
8.891352415084838867e-01
8.891352415084838867e-01
8.891352415084838867e-01
8.891352415084838867e-01
8.891352415084838867e-01
8.891352415084838867e-01
8.891352415084838867e-01
8.891352415084838867e-01
8.891352415084838867e-01
8.891352415084838867e-01
8.891352415084838867e-01
8.891352415084838867e-01
8.891352415084838867e-01
8.891352415084838867e-01
8.891352415084838867e-01
8.891352415084838867e-01
8.891352415084838867e-01
8.891352415084838867e-01
8.891352415084838867e-01
8.891352415084838867e-01
8.891352415084838867e-01
8.891352415084838867e-01
8.891352415084838867e-01
8.891352415084838867e-01
8.891352415084838867e-01
8.891352415084838867e-01
8.891352415084838867e-01
8.891352415084838867e-01
8.891352415084838867e-01
8.891352415084838867e-01
8.891352415084838867e-01
8.891352415084838867e-01
8.891352415084838867e-01
8.891352415084838867e-01
8.891352415084838867e-01
8.891352415084838867e-01
8.891352415084838867e-01
8.891352415084838867e-01
8.891352415084838867e-01
8.891352415084838867e-01
8.891352415084838867e-01
8.891352415084838867e-01
8.891352415084838867e-01
8.891352415084838867e-01
8.891352415084838867e-01
8.891352415084838867e-01
8.891352415084838867e-01
8.891352415084838867e-01
8.891352415084838867e-01
8.891352415084838867e-01
8.891352415084838867e-01
8.913525342941284180e-01
8.913525342941284180e-01
8.913525342941284180e-01
8.913525342941284180e-01
8.913525342941284180e-01
8.913525342941284180e-01
8.913525342941284180e-01
8.913525342941284180e-01
8.913525342941284180e-01
8.913525342941284180e-01
8.913525342941284180e-01
8.913525342941284180e-01
8.913525342941284180e-01
8.913525342941284180e-01
8.913525342941284180e-01
8.913525342941284180e-01
8.913525342941284180e-01
8.913525342941284180e-01
8.913525342941284180e-01
8.913525342941284180e-01
8.913525342941284180e-01
8.913525342941284180e-01
8.913525342941284180e-01
8.913525342941284180e-01
8.913525342941284180e-01
8.913525342941284180e-01
8.913525342941284180e-01
8.913525342941284180e-01
8.913525342941284180e-01
8.913525342941284180e-01
8.913525342941284180e-01
8.913525342941284180e-01
8.913525342941284180e-01
8.913525342941284180e-01
8.913525342941284180e-01
8.913525342941284180e-01
8.913525342941284180e-01
8.913525342941284180e-01
8.913525342941284180e-01
8.913525342941284180e-01
8.913525342941284180e-01
8.913525342941284180e-01
8.913525342941284180e-01
8.913525342941284180e-01
8.913525342941284180e-01
8.913525342941284180e-01
8.913525342941284180e-01
8.913525342941284180e-01
8.913525342941284180e-01
8.913525342941284180e-01
8.935698270797729492e-01
8.935698270797729492e-01
8.935698270797729492e-01
8.935698270797729492e-01
8.935698270797729492e-01
8.935698270797729492e-01
8.935698270797729492e-01
8.935698270797729492e-01
8.935698270797729492e-01
8.935698270797729492e-01
8.935698270797729492e-01
8.935698270797729492e-01
8.935698270797729492e-01
8.935698270797729492e-01
8.935698270797729492e-01
8.935698270797729492e-01
8.935698270797729492e-01
8.935698270797729492e-01
8.935698270797729492e-01
8.935698270797729492e-01
8.935698270797729492e-01
8.935698270797729492e-01
8.935698270797729492e-01
8.935698270797729492e-01
8.935698270797729492e-01
8.935698270797729492e-01
8.935698270797729492e-01
8.935698270797729492e-01
8.935698270797729492e-01
8.935698270797729492e-01
8.935698270797729492e-01
8.935698270797729492e-01
8.935698270797729492e-01
8.935698270797729492e-01
8.935698270797729492e-01
8.935698270797729492e-01
8.935698270797729492e-01
8.935698270797729492e-01
8.935698270797729492e-01
8.935698270797729492e-01
8.935698270797729492e-01
8.935698270797729492e-01
8.935698270797729492e-01
8.935698270797729492e-01
8.935698270797729492e-01
8.935698270797729492e-01
8.935698270797729492e-01
8.935698270797729492e-01
8.935698270797729492e-01
8.935698270797729492e-01
8.935698270797729492e-01
8.935698270797729492e-01
8.935698270797729492e-01
8.935698270797729492e-01
8.935698270797729492e-01
8.935698270797729492e-01
8.935698270797729492e-01
8.935698270797729492e-01
8.935698270797729492e-01
8.935698270797729492e-01
8.957871198654174805e-01
8.957871198654174805e-01
8.957871198654174805e-01
8.957871198654174805e-01
8.957871198654174805e-01
8.957871198654174805e-01
8.957871198654174805e-01
8.957871198654174805e-01
8.957871198654174805e-01
8.957871198654174805e-01
8.957871198654174805e-01
8.957871198654174805e-01
8.957871198654174805e-01
8.957871198654174805e-01
8.957871198654174805e-01
8.957871198654174805e-01
8.957871198654174805e-01
8.957871198654174805e-01
8.957871198654174805e-01
8.957871198654174805e-01
8.957871198654174805e-01
8.957871198654174805e-01
8.957871198654174805e-01
8.957871198654174805e-01
8.957871198654174805e-01
8.957871198654174805e-01
8.957871198654174805e-01
8.957871198654174805e-01
8.957871198654174805e-01
8.957871198654174805e-01
8.957871198654174805e-01
8.957871198654174805e-01
8.957871198654174805e-01
8.957871198654174805e-01
8.980044126510620117e-01
8.980044126510620117e-01
8.980044126510620117e-01
8.980044126510620117e-01
8.980044126510620117e-01
8.980044126510620117e-01
8.980044126510620117e-01
8.980044126510620117e-01
8.980044126510620117e-01
8.980044126510620117e-01
8.980044126510620117e-01
8.980044126510620117e-01
8.980044126510620117e-01
8.980044126510620117e-01
8.980044126510620117e-01
8.980044126510620117e-01
8.980044126510620117e-01
8.980044126510620117e-01
8.980044126510620117e-01
8.980044126510620117e-01
8.980044126510620117e-01
8.980044126510620117e-01
8.980044126510620117e-01
8.980044126510620117e-01
8.980044126510620117e-01
8.980044126510620117e-01
8.980044126510620117e-01
8.980044126510620117e-01
8.980044126510620117e-01
8.980044126510620117e-01
8.980044126510620117e-01
8.980044126510620117e-01
8.980044126510620117e-01
8.980044126510620117e-01
8.980044126510620117e-01
8.980044126510620117e-01
8.980044126510620117e-01
8.980044126510620117e-01
8.980044126510620117e-01
8.980044126510620117e-01
8.980044126510620117e-01
8.980044126510620117e-01
8.980044126510620117e-01
8.980044126510620117e-01
8.980044126510620117e-01
8.980044126510620117e-01
8.980044126510620117e-01
8.980044126510620117e-01
8.980044126510620117e-01
8.980044126510620117e-01
8.980044126510620117e-01
8.980044126510620117e-01
8.980044126510620117e-01
8.980044126510620117e-01
8.980044126510620117e-01
8.980044126510620117e-01
8.980044126510620117e-01
8.980044126510620117e-01
8.980044126510620117e-01
8.980044126510620117e-01
8.980044126510620117e-01
8.980044126510620117e-01
8.980044126510620117e-01
8.980044126510620117e-01
8.980044126510620117e-01
8.980044126510620117e-01
8.980044126510620117e-01
8.980044126510620117e-01
8.980044126510620117e-01
8.980044126510620117e-01
8.980044126510620117e-01
8.980044126510620117e-01
8.980044126510620117e-01
8.980044126510620117e-01
8.980044126510620117e-01
8.980044126510620117e-01
8.980044126510620117e-01
8.980044126510620117e-01
8.980044126510620117e-01
8.980044126510620117e-01
8.980044126510620117e-01
8.980044126510620117e-01
8.980044126510620117e-01
8.980044126510620117e-01
8.980044126510620117e-01
8.980044126510620117e-01
8.980044126510620117e-01
8.980044126510620117e-01
8.980044126510620117e-01
8.980044126510620117e-01
8.980044126510620117e-01
8.980044126510620117e-01
8.980044126510620117e-01
8.980044126510620117e-01
8.980044126510620117e-01
8.980044126510620117e-01
8.980044126510620117e-01
8.980044126510620117e-01
8.980044126510620117e-01
8.980044126510620117e-01
8.980044126510620117e-01
8.980044126510620117e-01
8.980044126510620117e-01
8.980044126510620117e-01
8.980044126510620117e-01
9.002217054367065430e-01
9.002217054367065430e-01
9.002217054367065430e-01
9.002217054367065430e-01
9.002217054367065430e-01
9.002217054367065430e-01
9.002217054367065430e-01
9.002217054367065430e-01
9.002217054367065430e-01
9.002217054367065430e-01
9.002217054367065430e-01
9.002217054367065430e-01
9.002217054367065430e-01
9.002217054367065430e-01
9.002217054367065430e-01
9.002217054367065430e-01
9.002217054367065430e-01
9.002217054367065430e-01
9.002217054367065430e-01
9.002217054367065430e-01
9.002217054367065430e-01
9.002217054367065430e-01
9.002217054367065430e-01
9.002217054367065430e-01
9.002217054367065430e-01
9.002217054367065430e-01
9.002217054367065430e-01
9.002217054367065430e-01
9.002217054367065430e-01
9.002217054367065430e-01
9.002217054367065430e-01
9.002217054367065430e-01
9.002217054367065430e-01
9.002217054367065430e-01
9.002217054367065430e-01
9.002217054367065430e-01
9.002217054367065430e-01
9.002217054367065430e-01
9.002217054367065430e-01
9.002217054367065430e-01
9.002217054367065430e-01
9.002217054367065430e-01
9.002217054367065430e-01
9.002217054367065430e-01
9.002217054367065430e-01
9.002217054367065430e-01
9.002217054367065430e-01
9.002217054367065430e-01
9.002217054367065430e-01
9.002217054367065430e-01
9.002217054367065430e-01
9.002217054367065430e-01
9.002217054367065430e-01
9.002217054367065430e-01
9.002217054367065430e-01
9.002217054367065430e-01
9.002217054367065430e-01
9.002217054367065430e-01
9.002217054367065430e-01
9.002217054367065430e-01
9.002217054367065430e-01
9.002217054367065430e-01
9.002217054367065430e-01
9.002217054367065430e-01
9.002217054367065430e-01
9.002217054367065430e-01
9.002217054367065430e-01
9.002217054367065430e-01
9.002217054367065430e-01
9.002217054367065430e-01
9.002217054367065430e-01
9.002217054367065430e-01
9.002217054367065430e-01
9.002217054367065430e-01
9.002217054367065430e-01
9.002217054367065430e-01
9.002217054367065430e-01
9.002217054367065430e-01
9.002217054367065430e-01
9.002217054367065430e-01
9.002217054367065430e-01
9.002217054367065430e-01
9.002217054367065430e-01
9.002217054367065430e-01
9.002217054367065430e-01
9.002217054367065430e-01
9.002217054367065430e-01
9.002217054367065430e-01
9.002217054367065430e-01
9.002217054367065430e-01
9.002217054367065430e-01
9.002217054367065430e-01
9.002217054367065430e-01
9.002217054367065430e-01
9.002217054367065430e-01
9.002217054367065430e-01
9.002217054367065430e-01
9.002217054367065430e-01
9.002217054367065430e-01
9.002217054367065430e-01
9.002217054367065430e-01
9.002217054367065430e-01
9.002217054367065430e-01
9.002217054367065430e-01
9.002217054367065430e-01
9.002217054367065430e-01
9.002217054367065430e-01
9.002217054367065430e-01
9.002217054367065430e-01
9.002217054367065430e-01
9.002217054367065430e-01
9.002217054367065430e-01
9.002217054367065430e-01
9.002217054367065430e-01
9.002217054367065430e-01
9.002217054367065430e-01
9.002217054367065430e-01
9.002217054367065430e-01
9.002217054367065430e-01
9.002217054367065430e-01
9.002217054367065430e-01
9.002217054367065430e-01
9.002217054367065430e-01
9.002217054367065430e-01
9.002217054367065430e-01
9.002217054367065430e-01
9.002217054367065430e-01
9.002217054367065430e-01
9.002217054367065430e-01
9.002217054367065430e-01
9.002217054367065430e-01
9.002217054367065430e-01
9.002217054367065430e-01
9.002217054367065430e-01
9.002217054367065430e-01
9.002217054367065430e-01
9.002217054367065430e-01
9.002217054367065430e-01
9.024389982223510742e-01
9.024389982223510742e-01
9.024389982223510742e-01
9.024389982223510742e-01
9.024389982223510742e-01
9.024389982223510742e-01
9.024389982223510742e-01
9.024389982223510742e-01
9.024389982223510742e-01
9.024389982223510742e-01
9.024389982223510742e-01
9.024389982223510742e-01
9.024389982223510742e-01
9.024389982223510742e-01
9.024389982223510742e-01
9.024389982223510742e-01
9.024389982223510742e-01
9.024389982223510742e-01
9.024389982223510742e-01
9.024389982223510742e-01
9.024389982223510742e-01
9.024389982223510742e-01
9.024389982223510742e-01
9.024389982223510742e-01
9.024389982223510742e-01
9.024389982223510742e-01
9.024389982223510742e-01
9.024389982223510742e-01
9.024389982223510742e-01
9.024389982223510742e-01
9.024389982223510742e-01
9.024389982223510742e-01
9.024389982223510742e-01
9.024389982223510742e-01
9.024389982223510742e-01
9.024389982223510742e-01
9.024389982223510742e-01
9.024389982223510742e-01
9.024389982223510742e-01
9.024389982223510742e-01
9.024389982223510742e-01
9.024389982223510742e-01
9.024389982223510742e-01
9.024389982223510742e-01
9.024389982223510742e-01
9.024389982223510742e-01
9.024389982223510742e-01
9.046562910079956055e-01
9.046562910079956055e-01
9.046562910079956055e-01
9.046562910079956055e-01
9.046562910079956055e-01
9.046562910079956055e-01
9.046562910079956055e-01
9.046562910079956055e-01
9.046562910079956055e-01
9.046562910079956055e-01
9.046562910079956055e-01
9.046562910079956055e-01
9.046562910079956055e-01
9.046562910079956055e-01
9.046562910079956055e-01
9.046562910079956055e-01
9.046562910079956055e-01
9.046562910079956055e-01
9.046562910079956055e-01
9.046562910079956055e-01
9.046562910079956055e-01
9.046562910079956055e-01
9.046562910079956055e-01
9.046562910079956055e-01
9.046562910079956055e-01
9.046562910079956055e-01
9.046562910079956055e-01
9.046562910079956055e-01
9.046562910079956055e-01
9.046562910079956055e-01
9.046562910079956055e-01
9.046562910079956055e-01
9.046562910079956055e-01
9.046562910079956055e-01
9.046562910079956055e-01
9.046562910079956055e-01
9.046562910079956055e-01
9.046562910079956055e-01
9.046562910079956055e-01
9.046562910079956055e-01
9.046562910079956055e-01
9.046562910079956055e-01
9.046562910079956055e-01
9.046562910079956055e-01
9.046562910079956055e-01
9.046562910079956055e-01
9.046562910079956055e-01
9.046562910079956055e-01
9.046562910079956055e-01
9.046562910079956055e-01
9.068736433982849121e-01
9.046562910079956055e-01
9.046562910079956055e-01
9.046562910079956055e-01
9.046562910079956055e-01
9.046562910079956055e-01
9.046562910079956055e-01
9.046562910079956055e-01
9.046562910079956055e-01
9.068736433982849121e-01
9.068736433982849121e-01
9.068736433982849121e-01
9.068736433982849121e-01
9.068736433982849121e-01
9.068736433982849121e-01
9.068736433982849121e-01
9.068736433982849121e-01
9.068736433982849121e-01
9.068736433982849121e-01
9.068736433982849121e-01
9.068736433982849121e-01
9.068736433982849121e-01
9.068736433982849121e-01
9.068736433982849121e-01
9.068736433982849121e-01
9.068736433982849121e-01
9.068736433982849121e-01
9.068736433982849121e-01
9.068736433982849121e-01
9.068736433982849121e-01
9.068736433982849121e-01
9.068736433982849121e-01
9.090909361839294434e-01
9.090909361839294434e-01
9.090909361839294434e-01
9.090909361839294434e-01
9.090909361839294434e-01
9.090909361839294434e-01
9.113082289695739746e-01
9.090909361839294434e-01
9.090909361839294434e-01
9.090909361839294434e-01
9.090909361839294434e-01
9.113082289695739746e-01
9.113082289695739746e-01
9.113082289695739746e-01
9.113082289695739746e-01
9.113082289695739746e-01
9.113082289695739746e-01
9.113082289695739746e-01
9.113082289695739746e-01
9.113082289695739746e-01
9.113082289695739746e-01
9.113082289695739746e-01
9.113082289695739746e-01
9.113082289695739746e-01
9.113082289695739746e-01
9.113082289695739746e-01
9.113082289695739746e-01
9.113082289695739746e-01
9.113082289695739746e-01
9.113082289695739746e-01
9.113082289695739746e-01
9.113082289695739746e-01
9.135255217552185059e-01
9.135255217552185059e-01
9.135255217552185059e-01
9.135255217552185059e-01
9.135255217552185059e-01
9.135255217552185059e-01
9.135255217552185059e-01
9.135255217552185059e-01
9.135255217552185059e-01
9.135255217552185059e-01
9.135255217552185059e-01
9.135255217552185059e-01
9.135255217552185059e-01
9.135255217552185059e-01
9.135255217552185059e-01
9.135255217552185059e-01
9.135255217552185059e-01
9.135255217552185059e-01
9.135255217552185059e-01
9.135255217552185059e-01
9.135255217552185059e-01
9.135255217552185059e-01
9.135255217552185059e-01
9.135255217552185059e-01
9.135255217552185059e-01
9.135255217552185059e-01
9.135255217552185059e-01
9.135255217552185059e-01
9.135255217552185059e-01
9.135255217552185059e-01
9.135255217552185059e-01
9.135255217552185059e-01
9.135255217552185059e-01
9.135255217552185059e-01
9.135255217552185059e-01
9.135255217552185059e-01
9.157428145408630371e-01
9.157428145408630371e-01
9.179601073265075684e-01
9.179601073265075684e-01
9.179601073265075684e-01
9.179601073265075684e-01
9.179601073265075684e-01
9.179601073265075684e-01
9.179601073265075684e-01
9.179601073265075684e-01
9.179601073265075684e-01
9.179601073265075684e-01
9.179601073265075684e-01
9.179601073265075684e-01
9.179601073265075684e-01
9.179601073265075684e-01
9.179601073265075684e-01
9.201774001121520996e-01
9.201774001121520996e-01
9.201774001121520996e-01
9.201774001121520996e-01
9.201774001121520996e-01
9.201774001121520996e-01
9.201774001121520996e-01
9.201774001121520996e-01
9.201774001121520996e-01
9.201774001121520996e-01
9.201774001121520996e-01
9.201774001121520996e-01
9.201774001121520996e-01
9.201774001121520996e-01
9.201774001121520996e-01
9.201774001121520996e-01
9.201774001121520996e-01
9.201774001121520996e-01
9.201774001121520996e-01
9.201774001121520996e-01
9.201774001121520996e-01
9.201774001121520996e-01
9.201774001121520996e-01
9.201774001121520996e-01
9.201774001121520996e-01
9.201774001121520996e-01
9.201774001121520996e-01
9.201774001121520996e-01
9.201774001121520996e-01
9.201774001121520996e-01
9.201774001121520996e-01
9.201774001121520996e-01
9.201774001121520996e-01
9.201774001121520996e-01
9.201774001121520996e-01
9.201774001121520996e-01
9.201774001121520996e-01
9.201774001121520996e-01
9.201774001121520996e-01
9.201774001121520996e-01
9.201774001121520996e-01
9.223946928977966309e-01
9.223946928977966309e-01
9.223946928977966309e-01
9.223946928977966309e-01
9.223946928977966309e-01
9.223946928977966309e-01
9.223946928977966309e-01
9.223946928977966309e-01
9.223946928977966309e-01
9.223946928977966309e-01
9.223946928977966309e-01
9.223946928977966309e-01
9.223946928977966309e-01
9.223946928977966309e-01
9.223946928977966309e-01
9.223946928977966309e-01
9.223946928977966309e-01
9.223946928977966309e-01
9.223946928977966309e-01
9.223946928977966309e-01
9.223946928977966309e-01
9.223946928977966309e-01
9.223946928977966309e-01
9.223946928977966309e-01
9.223946928977966309e-01
9.223946928977966309e-01
9.223946928977966309e-01
9.223946928977966309e-01
9.223946928977966309e-01
9.223946928977966309e-01
9.223946928977966309e-01
9.223946928977966309e-01
9.223946928977966309e-01
9.223946928977966309e-01
9.223946928977966309e-01
9.223946928977966309e-01
9.223946928977966309e-01
9.223946928977966309e-01
9.223946928977966309e-01
9.223946928977966309e-01
9.223946928977966309e-01
9.223946928977966309e-01
9.223946928977966309e-01
9.223946928977966309e-01
9.223946928977966309e-01
9.223946928977966309e-01
9.223946928977966309e-01
9.223946928977966309e-01
9.223946928977966309e-01
9.223946928977966309e-01
9.223946928977966309e-01
9.223946928977966309e-01
9.223946928977966309e-01
9.246119856834411621e-01
9.246119856834411621e-01
9.246119856834411621e-01
9.268292784690856934e-01
9.268292784690856934e-01
9.268292784690856934e-01
9.268292784690856934e-01
9.268292784690856934e-01
9.268292784690856934e-01
9.268292784690856934e-01
9.268292784690856934e-01
9.268292784690856934e-01
9.268292784690856934e-01
9.268292784690856934e-01
9.268292784690856934e-01
9.268292784690856934e-01
9.268292784690856934e-01
9.268292784690856934e-01
9.268292784690856934e-01
9.268292784690856934e-01
9.268292784690856934e-01
9.268292784690856934e-01
9.268292784690856934e-01
9.268292784690856934e-01
9.268292784690856934e-01
9.268292784690856934e-01
9.268292784690856934e-01
9.268292784690856934e-01
9.268292784690856934e-01
9.268292784690856934e-01
9.268292784690856934e-01
9.268292784690856934e-01
9.268292784690856934e-01
9.268292784690856934e-01
9.268292784690856934e-01
9.268292784690856934e-01
9.268292784690856934e-01
9.268292784690856934e-01
9.290465712547302246e-01
9.290465712547302246e-01
9.290465712547302246e-01
9.268292784690856934e-01
9.268292784690856934e-01
9.268292784690856934e-01
9.268292784690856934e-01
9.268292784690856934e-01
9.268292784690856934e-01
9.268292784690856934e-01
9.268292784690856934e-01
9.268292784690856934e-01
9.268292784690856934e-01
9.268292784690856934e-01
9.268292784690856934e-01
9.268292784690856934e-01
9.268292784690856934e-01
9.268292784690856934e-01
9.268292784690856934e-01
9.268292784690856934e-01
9.268292784690856934e-01
9.268292784690856934e-01
9.268292784690856934e-01
9.268292784690856934e-01
9.268292784690856934e-01
9.268292784690856934e-01
9.268292784690856934e-01
9.268292784690856934e-01
9.268292784690856934e-01
9.268292784690856934e-01
9.268292784690856934e-01
9.268292784690856934e-01
9.290465712547302246e-01
9.290465712547302246e-01
9.290465712547302246e-01
9.290465712547302246e-01
9.312638640403747559e-01
9.312638640403747559e-01
9.312638640403747559e-01
9.312638640403747559e-01
9.312638640403747559e-01
9.312638640403747559e-01
9.312638640403747559e-01
9.312638640403747559e-01
9.312638640403747559e-01
9.312638640403747559e-01
9.312638640403747559e-01
9.312638640403747559e-01
9.312638640403747559e-01
9.312638640403747559e-01
9.312638640403747559e-01
9.312638640403747559e-01
9.312638640403747559e-01
9.312638640403747559e-01
9.312638640403747559e-01
9.312638640403747559e-01
9.312638640403747559e-01
9.312638640403747559e-01
9.312638640403747559e-01
9.312638640403747559e-01
9.312638640403747559e-01
9.312638640403747559e-01
9.312638640403747559e-01
9.312638640403747559e-01
9.312638640403747559e-01
9.312638640403747559e-01
9.312638640403747559e-01
9.334811568260192871e-01
9.356984496116638184e-01
9.356984496116638184e-01
9.356984496116638184e-01
9.356984496116638184e-01
9.356984496116638184e-01
9.356984496116638184e-01
9.356984496116638184e-01
9.356984496116638184e-01
9.356984496116638184e-01
9.356984496116638184e-01
9.356984496116638184e-01
9.356984496116638184e-01
9.356984496116638184e-01
9.356984496116638184e-01
9.356984496116638184e-01
9.356984496116638184e-01
9.356984496116638184e-01
9.356984496116638184e-01
9.356984496116638184e-01
9.356984496116638184e-01
9.356984496116638184e-01
9.356984496116638184e-01
9.356984496116638184e-01
9.356984496116638184e-01
9.356984496116638184e-01
9.356984496116638184e-01
9.356984496116638184e-01
9.356984496116638184e-01
9.356984496116638184e-01
9.356984496116638184e-01
9.356984496116638184e-01
9.356984496116638184e-01
9.356984496116638184e-01
9.356984496116638184e-01
9.356984496116638184e-01
9.356984496116638184e-01
9.356984496116638184e-01
9.356984496116638184e-01
9.356984496116638184e-01
9.379157423973083496e-01
9.379157423973083496e-01
9.379157423973083496e-01
9.379157423973083496e-01
9.379157423973083496e-01
9.379157423973083496e-01
9.379157423973083496e-01
9.379157423973083496e-01
9.379157423973083496e-01
9.379157423973083496e-01
9.379157423973083496e-01
9.379157423973083496e-01
9.379157423973083496e-01
9.379157423973083496e-01
9.379157423973083496e-01
9.379157423973083496e-01
9.379157423973083496e-01
9.379157423973083496e-01
9.379157423973083496e-01
9.379157423973083496e-01
9.379157423973083496e-01
9.379157423973083496e-01
9.379157423973083496e-01
9.401330351829528809e-01
9.401330351829528809e-01
9.401330351829528809e-01
9.401330351829528809e-01
9.401330351829528809e-01
9.401330351829528809e-01
9.401330351829528809e-01
9.401330351829528809e-01
9.401330351829528809e-01
9.401330351829528809e-01
9.401330351829528809e-01
9.401330351829528809e-01
9.401330351829528809e-01
9.401330351829528809e-01
9.401330351829528809e-01
9.401330351829528809e-01
9.423503279685974121e-01
9.423503279685974121e-01
9.423503279685974121e-01
9.423503279685974121e-01
9.423503279685974121e-01
9.423503279685974121e-01
9.423503279685974121e-01
9.423503279685974121e-01
9.423503279685974121e-01
9.423503279685974121e-01
9.423503279685974121e-01
9.423503279685974121e-01
9.445676207542419434e-01
9.445676207542419434e-01
9.445676207542419434e-01
9.445676207542419434e-01
9.445676207542419434e-01
9.445676207542419434e-01
9.445676207542419434e-01
9.445676207542419434e-01
9.445676207542419434e-01
9.445676207542419434e-01
9.445676207542419434e-01
9.445676207542419434e-01
9.445676207542419434e-01
9.445676207542419434e-01
9.445676207542419434e-01
9.445676207542419434e-01
9.445676207542419434e-01
9.445676207542419434e-01
9.445676207542419434e-01
9.445676207542419434e-01
9.445676207542419434e-01
9.445676207542419434e-01
9.445676207542419434e-01
9.445676207542419434e-01
9.445676207542419434e-01
9.445676207542419434e-01
9.445676207542419434e-01
9.445676207542419434e-01
9.445676207542419434e-01
9.445676207542419434e-01
9.445676207542419434e-01
9.445676207542419434e-01
9.445676207542419434e-01
9.445676207542419434e-01
9.445676207542419434e-01
9.445676207542419434e-01
9.445676207542419434e-01
9.445676207542419434e-01
9.445676207542419434e-01
9.445676207542419434e-01
9.445676207542419434e-01
9.445676207542419434e-01
9.445676207542419434e-01
9.445676207542419434e-01
9.445676207542419434e-01
9.445676207542419434e-01
9.445676207542419434e-01
9.445676207542419434e-01
9.445676207542419434e-01
9.445676207542419434e-01
9.445676207542419434e-01
9.445676207542419434e-01
9.445676207542419434e-01
9.445676207542419434e-01
9.445676207542419434e-01
9.445676207542419434e-01
9.445676207542419434e-01
9.445676207542419434e-01
9.445676207542419434e-01
9.445676207542419434e-01
9.445676207542419434e-01
9.445676207542419434e-01
9.445676207542419434e-01
9.445676207542419434e-01
9.445676207542419434e-01
9.445676207542419434e-01
9.445676207542419434e-01
9.445676207542419434e-01
9.445676207542419434e-01
9.445676207542419434e-01
9.445676207542419434e-01
9.445676207542419434e-01
9.445676207542419434e-01
9.445676207542419434e-01
9.445676207542419434e-01
9.445676207542419434e-01
9.445676207542419434e-01
9.445676207542419434e-01
9.445676207542419434e-01
9.445676207542419434e-01
9.445676207542419434e-01
9.445676207542419434e-01
9.467849135398864746e-01
9.467849135398864746e-01
9.467849135398864746e-01
9.467849135398864746e-01
9.467849135398864746e-01
9.467849135398864746e-01
9.467849135398864746e-01
9.467849135398864746e-01
9.467849135398864746e-01
9.467849135398864746e-01
9.467849135398864746e-01
9.467849135398864746e-01
9.467849135398864746e-01
9.467849135398864746e-01
9.467849135398864746e-01
9.467849135398864746e-01
9.467849135398864746e-01
9.467849135398864746e-01
9.467849135398864746e-01
9.467849135398864746e-01
9.467849135398864746e-01
9.490022063255310059e-01
9.490022063255310059e-01
9.490022063255310059e-01
9.490022063255310059e-01
9.490022063255310059e-01
9.490022063255310059e-01
9.490022063255310059e-01
9.490022063255310059e-01
9.490022063255310059e-01
9.490022063255310059e-01
9.490022063255310059e-01
9.490022063255310059e-01
9.490022063255310059e-01
9.490022063255310059e-01
9.490022063255310059e-01
9.490022063255310059e-01
9.490022063255310059e-01
9.490022063255310059e-01
9.490022063255310059e-01
9.490022063255310059e-01
9.490022063255310059e-01
9.490022063255310059e-01
9.490022063255310059e-01
9.490022063255310059e-01
9.490022063255310059e-01
9.490022063255310059e-01
9.490022063255310059e-01
9.512194991111755371e-01
9.512194991111755371e-01
9.512194991111755371e-01
9.512194991111755371e-01
9.512194991111755371e-01
9.512194991111755371e-01
9.512194991111755371e-01
9.512194991111755371e-01
9.512194991111755371e-01
9.512194991111755371e-01
9.512194991111755371e-01
9.512194991111755371e-01
9.512194991111755371e-01
9.512194991111755371e-01
9.512194991111755371e-01
9.512194991111755371e-01
9.512194991111755371e-01
9.512194991111755371e-01
9.512194991111755371e-01
9.512194991111755371e-01
9.512194991111755371e-01
9.512194991111755371e-01
9.512194991111755371e-01
9.512194991111755371e-01
9.512194991111755371e-01
9.512194991111755371e-01
9.512194991111755371e-01
9.512194991111755371e-01
9.512194991111755371e-01
9.512194991111755371e-01
9.512194991111755371e-01
9.512194991111755371e-01
9.512194991111755371e-01
9.512194991111755371e-01
9.512194991111755371e-01
9.512194991111755371e-01
9.512194991111755371e-01
9.512194991111755371e-01
9.512194991111755371e-01
9.512194991111755371e-01
9.512194991111755371e-01
9.512194991111755371e-01
9.512194991111755371e-01
9.512194991111755371e-01
9.512194991111755371e-01
9.512194991111755371e-01
9.512194991111755371e-01
9.512194991111755371e-01
9.512194991111755371e-01
9.512194991111755371e-01
9.512194991111755371e-01
9.512194991111755371e-01
9.512194991111755371e-01
9.512194991111755371e-01
9.534367918968200684e-01
9.534367918968200684e-01
9.534367918968200684e-01
9.534367918968200684e-01
9.534367918968200684e-01
9.534367918968200684e-01
9.534367918968200684e-01
9.534367918968200684e-01
9.534367918968200684e-01
9.534367918968200684e-01
9.534367918968200684e-01
9.534367918968200684e-01
9.534367918968200684e-01
9.534367918968200684e-01
9.534367918968200684e-01
9.534367918968200684e-01
9.534367918968200684e-01
9.534367918968200684e-01
9.534367918968200684e-01
9.534367918968200684e-01
9.534367918968200684e-01
9.534367918968200684e-01
9.534367918968200684e-01
9.534367918968200684e-01
9.534367918968200684e-01
9.534367918968200684e-01
9.534367918968200684e-01
9.534367918968200684e-01
9.534367918968200684e-01
9.534367918968200684e-01
9.534367918968200684e-01
9.534367918968200684e-01
9.534367918968200684e-01
9.534367918968200684e-01
9.534367918968200684e-01
9.534367918968200684e-01
9.534367918968200684e-01
9.534367918968200684e-01
9.534367918968200684e-01
9.534367918968200684e-01
9.534367918968200684e-01
9.534367918968200684e-01
9.534367918968200684e-01
9.534367918968200684e-01
9.534367918968200684e-01
9.534367918968200684e-01
9.534367918968200684e-01
9.534367918968200684e-01
9.534367918968200684e-01
9.534367918968200684e-01
9.534367918968200684e-01
9.534367918968200684e-01
9.534367918968200684e-01
9.534367918968200684e-01
9.534367918968200684e-01
9.534367918968200684e-01
9.534367918968200684e-01
9.534367918968200684e-01
9.534367918968200684e-01
9.534367918968200684e-01
9.534367918968200684e-01
9.534367918968200684e-01
9.534367918968200684e-01
9.534367918968200684e-01
9.534367918968200684e-01
9.534367918968200684e-01
9.534367918968200684e-01
9.534367918968200684e-01
9.534367918968200684e-01
9.534367918968200684e-01
9.534367918968200684e-01
9.534367918968200684e-01
9.534367918968200684e-01
9.534367918968200684e-01
9.534367918968200684e-01
9.534367918968200684e-01
9.534367918968200684e-01
9.534367918968200684e-01
9.534367918968200684e-01
9.534367918968200684e-01
9.534367918968200684e-01
9.534367918968200684e-01
9.534367918968200684e-01
9.534367918968200684e-01
9.534367918968200684e-01
9.534367918968200684e-01
9.534367918968200684e-01
9.534367918968200684e-01
9.534367918968200684e-01
9.534367918968200684e-01
9.534367918968200684e-01
9.512194991111755371e-01
9.512194991111755371e-01
9.512194991111755371e-01
9.512194991111755371e-01
9.512194991111755371e-01
9.512194991111755371e-01
9.512194991111755371e-01
9.512194991111755371e-01
9.512194991111755371e-01
9.512194991111755371e-01
9.512194991111755371e-01
9.512194991111755371e-01
9.512194991111755371e-01
9.512194991111755371e-01
9.512194991111755371e-01
9.512194991111755371e-01
9.512194991111755371e-01
9.512194991111755371e-01
