1.889613717794418335e-01
1.894329190254211426e-01
1.894434392452239990e-01
1.893709897994995117e-01
1.892880350351333618e-01
1.892033070325851440e-01
1.891181170940399170e-01
1.890320628881454468e-01
1.889452934265136719e-01
1.888575106859207153e-01
1.887685954570770264e-01
1.886783838272094727e-01
1.885867863893508911e-01
1.884935945272445679e-01
1.883985400199890137e-01
1.883016079664230347e-01
1.882024854421615601e-01
1.881011575460433960e-01
1.879972070455551147e-01
1.878907531499862671e-01
1.877813190221786499e-01
1.876688748598098755e-01
1.875531673431396484e-01
1.874340176582336426e-01
1.873112469911575317e-01
1.871845126152038574e-01
1.870537102222442627e-01
1.869185417890548706e-01
1.867788732051849365e-01
1.866344213485717773e-01
1.864847689867019653e-01
1.863299608230590820e-01
1.861695945262908936e-01
1.860035210847854614e-01
1.858313977718353271e-01
1.856529712677001953e-01
1.854681223630905151e-01
1.852764934301376343e-01
1.850779652595520020e-01
1.848721504211425781e-01
1.846590340137481689e-01
1.844384074211120605e-01
1.842100918292999268e-01
1.839737445116043091e-01
1.837296783924102783e-01
1.834774017333984375e-01
1.832170635461807251e-01
1.829487681388854980e-01
1.826723515987396240e-01
1.823880225419998169e-01
1.820958554744720459e-01
1.817961633205413818e-01
1.814891397953033447e-01
1.811751276254653931e-01
1.808544099330902100e-01
1.805276125669479370e-01
1.801949739456176758e-01
1.798571795225143433e-01
1.795147359371185303e-01
1.791682690382003784e-01
1.788185834884643555e-01
1.784661561250686646e-01
1.781116276979446411e-01
1.777558326721191406e-01
1.773992031812667847e-01
1.770425885915756226e-01
1.766864061355590820e-01
1.763313710689544678e-01
1.759778857231140137e-01
1.756265014410018921e-01
1.752774566411972046e-01
1.749310344457626343e-01
1.745875328779220581e-01
1.742471903562545776e-01
1.739099174737930298e-01
1.735758632421493530e-01
1.732449531555175781e-01
1.729169189929962158e-01
1.725917011499404907e-01
1.722689867019653320e-01
1.719487011432647705e-01
1.716301739215850830e-01
1.713132411241531372e-01
1.709974855184555054e-01
1.706823557615280151e-01
1.703673452138900757e-01
1.700521558523178101e-01
1.697361022233963013e-01
1.694188266992568970e-01
1.690995544195175171e-01
1.687778979539871216e-01
1.684532910585403442e-01
1.681250780820846558e-01
1.677928864955902100e-01
1.674559265375137329e-01
1.671138703823089600e-01
1.667660027742385864e-01
1.664118617773056030e-01
1.660508960485458374e-01
1.656826436519622803e-01
1.653065532445907593e-01
1.649222075939178467e-01
1.645290851593017578e-01
1.641269326210021973e-01
1.637152135372161865e-01
1.632936894893646240e-01
1.628622263669967651e-01
1.624204367399215698e-01
1.619683355093002319e-01
1.615058779716491699e-01
1.610331237316131592e-01
1.605501472949981689e-01
1.600572019815444946e-01
1.595548242330551147e-01
1.590431034564971924e-01
1.585227102041244507e-01
1.579941660165786743e-01
1.574582159519195557e-01
1.569152474403381348e-01
1.563661992549896240e-01
1.558116376399993896e-01
1.552523076534271240e-01
1.546887606382369995e-01
1.541217267513275146e-01
1.535517722368240356e-01
1.529793590307235718e-01
1.524049341678619385e-01
1.518288999795913696e-01
1.512515842914581299e-01
1.506733000278472900e-01
1.500940024852752686e-01
1.495140045881271362e-01
1.489331573247909546e-01
1.483516395092010498e-01
1.477692127227783203e-01
1.471858471632003784e-01
1.466013640165328979e-01
1.460155695676803589e-01
1.454282253980636597e-01
1.448391377925872803e-01
1.442480236291885376e-01
1.436545103788375854e-01
1.430584490299224854e-01
1.424595266580581665e-01
1.418574303388595581e-01
1.412519067525863647e-01
1.406426280736923218e-01
1.400294005870819092e-01
1.394118815660476685e-01
1.387899219989776611e-01
1.381632685661315918e-01
1.375317126512527466e-01
1.368951350450515747e-01
1.362532526254653931e-01
1.356061547994613647e-01
1.349536180496215820e-01
1.342958062887191772e-01
1.336326897144317627e-01
1.329643577337265015e-01
1.322910487651824951e-01
1.316130906343460083e-01
1.309307962656021118e-01
1.302446126937866211e-01
1.295551061630249023e-01
1.288628280162811279e-01
1.281685531139373779e-01
1.274729073047637939e-01
1.267767250537872314e-01
1.260808110237121582e-01
1.253860443830490112e-01
1.246931776404380798e-01
1.240031123161315918e-01
1.233166903257369995e-01
1.226347386837005615e-01
1.219580471515655518e-01
1.212873458862304688e-01
1.206234395503997803e-01
1.199669316411018372e-01
1.193184554576873779e-01
1.186786890029907227e-01
1.180480942130088806e-01
1.174271255731582642e-01
1.168162301182746887e-01
1.162158101797103882e-01
1.156260669231414795e-01
1.150472462177276611e-01
1.144794598221778870e-01
1.139229014515876770e-01
1.133776307106018066e-01
1.128435209393501282e-01
1.123205944895744324e-01
1.118087619543075562e-01
1.113077849149703979e-01
1.108176335692405701e-01
1.103380620479583740e-01
1.098688766360282898e-01
1.094097644090652466e-01
1.089605540037155151e-01
1.085209324955940247e-01
1.080907136201858521e-01
1.076695397496223450e-01
1.072572693228721619e-01
1.068535596132278442e-01
1.064581647515296936e-01
1.060708314180374146e-01
1.056912839412689209e-01
1.053193807601928711e-01
1.049548014998435974e-01
1.045973524451255798e-01
1.042468398809432983e-01
1.039029881358146667e-01
1.035656109452247620e-01
1.032345071434974670e-01
1.029094606637954712e-01
1.025903597474098206e-01
1.022768914699554443e-01
1.019689813256263733e-01
1.016663908958435059e-01
1.013690382242202759e-01
1.010767146944999695e-01
1.007892042398452759e-01
1.005064472556114197e-01
1.002281904220581055e-01
9.995439648628234863e-02
9.968487918376922607e-02
9.941947460174560547e-02
9.915807098150253296e-02
9.890056401491165161e-02
9.864678978919982910e-02
9.839667379856109619e-02
9.815007448196411133e-02
9.790688753128051758e-02
9.766695648431777954e-02
9.743027389049530029e-02
9.719663858413696289e-02
9.696602076292037964e-02
9.673822671175003052e-02
9.651327878236770630e-02
9.629101306200027466e-02
9.607141464948654175e-02
9.585431218147277832e-02
9.563964605331420898e-02
9.542737901210784912e-02
9.521737694740295410e-02
9.500963240861892700e-02
9.480406343936920166e-02
9.460051357746124268e-02
9.439901262521743774e-02
9.419944882392883301e-02
9.400179237127304077e-02
9.380600601434707642e-02
9.361193329095840454e-02
9.341965615749359131e-02
9.322897344827651978e-02
9.303993731737136841e-02
9.285248070955276489e-02
9.266652166843414307e-02
9.248207509517669678e-02
9.229902178049087524e-02
9.211743623018264771e-02
9.193713217973709106e-02
9.175820648670196533e-02
9.158052504062652588e-02
9.140411019325256348e-02
9.122891724109649658e-02
9.105490148067474365e-02
9.088204801082611084e-02
9.071030467748641968e-02
9.053973108530044556e-02
9.037016332149505615e-02
9.020170569419860840e-02
9.003426879644393921e-02
8.986780047416687012e-02
8.970241993665695190e-02
8.953793346881866455e-02
8.937448263168334961e-02
8.921191096305847168e-02
8.905030786991119385e-02
8.888958394527435303e-02
8.872978389263153076e-02
8.857093751430511475e-02
8.841293305158615112e-02
8.825575560331344604e-02
8.809947967529296875e-02
8.794407546520233154e-02
8.778949826955795288e-02
8.763575553894042969e-02
8.748284727334976196e-02
8.733079582452774048e-02
8.717952668666839600e-02
8.702913671731948853e-02
8.687955141067504883e-02
8.673075586557388306e-02
8.658280223608016968e-02
8.643564581871032715e-02
8.628929406404495239e-02
8.614379912614822388e-02
8.599902689456939697e-02
8.585511893033981323e-02
8.571201562881469727e-02
8.556974679231643677e-02
8.542824536561965942e-02
8.528757840394973755e-02
8.514773100614547729e-02
8.500869572162628174e-02
8.487048745155334473e-02
8.473306149244308472e-02
8.459652215242385864e-02
8.446078002452850342e-02
8.432585746049880981e-02
8.419180661439895630e-02
8.405853062868118286e-02
8.392614871263504028e-02
8.379460126161575317e-02
8.366387337446212769e-02
8.353402465581893921e-02
8.340504020452499390e-02
8.327686786651611328e-02
8.314956724643707275e-02
8.302315324544906616e-02
8.289758861064910889e-02
8.277291804552078247e-02
8.264910429716110229e-02
8.252616226673126221e-02
8.240412920713424683e-02
8.228294551372528076e-02
8.216268569231033325e-02
8.204333484172821045e-02
8.192481845617294312e-02
8.180724829435348511e-02
8.169054985046386719e-02
8.157478272914886475e-02
8.145989477634429932e-02
8.134588599205017090e-02
8.123286068439483643e-02
8.112069219350814819e-02
8.100944757461547852e-02
8.089912682771682739e-02
8.078970760107040405e-02
8.068122714757919312e-02
8.057361841201782227e-02
8.046695590019226074e-02
8.036118745803833008e-02
8.025638759136199951e-02
8.015245199203491211e-02
8.004945516586303711e-02
7.994735985994338989e-02
7.984621077775955200e-02
7.974594086408615112e-02
7.964657992124557495e-02
7.954815030097961426e-02
7.945062965154647827e-02
7.935401797294616699e-02
7.925827801227569580e-02
7.916347682476043701e-02
7.906956225633621216e-02
7.897654175758361816e-02
7.888443768024444580e-02
7.879322767257690430e-02
7.870285958051681519e-02
7.861340790987014771e-02
7.852483540773391724e-02
7.843714952468872070e-02
7.835032790899276733e-02
7.826436311006546021e-02
7.817927747964859009e-02
7.809507101774215698e-02
7.801165431737899780e-02
7.792913168668746948e-02
7.784748822450637817e-02
7.776660472154617310e-02
7.768664509057998657e-02
7.760751992464065552e-02
7.752916961908340454e-02
7.745166122913360596e-02
7.737495005130767822e-02
7.729911804199218750e-02
7.722403854131698608e-02
7.714977860450744629e-02
7.707635313272476196e-02
7.700365781784057617e-02
7.693178206682205200e-02
7.686065882444381714e-02
7.679036259651184082e-02
7.672080397605895996e-02
7.665197551250457764e-02
7.658398896455764771e-02
7.651672512292861938e-02
7.645017653703689575e-02
7.638439536094665527e-02
7.631933689117431641e-02
7.625503838062286377e-02
7.619144767522811890e-02
7.612858712673187256e-02
7.606641948223114014e-02
7.600495964288711548e-02
7.594425231218338013e-02
7.588420063257217407e-02
7.582482695579528809e-02
7.576616108417510986e-02
7.570818066596984863e-02
7.565087825059890747e-02
7.559421658515930176e-02
7.553821057081222534e-02
7.548283040523529053e-02
7.542817294597625732e-02
7.537411898374557495e-02
7.532071322202682495e-02
7.526796311140060425e-02
7.521578669548034668e-02
7.516427338123321533e-02
7.511334121227264404e-02
7.506301999092102051e-02
7.501329481601715088e-02
7.496420294046401978e-02
7.491566985845565796e-02
7.486771047115325928e-02
7.482031732797622681e-02
7.477353513240814209e-02
7.472725212574005127e-02
7.468158006668090820e-02
7.463648170232772827e-02
7.459188252687454224e-02
7.454783469438552856e-02
7.450433820486068726e-02
7.446132600307464600e-02
7.441887259483337402e-02
7.437693327665328979e-02
7.433547079563140869e-02
7.429455220699310303e-02
7.425409555435180664e-02
7.421413064002990723e-02
7.417467981576919556e-02
7.413566857576370239e-02
7.409717887639999390e-02
7.405912131071090698e-02
7.402153313159942627e-02
7.398439198732376099e-02
7.394770532846450806e-02
7.391147315502166748e-02
7.387566566467285156e-02
7.384026050567626953e-02
7.380529493093490601e-02
7.377076148986816406e-02
7.373663038015365601e-02
7.370290160179138184e-02
7.366956770420074463e-02
7.363662123680114746e-02
7.360406219959259033e-02
7.357189059257507324e-02
7.354009896516799927e-02
7.350868731737136841e-02
7.347761839628219604e-02
7.344691455364227295e-02
7.341657578945159912e-02
7.338656485080718994e-02
7.335688918828964233e-02
7.332757860422134399e-02
7.329855859279632568e-02
7.326985895633697510e-02
7.324150204658508301e-02
7.321345061063766479e-02
7.318570464849472046e-02
7.315824925899505615e-02
7.313106954097747803e-02
7.310421764850616455e-02
7.307761907577514648e-02
7.305132597684860229e-02
7.302527874708175659e-02
7.299951463937759399e-02
7.297401875257492065e-02
7.294876128435134888e-02
7.292377948760986328e-02
7.289901375770568848e-02
7.287448644638061523e-02
7.285022735595703125e-02
7.282614707946777344e-02
7.280234992504119873e-02
7.277875393629074097e-02
7.275534421205520630e-02
7.273215055465698242e-02
7.270917296409606934e-02
7.268639653921127319e-02
7.266385853290557861e-02
7.264144718647003174e-02
7.261925190687179565e-02
7.259723544120788574e-02
7.257539033889770508e-02
7.255371659994125366e-02
7.253222167491912842e-02
7.251090556383132935e-02
7.248971611261367798e-02
7.246869057416915894e-02
7.244783639907836914e-02
7.242710888385772705e-02
7.240655273199081421e-02
7.238608598709106445e-02
7.236582040786743164e-02
7.234564423561096191e-02
7.232559472322463989e-02
7.230566442012786865e-02
7.228585332632064819e-02
7.226622104644775391e-02
7.224664092063903809e-02
7.222716510295867920e-02
7.220780849456787109e-02
7.218856364488601685e-02
7.216938585042953491e-02
7.215037196874618530e-02
7.213139533996582031e-02
7.211252301931381226e-02
7.209373265504837036e-02
7.207506895065307617e-02
7.205644994974136353e-02
7.203793525695800781e-02
7.201947271823883057e-02
7.200106978416442871e-02
7.198277860879898071e-02
7.196453958749771118e-02
7.194637507200241089e-02
7.192825525999069214e-02
7.191020995378494263e-02
7.189223170280456543e-02
7.187430560588836670e-02
7.185646146535873413e-02
7.183865457773208618e-02
7.182084769010543823e-02
7.180314511060714722e-02
7.178550958633422852e-02
7.176789641380310059e-02
7.175032049417495728e-02
7.173281908035278320e-02
7.171535491943359375e-02
7.169789075851440430e-02
7.168052345514297485e-02
7.166317105293273926e-02
7.164585590362548828e-02
7.162858545780181885e-02
7.161132991313934326e-02
7.159413397312164307e-02
7.157696783542633057e-02
7.155982404947280884e-02
7.154270261526107788e-02
7.152563333511352539e-02
7.150860130786895752e-02
7.149160653352737427e-02
7.147462666034698486e-02
7.145766913890838623e-02
7.144075632095336914e-02
7.142388820648193359e-02
7.140700519084930420e-02
7.139017432928085327e-02
7.137338817119598389e-02
7.135663181543350220e-02
7.133988291025161743e-02
7.132317870855331421e-02
7.130646705627441406e-02
7.128980755805969238e-02
7.127318531274795532e-02
7.125658541917800903e-02
7.124002277851104736e-02
7.122346758842468262e-02
7.120695710182189941e-02
7.119044661521911621e-02
7.117398828268051147e-02
7.115752995014190674e-02
7.114116102457046509e-02
7.112479954957962036e-02
7.110843062400817871e-02
7.109209895133972168e-02
7.107581943273544312e-02
7.105959206819534302e-02
7.104334235191345215e-02
7.102716714143753052e-02
7.101098448038101196e-02
7.099486887454986572e-02
7.097876071929931641e-02
7.096271961927413940e-02
7.094667106866836548e-02
7.093068957328796387e-02
7.091471552848815918e-02
7.089879363775253296e-02
7.088290899991989136e-02
7.086703926324844360e-02
7.085123658180236816e-02
7.083541899919509888e-02
7.081966102123260498e-02
7.080397009849548340e-02
7.078824937343597412e-02
7.077264040708541870e-02
7.075701653957366943e-02
7.074145972728729248e-02
7.072593271732330322e-02
7.071045786142349243e-02
7.069503515958786011e-02
7.067962735891342163e-02
7.066425681114196777e-02
7.064893841743469238e-02
7.063364237546920776e-02
7.061842083930969238e-02
7.060321420431137085e-02
7.058805972337722778e-02
7.057294994592666626e-02
7.055789977312088013e-02
7.054290920495986938e-02
7.052794843912124634e-02
7.051301002502441406e-02
7.049810886383056641e-02
7.048327475786209106e-02
7.046846300363540649e-02
7.045374810695648193e-02
7.043904066085815430e-02
7.042439281940460205e-02
7.040979713201522827e-02
7.039523124694824219e-02
7.038071006536483765e-02
7.036630064249038696e-02
7.035186141729354858e-02
7.033751159906387329e-02
7.032314687967300415e-02
7.030890136957168579e-02
7.029469311237335205e-02
7.028051465749740601e-02
7.026641070842742920e-02
7.025236636400222778e-02
7.023835927248001099e-02
7.022435963153839111e-02
7.021046429872512817e-02
7.019658386707305908e-02
7.018280774354934692e-02
7.016904652118682861e-02
7.015534490346908569e-02
7.014163583517074585e-02
7.012803852558135986e-02
7.011447101831436157e-02
7.010095566511154175e-02
7.008749246597290039e-02
7.007409632205963135e-02
7.006071507930755615e-02
7.004737108945846558e-02
7.003411650657653809e-02
7.002090662717819214e-02
7.000773400068283081e-02
6.999459117650985718e-02
6.998152285814285278e-02
6.996849179267883301e-02
6.995549798011779785e-02
6.994259357452392578e-02
6.992965191602706909e-02
6.991679966449737549e-02
6.990400701761245728e-02
6.989123672246932983e-02
6.987849622964859009e-02
6.986583024263381958e-02
6.985317915678024292e-02
6.984055787324905396e-02
6.982799619436264038e-02
6.981547176837921143e-02
6.980297714471817017e-02
6.979052722454071045e-02
6.977809220552444458e-02
6.976570934057235718e-02
6.975334882736206055e-02
6.974100321531295776e-02
6.972870975732803345e-02
6.971639394760131836e-02
6.970417499542236328e-02
6.969194859266281128e-02
6.967978924512863159e-02
6.966760754585266113e-02
6.965547800064086914e-02
6.964331120252609253e-02
6.963126361370086670e-02
6.961913406848907471e-02
6.960704922676086426e-02
6.959500908851623535e-02
6.958294659852981567e-02
6.957087665796279907e-02
6.955885887145996094e-02
6.954684108495712280e-02
6.953482329845428467e-02
6.952280551195144653e-02
6.951075792312622070e-02
6.949878484010696411e-02
6.948675960302352905e-02
6.947473436594009399e-02
6.946272403001785278e-02
6.945064663887023926e-02
6.943862140178680420e-02
6.942652910947799683e-02
6.941448152065277100e-02
6.940240412950515747e-02
6.939028948545455933e-02
6.937814503908157349e-02
6.936600059270858765e-02
6.935384124517440796e-02
6.934161484241485596e-02
6.932940334081649780e-02
6.931713968515396118e-02
6.930483132600784302e-02
6.929250806570053101e-02
6.928016245365142822e-02
6.926773488521575928e-02
6.925526261329650879e-02
6.924277544021606445e-02
6.923025846481323242e-02
6.921764463186264038e-02
6.920504570007324219e-02
6.919234246015548706e-02
6.917961686849594116e-02
6.916682422161102295e-02
6.915396451950073242e-02
6.914102286100387573e-02
6.912804394960403442e-02
6.911502033472061157e-02
6.910189241170883179e-02
6.908871978521347046e-02
6.907546520233154297e-02
6.906215101480484009e-02
6.904877722263336182e-02
6.903532147407531738e-02
6.902173906564712524e-02
6.900811940431594849e-02
6.899444013833999634e-02
6.898067891597747803e-02
6.896680593490600586e-02
6.895286589860916138e-02
6.893882155418395996e-02
6.892471760511398315e-02
6.891046464443206787e-02
6.889615207910537720e-02
6.888177990913391113e-02
6.886728852987289429e-02
6.885269284248352051e-02
6.883803755044937134e-02
6.882324069738388062e-02
6.880838423967361450e-02
6.879340857267379761e-02
6.877833604812622070e-02
6.876316666603088379e-02
6.874790787696838379e-02
6.873253732919692993e-02
6.871705502271652222e-02
6.870148330926895142e-02
6.868579238653182983e-02
6.867000460624694824e-02
6.865410506725311279e-02
6.863813102245330811e-02
6.862200796604156494e-02
6.860578805208206177e-02
6.858947873115539551e-02
6.857305765151977539e-02
6.855650991201400757e-02
6.853987276554107666e-02
6.852313876152038574e-02
6.850623339414596558e-02
6.848930567502975464e-02
6.847222894430160522e-02
6.845504045486450195e-02
6.843779236078262329e-02
6.842035055160522461e-02
6.840285658836364746e-02
6.838522851467132568e-02
6.836753338575363159e-02
6.834969669580459595e-02
6.833177804946899414e-02
6.831374764442443848e-02
6.829559057950973511e-02
6.827731430530548096e-02
6.825894862413406372e-02
6.824047863483428955e-02
6.822191178798675537e-02
6.820321083068847656e-02
6.818442046642303467e-02
6.816553324460983276e-02
6.814654916524887085e-02
6.812742352485656738e-02
6.810818612575531006e-02
6.808885931968688965e-02
6.806946545839309692e-02
6.804991513490676880e-02
6.803028285503387451e-02
6.801050901412963867e-02
6.799066066741943359e-02
6.797069311141967773e-02
6.795064359903335571e-02
6.793045252561569214e-02
6.791015714406967163e-02
6.788978725671768188e-02
6.786929816007614136e-02
6.784871965646743774e-02
6.782799959182739258e-02
6.780721247196197510e-02
6.778631359338760376e-02
6.776528060436248779e-02
6.774413585662841797e-02
6.772287935018539429e-02
6.770157814025878906e-02
6.768010556697845459e-02
6.765851378440856934e-02
6.763684749603271484e-02
6.761505454778671265e-02
6.759317219257354736e-02
6.757114827632904053e-02
6.754906475543975830e-02
6.752683222293853760e-02
6.750450283288955688e-02
6.748205423355102539e-02
6.745951622724533081e-02
6.743685901165008545e-02
6.741408258676528931e-02
6.739117205142974854e-02
6.736818701028823853e-02
6.734505295753479004e-02
6.732182204723358154e-02
6.729849427938461304e-02
6.727500259876251221e-02
6.725142151117324829e-02
6.722772866487503052e-02
6.720390915870666504e-02
6.717994064092636108e-02
6.715591996908187866e-02
6.713175773620605469e-02
6.710741668939590454e-02
6.708299368619918823e-02
6.705846637487411499e-02
6.703380495309829712e-02
6.700902432203292847e-02
6.698413193225860596e-02
6.695911288261413574e-02
6.693396717309951782e-02
6.690867990255355835e-02
6.688327342271804810e-02
6.685776263475418091e-02
6.683210283517837524e-02
6.680633872747421265e-02
6.678043305873870850e-02
6.675440073013305664e-02
6.672819703817367554e-02
6.670192629098892212e-02
6.667548418045043945e-02
6.664896011352539062e-02
6.662230193614959717e-02
6.659550219774246216e-02
6.656856089830398560e-02
6.654147058725357056e-02
6.651429086923599243e-02
6.648698449134826660e-02
6.645951420068740845e-02
6.643190979957580566e-02
6.640422344207763672e-02
6.637635082006454468e-02
6.634836643934249878e-02
6.632025539875030518e-02
6.629201024770736694e-02
6.626361608505249023e-02
6.623509526252746582e-02
6.620644778013229370e-02
6.617768108844757080e-02
6.614875048398971558e-02
6.611972302198410034e-02
6.609056144952774048e-02
6.606124341487884521e-02
6.603182107210159302e-02
6.600223481655120850e-02
6.597252190113067627e-02
6.594268977642059326e-02
6.591273099184036255e-02
6.588262319564819336e-02
6.585237383842468262e-02
6.582204997539520264e-02
6.579158455133438110e-02
6.576096266508102417e-02
6.573021411895751953e-02
6.569935381412506104e-02
6.566833704710006714e-02
6.563720107078552246e-02
6.560593843460083008e-02
6.557457894086837769e-02
6.554305553436279297e-02
6.551141291856765747e-02
6.547966599464416504e-02
6.544777750968933105e-02
6.541578471660614014e-02
6.538365036249160767e-02
6.535143405199050903e-02
6.531906127929687500e-02
6.528658419847488403e-02
6.525398045778274536e-02
6.522126495838165283e-02
6.518845260143280029e-02
6.515549868345260620e-02
6.512244045734405518e-02
6.508927792310714722e-02
6.505598872900009155e-02
6.502259522676467896e-02
6.498910486698150635e-02
6.495548784732818604e-02
6.492181122303009033e-02
6.488795578479766846e-02
6.485403329133987427e-02
6.482002139091491699e-02
6.478590518236160278e-02
6.475166976451873779e-02
6.471733748912811279e-02
6.468295305967330933e-02
6.464844942092895508e-02
6.461384892463684082e-02
6.457916647195816040e-02
6.454437226057052612e-02
6.450948864221572876e-02
6.447455286979675293e-02
6.443952769041061401e-02
6.440439820289611816e-02
6.436920166015625000e-02
6.433395296335220337e-02
6.429855525493621826e-02
6.426313519477844238e-02
6.422765552997589111e-02
6.419207900762557983e-02
6.415645033121109009e-02
6.412073969841003418e-02
6.408496946096420288e-02
6.404916942119598389e-02
6.401327997446060181e-02
6.397731602191925049e-02
6.394130736589431763e-02
6.390523165464401245e-02
6.386914849281311035e-02
6.383302062749862671e-02
6.379681080579757690e-02
6.376059353351593018e-02
6.372430175542831421e-02
6.368796527385711670e-02
6.365161389112472534e-02
6.361520290374755859e-02
6.357878446578979492e-02
6.354230642318725586e-02
6.350583583116531372e-02
6.346933543682098389e-02
6.343279778957366943e-02
6.339623779058456421e-02
6.335969269275665283e-02
6.332305818796157837e-02
6.328646838665008545e-02
6.324987113475799561e-02
6.321322917938232422e-02
6.317656487226486206e-02
6.313995271921157837e-02
6.310327351093292236e-02
6.306660175323486328e-02
6.303000450134277344e-02
6.299336999654769897e-02
6.295672804117202759e-02
6.292010843753814697e-02
6.288348883390426636e-02
6.284692138433456421e-02
6.281039118766784668e-02
6.277379393577575684e-02
6.273727864027023315e-02
6.270073354244232178e-02
6.266425549983978271e-02
6.262784451246261597e-02
6.259141117334365845e-02
6.255500763654708862e-02
6.251865625381469727e-02
6.248232349753379822e-02
6.244605407118797302e-02
6.240983679890632629e-02
6.237357482314109802e-02
6.233742460608482361e-02
6.230132654309272766e-02
6.226527318358421326e-02
6.222923099994659424e-02
6.219325587153434753e-02
6.215738132596015930e-02
6.212157383561134338e-02
6.208579242229461670e-02
6.205005943775177002e-02
6.201441213488578796e-02
6.197877228260040283e-02
6.194327771663665771e-02
6.190781295299530029e-02
6.187242642045021057e-02
6.183710321784019470e-02
6.180186942219734192e-02
6.176668033003807068e-02
6.173162534832954407e-02
6.169660389423370361e-02
6.166167929768562317e-02
6.162681803107261658e-02
6.159205734729766846e-02
6.155738979578018188e-02
6.152280420064926147e-02
6.148829683661460876e-02
6.145387142896652222e-02
6.141954287886619568e-02
6.138529255986213684e-02
6.135116890072822571e-02
6.131708621978759766e-02
6.128314137458801270e-02
6.124928221106529236e-02
6.121551617980003357e-02
6.118180602788925171e-02
6.114823371171951294e-02
6.111478060483932495e-02
6.108142808079719543e-02
6.104813516139984131e-02
6.101496890187263489e-02
6.098191440105438232e-02
6.094894930720329285e-02
6.091613322496414185e-02
6.088336929678916931e-02
6.085073575377464294e-02
6.081820651888847351e-02
6.078579276800155640e-02
6.075347214937210083e-02
6.072125956416130066e-02
6.068917363882064819e-02
6.065721809864044189e-02
6.062529981136322021e-02
6.059354543685913086e-02
6.056190654635429382e-02
6.053034216165542603e-02
6.049891188740730286e-02
6.046761572360992432e-02
6.043647229671478271e-02
6.040537729859352112e-02
6.037439405918121338e-02
6.034359708428382874e-02
6.031282246112823486e-02
6.028220430016517639e-02
6.025168299674987793e-02
6.022132188081741333e-02
6.019102782011032104e-02
6.016085669398307800e-02
6.013080477714538574e-02
6.010088697075843811e-02
6.007108092308044434e-02
6.004136055707931519e-02
6.001177057623863220e-02
5.998226627707481384e-02
5.995294451713562012e-02
5.992368608713150024e-02
5.989456921815872192e-02
5.986554548144340515e-02
5.983664840459823608e-02
5.980787053704261780e-02
5.977921187877655029e-02
5.975063145160675049e-02
5.972220376133918762e-02
5.969391390681266785e-02
5.966569855809211731e-02
5.963758751749992371e-02
5.960962176322937012e-02
5.958173424005508423e-02
5.955396592617034912e-02
5.952630937099456787e-02
5.949878692626953125e-02
5.947137251496315002e-02
5.944399163126945496e-02
5.941683053970336914e-02
5.938973650336265564e-02
5.936276540160179138e-02
5.933592095971107483e-02
5.930913984775543213e-02
5.928249284625053406e-02
5.925592780113220215e-02
5.922948941588401794e-02
5.920314788818359375e-02
5.917695537209510803e-02
5.915085226297378540e-02
5.912481620907783508e-02
5.909892916679382324e-02
5.907315388321876526e-02
5.904741585254669189e-02
5.902186781167984009e-02
5.899631604552268982e-02
5.897096544504165649e-02
5.894565954804420471e-02
5.892049148678779602e-02
5.889540538191795349e-02
5.887047201395034790e-02
5.884557962417602539e-02
5.882079899311065674e-02
5.879614129662513733e-02
5.877157673239707947e-02
5.874713882803916931e-02
5.872277542948722839e-02
5.869849771261215210e-02
5.867429822683334351e-02
5.865019932389259338e-02
5.862626433372497559e-02
5.860239267349243164e-02
5.857857689261436462e-02
5.855486169457435608e-02
5.853131040930747986e-02
5.850778520107269287e-02
5.848438665270805359e-02
5.846108868718147278e-02
5.843785032629966736e-02
5.841474607586860657e-02
5.839172750711441040e-02
5.836875736713409424e-02
5.834591016173362732e-02
5.832314863801002502e-02
5.830046534538269043e-02
5.827787145972251892e-02
5.825535580515861511e-02
5.823296308517456055e-02
5.821065232157707214e-02
5.818843841552734375e-02
5.816626921296119690e-02
5.814421921968460083e-02
5.812225490808486938e-02
5.810035020112991333e-02
5.807858332991600037e-02
5.805688351392745972e-02
5.803528055548667908e-02
5.801369622349739075e-02
5.799224972724914551e-02
5.797089263796806335e-02
5.794958025217056274e-02
5.792837962508201599e-02
5.790724232792854309e-02
5.788621306419372559e-02
5.786523222923278809e-02
5.784435942769050598e-02
5.782355740666389465e-02
5.780282244086265564e-02
5.778213217854499817e-02
5.776158347725868225e-02
5.774109810590744019e-02
5.772063881158828735e-02
5.770033970475196838e-02
5.768009275197982788e-02
5.765992403030395508e-02
5.763984844088554382e-02
5.761984735727310181e-02
5.759989097714424133e-02
5.758005008101463318e-02
5.756026133894920349e-02
5.754053220152854919e-02
5.752089992165565491e-02
5.750132352113723755e-02
5.748185887932777405e-02
5.746243521571159363e-02
5.744312331080436707e-02
5.742383748292922974e-02
5.740463733673095703e-02
5.738551914691925049e-02
5.736649781465530396e-02
5.734752491116523743e-02
5.732862651348114014e-02
5.730982124805450439e-02
5.729105323553085327e-02
5.727237835526466370e-02
5.725376307964324951e-02
5.723520740866661072e-02
5.721676349639892578e-02
5.719836056232452393e-02
5.718006193637847900e-02
5.716178938746452332e-02
5.714362487196922302e-02
5.712553486227989197e-02
5.710748210549354553e-02
5.708952620625495911e-02
5.707163363695144653e-02
5.705378949642181396e-02
5.703605711460113525e-02
5.701835453510284424e-02
5.700075998902320862e-02
5.698318406939506531e-02
5.696568265557289124e-02
5.694831907749176025e-02
5.693094804883003235e-02
5.691367015242576599e-02
5.689646676182746887e-02
5.687935650348663330e-02
5.686224624514579773e-02
5.684521049261093140e-02
5.682832002639770508e-02
5.681145936250686646e-02
5.679463967680931091e-02
5.677790194749832153e-02
5.676125735044479370e-02
5.674465745687484741e-02
5.672813579440116882e-02
5.671171471476554871e-02
5.669527500867843628e-02
5.667896568775177002e-02
5.666272714734077454e-02
5.664652585983276367e-02
5.663037672638893127e-02
5.661431699991226196e-02
5.659831315279006958e-02
5.658242851495742798e-02
5.656655132770538330e-02
5.655076727271080017e-02
5.653502792119979858e-02
5.651938170194625854e-02
5.650381371378898621e-02
5.648825690150260925e-02
5.647280812263488770e-02
5.645743384957313538e-02
5.644209682941436768e-02
5.642685666680335999e-02
5.641166120767593384e-02
5.639655143022537231e-02
5.638149008154869080e-02
5.636650323867797852e-02
5.635161697864532471e-02
5.633677169680595398e-02
5.632199347019195557e-02
5.630724877119064331e-02
5.629260092973709106e-02
5.627800151705741882e-02
5.626349151134490967e-02
5.624900385737419128e-02
5.623464658856391907e-02
5.622036382555961609e-02
5.620607733726501465e-02
5.619191378355026245e-02
5.617784708738327026e-02
5.616378039121627808e-02
5.614981055259704590e-02
5.613587424159049988e-02
5.612201616168022156e-02
5.610827356576919556e-02
5.609452351927757263e-02
5.608087778091430664e-02
5.606728047132492065e-02
5.605379864573478699e-02
5.604032799601554871e-02
5.602696537971496582e-02
5.601363629102706909e-02
5.600040033459663391e-02
5.598720535635948181e-02
5.597406998276710510e-02
5.596104636788368225e-02
5.594806373119354248e-02
5.593514814972877502e-02
5.592228099703788757e-02
5.590951815247535706e-02
5.589679256081581116e-02
5.588417500257492065e-02
5.587158352136611938e-02
5.585906654596328735e-02
5.584659054875373840e-02
5.583421140909194946e-02
5.582191795110702515e-02
5.580965802073478699e-02
5.579746142029762268e-02
5.578533187508583069e-02
5.577327683568000793e-02
5.576125532388687134e-02
5.574934557080268860e-02
5.573748424649238586e-02
5.572569742798805237e-02
5.571391433477401733e-02
5.570226535201072693e-02
5.569063872098922729e-02
5.567912757396697998e-02
5.566765367984771729e-02
5.565624311566352844e-02
5.564489215612411499e-02
5.563363805413246155e-02
5.562239885330200195e-02
5.561124905943870544e-02
5.560016632080078125e-02
5.558911710977554321e-02
5.557814612984657288e-02
5.556726828217506409e-02
5.555642023682594299e-02
5.554571002721786499e-02
5.553500726819038391e-02
5.552433803677558899e-02
5.551373586058616638e-02
5.550321564078330994e-02
5.549278110265731812e-02
5.548235774040222168e-02
5.547206103801727295e-02
5.546178668737411499e-02
5.545161291956901550e-02
5.544143170118331909e-02
5.543133988976478577e-02
5.542128533124923706e-02
5.541133508086204529e-02
5.540143325924873352e-02
5.539158731698989868e-02
5.538181960582733154e-02
5.537207797169685364e-02
5.536242574453353882e-02
5.535279214382171631e-02
5.534324422478675842e-02
5.533374100923538208e-02
5.532430857419967651e-02
5.531493201851844788e-02
5.530558153986930847e-02
5.529633909463882446e-02
5.528715997934341431e-02
5.527796223759651184e-02
5.526885017752647400e-02
5.525984242558479309e-02
5.525083839893341064e-02
5.524189397692680359e-02
5.523302033543586731e-02
5.522419139742851257e-02
5.521544441580772400e-02
5.520673841238021851e-02
5.519804731011390686e-02
5.518947541713714600e-02
5.518094077706336975e-02
5.517241731286048889e-02
5.516400933265686035e-02
5.515559762716293335e-02
5.514723807573318481e-02
5.513895675539970398e-02
5.513067170977592468e-02
5.512247234582901001e-02
5.511433258652687073e-02
5.510621517896652222e-02
5.509815737605094910e-02
5.509017035365104675e-02
5.508222058415412903e-02
5.507433414459228516e-02
5.506646260619163513e-02
5.505865812301635742e-02
5.505088344216346741e-02
5.504317581653594971e-02
5.503550544381141663e-02
5.502789095044136047e-02
5.502032861113548279e-02
5.501278862357139587e-02
5.500531569123268127e-02
5.499788001179695129e-02
5.499048158526420593e-02
5.498310551047325134e-02
5.497583374381065369e-02
5.496855452656745911e-02
5.496135354042053223e-02
5.495412647724151611e-02
5.494699254631996155e-02
5.493989586830139160e-02
5.493287369608879089e-02
5.492582544684410095e-02
5.491888150572776794e-02
5.491190403699874878e-02
5.490501224994659424e-02
5.489814653992652893e-02
5.489133670926094055e-02
5.488453432917594910e-02
5.487781763076782227e-02
5.487111955881118774e-02
5.486444011330604553e-02
5.485783889889717102e-02
5.485125258564949036e-02
5.484474077820777893e-02
5.483820289373397827e-02
5.483171716332435608e-02
5.482526868581771851e-02
5.481885373592376709e-02
5.481247603893280029e-02
5.480615794658660889e-02
5.479988455772399902e-02
5.479363724589347839e-02
5.478735640645027161e-02
5.478118360042572021e-02
5.477500334382057190e-02
5.476887524127960205e-02
5.476278066635131836e-02
5.475669354200363159e-02
5.475060641765594482e-02
5.474461987614631653e-02
5.473861470818519592e-02
5.473268032073974609e-02
5.472677201032638550e-02
5.472087860107421875e-02
5.471501126885414124e-02
5.470915883779525757e-02
5.470335483551025391e-02
5.469760671257972717e-02
5.469187721610069275e-02
5.468612536787986755e-02
5.468044057488441467e-02
5.467480793595314026e-02
5.466915294528007507e-02
5.466354265809059143e-02
5.465797334909439087e-02
5.465238168835639954e-02
5.464686453342437744e-02
5.464132130146026611e-02
5.463584885001182556e-02
5.463038012385368347e-02
5.462495237588882446e-02
5.461953207850456238e-02
5.461415275931358337e-02
5.460875481367111206e-02
5.460343882441520691e-02
5.459810793399810791e-02
5.459281057119369507e-02
5.458752438426017761e-02
5.458226427435874939e-02
5.457704141736030579e-02
5.457185581326484680e-02
5.456669256091117859e-02
5.456147715449333191e-02
5.455636605620384216e-02
5.455122515559196472e-02
5.454609170556068420e-02
5.454102158546447754e-02
5.453595519065856934e-02
5.453089624643325806e-02
5.452588200569152832e-02
5.452088266611099243e-02
5.451589450240135193e-02
5.451092496514320374e-02
5.450594425201416016e-02
5.450103804469108582e-02
5.449612066149711609e-02
5.449122935533523560e-02
5.448632687330245972e-02
5.448146536946296692e-02
5.447663739323616028e-02
5.447180196642875671e-02
5.446697399020195007e-02
5.446219816803932190e-02
5.445737764239311218e-02
5.445260182023048401e-02
5.444786697626113892e-02
5.444310978055000305e-02
5.443838983774185181e-02
5.443369597196578979e-02
5.442898720502853394e-02
5.442433059215545654e-02
5.441966280341148376e-02
5.441500991582870483e-02
5.441036447882652283e-02
5.440574511885643005e-02
5.440114066004753113e-02
5.439654737710952759e-02
5.439193174242973328e-02
5.438736081123352051e-02
5.438280850648880005e-02
5.437828227877616882e-02
5.437373742461204529e-02
5.436924099922180176e-02
5.436471477150917053e-02
5.436023697257041931e-02
5.435574799776077271e-02
5.435126274824142456e-02
5.434680357575416565e-02
5.434233695268630981e-02
5.433788523077964783e-02
5.433348566293716431e-02
5.432905629277229309e-02
5.432463809847831726e-02
5.432024225592613220e-02
5.431588366627693176e-02
5.431149154901504517e-02
5.430713295936584473e-02
5.430279672145843506e-02
5.429843813180923462e-02
5.429410561919212341e-02
5.428972840309143066e-02
5.428542196750640869e-02
5.428113415837287903e-02
5.427683889865875244e-02
5.427253246307373047e-02
5.426825210452079773e-02
5.426397547125816345e-02
5.425972491502761841e-02
5.425545945763587952e-02
5.425122380256652832e-02
5.424697697162628174e-02
5.424273759126663208e-02
5.423851311206817627e-02
5.423431843519210815e-02
5.423013865947723389e-02
5.422591045498847961e-02
5.422174558043479919e-02
5.421758070588111877e-02
5.421340093016624451e-02
5.420923978090286255e-02
5.420508608222007751e-02
5.420092493295669556e-02
5.419677123427391052e-02
5.419263616204261780e-02
5.418849736452102661e-02
5.418439581990242004e-02
5.418026074767112732e-02
5.417619645595550537e-02
5.417207628488540649e-02
5.416800081729888916e-02
5.416389927268028259e-02
5.415985360741615295e-02
5.415576696395874023e-02
5.415169149637222290e-02
5.414762720465660095e-02
5.414357408881187439e-02
5.413949862122535706e-02
5.413546785712242126e-02
5.413144081830978394e-02
5.412740632891654968e-02
5.412334203720092773e-02
5.411933735013008118e-02
5.411534756422042847e-02
5.411133542656898499e-02
5.410734191536903381e-02
5.410334840416908264e-02
5.409939214587211609e-02
5.409539490938186646e-02
5.409141629934310913e-02
5.408743768930435181e-02
5.408345535397529602e-02
5.407953634858131409e-02
5.407555773854255676e-02
5.407158657908439636e-02
5.406763777136802673e-02
5.406371131539344788e-02
5.405979976058006287e-02
5.405586957931518555e-02
5.405197292566299438e-02
5.404803901910781860e-02
5.404412373900413513e-02
5.404022336006164551e-02
5.403634160757064819e-02
5.403244867920875549e-02
5.402858555316925049e-02
5.402467027306556702e-02
5.402079969644546509e-02
5.401694402098655701e-02
5.401306226849555969e-02
5.400918424129486084e-02
5.400535836815834045e-02
5.400149524211883545e-02
5.399763211607933044e-02
5.399379879236221313e-02
5.398993194103240967e-02
5.398614704608917236e-02
5.398228019475936890e-02
5.397847294807434082e-02
5.397466942667961121e-02
5.397087335586547852e-02
5.396706238389015198e-02
5.396327748894691467e-02
5.395948514342308044e-02
5.395570769906044006e-02
5.395191162824630737e-02
5.394814163446426392e-02
5.394434183835983276e-02
5.394060164690017700e-02
5.393682420253753662e-02
5.393308773636817932e-02
5.392935499548912048e-02
5.392558127641677856e-02
5.392186716198921204e-02
5.391814932227134705e-02
5.391440168023109436e-02
5.391066893935203552e-02
5.390695855021476746e-02
5.390324816107749939e-02
5.389954894781112671e-02
5.389583483338356018e-02
5.389217287302017212e-02
5.388847738504409790e-02
5.388481914997100830e-02
5.388114601373672485e-02
5.387749150395393372e-02
5.387381836771965027e-02
5.387017875909805298e-02
5.386649444699287415e-02
5.386282503604888916e-02
5.385918170213699341e-02
5.385557562112808228e-02
5.385195836424827576e-02
5.384833365678787231e-02
5.384470894932746887e-02
5.384114384651184082e-02
5.383754149079322815e-02
5.383395031094551086e-02
5.383034795522689819e-02
5.382677167654037476e-02
5.382322147488594055e-02
5.381963029503822327e-02
5.381607636809349060e-02
5.381250008940696716e-02
5.380893498659133911e-02
5.380540341138839722e-02
5.380187556147575378e-02
5.379832163453102112e-02
5.379479750990867615e-02
5.379127711057662964e-02
5.378779768943786621e-02
5.378427729010581970e-02
5.378080159425735474e-02
5.377728492021560669e-02
5.377386137843132019e-02
5.377035215497016907e-02
5.376687645912170410e-02
5.376341193914413452e-02
5.375996977090835571e-02
5.375650152564048767e-02
5.375308543443679810e-02
5.374961346387863159e-02
5.374619737267494202e-02
5.374277010560035706e-02
5.373935028910636902e-02
5.373598262667655945e-02
5.373262241482734680e-02
5.372919142246246338e-02
5.372582376003265381e-02
5.372244119644165039e-02
5.371907353401184082e-02
5.371573567390441895e-02
5.371239781379699707e-02
5.370905250310897827e-02
5.370571464300155640e-02
5.370237678289413452e-02
5.369908735156059265e-02
5.369578301906585693e-02
5.369244888424873352e-02
5.368915200233459473e-02
5.368585512042045593e-02
5.368258431553840637e-02
5.367929860949516296e-02
5.367604270577430725e-02
5.367280170321464539e-02
5.366957560181617737e-02
5.366630852222442627e-02
5.366307124495506287e-02
5.365986004471778870e-02
5.365666002035140991e-02
5.365347117185592651e-02
5.365027487277984619e-02
5.364705249667167664e-02
5.364385619759559631e-02
5.364069715142250061e-02
5.363753065466880798e-02
5.363440886139869690e-02
5.363127589225769043e-02
5.362814664840698242e-02
5.362504720687866211e-02
5.362194031476974487e-02
5.361885204911231995e-02
5.361573025584220886e-02
5.361261591315269470e-02
5.360953137278556824e-02
5.360646918416023254e-02
5.360341817140579224e-02
5.360036343336105347e-02
5.359736829996109009e-02
5.359433591365814209e-02
5.359131097793579102e-02
5.358831956982612610e-02
5.358531698584556580e-02
5.358231067657470703e-02
5.357931181788444519e-02
5.357638746500015259e-02
5.357341095805168152e-02
5.357047170400619507e-02
5.356751382350921631e-02
5.356455594301223755e-02
5.356168001890182495e-02
5.355880409479141235e-02
5.355591326951980591e-02
5.355301126837730408e-02
5.355013534426689148e-02
5.354728549718856812e-02
5.354445427656173706e-02
5.354159697890281677e-02
5.353871732950210571e-02
5.353594198822975159e-02
5.353308469057083130e-02
5.353029072284698486e-02
5.352753400802612305e-02
5.352474004030227661e-02
5.352195352315902710e-02
5.351924151182174683e-02
5.351645126938819885e-02
5.351370573043823242e-02
5.351098254323005676e-02
5.350827425718307495e-02
5.350557342171669006e-02
5.350286513566970825e-02
5.350016802549362183e-02
5.349749699234962463e-02
5.349484086036682129e-02
5.349217355251312256e-02
5.348955467343330383e-02
5.348697304725646973e-02
5.348436906933784485e-02
5.348176136612892151e-02
5.347917228937149048e-02
5.347657948732376099e-02
5.347398668527603149e-02
5.347141250967979431e-02
5.346887186169624329e-02
5.346632748842239380e-02
5.346385017037391663e-02
5.346133187413215637e-02
5.345880612730979919e-02
5.345634371042251587e-02
5.345387756824493408e-02
5.345143750309944153e-02
5.344899371266365051e-02
5.344655737280845642e-02
5.344412475824356079e-02
5.344171822071075439e-02
5.343930050730705261e-02
5.343693867325782776e-02
5.343458801507949829e-02
5.343222990632057190e-02
5.342992022633552551e-02
5.342754721641540527e-02
5.342524126172065735e-02
5.342290922999382019e-02
5.342064797878265381e-02
5.341835692524909973e-02
5.341610684990882874e-02
5.341384187340736389e-02
5.341161414980888367e-02
5.340936779975891113e-02
5.340718105435371399e-02
5.340499058365821838e-02
5.340280756354331970e-02
5.340067297220230103e-02
5.339847877621650696e-02
5.339631810784339905e-02
5.339422076940536499e-02
5.339206755161285400e-02
5.338997393846511841e-02
5.338786169886589050e-02
5.338579416275024414e-02
5.338370800018310547e-02
5.338167399168014526e-02
5.337964370846748352e-02
5.337765067815780640e-02
5.337562784552574158e-02
5.337360128760337830e-02
5.337160825729370117e-02
5.336966738104820251e-02
5.336771905422210693e-02
5.336575955152511597e-02
5.336385220289230347e-02
5.336193367838859558e-02
5.336003750562667847e-02
5.335811898112297058e-02
5.335623025894165039e-02
5.335433036088943481e-02
5.335251614451408386e-02
5.335067585110664368e-02
5.334889516234397888e-02
5.334708467125892639e-02
5.334529653191566467e-02
5.334351211786270142e-02
5.334176495671272278e-02
5.334002524614334106e-02
5.333828553557395935e-02
5.333659052848815918e-02
5.333491042256355286e-02
5.333321914076805115e-02
5.333152785897254944e-02
5.332988873124122620e-02
5.332823470234870911e-02
5.332659929990768433e-02
5.332499369978904724e-02
5.332335829734802246e-02
5.332178249955177307e-02
5.332021042704582214e-02
5.331864580512046814e-02
5.331712961196899414e-02
5.331560224294662476e-02
5.331407487392425537e-02
5.331258475780487061e-02
5.331109091639518738e-02
5.330963805317878723e-02
5.330819636583328247e-02
5.330676957964897156e-02
5.330533534288406372e-02
5.330394953489303589e-02
5.330253764986991882e-02
5.330117419362068176e-02
5.329986289143562317e-02
5.329849570989608765e-02
5.329718068242073059e-02
5.329588055610656738e-02
5.329457297921180725e-02
5.329332128167152405e-02
5.329205095767974854e-02
5.329079180955886841e-02
5.328955128788948059e-02
5.328834429383277893e-02
5.328715592622756958e-02
5.328595265746116638e-02
5.328477546572685242e-02
5.328365042805671692e-02
5.328251793980598450e-02
5.328137427568435669e-02
5.328026041388511658e-02
5.327919870615005493e-02
5.327809229493141174e-02
5.327707156538963318e-02
5.327599495649337769e-02
5.327495560050010681e-02
5.327393114566802979e-02
5.327292531728744507e-02
5.327193066477775574e-02
5.327097326517105103e-02
5.327006056904792786e-02
5.326912179589271545e-02
5.326819047331809998e-02
5.326726660132408142e-02
5.326643586158752441e-02
5.326556786894798279e-02
5.326471850275993347e-02
5.326388776302337646e-02
5.326307937502861023e-02
5.326224491000175476e-02
5.326148867607116699e-02
5.326073244214057922e-02
5.325998738408088684e-02
5.325925350189208984e-02
5.325854197144508362e-02
5.325782299041748047e-02
5.325712636113166809e-02
5.325646698474884033e-02
5.325582250952720642e-02
5.325517803430557251e-02
5.325456336140632629e-02
5.325394496321678162e-02
5.325336754322052002e-02
5.325282737612724304e-02
5.325225368142127991e-02
5.325168371200561523e-02
5.325118079781532288e-02
5.325068533420562744e-02
5.325018242001533508e-02
5.324974656105041504e-02
5.324927344918251038e-02
5.324884131550788879e-02
5.324841290712356567e-02
5.324800312519073486e-02
5.324758961796760559e-02
5.324721708893775940e-02
5.324685573577880859e-02
5.324650928378105164e-02
5.324616655707359314e-02
5.324588343501091003e-02
5.324558168649673462e-02
5.324529111385345459e-02
5.324500426650047302e-02
5.324476212263107300e-02
5.324455723166465759e-02
5.324433743953704834e-02
5.324413627386093140e-02
5.324395745992660522e-02
5.324378982186317444e-02
5.324365943670272827e-02
5.324353277683258057e-02
5.324340984225273132e-02
5.324332043528556824e-02
5.324323102831840515e-02
5.324317887425422668e-02
5.324310064315795898e-02
5.324308574199676514e-02
5.324308946728706360e-02
5.324302986264228821e-02
5.324307829141616821e-02
5.324308574199676514e-02
5.324310436844825745e-02
5.324314907193183899e-02
5.324322357773780823e-02
5.324330553412437439e-02
5.324341356754302979e-02
5.324351415038108826e-02
5.324364453554153442e-02
5.324383080005645752e-02
5.324398353695869446e-02
5.324417725205421448e-02
5.324435606598854065e-02
5.324455350637435913e-02
5.324478074908256531e-02
5.324504524469375610e-02
5.324529111385345459e-02
5.324551835656166077e-02
5.324582383036613464e-02
5.324614048004150391e-02
5.324643850326538086e-02
5.324676260352134705e-02
5.324709787964820862e-02
5.324744060635566711e-02
5.324780941009521484e-02
5.324821546673774719e-02
5.324858427047729492e-02
5.324900895357131958e-02
5.324945971369743347e-02
5.324992537498474121e-02
5.325038731098175049e-02
5.325088649988174438e-02
5.325136706233024597e-02
5.325186252593994141e-02
5.325241759419441223e-02
5.325294286012649536e-02
5.325349420309066772e-02
5.325407534837722778e-02
5.325464904308319092e-02
5.325521528720855713e-02
5.325585231184959412e-02
5.325646698474884033e-02
5.325711518526077271e-02
5.325777083635330200e-02
5.325842648744583130e-02
5.325912311673164368e-02
5.325977504253387451e-02
5.326047912240028381e-02
5.326123535633087158e-02
5.326193571090698242e-02
5.326263979077339172e-02
5.326342955231666565e-02
5.326416343450546265e-02
5.326497182250022888e-02
5.326573178172111511e-02
5.326654762029647827e-02
5.326734110713005066e-02
5.326820164918899536e-02
5.326907336711883545e-02
5.326990410685539246e-02
5.327082797884941101e-02
5.327164754271507263e-02
5.327255651354789734e-02
5.327346175909042358e-02
5.327432230114936829e-02
5.327526107430458069e-02
5.327622592449188232e-02
5.327720195055007935e-02
5.327817797660827637e-02
5.327913165092468262e-02
5.328007787466049194e-02
5.328109487891197205e-02
5.328207090497016907e-02
5.328305810689926147e-02
5.328409746289253235e-02
5.328511074185371399e-02
5.328615009784698486e-02
5.328721925616264343e-02
5.328824743628501892e-02
5.328932777047157288e-02
5.329046025872230530e-02
5.329160019755363464e-02
5.329266935586929321e-02
5.329380556941032410e-02
5.329493433237075806e-02
5.329606309533119202e-02
5.329717695713043213e-02
5.329838767647743225e-02
5.329958721995353699e-02
5.330076813697814941e-02
5.330195650458335876e-02
5.330314859747886658e-02
5.330438166856765747e-02
5.330560728907585144e-02
5.330686271190643311e-02
5.330809205770492554e-02
5.330932140350341797e-02
5.331061407923698425e-02
5.331188440322875977e-02
5.331316217780113220e-02
5.331446230411529541e-02
5.331578850746154785e-02
5.331706628203392029e-02
5.331837013363838196e-02
5.331969633698463440e-02
5.332100391387939453e-02
5.332232639193534851e-02
5.332371219992637634e-02
5.332505330443382263e-02
5.332639813423156738e-02
5.332777276635169983e-02
5.332913994789123535e-02
5.333057790994644165e-02
5.333195999264717102e-02
5.333337187767028809e-02
5.333476886153221130e-02
5.333618447184562683e-02
5.333760380744934082e-02
5.333907157182693481e-02
5.334047973155975342e-02
5.334191024303436279e-02
5.334336310625076294e-02
5.334482342004776001e-02
5.334630608558654785e-02
5.334778130054473877e-02
5.334930494427680969e-02
5.335079506039619446e-02
5.335228890180587769e-02
5.335380509495735168e-02
5.335528776049613953e-02
5.335680022835731506e-02
5.335836112499237061e-02
5.335986986756324768e-02
5.336144194006919861e-02
5.336299166083335876e-02
5.336453765630722046e-02
5.336608365178108215e-02
5.336765572428703308e-02
5.336921289563179016e-02
5.337081849575042725e-02
5.337240546941757202e-02
5.337394773960113525e-02
5.337555706501007080e-02
5.337715521454811096e-02
5.337876453995704651e-02
5.338032916188240051e-02
5.338192358613014221e-02
5.338355153799057007e-02
5.338516086339950562e-02
5.338683351874351501e-02
5.338844284415245056e-02
5.339010804891586304e-02
5.339172482490539551e-02
5.339340493083000183e-02
5.339507758617401123e-02
5.339673534035682678e-02
5.339835211634635925e-02
5.340004339814186096e-02
5.340169370174407959e-02
5.340333655476570129e-02
5.340503528714179993e-02
5.340668559074401855e-02
5.340841040015220642e-02
5.341005325317382812e-02
5.341171473264694214e-02
5.341344699263572693e-02
5.341514945030212402e-02
5.341682955622673035e-02
5.341853946447372437e-02
5.342024564743041992e-02
5.342194437980651855e-02
5.342364683747291565e-02
5.342539772391319275e-02
5.342710390686988831e-02
5.342880263924598694e-02
5.343052372336387634e-02
5.343225598335266113e-02
5.343396216630935669e-02
5.343565717339515686e-02
5.343738198280334473e-02
5.343911424279212952e-02
5.344085022807121277e-02
5.344261601567268372e-02
5.344434827566146851e-02
5.344606935977935791e-02
5.344784259796142578e-02
5.344955623149871826e-02
5.345135927200317383e-02
5.345310643315315247e-02
5.345482006669044495e-02
5.345656722784042358e-02
5.345831438899040222e-02
5.346005037426948547e-02
5.346179381012916565e-02
5.346352979540824890e-02
5.346530675888061523e-02
5.346705764532089233e-02
5.346882343292236328e-02
5.347056686878204346e-02
5.347232520580291748e-02
5.347405746579170227e-02
5.347578227519989014e-02
5.347754433751106262e-02
5.347927659749984741e-02
5.348103865981101990e-02
5.348277837038040161e-02
5.348449572920799255e-02
5.348622053861618042e-02
5.348797515034675598e-02
5.348971113562583923e-02
5.349145829677581787e-02
5.349317938089370728e-02
5.349492654204368591e-02
5.349665507674217224e-02
5.349836871027946472e-02
5.350008606910705566e-02
5.350183323025703430e-02
5.350359529256820679e-02
5.350532010197639465e-02
5.350700393319129944e-02
5.350872129201889038e-02
5.351042002439498901e-02
5.351215600967407227e-02
5.351386591792106628e-02
5.351553112268447876e-02
5.351722612977027893e-02
5.351892858743667603e-02
5.352061241865158081e-02
5.352233350276947021e-02
5.352405086159706116e-02
5.352570116519927979e-02
5.352744832634925842e-02
5.352904647588729858e-02
5.353073030710220337e-02
5.353237316012382507e-02
5.353399366140365601e-02
5.353565514087677002e-02
5.353727936744689941e-02
5.353886261582374573e-02
5.354052782058715820e-02
5.354211479425430298e-02
5.354372039437294006e-02
5.354534089565277100e-02
5.354699492454528809e-02
5.354856699705123901e-02
5.355014652013778687e-02
5.355172604322433472e-02
5.355329066514968872e-02
5.355488136410713196e-02
5.355643108487129211e-02
5.355799198150634766e-02
5.355948954820632935e-02
5.356103181838989258e-02
5.356256663799285889e-02
5.356407165527343750e-02
5.356556549668312073e-02
5.356704071164131165e-02
5.356853082776069641e-02
5.357001721858978271e-02
5.357153341174125671e-02
5.357294157147407532e-02
5.357436463236808777e-02
5.357583612203598022e-02
5.357723683118820190e-02
5.357861891388893127e-02
5.358005315065383911e-02
5.358146503567695618e-02
5.358284711837768555e-02
5.358420684933662415e-02
5.358561873435974121e-02
5.358693376183509827e-02
5.358825996518135071e-02
5.358958616852760315e-02
5.359091237187385559e-02
5.359223112463951111e-02
5.359349027276039124e-02
5.359477922320365906e-02
5.359602347016334534e-02
5.359726026654243469e-02
5.359849333763122559e-02
5.359973758459091187e-02
5.360088124871253967e-02
5.360207334160804749e-02
5.360324680805206299e-02
5.360440164804458618e-02
5.360550060868263245e-02
5.360668152570724487e-02
5.360778793692588806e-02
5.360889434814453125e-02
5.360999703407287598e-02
5.361101776361465454e-02
5.361207574605941772e-02
5.361313372850418091e-02
5.361415818333625793e-02
5.361508950591087341e-02
5.361605063080787659e-02
5.361705273389816284e-02
5.361797288060188293e-02
5.361886322498321533e-02
5.361977592110633850e-02
5.362064391374588013e-02
5.362149327993392944e-02
5.362235382199287415e-02
5.362316966056823730e-02
5.362395569682121277e-02
5.362477526068687439e-02
5.362551659345626831e-02
5.362629145383834839e-02
5.362697318196296692e-02
5.362768471240997314e-02
5.362837761640548706e-02
5.362901464104652405e-02
5.362964048981666565e-02
5.363024398684501648e-02
5.363082140684127808e-02
5.363141372799873352e-02
5.363194271922111511e-02
5.363248288631439209e-02
5.363298580050468445e-02
5.363342911005020142e-02
5.363386124372482300e-02
5.363428592681884766e-02
5.363468453288078308e-02
5.363505333662033081e-02
5.363541468977928162e-02
5.363572016358375549e-02
5.363599210977554321e-02
5.363629758358001709e-02
5.363653972744941711e-02
5.363677069544792175e-02
5.363698303699493408e-02
5.363712832331657410e-02
5.363725125789642334e-02
5.363734811544418335e-02
5.363738536834716797e-02
5.363743007183074951e-02
5.363744869828224182e-02
5.363743007183074951e-02
5.363735929131507874e-02
5.363730713725090027e-02
5.363718420267105103e-02
5.363701656460762024e-02
5.363688245415687561e-02
5.363664403557777405e-02
5.363639071583747864e-02
5.363613367080688477e-02
5.363588035106658936e-02
5.363552644848823547e-02
5.363514646887779236e-02
5.363474413752555847e-02
5.363433435559272766e-02
5.363383889198303223e-02
5.363333970308303833e-02
5.363280326128005981e-02
5.363220348954200745e-02
5.363164469599723816e-02
5.363098159432411194e-02
5.363032594323158264e-02
5.362959951162338257e-02
5.362886935472488403e-02
5.362808331847190857e-02
5.362727120518684387e-02
5.362639203667640686e-02
5.362549424171447754e-02
5.362459272146224976e-02
5.362362414598464966e-02
5.362261831760406494e-02
5.362154170870780945e-02
5.362047627568244934e-02
5.361936241388320923e-02
5.361821502447128296e-02
5.361703038215637207e-02
5.361574143171310425e-02
5.361447855830192566e-02
5.361315235495567322e-02
5.361175909638404846e-02
5.361033231019973755e-02
5.360888317227363586e-02
5.360737815499305725e-02
5.360586568713188171e-02
5.360425263643264771e-02
5.360262840986251831e-02
5.360095575451850891e-02
5.359921231865882874e-02
5.359741672873497009e-02
5.359563976526260376e-02
5.359376221895217896e-02
5.359182134270668030e-02
5.358986184000968933e-02
5.358786880970001221e-02
5.358585342764854431e-02
5.358375608921051025e-02
5.358159542083740234e-02
5.357937514781951904e-02
5.357715487480163574e-02
5.357488617300987244e-02
5.357255414128303528e-02
5.357011407613754272e-02
5.356770753860473633e-02
5.356522649526596069e-02
5.356270447373390198e-02
5.356008931994438171e-02
5.355743691325187683e-02
5.355470255017280579e-02
5.355196446180343628e-02
5.354917421936988831e-02
5.354626849293708801e-02
5.354334414005279541e-02
5.354038625955581665e-02
5.353733897209167480e-02
5.353421345353126526e-02
5.353107303380966187e-02
5.352791398763656616e-02
5.352466553449630737e-02
5.352141708135604858e-02
5.351805314421653748e-02
5.351458862423896790e-02
5.351114645600318909e-02
5.350769683718681335e-02
5.350408703088760376e-02
5.350040271878242493e-02
5.349673703312873840e-02
5.349296331405639648e-02
5.348918214440345764e-02
5.348533019423484802e-02
5.348141491413116455e-02
5.347747355699539185e-02
5.347344279289245605e-02
5.346933752298355103e-02
5.346515774726867676e-02
5.346095189452171326e-02
5.345668271183967590e-02
5.345232412219047546e-02
5.344795808196067810e-02
5.344353616237640381e-02
5.343900620937347412e-02
5.343441665172576904e-02
5.342985689640045166e-02
5.342512950301170349e-02
5.342043563723564148e-02
5.341558903455734253e-02
5.341070890426635742e-02
5.340581387281417847e-02
5.340086296200752258e-02
5.339583009481430054e-02
5.339074507355690002e-02
5.338555574417114258e-02
5.338039249181747437e-02
5.337513983249664307e-02
5.336979776620864868e-02
5.336439236998558044e-02
5.335894227027893066e-02
5.335350334644317627e-02
5.334796011447906494e-02
5.334229022264480591e-02
5.333665013313293457e-02
5.333098024129867554e-02
5.332514643669128418e-02
5.331937968730926514e-02
5.331350862979888916e-02
5.330760031938552856e-02
5.330162495374679565e-02
5.329561233520507812e-02
5.328956991434097290e-02
5.328344181180000305e-02
5.327729880809783936e-02
5.327107384800910950e-02
5.326481908559799194e-02
5.325852334499359131e-02
5.325216799974441528e-02
5.324577912688255310e-02
5.323933437466621399e-02
5.323284119367599487e-02
5.322636663913726807e-02
5.321978405117988586e-02
5.321320518851280212e-02
5.320654064416885376e-02
5.319989100098609924e-02
5.319316685199737549e-02
5.318640917539596558e-02
5.317961424589157104e-02
5.317286774516105652e-02
5.316605046391487122e-02
5.315920710563659668e-02
5.315234884619712830e-02
5.314543843269348145e-02
5.313856899738311768e-02
5.313161015510559082e-02
5.312470346689224243e-02
5.311767011880874634e-02
5.311068892478942871e-02
5.310363695025444031e-02
5.309664085507392883e-02
5.308962240815162659e-02
5.308262258768081665e-02
5.307554081082344055e-02
5.306850373744964600e-02
5.306145548820495605e-02
5.305442586541175842e-02
5.304737761616706848e-02
5.304034799337387085e-02
5.303332954645156860e-02
5.302628874778747559e-02
5.301928147673606873e-02
5.301223322749137878e-02
5.300528183579444885e-02
5.299828946590423584e-02
5.299133062362670898e-02
5.298440158367156982e-02
5.297753587365150452e-02
5.297055840492248535e-02
5.296372249722480774e-02
5.295687913894653320e-02
5.295006558299064636e-02
5.294333398342132568e-02
5.293662101030349731e-02
5.292991176247596741e-02
5.292322114109992981e-02
5.291661247611045837e-02
5.291004106402397156e-02
5.290355905890464783e-02
5.289699509739875793e-02
5.289050936698913574e-02
5.288409814238548279e-02
5.287775024771690369e-02
5.287145450711250305e-02
5.286521464586257935e-02
5.285904183983802795e-02
5.285289138555526733e-02
5.284679308533668518e-02
5.284072831273078918e-02
5.283477157354354858e-02
5.282884463667869568e-02
5.282300710678100586e-02
5.281722173094749451e-02
5.281151458621025085e-02
5.280587077140808105e-02
5.280024930834770203e-02
5.279470235109329224e-02
5.278924107551574707e-02
5.278378725051879883e-02
5.277850106358528137e-02
5.277321115136146545e-02
5.276803299784660339e-02
5.276289954781532288e-02
5.275785923004150391e-02
5.275284498929977417e-02
5.274792388081550598e-02
5.274308845400810242e-02
5.273829773068428040e-02
5.273357778787612915e-02
5.272890999913215637e-02
5.272439122200012207e-02
5.271994695067405701e-02
5.271550267934799194e-02
5.271121114492416382e-02
5.270690470933914185e-02
5.270270258188247681e-02
5.269854143261909485e-02
5.269449204206466675e-02
5.269047617912292480e-02
5.268660560250282288e-02
5.268273875117301941e-02
5.267894640564918518e-02
5.267525464296340942e-02
5.267162248492240906e-02
5.266807228326797485e-02
5.266456678509712219e-02
5.266107246279716492e-02
5.265769362449645996e-02
5.265445634722709656e-02
5.265119671821594238e-02
5.264800786972045898e-02
5.264497920870780945e-02
5.264189839363098145e-02
5.263892188668251038e-02
5.263601243495941162e-02
5.263319984078407288e-02
5.263040587306022644e-02
5.262768268585205078e-02
5.262507125735282898e-02
5.262245610356330872e-02
5.261989310383796692e-02
5.261744186282157898e-02
5.261506885290145874e-02
5.261268839240074158e-02
5.261039361357688904e-02
5.260820686817169189e-02
5.260601267218589783e-02
5.260387808084487915e-02
5.260183289647102356e-02
5.259983241558074951e-02
5.259782075881958008e-02
5.259592458605766296e-02
5.259406939148902893e-02
5.259227007627487183e-02
5.259052291512489319e-02
5.258883535861968994e-02
5.258721485733985901e-02
5.258566513657569885e-02
5.258408188819885254e-02
5.258258432149887085e-02
5.258114263415336609e-02
5.257977545261383057e-02
5.257846787571907043e-02
5.257716774940490723e-02
5.257594957947731018e-02
5.257477238774299622e-02
5.257367715239524841e-02
5.257256701588630676e-02
5.257152393460273743e-02
5.257051438093185425e-02
5.256956070661544800e-02
5.256868898868560791e-02
5.256783962249755859e-02
5.256703123450279236e-02
5.256627500057220459e-02
5.256553366780281067e-02
5.256488174200057983e-02
5.256424471735954285e-02
5.256364122033119202e-02
5.256310105323791504e-02
5.256267637014389038e-02
5.256219953298568726e-02
5.256177112460136414e-02
5.256146937608718872e-02
5.256115272641181946e-02
5.256086587905883789e-02
5.256061628460884094e-02
5.256046354770660400e-02
5.256033688783645630e-02
5.256026238203048706e-02
5.256019160151481628e-02
5.256020277738571167e-02
5.256020650267601013e-02
5.256029963493347168e-02
5.256042629480361938e-02
5.256055295467376709e-02
5.256078019738197327e-02
5.256104841828346252e-02
5.256130546331405640e-02
5.256162956357002258e-02
5.256199091672897339e-02
5.256243795156478882e-02
5.256290733814239502e-02
5.256344005465507507e-02
5.256402865052223206e-02
5.256465822458267212e-02
5.256527662277221680e-02
5.256595090031623840e-02
5.256667360663414001e-02
5.256744474172592163e-02
5.256828293204307556e-02
5.256910249590873718e-02
5.257004499435424805e-02
5.257097631692886353e-02
5.257195606827735901e-02
5.257295817136764526e-02
5.257401242852210999e-02
5.257516726851463318e-02
5.257634818553924561e-02
5.257755890488624573e-02
5.257877707481384277e-02
5.258006975054740906e-02
5.258141458034515381e-02
5.258275941014289856e-02
5.258421227335929871e-02
5.258564651012420654e-02
5.258716642856597900e-02
5.258871614933013916e-02
5.259031057357788086e-02
5.259193852543830872e-02
5.259361490607261658e-02
5.259535461664199829e-02
5.259716883301734924e-02
5.259897932410240173e-02
5.260089412331581116e-02
5.260282009840011597e-02
5.260474979877471924e-02
5.260679125785827637e-02
5.260881036520004272e-02
5.261089280247688293e-02
5.261309072375297546e-02
5.261525884270668030e-02
5.261746793985366821e-02
5.261974781751632690e-02
5.262206494808197021e-02
5.262444540858268738e-02
5.262686684727668762e-02
5.262934789061546326e-02
5.263187736272811890e-02
5.263443291187286377e-02
5.263705551624298096e-02
5.263967812061309814e-02
5.264239013195037842e-02
5.264514684677124023e-02
5.264794081449508667e-02
5.265080556273460388e-02
5.265366658568382263e-02
5.265661329030990601e-02
5.265963822603225708e-02
5.266268923878669739e-02
5.266577377915382385e-02
5.266890302300453186e-02
5.267207324504852295e-02
5.267533287405967712e-02
5.267858505249023438e-02
5.268196389079093933e-02
5.268533527851104736e-02
5.268877744674682617e-02
5.269229412078857422e-02
5.269584804773330688e-02
5.269944667816162109e-02
5.270310118794441223e-02
5.270681530237197876e-02
5.271054059267044067e-02
5.271440744400024414e-02
5.271823331713676453e-02
5.272212997078895569e-02
5.272609740495681763e-02
5.273012071847915649e-02
5.273417755961418152e-02
5.273832753300666809e-02
5.274246260523796082e-02
5.274671316146850586e-02
5.275097116827964783e-02
5.275533720850944519e-02
5.275971069931983948e-02
5.276417359709739685e-02
5.276867374777793884e-02
5.277321487665176392e-02
5.277780443429946899e-02
5.278252437710762024e-02
5.278723314404487610e-02
5.279199779033660889e-02
5.279678478837013245e-02
5.280167981982231140e-02
5.280662328004837036e-02
5.281158536672592163e-02
5.281665921211242676e-02
5.282175913453102112e-02
5.282695591449737549e-02
5.283218994736671448e-02
5.283751711249351501e-02
5.284285917878150940e-02
5.284820497035980225e-02
5.285361409187316895e-02
5.285915732383728027e-02
5.286470428109169006e-02
5.287030339241027832e-02
5.287595465779304504e-02
5.288169160485267639e-02
5.288746207952499390e-02
5.289332196116447449e-02
5.289921537041664124e-02
5.290517956018447876e-02
5.291122570633888245e-02
5.291730910539627075e-02
5.292343720793724060e-02
5.292961746454238892e-02
5.293583497405052185e-02
5.294217169284820557e-02
5.294851213693618774e-02
5.295495316386222839e-02
5.296143516898155212e-02
5.296792834997177124e-02
5.297447741031646729e-02
5.298115313053131104e-02
5.298786610364913940e-02
5.299459025263786316e-02
5.300144478678703308e-02
5.300832539796829224e-02
5.301527678966522217e-02
5.302228406071662903e-02
5.302935466170310974e-02
5.303651094436645508e-02
5.304368585348129272e-02
5.305093154311180115e-02
5.305821821093559265e-02
5.306557565927505493e-02
5.307305976748466492e-02
5.308053269982337952e-02
5.308805778622627258e-02
5.309567973017692566e-02
5.310334265232086182e-02
5.311110243201255798e-02
5.311885848641395569e-02
5.312673747539520264e-02
5.313463881611824036e-02
5.314260721206665039e-02
5.315065756440162659e-02
5.315873771905899048e-02
5.316689610481262207e-02
5.317511036992073059e-02
5.318337678909301758e-02
5.319172888994216919e-02
5.320011079311370850e-02
5.320851132273674011e-02
5.321708694100379944e-02
5.322560295462608337e-02
5.323424562811851501e-02
5.324294045567512512e-02
5.325170978903770447e-02
5.326049402356147766e-02
5.326937511563301086e-02
5.327826365828514099e-02
5.328720062971115112e-02
5.329633131623268127e-02
5.330541357398033142e-02
5.331462994217872620e-02
5.332386493682861328e-02
5.333315953612327576e-02
5.334249883890151978e-02
5.335192009806632996e-02
5.336137115955352783e-02
5.337087810039520264e-02
5.338050797581672668e-02
5.339014157652854919e-02
5.339976027607917786e-02
5.340957641601562500e-02
5.341937392950057983e-02
5.342925339937210083e-02
5.343914404511451721e-02
5.344912037253379822e-02
5.345919728279113770e-02
5.346930027008056641e-02
5.347952619194984436e-02
5.348972231149673462e-02
5.350000411272048950e-02
5.351030454039573669e-02
5.352069064974784851e-02
5.353114008903503418e-02
5.354167148470878601e-02
5.355221033096313477e-02
5.356283485889434814e-02
5.357357114553451538e-02
5.358424782752990723e-02
5.359500274062156677e-02
5.360588431358337402e-02
5.361678078770637512e-02
5.362771824002265930e-02
5.363873764872550964e-02
5.364979803562164307e-02
5.366089195013046265e-02
5.367204546928405762e-02
5.368325486779212952e-02
5.369453877210617065e-02
5.370579659938812256e-02
5.371722579002380371e-02
5.372866243124008179e-02
5.374018102884292603e-02
5.375168099999427795e-02
5.376328900456428528e-02
5.377499386668205261e-02
5.378666892647743225e-02
5.379836633801460266e-02
5.381019413471221924e-02
5.382203310728073120e-02
5.383393540978431702e-02
5.384588241577148438e-02
5.385791137814521790e-02
5.386995896697044373e-02
5.388206988573074341e-02
5.389421433210372925e-02
5.390644073486328125e-02
5.391868948936462402e-02
5.393099039793014526e-02
5.394331365823745728e-02
5.395575612783432007e-02
5.396820604801177979e-02
5.398070812225341797e-02
5.399322882294654846e-02
5.400585755705833435e-02
5.401850491762161255e-02
5.403116345405578613e-02
5.404393747448921204e-02
5.405668914318084717e-02
5.406953766942024231e-02
5.408236384391784668e-02
5.409532040357589722e-02
5.410826578736305237e-02
5.412124842405319214e-02
5.413429811596870422e-02
5.414736270904541016e-02
5.416043475270271301e-02
5.417363345623016357e-02
5.418684333562850952e-02
5.420014262199401855e-02
5.421344190835952759e-02
5.422673001885414124e-02
5.424012616276741028e-02
5.425353348255157471e-02
5.426698923110961914e-02
5.428045243024826050e-02
5.429390817880630493e-02
5.430750548839569092e-02
5.432112142443656921e-02
5.433479323983192444e-02
5.434845760464668274e-02
5.436214804649353027e-02
5.437587574124336243e-02
5.438960716128349304e-02
5.440339818596839905e-02
5.441727116703987122e-02
5.443111062049865723e-02
5.444503203034400940e-02
5.445898696780204773e-02
5.447292327880859375e-02
5.448694899678230286e-02
5.450101196765899658e-02
5.451507866382598877e-02
5.452918633818626404e-02
5.454326048493385315e-02
5.455744266510009766e-02
5.457162111997604370e-02
5.458586663007736206e-02
5.460011959075927734e-02
5.461437627673149109e-02
5.462867766618728638e-02
5.464301630854606628e-02
5.465741455554962158e-02
5.467177182435989380e-02
5.468616634607315063e-02
5.470054596662521362e-02
5.471499636769294739e-02
5.472945794463157654e-02
5.474396422505378723e-02
5.475847795605659485e-02
5.477295815944671631e-02
5.478750914335250854e-02
5.480207130312919617e-02
5.481665208935737610e-02
5.483122169971466064e-02
5.484586954116821289e-02
5.486053600907325745e-02
5.487515032291412354e-02
5.488986149430274963e-02
5.490450561046600342e-02
5.491913855075836182e-02
5.493387207388877869e-02
5.494855344295501709e-02
5.496330559253692627e-02
5.497805029153823853e-02
5.499284714460372925e-02
5.500763654708862305e-02
5.502239614725112915e-02
5.503715202212333679e-02
5.505199730396270752e-02
5.506681650876998901e-02
5.508162081241607666e-02
5.509642884135246277e-02
5.511121824383735657e-02
5.512607470154762268e-02
5.514091998338699341e-02
5.515575036406517029e-02
5.517060682177543640e-02
5.518545582890510559e-02
5.520031601190567017e-02
5.521515011787414551e-02
5.522999539971351624e-02
5.524488911032676697e-02
5.525971576571464539e-02
5.527456104755401611e-02
5.528943985700607300e-02
5.530429631471633911e-02
5.531910061836242676e-02
5.533397197723388672e-02
5.534883961081504822e-02
5.536369979381561279e-02
5.537858605384826660e-02
5.539340525865554810e-02
5.540829896926879883e-02
5.542308837175369263e-02
5.543794855475425720e-02
5.545276030898094177e-02
5.546756833791732788e-02
5.548239499330520630e-02
5.549713224172592163e-02
5.551195889711380005e-02
5.552675947546958923e-02
5.554154515266418457e-02
5.555627122521400452e-02
5.557102337479591370e-02
5.558575317263603210e-02
5.560050532221794128e-02
5.561517924070358276e-02
5.562985315918922424e-02
5.564452335238456726e-02
5.565924942493438721e-02
5.567391961812973022e-02
5.568860471248626709e-02
5.570323020219802856e-02
5.571785196661949158e-02
5.573246255517005920e-02
5.574703589081764221e-02
5.576171353459358215e-02
5.577625334262847900e-02
5.579075589776039124e-02
5.580532550811767578e-02
5.581982806324958801e-02
5.583430454134941101e-02
5.584877729415893555e-02
5.586322769522666931e-02
5.587767437100410461e-02
5.589210614562034607e-02
5.590650811791419983e-02
5.592091009020805359e-02
5.593528971076011658e-02
5.594973266124725342e-02
5.596404522657394409e-02
5.597834289073944092e-02
5.599265545606613159e-02
5.600690841674804688e-02
5.602117627859115601e-02
5.603547394275665283e-02
5.604970827698707581e-02
5.606392025947570801e-02
5.607815086841583252e-02
5.609236285090446472e-02
5.610649287700653076e-02
5.612068995833396912e-02
5.613480135798454285e-02
5.614896491169929504e-02
5.616309866309165955e-02
5.617715790867805481e-02
5.619126185774803162e-02
5.620527267456054688e-02
5.621929466724395752e-02
5.623335391283035278e-02
5.624738335609436035e-02
5.626139044761657715e-02
5.627541989088058472e-02
5.628940463066101074e-02
5.630339682102203369e-02
5.631737038493156433e-02
5.633126199245452881e-02
5.634525418281555176e-02
5.635912716388702393e-02
5.637311562895774841e-02
5.638699233531951904e-02
5.640092119574546814e-02
5.641481652855873108e-02
5.642874166369438171e-02
5.644262209534645081e-02
5.645653605461120605e-02
5.647043511271476746e-02
5.648428574204444885e-02
5.649817734956741333e-02
5.651204660534858704e-02
5.652597546577453613e-02
5.653985589742660522e-02
5.655379965901374817e-02
5.656772479414939880e-02
5.658163502812385559e-02
5.659555643796920776e-02
5.660952627658843994e-02
5.662342533469200134e-02
5.663746595382690430e-02
5.665143579244613647e-02
5.666544288396835327e-02
5.667953193187713623e-02
5.669359117746353149e-02
5.670764297246932983e-02
5.672170594334602356e-02
5.673576891422271729e-02
5.674990639090538025e-02
5.676402151584625244e-02
5.677809938788414001e-02
5.679228901863098145e-02
5.680650845170021057e-02
5.682074651122093201e-02
5.683502927422523499e-02
5.684932693839073181e-02
5.686363205313682556e-02
5.687803775072097778e-02
5.689244717359542847e-02
5.690686777234077454e-02
5.692132562398910522e-02
5.693582072854042053e-02
5.695035308599472046e-02
5.696491152048110962e-02
5.697955936193466187e-02
5.699425190687179565e-02
5.700898915529251099e-02
5.702370405197143555e-02
5.703854188323020935e-02
5.705334991216659546e-02
5.706816166639328003e-02
5.708315223455429077e-02
5.709813907742500305e-02
5.711316317319869995e-02
5.712824687361717224e-02
5.714336037635803223e-02
5.715852603316307068e-02
5.717376992106437683e-02
5.718911066651344299e-02
5.720441788434982300e-02
5.721985548734664917e-02
5.723530799150466919e-02
5.725080519914627075e-02
5.726635456085205078e-02
5.728198960423469543e-02
5.729763582348823547e-02
5.731341987848281860e-02
5.732918903231620789e-02
5.734506994485855103e-02
5.736098065972328186e-02
5.737698078155517578e-02
5.739298462867736816e-02
5.740909650921821594e-02
5.742527171969413757e-02
5.744151398539543152e-02
5.745781958103179932e-02
5.747415497899055481e-02
5.749050527811050415e-02
5.750697106122970581e-02
5.752346292138099670e-02
5.754007771611213684e-02
5.755675211548805237e-02
5.757340416312217712e-02
5.759019032120704651e-02
5.760697647929191589e-02
5.762382969260215759e-02
5.764079838991165161e-02
5.765787884593009949e-02
5.767487362027168274e-02
5.769200623035430908e-02
5.770912021398544312e-02
5.772636085748672485e-02
5.774368345737457275e-02
5.776100605726242065e-02
5.777843296527862549e-02
