1.953579336404800415e-01
1.878970265388488770e-01
1.878045797348022461e-01
1.877391785383224487e-01
1.876696944236755371e-01
1.875992268323898315e-01
1.875284761190414429e-01
1.874569654464721680e-01
1.873849034309387207e-01
1.873122900724411011e-01
1.872384995222091675e-01
1.871638596057891846e-01
1.870878934860229492e-01
1.870107501745223999e-01
1.869322806596755981e-01
1.868520528078079224e-01
1.867702156305313110e-01
1.866867393255233765e-01
1.866011917591094971e-01
1.865135431289672852e-01
1.864236146211624146e-01
1.863314062356948853e-01
1.862364858388900757e-01
1.861388832330703735e-01
1.860385835170745850e-01
1.859350651502609253e-01
1.858284175395965576e-01
1.857183128595352173e-01
1.856046169996261597e-01
1.854873299598693848e-01
1.853661388158798218e-01
1.852408051490783691e-01
1.851111352443695068e-01
1.849770545959472656e-01
1.848382651805877686e-01
1.846947371959686279e-01
1.845459491014480591e-01
1.843920648097991943e-01
1.842328608036041260e-01
1.840681880712509155e-01
1.838977038860321045e-01
1.837213039398193359e-01
1.835391223430633545e-01
1.833506226539611816e-01
1.831562072038650513e-01
1.829554289579391479e-01
1.827482432126998901e-01
1.825348734855651855e-01
1.823151558637619019e-01
1.820891350507736206e-01
1.818571239709854126e-01
1.816191375255584717e-01
1.813748329877853394e-01
1.811250299215316772e-01
1.808697730302810669e-01
1.806093156337738037e-01
1.803437024354934692e-01
1.800736486911773682e-01
1.797993481159210205e-01
1.795213669538497925e-01
1.792395859956741333e-01
1.789548546075820923e-01
1.786674410104751587e-01
1.783777624368667603e-01
1.780861616134643555e-01
1.777930557727813721e-01
1.774985790252685547e-01
1.772033721208572388e-01
1.769073605537414551e-01
1.766108870506286621e-01
1.763140112161636353e-01
1.760168522596359253e-01
1.757196336984634399e-01
1.754219084978103638e-01
1.751240193843841553e-01
1.748257130384445190e-01
1.745266169309616089e-01
1.742266565561294556e-01
1.739254295825958252e-01
1.736226677894592285e-01
1.733179837465286255e-01
1.730107963085174561e-01
1.727008968591690063e-01
1.723876744508743286e-01
1.720707118511199951e-01
1.717493981122970581e-01
1.714230179786682129e-01
1.710913330316543579e-01
1.707534790039062500e-01
1.704090535640716553e-01
1.700576692819595337e-01
1.696982681751251221e-01
1.693307012319564819e-01
1.689543426036834717e-01
1.685687154531478882e-01
1.681733280420303345e-01
1.677676886320114136e-01
1.673515737056732178e-01
1.669244319200515747e-01
1.664863526821136475e-01
1.660370230674743652e-01
1.655764132738113403e-01
1.651043742895126343e-01
1.646212041378021240e-01
1.641273200511932373e-01
1.636225432157516479e-01
1.631077378988265991e-01
1.625834703445434570e-01
1.620502173900604248e-01
1.615087985992431641e-01
1.609600484371185303e-01
1.604046672582626343e-01
1.598440259695053101e-01
1.592785269021987915e-01
1.587095558643341064e-01
1.581378132104873657e-01
1.575641334056854248e-01
1.569895446300506592e-01
1.564146280288696289e-01
1.558400839567184448e-01
1.552666425704956055e-01
1.546944826841354370e-01
1.541241407394409180e-01
1.535557210445404053e-01
1.529894471168518066e-01
1.524254232645034790e-01
1.518631726503372192e-01
1.513030081987380981e-01
1.507445275783538818e-01
1.501872837543487549e-01
1.496310830116271973e-01
1.490752547979354858e-01
1.485194563865661621e-01
1.479630172252655029e-01
1.474054902791976929e-01
1.468461006879806519e-01
1.462843865156173706e-01
1.457195281982421875e-01
1.451511085033416748e-01
1.445782631635665894e-01
1.440003663301467896e-01
1.434168964624404907e-01
1.428271681070327759e-01
1.422306448221206665e-01
1.416268050670623779e-01
1.410151720046997070e-01
1.403951942920684814e-01
1.397664844989776611e-01
1.391289234161376953e-01
1.384819298982620239e-01
1.378257125616073608e-01
1.371600925922393799e-01
1.364850252866744995e-01
1.358007639646530151e-01
1.351075321435928345e-01
1.344055682420730591e-01
1.336954236030578613e-01
1.329775601625442505e-01
1.322527080774307251e-01
1.315214484930038452e-01
1.307846903800964355e-01
1.300431340932846069e-01
1.292978078126907349e-01
1.285493373870849609e-01
1.277987658977508545e-01
1.270470321178436279e-01
1.262950450181961060e-01
1.255435943603515625e-01
1.247934624552726746e-01
1.240456253290176392e-01
1.233006417751312256e-01
1.225595325231552124e-01
1.218228638172149658e-01
1.210914179682731628e-01
1.203657016158103943e-01
1.196463555097579956e-01
1.189341247081756592e-01
1.182295009493827820e-01
1.175330057740211487e-01
1.168450936675071716e-01
1.161661371588706970e-01
1.154967769980430603e-01
1.148372590541839600e-01
1.141879484057426453e-01
1.135492250323295593e-01
1.129212453961372375e-01
1.123043522238731384e-01
1.116986945271492004e-01
1.111044734716415405e-01
1.105218306183815002e-01
1.099507659673690796e-01
1.093914434313774109e-01
1.088437214493751526e-01
1.083077862858772278e-01
1.077833697199821472e-01
1.072705537080764771e-01
1.067692115902900696e-01
1.062790974974632263e-01
1.058000922203063965e-01
1.053321659564971924e-01
1.048749238252639771e-01
1.044281944632530212e-01
1.039917469024658203e-01
1.035654023289680481e-01
1.031488627195358276e-01
1.027418002486228943e-01
1.023441106081008911e-01
1.019554138183593750e-01
1.015755310654640198e-01
1.012040823698043823e-01
1.008408591151237488e-01
1.004855707287788391e-01
1.001380011439323425e-01
9.979792684316635132e-02
9.946506470441818237e-02
9.913915395736694336e-02
9.881998598575592041e-02
9.850728511810302734e-02
9.820082038640975952e-02
9.790056943893432617e-02
9.760604053735733032e-02
9.731720387935638428e-02
9.703373908996582031e-02
9.675567597150802612e-02
9.648265689611434937e-02
9.621454030275344849e-02
9.595119953155517578e-02
9.569234400987625122e-02
9.543804824352264404e-02
9.518803656101226807e-02
9.494224935770034790e-02
9.470033645629882812e-02
9.446238726377487183e-02
9.422819316387176514e-02
9.399764239788055420e-02
9.377063810825347900e-02
9.354694932699203491e-02
9.332665801048278809e-02
9.310958534479141235e-02
9.289558231830596924e-02
9.268457442522048950e-02
9.247658401727676392e-02
9.227138012647628784e-02
9.206888824701309204e-02
9.186913073062896729e-02
9.167200326919555664e-02
9.147733449935913086e-02
9.128508716821670532e-02
9.109538793563842773e-02
9.090784937143325806e-02
9.072258323431015015e-02
9.053952991962432861e-02
9.035868942737579346e-02
9.017982333898544312e-02
9.000296890735626221e-02
8.982807397842407227e-02
8.965513110160827637e-02
8.948402851819992065e-02
8.931471407413482666e-02
8.914721012115478516e-02
8.898138254880905151e-02
8.881720900535583496e-02
8.865470439195632935e-02
8.849374949932098389e-02
8.833429217338562012e-02
8.817641437053680420e-02
8.802000433206558228e-02
8.786489814519882202e-02
8.771135658025741577e-02
8.755902200937271118e-02
8.740808814764022827e-02
8.725836127996444702e-02
8.710992336273193359e-02
8.696275204420089722e-02
8.681667596101760864e-02
8.667177706956863403e-02
8.652800321578979492e-02
8.638533204793930054e-02
8.624374866485595703e-02
8.610316365957260132e-02
8.596368879079818726e-02
8.582513779401779175e-02
8.568759262561798096e-02
8.555091172456741333e-02
8.541521430015563965e-02
8.528039604425430298e-02
8.514647930860519409e-02
8.501339703798294067e-02
8.488108962774276733e-02
8.474968373775482178e-02
8.461901545524597168e-02
8.448918908834457397e-02
8.436010777950286865e-02
8.423171937465667725e-02
8.410415053367614746e-02
8.397725224494934082e-02
8.385104686021804810e-02
8.372552692890167236e-02
8.360061794519424438e-02
8.347648382186889648e-02
8.335293084383010864e-02
8.323001116514205933e-02
8.310780674219131470e-02
8.298619091510772705e-02
8.286514878273010254e-02
8.274476230144500732e-02
8.262492716312408447e-02
8.250567317008972168e-02
8.238697052001953125e-02
8.226892352104187012e-02
8.215132355690002441e-02
8.203438669443130493e-02
8.191794157028198242e-02
8.180204778909683228e-02
8.168669790029525757e-02
8.157186955213546753e-02
8.145768940448760986e-02
8.134390413761138916e-02
8.123070746660232544e-02
8.111803233623504639e-02
8.100581169128417969e-02
8.089421689510345459e-02
8.078308403491973877e-02
8.067241311073303223e-02
8.056225627660751343e-02
8.045264333486557007e-02
8.034364879131317139e-02
8.023498207330703735e-02
8.012690395116806030e-02
8.001932501792907715e-02
7.991220057010650635e-02
7.980559766292572021e-02
7.969947159290313721e-02
7.959383726119995117e-02
7.948879152536392212e-02
7.938414067029953003e-02
7.928004860877990723e-02
7.917645573616027832e-02
7.907329499721527100e-02
7.897070050239562988e-02
7.886857539415359497e-02
7.876695692539215088e-02
7.866588234901428223e-02
7.856520265340805054e-02
7.846506685018539429e-02
7.836543023586273193e-02
7.826634496450424194e-02
7.816770672798156738e-02
7.806959748268127441e-02
7.797193527221679688e-02
7.787480205297470093e-02
7.777817547321319580e-02
7.768204063177108765e-02
7.758639007806777954e-02
7.749128341674804688e-02
7.739671319723129272e-02
7.730260491371154785e-02
7.720901072025299072e-02
7.711584120988845825e-02
7.702329754829406738e-02
7.693120837211608887e-02
7.683967053890228271e-02
7.674859464168548584e-02
7.665801048278808594e-02
7.656798511743545532e-02
7.647848129272460938e-02
7.638941705226898193e-02
7.630091160535812378e-02
7.621284574270248413e-02
7.612536102533340454e-02
7.603842020034790039e-02
7.595192641019821167e-02
7.586595416069030762e-02
7.578048855066299438e-02
7.569553703069686890e-02
7.561107724905014038e-02
7.552719861268997192e-02
7.544372230768203735e-02
7.536085695028305054e-02
7.527840882539749146e-02
7.519651949405670166e-02
7.511513680219650269e-02
7.503422349691390991e-02
7.495388388633728027e-02
7.487393170595169067e-02
7.479456067085266113e-02
7.471566647291183472e-02
7.463729381561279297e-02
7.455942779779434204e-02
7.448203861713409424e-02
7.440515607595443726e-02
7.432872802019119263e-02
7.425282150506973267e-02
7.417737692594528198e-02
7.410246878862380981e-02
7.402802258729934692e-02
7.395408302545547485e-02
7.388063520193099976e-02
7.380762696266174316e-02
7.373508810997009277e-02
7.366307079792022705e-02
7.359149307012557983e-02
7.352045178413391113e-02
7.344980537891387939e-02
7.337968796491622925e-02
7.330997288227081299e-02
7.324074953794479370e-02
7.317202538251876831e-02
7.310373336076736450e-02
7.303589582443237305e-02
7.296852767467498779e-02
7.290160655975341797e-02
7.283509522676467896e-02
7.276905328035354614e-02
7.270348072052001953e-02
7.263828814029693604e-02
7.257357984781265259e-02
7.250934094190597534e-02
7.244545966386795044e-02
7.238207012414932251e-02
7.231902331113815308e-02
7.225645333528518677e-02
7.219430804252624512e-02
7.213258743286132812e-02
7.207125425338745117e-02
7.201033830642700195e-02
7.194980978965759277e-02
7.188974320888519287e-02
7.182998210191726685e-02
7.177071273326873779e-02
7.171178609132766724e-02
7.165329158306121826e-02
7.159515470266342163e-02
7.153738290071487427e-02
7.147999107837677002e-02
7.142302393913269043e-02
7.136642187833786011e-02
7.131016254425048828e-02
7.125427573919296265e-02
7.119870930910110474e-02
7.114358246326446533e-02
7.108878344297409058e-02
7.103433459997177124e-02
7.098023593425750732e-02
7.092645019292831421e-02
7.087305933237075806e-02
7.081996649503707886e-02
7.076723873615264893e-02
7.071482390165328979e-02
7.066273689270019531e-02
7.061102241277694702e-02
7.055956870317459106e-02
7.050842046737670898e-02
7.045757770538330078e-02
7.040715962648391724e-02
7.035697251558303833e-02
7.030710577964782715e-02
7.025747746229171753e-02
7.020818442106246948e-02
7.015918940305709839e-02
7.011051476001739502e-02
7.006207108497619629e-02
7.001397758722305298e-02
6.996609270572662354e-02
6.991849839687347412e-02
6.987120956182479858e-02
6.982416659593582153e-02
6.977739185094833374e-02
6.973082572221755981e-02
6.968458741903305054e-02
6.963859498500823975e-02
6.959281116724014282e-02
6.954733282327651978e-02
6.950203329324722290e-02
6.945703178644180298e-02
6.941221654415130615e-02
6.936767697334289551e-02
6.932338327169418335e-02
6.927926838397979736e-02
6.923541426658630371e-02
6.919173896312713623e-02
6.914827972650527954e-02
6.910503655672073364e-02
6.906206905841827393e-02
6.901921331882476807e-02
6.897662580013275146e-02
6.893422454595565796e-02
6.889199465513229370e-02
6.885001063346862793e-02
6.880818307399749756e-02
6.876648962497711182e-02
6.872506439685821533e-02
6.868378818035125732e-02
6.864269822835922241e-02
6.860177218914031982e-02
6.856099516153335571e-02
6.852043420076370239e-02
6.847998499870300293e-02
6.843976676464080811e-02
6.839960068464279175e-02
6.835968047380447388e-02
6.831990927457809448e-02
6.828030943870544434e-02
6.824079155921936035e-02
6.820143014192581177e-02
6.816223263740539551e-02
6.812310963869094849e-02
6.808418035507202148e-02
6.804539263248443604e-02
6.800673902034759521e-02
6.796818226575851440e-02
6.792975962162017822e-02
6.789147108793258667e-02
6.785327941179275513e-02
6.781522184610366821e-02
6.777732819318771362e-02
6.773941963911056519e-02
6.770174205303192139e-02
6.766411662101745605e-02
6.762656569480895996e-02
6.758918613195419312e-02
6.755186617374420166e-02
6.751466542482376099e-02
6.747760623693466187e-02
6.744056940078735352e-02
6.740361452102661133e-02
6.736677139997482300e-02
6.733000278472900391e-02
6.729337573051452637e-02
6.725673377513885498e-02
6.722024828195571899e-02
6.718380004167556763e-02
6.714749336242675781e-02
6.711120903491973877e-02
6.707500666379928589e-02
6.703886389732360840e-02
6.700283288955688477e-02
6.696686148643493652e-02
6.693091988563537598e-02
6.689506769180297852e-02
6.685930490493774414e-02
6.682359427213668823e-02
6.678788363933563232e-02
6.675232946872711182e-02
6.671676784753799438e-02
6.668130308389663696e-02
6.664587557315826416e-02
6.661051511764526367e-02
6.657517701387405396e-02
6.653993576765060425e-02
6.650473922491073608e-02
6.646959483623504639e-02
6.643445789813995361e-02
6.639941781759262085e-02
6.636445969343185425e-02
6.632949411869049072e-02
6.629458069801330566e-02
6.625968217849731445e-02
6.622488051652908325e-02
6.619011610746383667e-02
6.615539640188217163e-02
6.612072885036468506e-02
6.608609110116958618e-02
6.605151295661926270e-02
6.601700186729431152e-02
6.598246097564697266e-02
6.594797223806381226e-02
6.591356545686721802e-02
6.587921082973480225e-02
6.584487110376358032e-02
6.581058353185653687e-02
6.577630341053009033e-02
6.574211269617080688e-02
6.570789217948913574e-02
6.567379832267761230e-02
6.563968956470489502e-02
6.560564041137695312e-02
6.557162106037139893e-02
6.553760915994644165e-02
6.550366431474685669e-02
6.546976417303085327e-02
6.543594598770141602e-02
6.540208309888839722e-02
6.536828726530075073e-02
6.533448398113250732e-02
6.530080735683441162e-02
6.526714563369750977e-02
6.523347645998001099e-02
6.519988179206848145e-02
6.516627222299575806e-02
6.513276696205139160e-02
6.509932130575180054e-02
6.506579369306564331e-02
6.503242254257202148e-02
6.499901413917541504e-02
6.496564298868179321e-02
6.493229418992996216e-02
6.489899754524230957e-02
6.486577540636062622e-02
6.483257561922073364e-02
6.479939818382263184e-02
6.476619094610214233e-02
6.473311781883239746e-02
6.469999998807907104e-02
6.466697901487350464e-02
6.463398039340972900e-02
6.460103392601013184e-02
6.456805765628814697e-02
6.453513354063034058e-02
6.450225412845611572e-02
6.446940451860427856e-02
6.443657726049423218e-02
6.440377980470657349e-02
6.437107920646667480e-02
6.433834880590438843e-02
6.430564075708389282e-02
6.427296996116638184e-02
6.424033641815185547e-02
6.420777738094329834e-02
6.417518109083175659e-02
6.414267420768737793e-02
6.411015987396240234e-02
6.407768279314041138e-02
6.404521316289901733e-02
6.401280313730239868e-02
6.398043036460876465e-02
6.394805759191513062e-02
6.391573697328567505e-02
6.388342380523681641e-02
6.385117024183273315e-02
6.381891667842864990e-02
6.378670036792755127e-02
6.375452876091003418e-02
6.372235715389251709e-02
6.369021534919738770e-02
6.365814059972763062e-02
6.362603604793548584e-02
6.359396874904632568e-02
6.356193870306015015e-02
6.352995336055755615e-02
6.349795311689376831e-02
6.346600502729415894e-02
6.343409419059753418e-02
6.340218335390090942e-02
6.337031722068786621e-02
6.333848088979721069e-02
6.330663710832595825e-02
6.327481567859649658e-02
6.324304640293121338e-02
6.321126967668533325e-02
6.317956000566482544e-02
6.314783543348312378e-02
6.311614066362380981e-02
6.308451294898986816e-02
6.305286288261413574e-02
6.302126497030258179e-02
6.298964470624923706e-02
6.295810639858245850e-02
6.292654573917388916e-02
6.289499253034591675e-02
6.286352127790451050e-02
6.283205002546310425e-02
6.280057132244110107e-02
6.276917457580566406e-02
6.273775547742843628e-02
6.270640343427658081e-02
6.267495453357696533e-02
6.264362484216690063e-02
6.261232495307922363e-02
6.258101016283035278e-02
6.254972517490386963e-02
6.251847743988037109e-02
6.248720735311508179e-02
6.245597451925277710e-02
6.242480129003524780e-02
6.239362806081771851e-02
6.236245855689048767e-02
6.233132258057594299e-02
6.230020523071289062e-02
6.226909905672073364e-02
6.223805621266365051e-02
6.220699101686477661e-02
6.217595189809799194e-02
6.214493140578269958e-02
6.211395934224128723e-02
6.208293512463569641e-02
6.205197423696517944e-02
6.202105805277824402e-02
6.199010834097862244e-02
6.195918098092079163e-02
6.192833557724952698e-02
6.189744174480438232e-02
6.186662986874580383e-02
6.183577701449394226e-02
6.180495396256446838e-02
6.177416443824768066e-02
6.174338608980178833e-02
6.171263754367828369e-02
6.168186292052268982e-02
6.165113300085067749e-02
6.162037327885627747e-02
6.158970296382904053e-02
6.155899167060852051e-02
6.152834743261337280e-02
6.149770691990852356e-02
6.146700307726860046e-02
6.143635883927345276e-02
6.140577420592308044e-02
6.137514114379882812e-02
6.134454905986785889e-02
6.131395325064659119e-02
6.128336116671562195e-02
6.125280633568763733e-02
6.122219935059547424e-02
6.119168177247047424e-02
6.116113439202308655e-02
6.113059073686599731e-02
6.110007315874099731e-02
6.106955930590629578e-02
6.103905662894248962e-02
6.100853905081748962e-02
6.097802147269248962e-02
6.094754114747047424e-02
6.091703474521636963e-02
6.088655814528465271e-02
6.085604429244995117e-02
6.082559004426002502e-02
6.079513579607009888e-02
6.076462194323539734e-02
6.073410436511039734e-02
6.070367991924285889e-02
6.067319959402084351e-02
6.064274162054061890e-02
6.061218306422233582e-02
6.058172881603240967e-02
6.055122241377830505e-02
6.052076071500778198e-02
6.049028038978576660e-02
6.045982986688613892e-02
6.042931228876113892e-02
6.039881706237792969e-02
6.036829575896263123e-02
6.033779680728912354e-02
6.030730530619621277e-02
6.027674674987792969e-02
6.024620682001113892e-02
6.021569669246673584e-02
6.018512696027755737e-02
6.015456467866897583e-02
6.012399867177009583e-02
6.009345129132270813e-02
6.006288900971412659e-02
6.003227457404136658e-02
6.000167503952980042e-02
5.997106805443763733e-02
5.994049087166786194e-02
5.990985408425331116e-02
5.987917259335517883e-02
5.984854325652122498e-02
5.981788784265518188e-02
5.978722497820854187e-02
5.975653976202011108e-02
5.972586199641227722e-02
5.969510972499847412e-02
5.966439843177795410e-02
5.963363498449325562e-02
5.960289761424064636e-02
5.957212671637535095e-02
5.954137071967124939e-02
5.951058119535446167e-02
5.947976931929588318e-02
5.944893136620521545e-02
5.941810831427574158e-02
5.938727408647537231e-02
5.935644730925559998e-02
5.932557210326194763e-02
5.929468572139739990e-02
5.926379188895225525e-02
5.923284962773323059e-02
5.920189246535301208e-02
5.917099863290786743e-02
5.914003774523735046e-02
5.910907685756683350e-02
5.907807871699333191e-02
5.904707312583923340e-02
5.901607871055603027e-02
5.898500978946685791e-02
5.895398557186126709e-02
5.892292782664299011e-02
5.889187753200531006e-02
5.886077508330345154e-02
5.882968008518218994e-02
5.879855528473854065e-02
5.876741930842399597e-02
5.873626843094825745e-02
5.870512872934341431e-02
5.867394804954528809e-02
5.864274874329566956e-02
5.861156061291694641e-02
5.858033150434494019e-02
5.854907631874084473e-02
5.851786583662033081e-02
5.848660692572593689e-02
5.845531821250915527e-02
5.842402949929237366e-02
5.839272588491439819e-02
5.836139619350433350e-02
5.833007767796516418e-02
5.829871818423271179e-02
5.826736986637115479e-02
5.823600292205810547e-02
5.820461362600326538e-02
5.817323178052902222e-02
5.814184248447418213e-02
5.811041221022605896e-02
5.807892978191375732e-02
5.804746970534324646e-02
5.801602080464363098e-02
5.798454955220222473e-02
5.795306339859962463e-02
5.792153999209403992e-02
5.788999423384666443e-02
5.785850062966346741e-02
5.782692506909370422e-02
5.779535323381423950e-02
5.776382237672805786e-02
5.773219838738441467e-02
5.770063772797584534e-02
5.766903981566429138e-02
5.763743072748184204e-02
5.760578066110610962e-02
5.757414177060127258e-02
5.754247680306434631e-02
5.751081556081771851e-02
5.747913196682929993e-02
5.744741111993789673e-02
5.741571635007858276e-02
5.738399550318717957e-02
5.735231935977935791e-02
5.732057988643646240e-02
5.728878453373908997e-02
5.725708231329917908e-02
5.722530558705329895e-02
5.719350650906562805e-02
5.716173350811004639e-02
5.712994560599327087e-02
5.709807202219963074e-02
5.706629902124404907e-02
5.703445151448249817e-02
5.700261890888214111e-02
5.697078257799148560e-02
5.693890154361724854e-02
5.690700188279151917e-02
5.687518417835235596e-02
5.684331059455871582e-02
5.681141093373298645e-02
5.677954852581024170e-02
5.674762278795242310e-02
5.671572685241699219e-02
5.668380483984947205e-02
5.665186047554016113e-02
5.661994963884353638e-02
5.658799409866333008e-02
5.655604600906372070e-02
5.652408301830291748e-02
5.649212375283241272e-02
5.646017193794250488e-02
5.642817169427871704e-02
5.639617517590522766e-02
5.636424198746681213e-02
5.633222684264183044e-02
5.630026012659072876e-02
5.626828595995903015e-02
5.623626708984375000e-02
5.620428547263145447e-02
5.617225915193557739e-02
5.614027008414268494e-02
5.610827729105949402e-02
5.607628077268600464e-02
5.604426935315132141e-02
5.601223185658454895e-02
5.598025768995285034e-02
5.594826489686965942e-02
5.591625720262527466e-02
5.588427186012268066e-02
5.585225299000740051e-02
5.582022294402122498e-02
5.578823387622833252e-02
5.575627088546752930e-02
5.572426691651344299e-02
5.569228902459144592e-02
5.566029250621795654e-02
5.562834069132804871e-02
5.559633672237396240e-02
5.556440353393554688e-02
5.553239211440086365e-02
5.550048872828483582e-02
5.546851456165313721e-02
5.543659627437591553e-02
5.540468171238899231e-02
5.537274479866027832e-02
5.534084886312484741e-02
5.530896037817001343e-02
5.527704954147338867e-02
5.524516105651855469e-02
5.521330609917640686e-02
5.518145114183425903e-02
5.514963716268539429e-02
5.511780455708503723e-02
5.508595705032348633e-02
5.505415797233581543e-02
5.502241104841232300e-02
5.499063804745674133e-02
5.495890974998474121e-02
5.492718890309333801e-02
5.489544197916984558e-02
5.486378073692321777e-02
5.483207479119300842e-02
5.480040982365608215e-02
5.476881563663482666e-02
5.473718047142028809e-02
5.470557883381843567e-02
5.467401072382926941e-02
5.464247614145278931e-02
5.461092293262481689e-02
5.457946658134460449e-02
5.454795435070991516e-02
5.451652035117149353e-02
5.448513850569725037e-02
5.445375293493270874e-02
5.442237854003906250e-02
5.439107120037078857e-02
5.435975641012191772e-02
5.432850122451782227e-02
5.429731309413909912e-02
5.426608771085739136e-02
5.423488840460777283e-02
5.420372635126113892e-02
5.417264997959136963e-02
5.414155870676040649e-02
5.411054193973541260e-02
5.407953262329101562e-02
5.404857918620109558e-02
5.401764810085296631e-02
5.398674681782722473e-02
5.395592376589775085e-02
5.392510071396827698e-02
5.389435216784477234e-02
5.386359244585037231e-02
5.383294448256492615e-02
5.380227416753768921e-02
5.377167835831642151e-02
5.374113097786903381e-02
5.371059849858283997e-02
5.368013679981231689e-02
5.364969372749328613e-02
5.361934006214141846e-02
5.358905345201492310e-02
5.355873703956604004e-02
5.352848768234252930e-02
5.349829420447349548e-02
5.346817895770072937e-02
5.343806743621826172e-02
5.340805277228355408e-02
5.337805300951004028e-02
5.334809422492980957e-02
5.331822112202644348e-02
5.328841507434844971e-02
5.325860902667045593e-02
5.322885885834693909e-02
5.319923162460327148e-02
5.316962674260139465e-02
5.314003676176071167e-02
5.311054736375808716e-02
5.308111011981964111e-02
5.305171385407447815e-02
5.302234739065170288e-02
5.299308151006698608e-02
5.296386033296585083e-02
5.293469130992889404e-02
5.290558934211730957e-02
5.287652835249900818e-02
5.284754559397697449e-02
5.281861498951911926e-02
5.278975516557693481e-02
5.276095867156982422e-02
5.273219943046569824e-02
5.270348116755485535e-02
5.267491564154624939e-02
5.264631658792495728e-02
5.261779949069023132e-02
5.258933454751968384e-02
5.256099998950958252e-02
5.253267288208007812e-02
5.250443145632743835e-02
5.247619375586509705e-02
5.244806408882141113e-02
5.242000520229339600e-02
5.239201709628105164e-02
5.236407369375228882e-02
5.233614519238471985e-02
5.230836942791938782e-02
5.228062719106674194e-02
5.225292220711708069e-02
5.222529545426368713e-02
5.219775065779685974e-02
5.217023193836212158e-02
5.214280635118484497e-02
5.211545899510383606e-02
5.208815261721611023e-02
5.206087231636047363e-02
5.203370377421379089e-02
5.200659856200218201e-02
5.197955667972564697e-02
5.195258557796478271e-02
5.192563682794570923e-02
5.189879238605499268e-02
5.187200382351875305e-02
5.184524878859519958e-02
5.181860923767089844e-02
5.179197713732719421e-02
5.176543444395065308e-02
5.173896625638008118e-02
5.171255767345428467e-02
5.168622732162475586e-02
5.165991932153701782e-02
5.163368955254554749e-02
5.160751938819885254e-02
5.158142745494842529e-02
5.155541002750396729e-02
5.152941867709159851e-02
5.150349810719490051e-02
5.147761479020118713e-02
5.145189911127090454e-02
5.142610147595405579e-02
5.140046402812004089e-02
5.137483775615692139e-02
5.134931951761245728e-02
5.132381245493888855e-02
5.129839107394218445e-02
5.127299949526786804e-02
5.124768242239952087e-02
5.122243240475654602e-02
5.119724944233894348e-02
5.117211118340492249e-02
5.114707350730895996e-02
5.112202838063240051e-02
5.109708383679389954e-02
5.107220262289047241e-02
5.104736611247062683e-02
5.102254822850227356e-02
5.099785327911376953e-02
5.097314342856407166e-02
5.094856023788452148e-02
5.092399939894676208e-02
5.089947953820228577e-02
5.087503418326377869e-02
5.085063353180885315e-02
5.082634091377258301e-02
5.080203339457511902e-02
5.077780410647392273e-02
5.075363069772720337e-02
5.072950571775436401e-02
5.070541426539421082e-02
5.068141967058181763e-02
5.065748095512390137e-02
5.063353106379508972e-02
5.060970783233642578e-02
5.058591440320014954e-02
5.056215077638626099e-02
5.053844302892684937e-02
5.051475390791893005e-02
5.049120262265205383e-02
5.046766623854637146e-02
5.044414848089218140e-02
5.042064562439918518e-02
5.039728432893753052e-02
5.037390068173408508e-02
5.035060644149780273e-02
5.032735690474510193e-02
5.030411854386329651e-02
5.028098449110984802e-02
5.025785788893699646e-02
5.023477226495742798e-02
5.021173506975173950e-02
5.018872395157814026e-02
5.016580969095230103e-02
5.014294013381004333e-02
5.012008920311927795e-02
5.009728670120239258e-02
5.007452517747879028e-02
5.005185678601264954e-02
5.002917349338531494e-02
5.000656098127365112e-02
4.998398944735527039e-02
4.996142536401748657e-02
4.993895813822746277e-02
4.991648346185684204e-02
4.989407211542129517e-02
4.987172782421112061e-02
4.984940588474273682e-02
4.982712864875793457e-02
4.980487376451492310e-02
4.978268593549728394e-02
4.976052418351173401e-02
4.973841086030006409e-02
4.971632733941078186e-02
4.969425499439239502e-02
4.967224970459938049e-02
4.965028539299964905e-02
4.962838068604469299e-02
4.960653558373451233e-02
4.958465695381164551e-02
4.956286400556564331e-02
4.954107105731964111e-02
4.951933771371841431e-02
4.949764162302017212e-02
4.947598651051521301e-02
4.945438727736473083e-02
4.943278804421424866e-02
4.941124469041824341e-02
4.938969388604164124e-02
4.936822503805160522e-02
4.934680834412574768e-02
4.932538047432899475e-02
4.930401965975761414e-02
4.928267747163772583e-02
4.926138371229171753e-02
4.924012348055839539e-02
4.921891167759895325e-02
4.919765889644622803e-02
4.917647689580917358e-02
4.915538057684898376e-02
4.913428798317909241e-02
4.911319166421890259e-02
4.909214377403259277e-02
4.907112941145896912e-02
4.905016720294952393e-02
4.902926832437515259e-02
4.900833591818809509e-02
4.898749291896820068e-02
4.896662384271621704e-02
4.894576594233512878e-02
4.892500117421150208e-02
4.890425503253936768e-02
4.888352751731872559e-02
4.886284098029136658e-02
4.884217679500579834e-02
4.882157221436500549e-02
4.880098253488540649e-02
4.878037422895431519e-02
4.875984415411949158e-02
4.873932898044586182e-02
4.871883615851402283e-02
4.869840666651725769e-02
4.867795109748840332e-02
4.865755140781402588e-02
4.863720759749412537e-02
4.861685633659362793e-02
4.859653487801551819e-02
4.857626929879188538e-02
4.855600744485855103e-02
4.853577911853790283e-02
4.851556941866874695e-02
4.849541559815406799e-02
4.847529157996177673e-02
4.845513403415679932e-02
4.843506217002868652e-02
4.841500893235206604e-02
4.839495941996574402e-02
4.837492108345031738e-02
4.835496842861175537e-02
4.833498969674110413e-02
4.831507802009582520e-02
4.829518124461174011e-02
4.827526584267616272e-02
4.825541749596595764e-02
4.823556169867515564e-02
4.821577295660972595e-02
4.819596931338310242e-02
4.817624390125274658e-02
4.815651476383209229e-02
4.813677817583084106e-02
4.811711981892585754e-02
4.809745028614997864e-02
4.807783663272857666e-02
4.805823415517807007e-02
4.803861305117607117e-02
4.801907390356063843e-02
4.799954593181610107e-02
4.798003658652305603e-02
4.796053096652030945e-02
4.794105887413024902e-02
4.792160540819168091e-02
4.790221899747848511e-02
4.788282141089439392e-02
4.786342382431030273e-02
4.784410074353218079e-02
4.782475903630256653e-02
4.780545085668563843e-02
4.778615012764930725e-02
4.776689410209655762e-02
4.774766415357589722e-02
4.772844165563583374e-02
4.770926386117935181e-02
4.769008979201316833e-02
4.767094925045967102e-02
4.765181243419647217e-02
4.763271659612655640e-02
4.761362075805664062e-02
4.759457334876060486e-02
4.757553339004516602e-02
4.755651578307151794e-02
4.753749445080757141e-02
4.751852154731750488e-02
4.749953374266624451e-02
4.748064279556274414e-02
4.746175557374954224e-02
4.744282364845275879e-02
4.742396622896194458e-02
4.740513116121292114e-02
4.738627374172210693e-02
4.736750572919845581e-02
4.734868928790092468e-02
4.732989519834518433e-02
4.731117933988571167e-02
4.729243740439414978e-02
4.727375507354736328e-02
4.725503921508789062e-02
4.723640158772468567e-02
4.721770808100700378e-02
4.719911888241767883e-02
4.718050733208656311e-02
4.716189205646514893e-02
4.714333638548851013e-02
4.712479189038276672e-02
4.710625857114791870e-02
4.708771407604217529e-02
4.706924036145210266e-02
4.705076292157173157e-02
4.703231155872344971e-02
4.701390489935874939e-02
4.699548333883285522e-02
4.697706177830696106e-02
4.695866256952285767e-02
4.694030806422233582e-02
4.692193865776062012e-02
4.690366238355636597e-02
4.688532277941703796e-02
4.686706140637397766e-02
4.684881493449211121e-02
4.683054983615875244e-02
4.681232944130897522e-02
4.679409042000770569e-02
4.677590727806091309e-02
4.675773158669471741e-02
4.673961922526359558e-02
4.672141745686531067e-02
4.670330509543418884e-02
4.668519273400306702e-02
4.666712880134582520e-02
4.664906114339828491e-02
4.663101211190223694e-02
4.661297053098678589e-02
4.659498482942581177e-02
4.657697677612304688e-02
4.655897617340087891e-02
4.654103517532348633e-02
4.652309045195579529e-02
4.650511220097541809e-02
4.648725315928459167e-02
4.646932706236839294e-02
4.645146802067756653e-02
4.643361642956733704e-02
4.641576111316680908e-02
4.639796540141105652e-02
4.638012498617172241e-02
4.636238142848014832e-02
4.634456709027290344e-02
4.632684588432312012e-02
4.630910977721214294e-02
4.629138857126235962e-02
4.627369344234466553e-02
4.625600576400756836e-02
4.623834788799285889e-02
4.622069373726844788e-02
4.620305448770523071e-02
4.618545621633529663e-02
4.616789147257804871e-02
4.615028202533721924e-02
4.613270983099937439e-02
4.611515253782272339e-02
4.609760269522666931e-02
4.608009755611419678e-02
4.606262221932411194e-02
4.604512825608253479e-02
4.602763801813125610e-02
4.601023346185684204e-02
4.599278047680854797e-02
4.597540944814682007e-02
4.595797881484031677e-02
4.594061151146888733e-02
4.592322930693626404e-02
4.590588808059692383e-02
4.588856548070907593e-02
4.587127640843391418e-02
4.585393518209457397e-02
4.583670198917388916e-02
4.581941291689872742e-02
4.580216854810714722e-02
4.578494653105735779e-02
4.576774686574935913e-02
4.575052857398986816e-02
4.573336616158485413e-02
4.571618139743804932e-02
4.569901898503303528e-02
4.568190872669219971e-02
4.566479846835136414e-02
4.564770683646202087e-02
4.563062265515327454e-02
4.561354964971542358e-02
4.559649154543876648e-02
4.557944461703300476e-02
4.556244984269142151e-02
4.554544389247894287e-02
4.552847146987915039e-02
4.551148414611816406e-02
4.549454897642135620e-02
4.547763243317604065e-02
4.546070843935012817e-02
4.544380679726600647e-02
4.542690888047218323e-02
4.541005194187164307e-02
4.539319127798080444e-02
4.537634924054145813e-02
4.535951465368270874e-02
4.534270241856575012e-02
4.532594233751296997e-02
4.530914127826690674e-02
4.529238119721412659e-02
4.527563974261283875e-02
4.525890201330184937e-02
4.524222016334533691e-02
4.522550851106643677e-02
4.520883038640022278e-02
4.519216716289520264e-02
4.517557471990585327e-02
4.515891894698143005e-02
4.514230787754058838e-02
4.512571170926094055e-02
4.510913416743278503e-02
4.509260132908821106e-02
4.507603496313095093e-02
4.505948722362518311e-02
4.504301398992538452e-02
4.502649977803230286e-02
4.501001164317131042e-02
4.499354586005210876e-02
4.497708752751350403e-02
4.496064409613609314e-02
4.494424164295196533e-02
4.492785781621932983e-02
4.491146281361579895e-02
4.489507526159286499e-02
4.487875103950500488e-02
4.486240074038505554e-02
4.484611749649047852e-02
4.482981562614440918e-02
4.481349512934684753e-02
4.479720816016197205e-02
4.478098079562187195e-02
4.476471617817878723e-02
4.474851489067077637e-02
4.473230615258216858e-02
4.471611976623535156e-02
4.469992220401763916e-02
4.468378052115440369e-02
4.466763138771057129e-02
4.465147852897644043e-02
4.463540017604827881e-02
4.461928084492683411e-02
4.460319131612777710e-02
4.458713904023170471e-02
4.457110166549682617e-02
4.455506429076194763e-02
4.453904926776885986e-02
4.452307149767875671e-02
4.450707137584686279e-02
4.449110850691795349e-02
4.447514191269874573e-02
4.445926100015640259e-02
4.444330930709838867e-02
4.442740604281425476e-02
4.441151395440101624e-02
4.439564049243927002e-02
4.437977448105812073e-02
4.436395689845085144e-02
4.434816166758537292e-02
4.433231055736541748e-02
4.431651905179023743e-02
4.430072754621505737e-02
4.428500309586524963e-02
4.426924139261245728e-02
4.425349459052085876e-02
4.423780366778373718e-02
4.422210529446601868e-02
4.420640319585800171e-02
4.419074207544326782e-02
4.417510703206062317e-02
4.415947198867797852e-02
4.414383694529533386e-02
4.412823542952537537e-02
4.411265626549720764e-02
4.409707710146903992e-02
4.408150538802146912e-02
4.406597092747688293e-02
4.405045881867408752e-02
4.403494670987129211e-02
4.401945322751998901e-02
4.400398954749107361e-02
4.398850351572036743e-02
4.397305473685264587e-02
4.395764321088790894e-02
4.394222050905227661e-02
4.392683133482933044e-02
4.391144588589668274e-02
4.389606788754463196e-02
4.388071969151496887e-02
4.386537149548530579e-02
4.385008290410041809e-02
4.383476078510284424e-02
4.381949827075004578e-02
4.380420222878456116e-02
4.378894343972206116e-02
4.377370700240135193e-02
4.375847801566123962e-02
4.374327138066291809e-02
4.372804984450340271e-02
4.371286556124687195e-02
4.369770735502243042e-02
4.368256404995918274e-02
4.366746917366981506e-02
4.365233331918716431e-02
4.363721981644630432e-02
4.362213239073753357e-02
4.360705241560935974e-02
4.359200224280357361e-02
4.357694461941719055e-02
4.356190562248229980e-02
4.354688897728919983e-02
4.353191703557968140e-02
4.351694509387016296e-02
4.350195825099945068e-02
4.348700493574142456e-02
4.347207024693489075e-02
4.345714300870895386e-02
4.344223812222480774e-02
4.342736676335334778e-02
4.341248050332069397e-02
4.339762404561042786e-02
4.338280111551284790e-02
4.336797818541526794e-02
4.335312545299530029e-02
4.333836212754249573e-02
4.332358762621879578e-02
4.330879822373390198e-02
4.329404234886169434e-02
4.327930510044097900e-02
4.326460510492324829e-02
4.324990138411521912e-02
4.323520883917808533e-02
4.322052001953125000e-02
4.320585727691650391e-02
4.319124668836593628e-02
4.317659512162208557e-02
4.316196218132972717e-02
4.314735159277915955e-02
4.313278198242187500e-02
4.311823099851608276e-02
4.310364648699760437e-02
4.308912158012390137e-02
4.307456687092781067e-02
4.306005686521530151e-02
4.304557293653488159e-02
4.303110390901565552e-02
4.301665723323822021e-02
4.300218820571899414e-02
4.298776760697364807e-02
4.297332093119621277e-02
4.295891150832176208e-02
4.294452816247940063e-02
4.293016344308853149e-02
4.291580244898796082e-02
4.290145635604858398e-02
4.288711026310920715e-02
4.287279024720191956e-02
4.285847768187522888e-02
4.284420609474182129e-02
4.282992705702781677e-02
4.281568899750709534e-02
4.280144348740577698e-02
4.278723150491714478e-02
4.277303442358970642e-02
4.275880753993988037e-02
4.274462908506393433e-02
4.273042082786560059e-02
4.271628335118293762e-02
4.270215705037117004e-02
4.268803820013999939e-02
4.267392307519912720e-02
4.265982285141944885e-02
4.264574497938156128e-02
4.263167828321456909e-02
4.261758923530578613e-02
4.260353371500968933e-02
4.258952662348747253e-02
4.257549718022346497e-02
4.256151989102363586e-02
4.254757240414619446e-02
4.253358021378517151e-02
4.251962527632713318e-02
4.250567406415939331e-02
4.249175637960433960e-02
4.247780889272689819e-02
4.246395826339721680e-02
4.245010763406753540e-02
4.243620112538337708e-02
4.242233559489250183e-02
4.240851476788520813e-02
4.239470884203910828e-02
4.238090664148330688e-02
4.236710444092750549e-02
4.235329851508140564e-02
4.233951121568679810e-02
4.232577607035636902e-02
4.231200739741325378e-02
4.229830205440521240e-02
4.228458553552627563e-02
4.227088391780853271e-02
4.225717484951019287e-02
4.224352166056632996e-02
4.222986102104187012e-02
4.221621155738830566e-02
4.220258444547653198e-02
4.218897968530654907e-02
4.217538237571716309e-02
4.216178506612777710e-02
4.214821383357048035e-02
4.213465377688407898e-02
4.212109744548797607e-02
4.210757464170455933e-02
4.209405556321144104e-02
4.208052158355712891e-02
4.206703603267669678e-02
4.205356538295745850e-02
4.204011335968971252e-02
4.202663525938987732e-02
4.201319441199302673e-02
4.199977591633796692e-02
4.198633506894111633e-02
4.197295755147933960e-02
4.195955023169517517e-02
4.194621741771697998e-02
4.193282127380371094e-02
4.191948473453521729e-02
4.190614074468612671e-02
4.189284890890121460e-02
4.187951609492301941e-02
4.186620563268661499e-02
4.185294732451438904e-02
4.183968529105186462e-02
4.182641580700874329e-02
4.181319847702980042e-02
4.179992899298667908e-02
4.178674891591072083e-02
4.177351668477058411e-02
4.176031425595283508e-02
4.174714908003807068e-02
4.173398017883300781e-02
4.172084480524063110e-02
4.170770198106765747e-02
4.169455170631408691e-02
4.168140888214111328e-02
4.166834428906440735e-02
4.165524616837501526e-02
4.164215177297592163e-02
4.162911325693130493e-02
4.161603748798370361e-02
4.160300269722938538e-02
4.158997535705566406e-02
4.157697409391403198e-02
4.156394302845001221e-02
4.155095666646957397e-02
4.153800010681152344e-02
4.152499884366989136e-02
4.151207208633422852e-02
4.149911552667617798e-02
4.148617386817932129e-02
4.147328808903694153e-02
4.146032780408859253e-02
4.144746437668800354e-02
4.143456742167472839e-02
4.142170771956443787e-02
4.140882566571235657e-02
4.139599949121475220e-02
4.138315096497535706e-02
4.137033596634864807e-02
4.135753959417343140e-02
4.134473204612731934e-02
4.133192822337150574e-02
4.131914675235748291e-02
4.130639135837554932e-02
4.129362851381301880e-02
4.128091409802436829e-02
4.126816615462303162e-02
4.125544056296348572e-02
4.124269261956214905e-02
4.122999310493469238e-02
4.121730104088783264e-02
4.120463132858276367e-02
4.119196534156799316e-02
4.117929935455322266e-02
4.116667062044143677e-02
4.115401208400726318e-02
4.114140570163726807e-02
4.112878441810607910e-02
4.111619666218757629e-02
4.110358655452728271e-02
4.109098389744758606e-02
4.107843339443206787e-02
4.106589406728744507e-02
4.105333983898162842e-02
4.104080796241760254e-02
4.102823138236999512e-02
4.101579263806343079e-02
4.100326448678970337e-02
4.099075496196746826e-02
4.097827151417732239e-02
4.096578434109687805e-02
4.095332697033882141e-02
4.094085469841957092e-02
4.092841967940330505e-02
4.091597720980644226e-02
4.090353474020957947e-02
4.089112952351570129e-02
4.087873175740242004e-02
4.086633399128913879e-02
4.085396602749824524e-02
4.084156081080436707e-02
4.082923009991645813e-02
4.081685841083526611e-02
4.080450907349586487e-02
4.079218953847885132e-02
4.077983275055885315e-02
4.076752066612243652e-02
4.075522348284721375e-02
4.074289649724960327e-02
4.073063656687736511e-02
4.071836173534393311e-02
4.070606827735900879e-02
4.069380089640617371e-02
4.068151861429214478e-02
4.066929966211318970e-02
4.065706580877304077e-02
4.064481705427169800e-02
4.063259810209274292e-02
4.062040522694587708e-02
4.060818254947662354e-02
4.059598967432975769e-02
4.058382287621498108e-02
4.057160019874572754e-02
4.055946320295333862e-02
4.054730013012886047e-02
4.053513333201408386e-02
4.052298516035079956e-02
4.051085188984870911e-02
4.049871116876602173e-02
4.048659279942512512e-02
4.047446325421333313e-02
4.046233370900154114e-02
4.045026376843452454e-02
4.043819010257720947e-02
4.042608663439750671e-02
4.041400924324989319e-02
4.040195047855377197e-02
4.038989171385765076e-02
4.037782549858093262e-02
4.036581143736839294e-02
4.035375639796257019e-02
4.034172743558883667e-02
4.032970592379570007e-02
4.031771048903465271e-02
4.030568525195121765e-02
4.029368609189987183e-02
4.028170555830001831e-02
4.026972502470016479e-02
4.025772586464881897e-02
4.024574905633926392e-02
4.023380950093269348e-02
4.022182524204254150e-02
4.020989313721656799e-02
4.019794240593910217e-02
4.018600285053253174e-02
4.017407819628715515e-02
4.016212746500968933e-02
4.015019908547401428e-02
4.013828188180923462e-02
4.012639820575714111e-02
4.011449962854385376e-02
4.010260477662086487e-02
4.009070992469787598e-02
4.007881507277488708e-02
4.006692022085189819e-02
4.005503654479980469e-02
4.004319384694099426e-02
4.003133624792098999e-02
4.001947864890098572e-02
4.000761732459068298e-02
3.999576717615127563e-02
3.998394683003425598e-02
3.997209295630455017e-02
3.996027261018753052e-02
3.994844481348991394e-02
3.993663936853408813e-02
3.992482274770736694e-02
3.991301357746124268e-02
3.990123048424720764e-02
3.988941386342048645e-02
3.987763077020645142e-02
3.986583277583122253e-02
3.985407575964927673e-02
3.984229639172554016e-02
3.983050957322120667e-02
3.981874510645866394e-02
3.980695083737373352e-02
3.979520127177238464e-02
3.978345170617103577e-02
3.977166861295700073e-02
3.975993394851684570e-02
3.974818065762519836e-02
3.973647207021713257e-02
3.972475603222846985e-02
3.971299901604652405e-02
3.970129415392875671e-02
3.968955576419830322e-02
3.967781364917755127e-02
3.966609761118888855e-02
3.965437412261962891e-02
3.964268416166305542e-02
3.963097929954528809e-02
3.961925581097602844e-02
3.960756585001945496e-02
3.959584981203079224e-02
3.958416730165481567e-02
3.957248479127883911e-02
3.956077992916107178e-02
3.954910486936569214e-02
3.953743726015090942e-02
3.952576592564582825e-02
3.951407968997955322e-02
3.950240090489387512e-02
3.949072584509849548e-02
3.947907313704490662e-02
3.946739435195922852e-02
3.945573791861534119e-02
3.944409638643264771e-02
3.943243250250816345e-02
3.942077234387397766e-02
3.940911218523979187e-02
3.939747065305709839e-02
3.938581794500350952e-02
3.937420621514320374e-02
3.936255350708961487e-02
3.935089334845542908e-02
3.933925926685333252e-02
3.932762891054153442e-02
3.931596502661705017e-02
3.930436074733734131e-02
3.929270058870315552e-02
3.928108140826225281e-02
3.926946595311164856e-02
3.925785422325134277e-02
3.924617543816566467e-02
3.923457115888595581e-02
3.922292590141296387e-02
3.921132907271385193e-02
3.919968008995056152e-02
3.918806090950965881e-02
3.917644172906875610e-02
3.916482999920845032e-02
3.915321454405784607e-02
3.914158418774604797e-02
3.912996873259544373e-02
3.911835327744483948e-02
3.910673409700393677e-02
3.909511864185333252e-02
3.908352181315422058e-02
3.907189890742301941e-02
3.906027972698211670e-02
3.904867172241210938e-02
3.903704136610031128e-02
3.902543708682060242e-02
3.901381418108940125e-02
3.900219500064849854e-02
3.899060189723968506e-02
3.897899016737937927e-02
3.896737098693847656e-02
3.895579278469085693e-02
3.894415497779846191e-02
3.893254324793815613e-02
3.892094641923904419e-02
3.890930861234664917e-02
3.889771923422813416e-02
3.888608515262603760e-02
3.887447714805603027e-02
3.886284306645393372e-02
3.885122388601303101e-02
3.883963450789451599e-02
3.882801532745361328e-02
3.881638869643211365e-02
3.880476579070091248e-02
3.879313543438911438e-02
3.878154605627059937e-02
3.876989707350730896e-02
3.875826671719551086e-02
3.874665126204490662e-02
3.873500600457191467e-02
3.872340172529220581e-02
3.871177881956100464e-02
3.870014846324920654e-02
3.868849202990531921e-02
3.867688402533531189e-02
3.866524621844291687e-02
3.865360468626022339e-02
3.864194825291633606e-02
3.863031789660453796e-02
3.861868008971214294e-02
3.860705345869064331e-02
3.859538957476615906e-02
3.858374804258346558e-02
3.857211768627166748e-02
3.856044262647628784e-02
3.854878991842269897e-02
3.853712975978851318e-02
3.852549567818641663e-02
3.851385042071342468e-02
3.850217163562774658e-02
3.849051892757415771e-02
3.847885504364967346e-02
3.846720978617668152e-02
3.845553472638130188e-02
3.844388201832771301e-02
3.843219950795173645e-02
3.842053934931755066e-02
3.840884193778038025e-02
3.839717432856559753e-02
3.838548064231872559e-02
3.837379440665245056e-02
3.836214914917945862e-02
3.835043683648109436e-02
3.833874687552452087e-02
3.832707554101943970e-02
3.831538558006286621e-02
3.830368071794509888e-02
3.829196095466613770e-02
3.828025981783866882e-02
3.826856613159179688e-02
3.825686126947402954e-02
3.824515268206596375e-02
3.823343291878700256e-02
3.822173923254013062e-02
3.821003437042236328e-02
3.819832205772399902e-02
3.818656504154205322e-02
3.817483782768249512e-02
3.816311806440353394e-02
3.815138339996337891e-02
3.813965618610382080e-02
3.812792524695396423e-02
3.811618313193321228e-02
3.810443729162216187e-02
3.809271007776260376e-02
3.808096796274185181e-02
3.806920722126960754e-02
3.805742785334587097e-02
3.804568946361541748e-02
3.803391754627227783e-02
3.802215307950973511e-02
3.801039233803749084e-02
3.799860179424285889e-02
3.798684105277061462e-02
3.797506913542747498e-02
3.796329349279403687e-02
3.795151039958000183e-02
3.793971985578536987e-02
3.792794793844223022e-02
3.791615739464759827e-02
3.790437057614326477e-02
3.789255023002624512e-02
3.788076713681221008e-02
3.786896169185638428e-02
3.785718232393264771e-02
3.784535452723503113e-02
3.783354535698890686e-02
3.782175481319427490e-02
3.780993819236755371e-02
3.779812157154083252e-02
3.778626024723052979e-02
3.777444735169410706e-02
3.776262328028678894e-02
3.775080665946006775e-02
3.773895278573036194e-02
3.772709891200065613e-02
3.771524876356124878e-02
3.770340234041213989e-02
3.769156709313392639e-02
3.767972439527511597e-02
3.766785934567451477e-02
3.765599802136421204e-02
3.764415159821510315e-02
3.763227164745330811e-02
3.762041032314300537e-02
3.760853037238121033e-02
3.759668022394180298e-02
3.758476674556732178e-02
3.757290169596672058e-02
3.756099939346313477e-02
3.754911571741104126e-02
3.753720968961715698e-02
3.752533718943595886e-02
3.751344978809356689e-02
3.750152885913848877e-02
3.748961910605430603e-02
3.747770935297012329e-02
3.746579959988594055e-02
3.745388984680175781e-02
3.744197264313697815e-02
3.743005916476249695e-02
3.741812333464622498e-02
3.740619122982025146e-02
3.739425912499427795e-02
3.738231584429740906e-02
3.737039119005203247e-02
3.735842928290367126e-02
3.734651207923889160e-02
3.733454644680023193e-02
3.732258453965187073e-02
3.731061890721321106e-02
3.729867190122604370e-02
3.728673607110977173e-02
3.727475181221961975e-02
3.726277500391006470e-02
3.725082054734230042e-02
3.723881766200065613e-02
3.722687065601348877e-02
3.721488639712333679e-02
3.720289096236228943e-02
3.719089552760124207e-02
3.717889264225959778e-02
3.716688603162765503e-02
3.715490922331809998e-02
3.714291378855705261e-02
3.713089600205421448e-02
3.711888194084167480e-02
3.710687905550003052e-02
3.709487244486808777e-02
3.708282858133316040e-02
3.707081452012062073e-02
3.705877438187599182e-02
3.704674541950225830e-02
3.703470155596733093e-02
3.702267259359359741e-02
3.701064363121986389e-02
3.699859976768493652e-02
3.698653355240821838e-02
3.697448223829269409e-02
3.696241229772567749e-02
3.695035725831985474e-02
3.693830221891403198e-02
3.692622855305671692e-02
3.691416233777999878e-02
3.690206259489059448e-02
3.688998520374298096e-02
3.687792643904685974e-02
3.686583414673805237e-02
3.685370832681655884e-02
3.684162721037864685e-02
3.682952746748924255e-02
3.681743144989013672e-02
3.680532798171043396e-02
3.679321333765983582e-02
3.678111359477043152e-02
3.676897287368774414e-02
3.675685077905654907e-02
3.674472495913505554e-02
3.673258423805236816e-02
3.672042861580848694e-02
3.670829162001609802e-02
3.669615462422370911e-02
3.668401017785072327e-02
3.667184710502624512e-02
3.665969148278236389e-02
3.664752468466758728e-02
3.663533926010131836e-02
3.662316873669624329e-02
3.661098703742027283e-02
3.659880161285400391e-02
3.658660501241683960e-02
3.657443076372146606e-02
3.656222671270370483e-02
3.655002266168594360e-02
3.653781861066818237e-02
3.652558848261833191e-02
3.651338443160057068e-02
3.650117293000221252e-02
3.648894652724266052e-02
3.647670894861221313e-02
3.646447136998176575e-02
3.645221143960952759e-02
3.643998503684997559e-02
3.642771020531654358e-02
3.641545027494430542e-02
3.640318661928176880e-02
3.639091178774833679e-02
3.637864440679550171e-02
3.636638075113296509e-02
3.635406494140625000e-02
3.634178638458251953e-02
3.632948547601699829e-02
3.631719946861267090e-02
3.630487620830535889e-02
3.629255667328834534e-02
3.628024458885192871e-02
3.626792877912521362e-02
3.625558316707611084e-02
3.624324128031730652e-02
3.623089939355850220e-02
3.621856868267059326e-02
3.620619326829910278e-02
3.619387000799179077e-02
3.618150204420089722e-02
3.616911172866821289e-02
3.615674376487731934e-02
3.614437207579612732e-02
3.613194450736045837e-02
3.611955046653747559e-02
3.610716760158538818e-02
3.609475865960121155e-02
3.608232736587524414e-02
3.606990724802017212e-02
3.605747595429420471e-02
3.604503348469734192e-02
3.603260219097137451e-02
3.602014482021331787e-02
3.600767254829406738e-02
3.599522262811660767e-02
3.598273545503616333e-02
3.597027435898780823e-02
3.595780208706855774e-02
3.594529256224632263e-02
3.593279793858528137e-02
3.592028841376304626e-02
3.590778261423110962e-02
3.589524328708648682e-02
3.588272631168365479e-02
3.587018698453903198e-02
3.585765510797500610e-02
3.584507852792739868e-02
3.583252429962158203e-02
3.581997752189636230e-02
3.580737486481666565e-02
3.579480201005935669e-02
3.578221797943115234e-02
3.576962649822235107e-02
3.575700893998146057e-02
3.574440255761146545e-02
3.573178872466087341e-02
3.571916371583938599e-02
3.570653498172760010e-02
3.569388017058372498e-02
3.568123281002044678e-02
3.566857427358627319e-02
3.565590083599090576e-02
3.564321249723434448e-02
3.563053533434867859e-02
3.561785817146301270e-02
3.560514375567436218e-02
3.559244051575660706e-02
3.557971864938735962e-02
3.556698188185691833e-02
3.555426001548767090e-02
3.554148972034454346e-02
3.552872687578201294e-02
3.551597893238067627e-02
3.550322353839874268e-02
3.549041599035263062e-02
3.547764569520950317e-02
3.546485677361488342e-02
3.545203432440757751e-02
3.543923050165176392e-02
3.542638570070266724e-02
3.541356325149536133e-02
3.540071472525596619e-02
3.538786619901657104e-02
3.537496179342269897e-02
3.536212071776390076e-02
3.534922748804092407e-02
3.533636033535003662e-02
3.532343730330467224e-02
3.531050682067871094e-02
3.529758378863334656e-02
3.528465703129768372e-02
3.527172654867172241e-02
3.525876253843307495e-02
3.524579107761383057e-02
3.523284941911697388e-02
3.521986305713653564e-02
3.520685434341430664e-02
3.519384562969207764e-02
3.518085181713104248e-02
3.516782447695732117e-02
3.515478596091270447e-02
3.514174371957778931e-02
3.512868285179138184e-02
3.511564061045646667e-02
3.510255366563796997e-02
3.508947044610977173e-02
3.507637232542037964e-02
3.506327047944068909e-02
3.505013883113861084e-02
3.503701463341712952e-02
3.502389788627624512e-02
3.501074016094207764e-02
3.499758243560791016e-02
3.498442098498344421e-02
3.497123718261718750e-02
3.495803475379943848e-02
3.494484350085258484e-02
3.493161872029304504e-02
3.491838276386260986e-02
3.490515798330307007e-02
3.489190340042114258e-02
3.487864881753921509e-02
3.486537933349609375e-02
3.485210984945297241e-02
3.483881056308746338e-02
3.482549265027046204e-02
3.481215238571166992e-02
3.479884564876556396e-02
3.478551283478736877e-02
3.477216511964797974e-02
3.475879505276679993e-02
3.474543243646621704e-02
3.473205119371414185e-02
3.471865504980087280e-02
3.470523282885551453e-02
3.469180688261985779e-02
3.467837348580360413e-02
3.466491773724555969e-02
3.465149179100990295e-02
3.463803231716156006e-02
3.462454304099082947e-02
3.461104631423950195e-02
3.459755703806877136e-02
3.458404541015625000e-02
3.457051515579223633e-02
3.455694764852523804e-02
3.454342111945152283e-02
3.452983871102333069e-02
3.451626747846603394e-02
3.450267761945724487e-02
3.448906913399696350e-02
3.447546064853668213e-02
3.446183726191520691e-02
3.444820642471313477e-02
3.443452715873718262e-02
3.442086651921272278e-02
3.440717980265617371e-02
3.439351171255111694e-02
3.437980264425277710e-02
3.436608985066413879e-02
3.435236215591430664e-02
3.433861210942268372e-02
3.432486206293106079e-02
3.431110084056854248e-02
3.429730236530303955e-02
3.428351879119873047e-02
3.426970168948173523e-02
3.425589948892593384e-02
3.424205631017684937e-02
3.422822058200836182e-02
3.421435877680778503e-02
3.420050069689750671e-02
3.418659418821334839e-02
3.417272120714187622e-02
3.415880724787712097e-02
3.414488211274147034e-02
3.413091599941253662e-02
3.411698713898658752e-02
3.410302102565765381e-02
3.408902883529663086e-02
3.407504409551620483e-02
3.406101837754249573e-02
3.404700756072998047e-02
3.403297066688537598e-02
3.401891142129898071e-02
3.400487080216407776e-02
3.399077430367469788e-02
3.397668898105621338e-02
3.396258875727653503e-02
3.394846245646476746e-02
3.393433243036270142e-02
3.392019867897033691e-02
3.390602767467498779e-02
3.389186039566993713e-02
3.387767076492309570e-02
3.386347368359565735e-02
3.384925797581672668e-02
3.383501246571540833e-02
3.382078930735588074e-02
3.380651772022247314e-02
3.379227221012115479e-02
3.377796709537506104e-02
3.376367688179016113e-02
3.374935314059257507e-02
3.373503312468528748e-02
3.372069448232650757e-02
3.370631858706474304e-02
3.369195014238357544e-02
3.367755189538002014e-02
3.366317227482795715e-02
3.364875167608261108e-02
3.363434597849845886e-02
3.361986950039863586e-02
3.360541537404060364e-02
3.359093144536018372e-02
3.357645496726036072e-02
3.356194496154785156e-02
3.354742005467414856e-02
3.353289514780044556e-02
3.351835906505584717e-02
3.350379317998886108e-02
3.348919376730918884e-02
3.347461298108100891e-02
3.346000984311103821e-02
3.344538435339927673e-02
3.343074768781661987e-02
3.341609239578247070e-02
3.340142220258712769e-02
3.338673710823059082e-02
3.337204456329345703e-02
3.335732594132423401e-02
3.334260359406471252e-02
3.332786262035369873e-02
3.331308439373970032e-02
3.329830616712570190e-02
3.328353911638259888e-02
3.326872736215591431e-02
3.325391188263893127e-02
3.323906287550926208e-02
3.322419896721839905e-02
3.320932388305664062e-02
3.319445252418518066e-02
3.317954018712043762e-02
3.316462039947509766e-02
3.314972296357154846e-02
3.313475102186203003e-02
3.311981633305549622e-02
3.310481086373329163e-02
3.308982029557228088e-02
3.307480365037918091e-02
3.305978327989578247e-02
3.304472565650939941e-02
3.302967548370361328e-02
3.301457688212394714e-02
3.299950063228607178e-02
3.298439830541610718e-02
3.296928480267524719e-02
3.295414522290229797e-02
3.293899074196815491e-02
3.292381390929222107e-02
3.290863335132598877e-02
3.289341926574707031e-02
3.287819027900695801e-02
3.286296501755714417e-02
3.284768760204315186e-02
3.283243626356124878e-02
3.281715512275695801e-02
3.280184417963027954e-02
3.278654813766479492e-02
3.277119621634483337e-02
3.275582566857337952e-02
3.274046257138252258e-02
3.272509202361106873e-02
3.270968049764633179e-02
3.269425407052040100e-02
3.267881274223327637e-02
3.266336768865585327e-02
3.264790773391723633e-02
3.263240307569503784e-02
3.261689469218254089e-02
3.260139003396034241e-02
3.258585929870605469e-02
3.257029503583908081e-02
3.255470842123031616e-02
3.253913670778274536e-02
3.252350911498069763e-02
3.250789642333984375e-02
3.249225392937660217e-02
3.247657790780067444e-02
3.246092051267623901e-02
3.244522586464881897e-02
3.242950513958930969e-02
3.241378813982009888e-02
3.239805251359939575e-02
3.238228335976600647e-02
3.236651420593261719e-02
3.235071897506713867e-02
3.233489766716957092e-02
3.231905400753021240e-02
3.230321407318115234e-02
3.228734433650970459e-02
3.227142989635467529e-02
3.225555270910263062e-02
3.223963826894760132e-02
3.222369402647018433e-02
3.220773115754127502e-02
3.219176828861236572e-02
3.217579051852226257e-02
3.215978294610977173e-02
3.214375674724578857e-02
3.212772309780120850e-02
3.211166337132453918e-02
3.209558129310607910e-02
3.207947686314582825e-02
3.206336870789527893e-02
3.204722702503204346e-02
3.203109279274940491e-02
3.201493620872497559e-02
3.199873492121696472e-02
3.198254480957984924e-02
3.196632489562034607e-02
3.195009008049964905e-02
3.193384036421775818e-02
3.191756829619407654e-02
3.190127760171890259e-02
3.188496083021163940e-02
3.186865523457527161e-02
3.185230121016502380e-02
3.183597326278686523e-02
3.181959316134452820e-02
3.180320933461189270e-02
3.178681805729866028e-02
3.177035227417945862e-02
3.175393491983413696e-02
3.173750638961791992e-02
3.172101452946662903e-02
3.170452266931533813e-02
3.168801590800285339e-02
3.167150914669036865e-02
3.165495395660400391e-02
3.163840249180793762e-02
3.162182494997978210e-02
3.160526975989341736e-02
3.158867731690406799e-02
3.157205507159233093e-02
3.155542165040969849e-02
3.153876960277557373e-02
3.152212128043174744e-02
3.150543943047523499e-02
3.148875012993812561e-02
3.147203847765922546e-02
3.145531564950942993e-02
3.143861144781112671e-02
3.142186254262924194e-02
3.140509128570556641e-02
3.138833492994308472e-02
3.137152642011642456e-02
3.135474026203155518e-02
3.133793547749519348e-02
3.132110461592674255e-02
3.130427002906799316e-02
3.128743171691894531e-02
3.127055242657661438e-02
3.125369176268577576e-02
3.123680874705314636e-02
3.121990710496902466e-02
3.120299428701400757e-02
3.118609078228473663e-02
3.116916120052337646e-02
3.115223534405231476e-02
3.113526664674282074e-02
3.111831657588481903e-02
3.110134042799472809e-02
3.108436800539493561e-02
3.106738440692424774e-02
3.105039522051811218e-02
3.103338554501533508e-02
3.101636469364166260e-02
3.099932335317134857e-02
3.098230436444282532e-02
3.096526861190795898e-02
3.094821982085704803e-02
3.093118220567703247e-02
3.091410361230373383e-02
3.089705295860767365e-02
3.087997063994407654e-02
3.086290694773197174e-02
3.084583021700382233e-02
3.082872927188873291e-02
3.081162832677364349e-02
3.079453483223915100e-02
3.077742829918861389e-02
3.076032176613807678e-02
3.074319846928119659e-02
3.072606027126312256e-02
3.070894256234169006e-02
3.069180808961391449e-02
3.067467920482158661e-02
3.065754473209381104e-02
3.064039535820484161e-02
3.062326461076736450e-02
3.060609661042690277e-02
3.058891929686069489e-02
3.057177551090717316e-02
3.055461682379245758e-02
3.053746372461318970e-02
3.052026964724063873e-02
3.050310537219047546e-02
3.048595227301120758e-02
3.046878054738044739e-02
3.045161999762058258e-02
3.043445013463497162e-02
3.041726723313331604e-02
3.040008991956710815e-02
3.038290143013000488e-02
3.036572039127349854e-02
3.034854121506214142e-02
3.033135086297988892e-02
3.031416609883308411e-02
3.029698505997657776e-02
3.027980402112007141e-02
3.026261925697326660e-02
3.024542331695556641e-02
3.022824227809906006e-02
3.021105751395225525e-02
3.019388951361179352e-02
3.017668426036834717e-02
3.015950694680213928e-02
3.014232404530048370e-02
3.012513928115367889e-02
3.010796196758747101e-02
3.009076602756977081e-02
3.007358312606811523e-02
3.005640022456645966e-02
3.003921173512935638e-02
3.002204746007919312e-02
3.000486269593238831e-02
2.998767606914043427e-02
2.997050248086452484e-02
2.995331399142742157e-02
2.993615157902240753e-02
2.991898171603679657e-02
2.990181744098663330e-02
2.988463640213012695e-02
2.986746653914451599e-02
2.985030785202980042e-02
2.983312495052814484e-02
2.981597743928432465e-02
2.979880757629871368e-02
2.978165633976459503e-02
2.976449206471443176e-02
2.974734269082546234e-02
2.973017282783985138e-02
2.971303462982177734e-02
2.969589084386825562e-02
2.967875264585018158e-02
2.966160513460636139e-02
2.964447624981403351e-02
2.962737157940864563e-02
2.961021475493907928e-02
2.959309332072734833e-02
2.957596816122531891e-02
2.955884858965873718e-02
2.954170852899551392e-02
2.952462434768676758e-02
2.950749918818473816e-02
2.949039079248905182e-02
2.947329543530941010e-02
2.945619821548461914e-02
2.943909168243408203e-02
2.942199632525444031e-02
2.940490096807479858e-02
2.938781119883060455e-02
2.937073074281215668e-02
2.935364469885826111e-02
2.933658100664615631e-02
2.931950241327285767e-02
2.930246293544769287e-02
2.928538993000984192e-02
2.926834672689437866e-02
2.925128675997257233e-02
2.923425659537315369e-02
2.921720966696739197e-02
2.920017950236797333e-02
2.918314933776855469e-02
2.916610240936279297e-02
2.914910577237606049e-02
2.913210727274417877e-02
2.911509200930595398e-02
2.909809350967407227e-02
2.908108383417129517e-02
2.906408905982971191e-02
2.904709987342357635e-02
2.903011068701744080e-02
2.901313640177249908e-02
2.899615652859210968e-02
2.897918783128261566e-02
2.896224148571491241e-02
2.894527651369571686e-02
2.892832458019256592e-02
2.891141735017299652e-02
2.889445610344409943e-02
2.887754887342453003e-02
2.886060625314712524e-02
2.884369716048240662e-02
2.882678993046283722e-02
2.880988642573356628e-02
2.879300154745578766e-02
2.877609990537166595e-02
2.875920943915843964e-02
2.874234691262245178e-02
2.872547134757041931e-02
2.870862558484077454e-02
2.869178168475627899e-02
2.867492102086544037e-02
2.865809202194213867e-02
2.864126302301883698e-02
2.862443961203098297e-02
2.860761247575283051e-02
2.859081327915191650e-02
2.857401035726070404e-02
2.855722606182098389e-02
2.854042500257492065e-02
2.852366678416728973e-02
2.850689925253391266e-02
2.849012240767478943e-02
2.847336791455745697e-02
2.845661342144012451e-02
2.843987755477428436e-02
2.842315100133419037e-02
2.840644121170043945e-02
2.838972210884094238e-02
2.837302535772323608e-02
2.835633233189582825e-02
2.833964116871356964e-02
2.832296118140220642e-02
2.830630168318748474e-02
2.828962169587612152e-02
2.827298641204833984e-02
2.825633622705936432e-02
2.823970466852188110e-02
2.822310663759708405e-02
2.820648066699504852e-02
2.818987332284450531e-02
2.817328646779060364e-02
2.815669029951095581e-02
2.814013138413429260e-02
2.812354639172554016e-02
2.810699306428432465e-02
2.809041179716587067e-02
2.807390503585338593e-02
2.805736474692821503e-02
2.804087102413177490e-02
2.802433446049690247e-02
2.800785563886165619e-02
2.799138426780700684e-02
2.797489613294601440e-02
2.795841358602046967e-02
2.794195339083671570e-02
2.792550995945930481e-02
2.790907025337219238e-02
2.789266221225261688e-02
2.787623926997184753e-02
2.785982936620712280e-02
2.784342877566814423e-02
2.782703191041946411e-02
2.781067043542861938e-02
2.779430150985717773e-02
2.777795121073722839e-02
2.776159718632698059e-02
2.774526551365852356e-02
2.772892825305461884e-02
2.771262452006340027e-02
2.769631892442703247e-02
2.768003381788730621e-02
2.766376361250877380e-02
2.764749340713024139e-02
2.763123996555805206e-02
2.761501073837280273e-02
2.759876661002635956e-02
2.758254110813140869e-02
2.756632491946220398e-02
2.755011431872844696e-02
2.753392793238162994e-02
2.751776762306690216e-02
2.750159241259098053e-02
2.748543582856655121e-02
2.746929414570331573e-02
2.745314314961433411e-02
2.743703126907348633e-02
2.742091566324234009e-02
2.740481309592723846e-02
2.738873288035392761e-02
2.737266942858695984e-02
2.735660038888454437e-02
2.734055556356906891e-02
2.732450701296329498e-02
2.730846963822841644e-02
2.729247324168682098e-02
2.727646194398403168e-02
2.726047299802303314e-02
2.724448591470718384e-02
2.722851186990737915e-02
2.721257135272026062e-02
2.719660103321075439e-02
2.718068100512027740e-02
2.716474607586860657e-02
2.714884281158447266e-02
2.713294699788093567e-02
2.711705863475799561e-02
2.710118331015110016e-02
2.708531543612480164e-02
2.706946432590484619e-02
2.705363556742668152e-02
2.703780680894851685e-02
2.702198736369609833e-02
2.700619399547576904e-02
2.699039317667484283e-02
2.697461284697055817e-02
2.695886045694351196e-02
2.694308571517467499e-02
2.692735195159912109e-02
2.691163495182991028e-02
2.689590491354465485e-02
2.688019163906574249e-02
2.686449512839317322e-02
2.684882469475269318e-02
2.683314867317676544e-02
2.681748382747173309e-02
2.680184133350849152e-02
2.678622305393218994e-02
2.677060104906558990e-02
2.675499208271503448e-02
2.673938870429992676e-02
2.672377973794937134e-02
2.670823223888874054e-02
2.669266238808631897e-02
2.667711302638053894e-02
2.666157670319080353e-02
2.664604969322681427e-02
2.663054130971431732e-02
2.661503106355667114e-02
2.659953385591506958e-02
2.658405900001525879e-02
2.656859159469604492e-02
2.655313350260257721e-02
2.653768286108970642e-02
2.652225643396377563e-02
2.650683186948299408e-02
2.649144269526004791e-02
2.647602930665016174e-02
2.646064572036266327e-02
2.644528448581695557e-02
2.642993070185184479e-02
2.641457505524158478e-02
2.639921754598617554e-02
2.638390660285949707e-02
2.636859752237796783e-02
2.635329216718673706e-02
2.633801475167274475e-02
2.632274106144905090e-02
2.630745992064476013e-02
2.629220299422740936e-02
2.627696841955184937e-02
2.626174129545688629e-02
2.624651975929737091e-02
2.623129449784755707e-02
2.621611766517162323e-02
2.620095200836658478e-02
2.618578076362609863e-02
2.617061138153076172e-02
2.615547552704811096e-02
2.614032290875911713e-02
2.612520940601825714e-02
2.611009217798709869e-02
2.609499357640743256e-02
2.607990056276321411e-02
2.606482617557048798e-02
2.604976855218410492e-02
2.603469789028167725e-02
2.601964958012104034e-02
2.600462175905704498e-02
2.598961256444454193e-02
2.597459219396114349e-02
2.595961280167102814e-02
2.594461850821971893e-02
2.592964470386505127e-02
2.591467648744583130e-02
2.589972689747810364e-02
2.588478475809097290e-02
2.586984820663928986e-02
2.585494145750999451e-02
2.584001421928405762e-02
2.582511864602565765e-02
2.581024542450904846e-02
2.579535916447639465e-02
2.578048966825008392e-02
2.576562203466892242e-02
2.575080096721649170e-02
2.573596872389316559e-02
2.572116255760192871e-02
2.570633590221405029e-02
2.569153159856796265e-02
2.567674592137336731e-02
2.566196769475936890e-02
2.564719133079051971e-02
2.563243731856346130e-02
2.561769075691699982e-02
2.560294978320598602e-02
2.558823488652706146e-02
2.557353116571903229e-02
2.555881440639495850e-02
2.554411813616752625e-02
2.552941814064979553e-02
2.551474049687385559e-02
2.550007961690425873e-02
2.548542991280555725e-02
2.547079324722290039e-02
2.545616589486598969e-02
2.544153481721878052e-02
2.542692795395851135e-02
2.541232667863368988e-02
2.539772540330886841e-02
2.538316324353218079e-02
2.536858431994915009e-02
2.535401098430156708e-02
2.533946745097637177e-02
2.532492019236087799e-02
2.531039342284202576e-02
2.529587224125862122e-02
2.528136409819126129e-02
2.526686713099479675e-02
2.525238506495952606e-02
2.523791417479515076e-02
2.522344142198562622e-02
2.520896680653095245e-02
2.519450709223747253e-02
2.518006600439548492e-02
2.516563609242439270e-02
2.515122294425964355e-02
2.513682655990123749e-02
2.512240409851074219e-02
2.510801889002323151e-02
2.509364299476146698e-02
2.507927082479000092e-02
2.506489679217338562e-02
2.505055628716945648e-02
2.503618970513343811e-02
2.502187155187129974e-02
2.500754594802856445e-02
2.499323338270187378e-02
2.497892268002033234e-02
2.496463619172573090e-02
2.495032548904418945e-02
2.493605017662048340e-02
2.492178045213222504e-02
2.490752376616001129e-02
2.489327639341354370e-02
2.487903833389282227e-02
2.486480772495269775e-02
2.485058084130287170e-02
2.483636513352394104e-02
2.482215128839015961e-02
2.480794675648212433e-02
2.479378134012222290e-02
2.477958239614963531e-02
2.476541884243488312e-02
2.475125901401042938e-02
2.473710663616657257e-02
2.472295798361301422e-02
2.470881678164005280e-02
2.469470910727977753e-02
2.468058653175830841e-02
2.466648444533348083e-02
2.465235628187656403e-02
2.463828399777412415e-02
2.462420240044593811e-02
2.461011894047260284e-02
2.459605596959590912e-02
2.458198741078376770e-02
2.456794120371341705e-02
2.455391548573970795e-02
2.453988790512084961e-02
2.452585659921169281e-02
2.451185323297977448e-02
2.449784241616725922e-02
2.448383532464504242e-02
2.446984499692916870e-02
2.445586211979389191e-02
2.444189228117465973e-02
2.442793361842632294e-02
2.441397123038768768e-02
2.440003491938114166e-02
2.438607811927795410e-02
2.437215112149715424e-02
2.435823716223239899e-02
2.434433065354824066e-02
2.433042414486408234e-02
2.431652136147022247e-02
2.430262044072151184e-02
2.428872883319854736e-02
2.427487075328826904e-02
2.426100894808769226e-02
2.424714900553226471e-02
2.423330768942832947e-02
2.421944960951805115e-02
2.420562319457530975e-02
2.419180050492286682e-02
2.417796105146408081e-02
2.416415698826313019e-02
2.415036596357822418e-02
2.413656935095787048e-02
2.412277273833751678e-02
2.410899661481380463e-02
2.409523352980613708e-02
2.408146113157272339e-02
2.406771294772624969e-02
2.405394613742828369e-02
2.404021285474300385e-02
2.402647584676742554e-02
2.401275560259819031e-02
2.399904280900955200e-02
2.398532815277576447e-02
2.397161908447742462e-02
2.395794354379177094e-02
2.394423820078372955e-02
2.393056638538837433e-02
2.391688711941242218e-02
2.390321716666221619e-02
2.388956025242805481e-02
2.387593127787113190e-02
2.386227622628211975e-02
2.384864911437034607e-02
2.383502013981342316e-02
2.382140420377254486e-02
2.380779199302196503e-02
2.379418723285198212e-02
2.378058806061744690e-02
2.376701682806015015e-02
2.375344187021255493e-02
2.373987436294555664e-02
2.372630499303340912e-02
2.371274679899215698e-02
2.369919419288635254e-02
2.368564158678054810e-02
2.367211878299713135e-02
2.365858107805252075e-02
2.364507131278514862e-02
2.363155968487262726e-02
2.361807040870189667e-02
2.360456064343452454e-02
2.359107695519924164e-02
2.357759512960910797e-02
2.356411702930927277e-02
2.355066128075122833e-02
2.353719435632228851e-02
2.352373674511909485e-02
2.351028099656105042e-02
2.349687553942203522e-02
2.348344586789608002e-02
2.347003482282161713e-02
2.345660515129566193e-02
2.344320714473724365e-02
2.342983707785606384e-02
2.341642044484615326e-02
2.340302802622318268e-02
2.338967286050319672e-02
2.337631396949291229e-02
2.336296066641807556e-02
2.334961481392383575e-02
2.333626896142959595e-02
2.332292310893535614e-02
2.330960147082805634e-02
2.329628169536590576e-02
2.328296937048435211e-02
2.326968125998973846e-02
2.325638383626937866e-02
2.324309572577476501e-02
2.322982996702194214e-02
2.321656048297882080e-02
2.320328913629055023e-02
2.319003455340862274e-02
2.317679673433303833e-02
2.316354773938655853e-02
2.315032295882701874e-02
2.313709631562232971e-02
2.312389761209487915e-02
2.311068400740623474e-02
2.309748902916908264e-02
2.308429405093193054e-02
2.307111956179141998e-02
2.305793948471546173e-02
2.304477058351039886e-02
2.303160540759563446e-02
2.301845140755176544e-02
2.300531603395938873e-02
2.299217134714126587e-02
2.297904714941978455e-02
2.296592667698860168e-02
2.295283041894435883e-02
2.293973043560981750e-02
2.292663231492042542e-02
2.291354350745677948e-02
2.290046960115432739e-02
2.288739569485187531e-02
2.287433855235576630e-02
2.286130376160144806e-02
2.284824475646018982e-02
2.283519692718982697e-02
2.282217517495155334e-02
2.280914783477783203e-02
2.279613539576530457e-02
2.278312854468822479e-02
2.277012728154659271e-02
2.275713346898555756e-02
2.274415642023086548e-02
2.273119240999221802e-02
2.271823585033416748e-02
2.270526811480522156e-02
2.269231528043746948e-02
2.267938479781150818e-02
2.266644313931465149e-02
2.265351638197898865e-02
2.264060638844966888e-02
2.262770384550094604e-02
2.261479385197162628e-02
2.260191366076469421e-02
2.258902788162231445e-02
2.257614023983478546e-02
2.256326191127300262e-02
2.255040593445301056e-02
2.253755927085876465e-02
2.252471074461936951e-02
2.251187153160572052e-02
2.249905839562416077e-02
2.248621731996536255e-02
2.247341349720954895e-02
2.246059104800224304e-02
2.244779840111732483e-02
2.243501320481300354e-02
2.242221869528293610e-02
2.240944840013980865e-02
2.239667996764183044e-02
2.238392271101474762e-02
2.237118594348430634e-02
2.235843054950237274e-02
2.234571054577827454e-02
2.233296260237693787e-02
2.232026495039463043e-02
2.230754308402538300e-02
2.229482680559158325e-02
2.228212542831897736e-02
2.226946130394935608e-02
2.225677110254764557e-02
2.224411070346832275e-02
2.223142981529235840e-02
2.221878245472908020e-02
2.220613509416580200e-02
2.219349332153797150e-02
2.218085341155529022e-02
2.216822654008865356e-02
2.215562388300895691e-02
2.214301005005836487e-02
2.213040366768836975e-02
2.211782895028591156e-02
2.210524678230285645e-02
2.209266461431980133e-02
2.208009362220764160e-02
2.206753380596637726e-02
2.205497212707996368e-02
2.204242721199989319e-02
2.202989719808101654e-02
2.201736718416213989e-02
2.200485020875930786e-02
2.199233509600162506e-02
2.197983115911483765e-02
2.196734026074409485e-02
2.195484936237335205e-02
2.194236218929290771e-02
