1.900299936532974243e-01
1.886192709207534790e-01
1.875215470790863037e-01
1.863916218280792236e-01
1.851002424955368042e-01
1.835413128137588501e-01
1.816400736570358276e-01
1.793674230575561523e-01
1.767472028732299805e-01
1.738393902778625488e-01
1.707103997468948364e-01
1.674244105815887451e-01
1.640573292970657349e-01
1.606997698545455933e-01
1.574310511350631714e-01
1.542927026748657227e-01
1.512832790613174438e-01
1.483738571405410767e-01
1.455251574516296387e-01
1.427025496959686279e-01
1.398842185735702515e-01
1.370656192302703857e-01
1.342592835426330566e-01
1.314897388219833374e-01
1.287847161293029785e-01
1.261672526597976685e-01
1.236523091793060303e-01
1.212475299835205078e-01
1.189552322030067444e-01
1.167747825384140015e-01
1.147035956382751465e-01
1.127371713519096375e-01
1.108695715665817261e-01
1.090940088033676147e-01
1.074040085077285767e-01
1.057962328195571899e-01
1.042727679014205933e-01
1.028394997119903564e-01
1.014977246522903442e-01
1.002412885427474976e-01
9.906110912561416626e-02
9.794917702674865723e-02
9.689869731664657593e-02
9.590374678373336792e-02
9.495852142572402954e-02
9.405837953090667725e-02
9.319864213466644287e-02
9.237567335367202759e-02
9.158630669116973877e-02
9.082777798175811768e-02
9.009759128093719482e-02
8.939386904239654541e-02
8.871459215879440308e-02
8.805827051401138306e-02
8.742329478263854980e-02
8.680842071771621704e-02
8.621235191822052002e-02
8.563428372144699097e-02
8.507293462753295898e-02
8.452770859003067017e-02
8.399789035320281982e-02
8.348302543163299561e-02
8.298273384571075439e-02
8.249664306640625000e-02
8.202451467514038086e-02
8.156599849462509155e-02
8.112078905105590820e-02
8.068847656250000000e-02
8.026856184005737305e-02
7.986073195934295654e-02
7.946434617042541504e-02
7.907907664775848389e-02
7.870440185070037842e-02
7.833973318338394165e-02
7.798480242490768433e-02
7.763920724391937256e-02
7.730239629745483398e-02
7.697407901287078857e-02
7.665383070707321167e-02
7.634132355451583862e-02
7.603617012500762939e-02
7.573807239532470703e-02
7.544670253992080688e-02
7.516176998615264893e-02
7.488296180963516235e-02
7.461010664701461792e-02
7.434282451868057251e-02
7.408093661069869995e-02
7.382421195507049561e-02
7.357232272624969482e-02
7.332520931959152222e-02
7.308260351419448853e-02
7.284428924322128296e-02
7.261013239622116089e-02
7.237995415925979614e-02
7.215354591608047485e-02
7.193087786436080933e-02
7.171169668436050415e-02
7.149598002433776855e-02
7.128355652093887329e-02
7.107429206371307373e-02
7.086815685033798218e-02
7.066506147384643555e-02
7.046490907669067383e-02
7.026756554841995239e-02
7.007310539484024048e-02
6.988134980201721191e-02
6.969226896762847900e-02
6.950591504573822021e-02
6.932210922241210938e-02
6.914093345403671265e-02
6.896226853132247925e-02
6.878624111413955688e-02
6.861266493797302246e-02
6.844155490398406982e-02
6.827297061681747437e-02
6.810679286718368530e-02
6.794310361146926880e-02
6.778180599212646484e-02
6.762290745973587036e-02
6.746646016836166382e-02
6.731235235929489136e-02
6.716051697731018066e-02
6.701108813285827637e-02
6.686395406723022461e-02
6.671912968158721924e-02
6.657651811838150024e-02
6.643607467412948608e-02
6.629788130521774292e-02
6.616184115409851074e-02
6.602795422077178955e-02
6.589612364768981934e-02
6.576634943485260010e-02
6.563866138458251953e-02
6.551288813352584839e-02
6.538907438516616821e-02
6.526715308427810669e-02
6.514710932970046997e-02
6.502883881330490112e-02
6.491234898567199707e-02
6.479758769273757935e-02
6.468458473682403564e-02
6.457317620515823364e-02
6.446339935064315796e-02
6.435522437095642090e-02
6.424848735332489014e-02
6.414327770471572876e-02
6.403950601816177368e-02
6.393717974424362183e-02
6.383620947599411011e-02
6.373657286167144775e-02
6.363817304372787476e-02
6.354111433029174805e-02
6.344524025917053223e-02
6.335056573152542114e-02
6.325708329677581787e-02
6.316465884447097778e-02
6.307340413331985474e-02
6.298313289880752563e-02
6.289394199848175049e-02
6.280577927827835083e-02
6.271850317716598511e-02
6.263227760791778564e-02
6.254693865776062012e-02
6.246248260140419006e-02
6.237892061471939087e-02
6.229617446660995483e-02
6.221432983875274658e-02
6.213322281837463379e-02
6.205290555953979492e-02
6.197340413928031921e-02
6.189461797475814819e-02
6.181655451655387878e-02
6.173926964402198792e-02
6.166261807084083557e-02
6.158665940165519714e-02
6.151136383414268494e-02
6.143674254417419434e-02
6.136272847652435303e-02
6.128941848874092102e-02
6.121659278869628906e-02
6.114444509148597717e-02
6.107287481427192688e-02
6.100185960531234741e-02
6.093145161867141724e-02
6.086159124970436096e-02
6.079224869608879089e-02
6.072347983717918396e-02
6.065523996949195862e-02
6.058752164244651794e-02
6.052032113075256348e-02
6.045356765389442444e-02
6.038738414645195007e-02
6.032165139913558960e-02
6.025644019246101379e-02
6.019169092178344727e-02
6.012748554348945618e-02
6.006364896893501282e-02
6.000031158328056335e-02
5.993740633130073547e-02
5.987497791647911072e-02
5.981301888823509216e-02
5.975145846605300903e-02
5.969031155109405518e-02
5.962965264916419983e-02
5.956937000155448914e-02
5.950954556465148926e-02
5.945010483264923096e-02
5.939107388257980347e-02
5.933245643973350525e-02
5.927424505352973938e-02
5.921641364693641663e-02
5.915896221995353699e-02
5.910195410251617432e-02
5.904529988765716553e-02
5.898898467421531677e-02
5.893305689096450806e-02
5.887749791145324707e-02
5.882231891155242920e-02
5.876747146248817444e-02
5.871301889419555664e-02
5.865887925028800964e-02
5.860509723424911499e-02
5.855170264840126038e-02
5.849858000874519348e-02
5.844585970044136047e-02
5.839345604181289673e-02
5.834135413169860840e-02
5.828956887125968933e-02
5.823818966746330261e-02
5.818705260753631592e-02
5.813623219728469849e-02
5.808576196432113647e-02
5.803562700748443604e-02
5.798575654625892639e-02
5.793621763586997986e-02
5.788693949580192566e-02
5.783798918128013611e-02
5.778931453824043274e-02
5.774094909429550171e-02
5.769286677241325378e-02
5.764508247375488281e-02
5.759755894541740417e-02
5.755034461617469788e-02
5.750342085957527161e-02
5.745672434568405151e-02
5.741037428379058838e-02
5.736424773931503296e-02
5.731841176748275757e-02
5.727276578545570374e-02
5.722743645310401917e-02
5.718236789107322693e-02
5.713757127523422241e-02
5.709298327565193176e-02
5.704872682690620422e-02
5.700469017028808594e-02
5.696085840463638306e-02
5.691727995872497559e-02
5.687401071190834045e-02
5.683091282844543457e-02
5.678806453943252563e-02
5.674542486667633057e-02
5.670307949185371399e-02
5.666091293096542358e-02
5.661901831626892090e-02
5.657729506492614746e-02
5.653583258390426636e-02
5.649460479617118835e-02
5.645354837179183960e-02
5.641271173954010010e-02
5.637210234999656677e-02
5.633170157670974731e-02
5.629148334264755249e-02
5.625148862600326538e-02
5.621168389916419983e-02
5.617212876677513123e-02
5.613269656896591187e-02
5.609350651502609253e-02
5.605445429682731628e-02
5.601565167307853699e-02
5.597703158855438232e-02
5.593858659267425537e-02
5.590030550956726074e-02
5.586222559213638306e-02
5.582430586218833923e-02
5.578657984733581543e-02
5.574902892112731934e-02
5.571164563298225403e-02
5.567443743348121643e-02
5.563742294907569885e-02
5.560051649808883667e-02
5.556381866335868835e-02
5.552722513675689697e-02
5.549084395170211792e-02
5.545461922883987427e-02
5.541852116584777832e-02
5.538257583975791931e-02
5.534681677818298340e-02
5.531118437647819519e-02
5.527567863464355469e-02
5.524039268493652344e-02
5.520518496632575989e-02
5.517017468810081482e-02
5.513527616858482361e-02
5.510055273771286011e-02
5.506591871380805969e-02
5.503142625093460083e-02
5.499709025025367737e-02
5.496286973357200623e-02
5.492880195379257202e-02
5.489485710859298706e-02
5.486106500029563904e-02
5.482735857367515564e-02
5.479383841156959534e-02
5.476043000817298889e-02
5.472712963819503784e-02
5.469392985105514526e-02
5.466089025139808655e-02
5.462795868515968323e-02
5.459514260292053223e-02
5.456250160932540894e-02
5.452991276979446411e-02
5.449749529361724854e-02
5.446518957614898682e-02
5.443301051855087280e-02
5.440089851617813110e-02
5.436893180012702942e-02
5.433708801865577698e-02
5.430537462234497070e-02
5.427378788590431213e-02
5.424227192997932434e-02
5.421086028218269348e-02
5.417964980006217957e-02
5.414854362607002258e-02
5.411749333143234253e-02
5.408653989434242249e-02
5.405573546886444092e-02
5.402508378028869629e-02
5.399448052048683167e-02
5.396401137113571167e-02
5.393364652991294861e-02
5.390342324972152710e-02
5.387331545352935791e-02
5.384326353669166565e-02
5.381334945559501648e-02
5.378357693552970886e-02
5.375389009714126587e-02
5.372430011630058289e-02
5.369481444358825684e-02
5.366544425487518311e-02
5.363618582487106323e-02
5.360706895589828491e-02
5.357810109853744507e-02
5.354911834001541138e-02
5.352029949426651001e-02
5.349159613251686096e-02
5.346300080418586731e-02
5.343449115753173828e-02
5.340611934661865234e-02
5.337783694267272949e-02
5.334965884685516357e-02
5.332161113619804382e-02
5.329361557960510254e-02
5.326578393578529358e-02
5.323801189661026001e-02
5.321038141846656799e-02
5.318285524845123291e-02
5.315539985895156860e-02
5.312808230519294739e-02
5.310084670782089233e-02
5.307373404502868652e-02
5.304668098688125610e-02
5.301973596215248108e-02
5.299291014671325684e-02
5.296616628766059875e-02
5.293959006667137146e-02
5.291304364800453186e-02
5.288663879036903381e-02
5.286032333970069885e-02
5.283407494425773621e-02
5.280794203281402588e-02
5.278192088007926941e-02
5.275595933198928833e-02
5.273009836673736572e-02
5.270434916019439697e-02
5.267869308590888977e-02
5.265313386917114258e-02
5.262763798236846924e-02
5.260227993130683899e-02
5.257700011134147644e-02
5.255180597305297852e-02
5.252671241760253906e-02
5.250170454382896423e-02
5.247673764824867249e-02
5.245191976428031921e-02
5.242714658379554749e-02
5.240247771143913269e-02
5.237789824604988098e-02
5.235342308878898621e-02
5.232904478907585144e-02
5.230471864342689514e-02
5.228048935532569885e-02
5.225630477070808411e-02
5.223226174712181091e-02
5.220827832818031311e-02
5.218438431620597839e-02
5.216054990887641907e-02
5.213681608438491821e-02
5.211319401860237122e-02
5.208955332636833191e-02
5.206605419516563416e-02
5.204263702034950256e-02
5.201929435133934021e-02
5.199603736400604248e-02
5.197287350893020630e-02
5.194973945617675781e-02
5.192666873335838318e-02
5.190374329686164856e-02
5.188084393739700317e-02
5.185803025960922241e-02
5.183531343936920166e-02
5.181260034441947937e-02
5.179002881050109863e-02
5.176750198006629944e-02
5.174504593014717102e-02
5.172267183661460876e-02
5.170033499598503113e-02
5.167811363935470581e-02
5.165592208504676819e-02
5.163378268480300903e-02
5.161176994442939758e-02
5.158981308341026306e-02
5.156788975000381470e-02
5.154607072472572327e-02
5.152428150177001953e-02
5.150255933403968811e-02
5.148092284798622131e-02
5.145933851599693298e-02
5.143782868981361389e-02
5.141637846827507019e-02
5.139499157667160034e-02
5.137364566326141357e-02
5.135240405797958374e-02
5.133117362856864929e-02
5.131001397967338562e-02
5.128898099064826965e-02
5.126792564988136292e-02
5.124698579311370850e-02
5.122606828808784485e-02
5.120523273944854736e-02
5.118443071842193604e-02
5.116368457674980164e-02
5.114302039146423340e-02
5.112240836024284363e-02
5.110184475779533386e-02
5.108134075999259949e-02
5.106091871857643127e-02
5.104053020477294922e-02
5.102017894387245178e-02
5.099988728761672974e-02
5.097967013716697693e-02
5.095950141549110413e-02
5.093935132026672363e-02
5.091929063200950623e-02
5.089928209781646729e-02
5.087932571768760681e-02
5.085941404104232788e-02
5.083956569433212280e-02
5.081974714994430542e-02
5.079997703433036804e-02
5.078028142452239990e-02
5.076059326529502869e-02
5.074103176593780518e-02
5.072149634361267090e-02
5.070194602012634277e-02
5.068247765302658081e-02
5.066306143999099731e-02
5.064368993043899536e-02
5.062437430024147034e-02
5.060511082410812378e-02
5.058588087558746338e-02
5.056674405932426453e-02
5.054756626486778259e-02
5.052848905324935913e-02
5.050947889685630798e-02
5.049046874046325684e-02
5.047148466110229492e-02
5.045258253812789917e-02
5.043374747037887573e-02
5.041494965553283691e-02
5.039616301655769348e-02
5.037743598222732544e-02
5.035876110196113586e-02
5.034012347459793091e-02
5.032154172658920288e-02
5.030298605561256409e-02
5.028443038463592529e-02
5.026597902178764343e-02
5.024757981300354004e-02
5.022918060421943665e-02
