2.594234943389892578e-01
2.771618664264678955e-01
2.860310375690460205e-01
3.015521168708801270e-01
3.170731663703918457e-01
3.436807096004486084e-01
3.813747167587280273e-01
3.968957960605621338e-01
4.368070960044860840e-01
4.589800536632537842e-01
4.900221824645996094e-01
4.900221824645996094e-01
4.988913536071777344e-01
5.011086463928222656e-01
5.144124031066894531e-01
5.188469886779785156e-01
5.321508049964904785e-01
5.476718544960021973e-01
5.587583184242248535e-01
5.676274895668029785e-01
5.742793679237365723e-01
5.964523553848266602e-01
6.031042337417602539e-01
6.252771615982055664e-01
6.341463327407836914e-01
6.363636255264282227e-01
6.496673822402954102e-01
6.563193202018737793e-01
6.629711985588073730e-01
6.651884913444519043e-01
6.651884913444519043e-01
6.740576624870300293e-01
6.829268336296081543e-01
6.940132975578308105e-01
6.940132975578308105e-01
7.073170542716979980e-01
7.117516398429870605e-01
7.139689326286315918e-01
7.161862254142761230e-01
7.161862254142761230e-01
7.250554561614990234e-01
7.228381633758544922e-01
7.250554561614990234e-01
7.361419200897216797e-01
7.383592128753662109e-01
7.450110912322998047e-01
7.472283840179443359e-01
7.494456768035888672e-01
7.516629695892333984e-01
7.516629695892333984e-01
7.538802623748779297e-01
7.583148479461669922e-01
7.627494335174560547e-01
7.627494335174560547e-01
7.627494335174560547e-01
7.671840190887451172e-01
7.738358974456787109e-01
7.738358974456787109e-01
7.760531902313232422e-01
7.760531902313232422e-01
7.738358974456787109e-01
7.782704830169677734e-01
7.782704830169677734e-01
7.827051281929016113e-01
7.804877758026123047e-01
7.804877758026123047e-01
7.827051281929016113e-01
7.827051281929016113e-01
7.871397137641906738e-01
7.893570065498352051e-01
7.893570065498352051e-01
7.893570065498352051e-01
7.893570065498352051e-01
7.893570065498352051e-01
7.893570065498352051e-01
7.871397137641906738e-01
7.871397137641906738e-01
7.893570065498352051e-01
7.893570065498352051e-01
7.915742993354797363e-01
7.915742993354797363e-01
7.937915921211242676e-01
7.937915921211242676e-01
7.982261776924133301e-01
7.982261776924133301e-01
7.982261776924133301e-01
8.004434704780578613e-01
8.004434704780578613e-01
8.004434704780578613e-01
8.004434704780578613e-01
8.004434704780578613e-01
8.004434704780578613e-01
8.004434704780578613e-01
8.004434704780578613e-01
7.982261776924133301e-01
7.982261776924133301e-01
8.004434704780578613e-01
8.004434704780578613e-01
8.026607632637023926e-01
8.026607632637023926e-01
8.048780560493469238e-01
8.070953488349914551e-01
8.070953488349914551e-01
8.070953488349914551e-01
8.070953488349914551e-01
8.093126416206359863e-01
8.115299344062805176e-01
8.115299344062805176e-01
8.115299344062805176e-01
8.115299344062805176e-01
8.137472271919250488e-01
8.137472271919250488e-01
8.137472271919250488e-01
8.137472271919250488e-01
8.137472271919250488e-01
8.137472271919250488e-01
8.159645199775695801e-01
8.181818127632141113e-01
8.181818127632141113e-01
8.181818127632141113e-01
8.181818127632141113e-01
8.181818127632141113e-01
8.181818127632141113e-01
8.159645199775695801e-01
8.159645199775695801e-01
8.137472271919250488e-01
8.159645199775695801e-01
8.181818127632141113e-01
8.181818127632141113e-01
8.203991055488586426e-01
8.203991055488586426e-01
8.226163983345031738e-01
8.248336911201477051e-01
8.248336911201477051e-01
8.248336911201477051e-01
8.270509839057922363e-01
8.270509839057922363e-01
8.270509839057922363e-01
8.270509839057922363e-01
8.270509839057922363e-01
8.270509839057922363e-01
8.270509839057922363e-01
8.270509839057922363e-01
8.292682766914367676e-01
8.292682766914367676e-01
8.292682766914367676e-01
8.292682766914367676e-01
8.292682766914367676e-01
8.292682766914367676e-01
8.292682766914367676e-01
8.292682766914367676e-01
8.292682766914367676e-01
8.292682766914367676e-01
8.292682766914367676e-01
8.292682766914367676e-01
8.337028622627258301e-01
8.337028622627258301e-01
8.337028622627258301e-01
8.359201550483703613e-01
8.381374478340148926e-01
8.381374478340148926e-01
8.381374478340148926e-01
8.381374478340148926e-01
8.403547406196594238e-01
8.403547406196594238e-01
8.403547406196594238e-01
8.403547406196594238e-01
8.403547406196594238e-01
8.403547406196594238e-01
8.403547406196594238e-01
8.403547406196594238e-01
8.403547406196594238e-01
8.403547406196594238e-01
8.403547406196594238e-01
8.403547406196594238e-01
8.403547406196594238e-01
8.403547406196594238e-01
8.381374478340148926e-01
8.381374478340148926e-01
8.381374478340148926e-01
8.381374478340148926e-01
8.381374478340148926e-01
8.381374478340148926e-01
8.403547406196594238e-01
8.403547406196594238e-01
8.403547406196594238e-01
8.403547406196594238e-01
8.403547406196594238e-01
8.403547406196594238e-01
8.403547406196594238e-01
8.403547406196594238e-01
8.403547406196594238e-01
8.381374478340148926e-01
8.381374478340148926e-01
8.381374478340148926e-01
8.381374478340148926e-01
8.381374478340148926e-01
8.381374478340148926e-01
8.359201550483703613e-01
8.381374478340148926e-01
8.381374478340148926e-01
8.381374478340148926e-01
8.381374478340148926e-01
8.381374478340148926e-01
8.381374478340148926e-01
8.381374478340148926e-01
8.381374478340148926e-01
8.381374478340148926e-01
8.381374478340148926e-01
8.381374478340148926e-01
8.381374478340148926e-01
8.381374478340148926e-01
8.381374478340148926e-01
8.381374478340148926e-01
8.381374478340148926e-01
8.381374478340148926e-01
8.381374478340148926e-01
8.381374478340148926e-01
8.381374478340148926e-01
8.381374478340148926e-01
8.381374478340148926e-01
8.381374478340148926e-01
8.381374478340148926e-01
8.381374478340148926e-01
8.403547406196594238e-01
8.403547406196594238e-01
8.403547406196594238e-01
8.403547406196594238e-01
8.403547406196594238e-01
8.403547406196594238e-01
8.403547406196594238e-01
8.403547406196594238e-01
8.425720334053039551e-01
8.425720334053039551e-01
8.425720334053039551e-01
8.425720334053039551e-01
8.425720334053039551e-01
8.425720334053039551e-01
8.425720334053039551e-01
8.425720334053039551e-01
8.425720334053039551e-01
8.425720334053039551e-01
8.425720334053039551e-01
8.425720334053039551e-01
8.425720334053039551e-01
8.425720334053039551e-01
8.425720334053039551e-01
8.425720334053039551e-01
8.425720334053039551e-01
8.425720334053039551e-01
8.425720334053039551e-01
8.403547406196594238e-01
8.403547406196594238e-01
8.403547406196594238e-01
8.403547406196594238e-01
8.403547406196594238e-01
8.403547406196594238e-01
8.403547406196594238e-01
8.425720334053039551e-01
8.403547406196594238e-01
8.403547406196594238e-01
8.403547406196594238e-01
8.403547406196594238e-01
8.403547406196594238e-01
8.403547406196594238e-01
8.403547406196594238e-01
8.403547406196594238e-01
8.403547406196594238e-01
8.403547406196594238e-01
8.403547406196594238e-01
8.403547406196594238e-01
8.403547406196594238e-01
8.381374478340148926e-01
8.381374478340148926e-01
8.381374478340148926e-01
8.381374478340148926e-01
8.381374478340148926e-01
8.381374478340148926e-01
8.381374478340148926e-01
8.381374478340148926e-01
8.381374478340148926e-01
8.381374478340148926e-01
8.381374478340148926e-01
8.403547406196594238e-01
8.403547406196594238e-01
8.403547406196594238e-01
8.403547406196594238e-01
8.403547406196594238e-01
8.403547406196594238e-01
8.403547406196594238e-01
8.403547406196594238e-01
8.403547406196594238e-01
8.403547406196594238e-01
8.403547406196594238e-01
8.403547406196594238e-01
8.403547406196594238e-01
8.403547406196594238e-01
8.403547406196594238e-01
8.403547406196594238e-01
8.403547406196594238e-01
8.403547406196594238e-01
8.403547406196594238e-01
8.403547406196594238e-01
8.403547406196594238e-01
8.403547406196594238e-01
8.403547406196594238e-01
8.403547406196594238e-01
8.403547406196594238e-01
8.403547406196594238e-01
8.403547406196594238e-01
8.403547406196594238e-01
8.403547406196594238e-01
8.403547406196594238e-01
8.403547406196594238e-01
8.403547406196594238e-01
8.403547406196594238e-01
8.403547406196594238e-01
8.403547406196594238e-01
8.403547406196594238e-01
8.403547406196594238e-01
8.403547406196594238e-01
8.403547406196594238e-01
8.403547406196594238e-01
8.403547406196594238e-01
8.403547406196594238e-01
8.403547406196594238e-01
8.425720334053039551e-01
8.403547406196594238e-01
8.403547406196594238e-01
8.425720334053039551e-01
8.447893857955932617e-01
8.470066785812377930e-01
8.470066785812377930e-01
8.470066785812377930e-01
8.470066785812377930e-01
8.470066785812377930e-01
8.470066785812377930e-01
8.470066785812377930e-01
8.470066785812377930e-01
8.470066785812377930e-01
8.470066785812377930e-01
8.492239713668823242e-01
8.492239713668823242e-01
8.492239713668823242e-01
8.492239713668823242e-01
8.492239713668823242e-01
8.492239713668823242e-01
8.492239713668823242e-01
8.492239713668823242e-01
8.492239713668823242e-01
8.492239713668823242e-01
8.492239713668823242e-01
8.492239713668823242e-01
8.492239713668823242e-01
8.492239713668823242e-01
8.514412641525268555e-01
8.514412641525268555e-01
8.514412641525268555e-01
8.514412641525268555e-01
8.492239713668823242e-01
8.492239713668823242e-01
8.492239713668823242e-01
8.492239713668823242e-01
8.492239713668823242e-01
8.492239713668823242e-01
8.492239713668823242e-01
8.514412641525268555e-01
8.514412641525268555e-01
8.514412641525268555e-01
8.514412641525268555e-01
8.514412641525268555e-01
8.514412641525268555e-01
8.514412641525268555e-01
8.514412641525268555e-01
8.514412641525268555e-01
8.514412641525268555e-01
8.514412641525268555e-01
8.514412641525268555e-01
8.514412641525268555e-01
8.514412641525268555e-01
8.514412641525268555e-01
8.514412641525268555e-01
8.514412641525268555e-01
8.514412641525268555e-01
8.514412641525268555e-01
8.514412641525268555e-01
8.514412641525268555e-01
8.514412641525268555e-01
8.514412641525268555e-01
8.514412641525268555e-01
8.514412641525268555e-01
8.514412641525268555e-01
8.514412641525268555e-01
8.514412641525268555e-01
8.514412641525268555e-01
8.514412641525268555e-01
8.514412641525268555e-01
8.492239713668823242e-01
8.492239713668823242e-01
8.492239713668823242e-01
8.492239713668823242e-01
8.492239713668823242e-01
8.492239713668823242e-01
8.492239713668823242e-01
8.492239713668823242e-01
8.492239713668823242e-01
8.492239713668823242e-01
8.492239713668823242e-01
8.492239713668823242e-01
8.492239713668823242e-01
8.492239713668823242e-01
8.492239713668823242e-01
8.492239713668823242e-01
8.492239713668823242e-01
8.492239713668823242e-01
8.492239713668823242e-01
8.492239713668823242e-01
8.492239713668823242e-01
8.492239713668823242e-01
8.492239713668823242e-01
8.492239713668823242e-01
8.492239713668823242e-01
8.492239713668823242e-01
8.492239713668823242e-01
8.492239713668823242e-01
8.492239713668823242e-01
8.492239713668823242e-01
8.492239713668823242e-01
8.492239713668823242e-01
8.492239713668823242e-01
8.492239713668823242e-01
8.492239713668823242e-01
8.492239713668823242e-01
8.492239713668823242e-01
8.492239713668823242e-01
8.492239713668823242e-01
8.492239713668823242e-01
8.492239713668823242e-01
8.492239713668823242e-01
8.492239713668823242e-01
8.492239713668823242e-01
8.514412641525268555e-01
8.514412641525268555e-01
8.514412641525268555e-01
8.514412641525268555e-01
8.514412641525268555e-01
8.514412641525268555e-01
8.514412641525268555e-01
8.514412641525268555e-01
8.514412641525268555e-01
8.514412641525268555e-01
8.514412641525268555e-01
8.514412641525268555e-01
8.514412641525268555e-01
8.514412641525268555e-01
8.514412641525268555e-01
8.514412641525268555e-01
8.514412641525268555e-01
8.536585569381713867e-01
8.536585569381713867e-01
8.536585569381713867e-01
8.536585569381713867e-01
8.536585569381713867e-01
8.536585569381713867e-01
8.536585569381713867e-01
8.536585569381713867e-01
8.536585569381713867e-01
8.536585569381713867e-01
8.536585569381713867e-01
8.536585569381713867e-01
8.536585569381713867e-01
8.536585569381713867e-01
8.536585569381713867e-01
8.536585569381713867e-01
8.536585569381713867e-01
8.536585569381713867e-01
8.536585569381713867e-01
8.536585569381713867e-01
8.558758497238159180e-01
8.558758497238159180e-01
8.558758497238159180e-01
8.580931425094604492e-01
8.580931425094604492e-01
8.580931425094604492e-01
8.580931425094604492e-01
8.580931425094604492e-01
8.580931425094604492e-01
8.580931425094604492e-01
8.580931425094604492e-01
8.580931425094604492e-01
8.580931425094604492e-01
8.580931425094604492e-01
8.580931425094604492e-01
8.603104352951049805e-01
8.603104352951049805e-01
8.603104352951049805e-01
8.603104352951049805e-01
8.603104352951049805e-01
8.603104352951049805e-01
8.603104352951049805e-01
