2.010889202356338501e-01
1.958564370870590210e-01
1.912818253040313721e-01
1.870030462741851807e-01
1.828057169914245605e-01
1.785212308168411255e-01
1.741690784692764282e-01
1.699163466691970825e-01
1.659189909696578979e-01
1.622221022844314575e-01
1.587796211242675781e-01
1.555113792419433594e-01
1.523392945528030396e-01
1.492028683423995972e-01
1.460657715797424316e-01
1.429155468940734863e-01
1.397593915462493896e-01
1.366183012723922729e-01
1.335180401802062988e-01
1.304853558540344238e-01
1.275458186864852905e-01
1.247235760092735291e-01
1.220397353172302246e-01
1.195102185010910034e-01
1.171444058418273926e-01
1.149450317025184631e-01
1.129086464643478394e-01
1.110275909304618835e-01
1.092908009886741638e-01
1.076859235763549805e-01
1.062002927064895630e-01
1.048217713832855225e-01
1.035392731428146362e-01
1.023425385355949402e-01
1.012227386236190796e-01
1.001716405153274536e-01
9.918227046728134155e-02
9.824834018945693970e-02
9.736427664756774902e-02
9.652519971132278442e-02
9.572707861661911011e-02
9.496656060218811035e-02
9.424078464508056641e-02
9.354719519615173340e-02
9.288399666547775269e-02
9.224909543991088867e-02
9.164095669984817505e-02
9.105750173330307007e-02
9.049726277589797974e-02
8.995839208364486694e-02
8.943950384855270386e-02
8.893898874521255493e-02
8.845562487840652466e-02
8.798800408840179443e-02
8.753511309623718262e-02
8.709606528282165527e-02
8.666972815990447998e-02
8.625520765781402588e-02
8.585183322429656982e-02
8.545906096696853638e-02
8.507601171731948853e-02
8.470216393470764160e-02
8.433715999126434326e-02
8.398041129112243652e-02
8.363144844770431519e-02
8.328995853662490845e-02
8.295560628175735474e-02
8.262804895639419556e-02
8.230698108673095703e-02
8.199216425418853760e-02
8.168331533670425415e-02
8.138027042150497437e-02
8.108275383710861206e-02
8.079068362712860107e-02
8.050373941659927368e-02
8.022189885377883911e-02
7.994494587182998657e-02
7.967280596494674683e-02
7.940522581338882446e-02
7.914214581251144409e-02
7.888357341289520264e-02
7.862921059131622314e-02
7.837913185358047485e-02
7.813310623168945312e-02
7.789104431867599487e-02
7.765297591686248779e-02
7.741878926753997803e-02
7.718837261199951172e-02
7.696159183979034424e-02
7.673843950033187866e-02
7.651888579130172729e-02
7.630280405282974243e-02
7.609005272388458252e-02
7.588063180446624756e-02
7.567439973354339600e-02
7.547123730182647705e-02
7.527096569538116455e-02
7.507357746362686157e-02
7.487882673740386963e-02
7.468650490045547485e-02
7.449635118246078491e-02
7.430807501077651978e-02
7.412143796682357788e-02
7.393590360879898071e-02
7.375118136405944824e-02
7.356674969196319580e-02
7.338226586580276489e-02
7.319722324609756470e-02
7.301141321659088135e-02
7.282459735870361328e-02
7.263675332069396973e-02
7.244791090488433838e-02
7.225830107927322388e-02
7.206825911998748779e-02
7.187826186418533325e-02
7.168864458799362183e-02
7.149974256753921509e-02
7.131205499172210693e-02
7.112583518028259277e-02
7.094141840934753418e-02
7.075891643762588501e-02
7.057847082614898682e-02
7.040023058652877808e-02
7.022414356470108032e-02
7.005024701356887817e-02
6.987860053777694702e-02
6.970901042222976685e-02
6.954137235879898071e-02
6.937570124864578247e-02
6.921184062957763672e-02
6.904966384172439575e-02
6.888904422521591187e-02
6.872992962598800659e-02
6.857211142778396606e-02
6.841566413640975952e-02
6.826043874025344849e-02
6.810636818408966064e-02
6.795334815979003906e-02
6.780145317316055298e-02
6.765058636665344238e-02
6.750074774026870728e-02
6.735198199748992920e-02
6.720424443483352661e-02
6.705760210752487183e-02
6.691206246614456177e-02
6.676761806011199951e-02
6.662445515394210815e-02
6.648246943950653076e-02
6.634176522493362427e-02
6.620243191719055176e-02
6.606440991163253784e-02
6.592782586812973022e-02
6.579268723726272583e-02
6.565909087657928467e-02
6.552693992853164673e-02
6.539636105298995972e-02
6.526736915111541748e-02
6.513996422290802002e-02
6.501411646604537964e-02
6.488990783691406250e-02
6.476733088493347168e-02
6.464628875255584717e-02
6.452689319849014282e-02
6.440917402505874634e-02
6.429295986890792847e-02
6.417836993932723999e-02
6.406535208225250244e-02
6.395386904478073120e-02
6.384385377168655396e-02
6.373544782400131226e-02
6.362850964069366455e-02
6.352302432060241699e-02
6.341898441314697266e-02
6.331638991832733154e-02
6.321517378091812134e-02
6.311530619859695435e-02
6.301677972078323364e-02
6.291959434747695923e-02
6.282370537519454956e-02
6.272910535335540771e-02
6.263571977615356445e-02
6.254354864358901978e-02
6.245253607630729675e-02
6.236272677779197693e-02
6.227399036288261414e-02
6.218640878796577454e-02
6.209987401962280273e-02
6.201441213488578796e-02
6.192994117736816406e-02
6.184649839997291565e-02
6.176403164863586426e-02
6.168254837393760681e-02
6.160191074013710022e-02
6.152220442891120911e-02
6.144339963793754578e-02
6.136541813611984253e-02
6.128828227519989014e-02
6.121191754937171936e-02
6.113636866211891174e-02
6.106159090995788574e-02
6.098753586411476135e-02
6.091422215104103088e-02
6.084160506725311279e-02
6.076967716217041016e-02
6.069839000701904297e-02
6.062774360179901123e-02
6.055768579244613647e-02
6.048826500773429871e-02
6.041941791772842407e-02
6.035114452242851257e-02
6.028341874480247498e-02
6.021620705723762512e-02
6.014950945973396301e-02
6.008335202932357788e-02
6.001763790845870972e-02
5.995240062475204468e-02
5.988762155175209045e-02
5.982330441474914551e-02
5.975938960909843445e-02
5.969589576125144958e-02
5.963279306888580322e-02
5.957007408142089844e-02
5.950772389769554138e-02
5.944578349590301514e-02
5.938412994146347046e-02
5.932284891605377197e-02
5.926190689206123352e-02
5.920126289129257202e-02
5.914096534252166748e-02
5.908095464110374451e-02
5.902122706174850464e-02
5.896173790097236633e-02
5.890255421400070190e-02
5.884369462728500366e-02
5.878501385450363159e-02
5.872662737965583801e-02
5.866849049925804138e-02
5.861055105924606323e-02
5.855285003781318665e-02
5.849537998437881470e-02
5.843814089894294739e-02
5.838107690215110779e-02
5.832425132393836975e-02
5.826759338378906250e-02
5.821117386221885681e-02
5.815489217638969421e-02
5.809884518384933472e-02
5.804296582937240601e-02
5.798720940947532654e-02
5.793169140815734863e-02
5.787629634141921997e-02
5.782108381390571594e-02
5.776602402329444885e-02
5.771109834313392639e-02
5.765634030103683472e-02
5.760172009468078613e-02
5.754723772406578064e-02
5.749292671680450439e-02
5.743874609470367432e-02
5.738470330834388733e-02
5.733077228069305420e-02
5.727697908878326416e-02
5.722330883145332336e-02
5.716976523399353027e-02
5.711637064814567566e-02
5.706306546926498413e-02
5.700990185141563416e-02
5.695679411292076111e-02
5.690386146306991577e-02
5.685100331902503967e-02
5.679827928543090820e-02
5.674562603235244751e-02
5.669306963682174683e-02
5.664062872529029846e-02
5.658829584717750549e-02
5.653605237603187561e-02
5.648389831185340881e-02
5.643185228109359741e-02
5.637986958026885986e-02
5.632795765995979309e-02
5.627620965242385864e-02
5.622451379895210266e-02
5.617291107773780823e-02
5.612134560942649841e-02
5.606987699866294861e-02
5.601849034428596497e-02
5.596720054745674133e-02
5.591595917940139771e-02
5.586481466889381409e-02
5.581368878483772278e-02
5.576267093420028687e-02
5.571172386407852173e-02
5.566083639860153198e-02
5.561002343893051147e-02
5.555928498506546021e-02
5.550856888294219971e-02
5.545790493488311768e-02
5.540738254785537720e-02
5.535685271024703979e-02
5.530636385083198547e-02
5.525597557425498962e-02
5.520560592412948608e-02
5.515526980161666870e-02
5.510504543781280518e-02
5.505482852458953857e-02
5.500465631484985352e-02
5.495452508330345154e-02
5.490447208285331726e-02
5.485441908240318298e-02
5.480446666479110718e-02
5.475452914834022522e-02
5.470462143421173096e-02
5.465473979711532593e-02
5.460492148995399475e-02
5.455510690808296204e-02
5.450538918375968933e-02
5.445564910769462585e-02
5.440593883395195007e-02
5.435626953840255737e-02
5.430662631988525391e-02
5.425700545310974121e-02
5.420741811394691467e-02
5.415787175297737122e-02
5.410833284258842468e-02
5.405879765748977661e-02
5.400929600000381470e-02
5.395989492535591125e-02
5.391041561961174011e-02
5.386103317141532898e-02
5.381159484386444092e-02
5.376221984624862671e-02
5.371281877160072327e-02
5.366349220275878906e-02
5.361412838101387024e-02
5.356483533978462219e-02
5.351550877094268799e-02
5.346623435616493225e-02
5.341693758964538574e-02
5.336764827370643616e-02
5.331839248538017273e-02
5.326911062002182007e-02
5.321986973285675049e-02
5.317060649394989014e-02
5.312142148613929749e-02
5.307219177484512329e-02
5.302295461297035217e-02
5.297370627522468567e-02
5.292452499270439148e-02
5.287532880902290344e-02
5.282612144947052002e-02
5.277692154049873352e-02
5.272771045565605164e-02
5.267852544784545898e-02
5.262932181358337402e-02
5.258012562990188599e-02
5.253088474273681641e-02
5.248172208666801453e-02
5.243251472711563110e-02
5.238331109285354614e-02
5.233410000801086426e-02
5.228487774729728699e-02
5.223568901419639587e-02
5.218647047877311707e-02
5.213722586631774902e-02
5.208798497915267944e-02
5.203875154256820679e-02
5.198953673243522644e-02
5.194027349352836609e-02
5.189100280404090881e-02
5.184174329042434692e-02
5.179246515035629272e-02
5.174319073557853699e-02
5.169389396905899048e-02
5.164459720253944397e-02
5.159527063369750977e-02
5.154596269130706787e-02
5.149663984775543213e-02
5.144727975130081177e-02
5.139794945716857910e-02
5.134858191013336182e-02
5.129919201135635376e-02
5.124980583786964417e-02
5.120038613677024841e-02
5.115096271038055420e-02
5.110151693224906921e-02
5.105208978056907654e-02
5.100265517830848694e-02
5.095319077372550964e-02
5.090369284152984619e-02
5.085417628288269043e-02
5.080466344952583313e-02
5.075516179203987122e-02
5.070558935403823853e-02
5.065602064132690430e-02
5.060642585158348083e-02
5.055681243538856506e-02
5.050722137093544006e-02
5.045758187770843506e-02
5.040791258215904236e-02
5.035825446248054504e-02
5.030854046344757080e-02
5.025883764028549194e-02
5.020910128951072693e-02
5.015935748815536499e-02
5.010958388447761536e-02
5.005976930260658264e-02
5.000996962189674377e-02
4.996014386415481567e-02
4.991030693054199219e-02
4.986043274402618408e-02
4.981059208512306213e-02
4.976066201925277710e-02
4.971072822809219360e-02
4.966076463460922241e-02
4.961080476641654968e-02
4.956078901886940002e-02
4.951076209545135498e-02
4.946076124906539917e-02
4.941070452332496643e-02
4.936061799526214600e-02
4.931052774190902710e-02
4.926040768623352051e-02
4.921025037765502930e-02
4.916008934378623962e-02
4.910994321107864380e-02
4.905972257256507874e-02
4.900951683521270752e-02
4.895926266908645630e-02
4.890904575586318970e-02
4.885873198509216309e-02
4.880848154425621033e-02
4.875817522406578064e-02
4.870783910155296326e-02
4.865752160549163818e-02
4.860715195536613464e-02
4.855683073401451111e-02
4.850649088621139526e-02
4.845611006021499634e-02
4.840569943189620972e-02
4.835532605648040771e-02
4.830488935112953186e-02
4.825453460216522217e-02
4.820413142442703247e-02
4.815372824668884277e-02
4.810332879424095154e-02
4.805295541882514954e-02
4.800254479050636292e-02
4.795216023921966553e-02
4.790181294083595276e-02
4.785147681832313538e-02
4.780113697052001953e-02
4.775078967213630676e-02
4.770046845078468323e-02
4.765017703175544739e-02
4.759992659091949463e-02
4.754972085356712341e-02
4.749949276447296143e-02
4.744932428002357483e-02
4.739918559789657593e-02
4.734909161925315857e-02
4.729902744293212891e-02
4.724902659654617310e-02
4.719906300306320190e-02
4.714914038777351379e-02
4.709924757480621338e-02
4.704945161938667297e-02
4.699969291687011719e-02
4.694998264312744141e-02
4.690035432577133179e-02
4.685077816247940063e-02
4.680129513144493103e-02
4.675180092453956604e-02
4.670247435569763184e-02
4.665315151214599609e-02
4.660391807556152344e-02
4.655477404594421387e-02
4.650571942329406738e-02
4.645673930644989014e-02
4.640779271721839905e-02
4.635900259017944336e-02
4.631028696894645691e-02
4.626159742474555969e-02
4.621306806802749634e-02
4.616458341479301453e-02
4.611616581678390503e-02
4.606791958212852478e-02
4.601970687508583069e-02
4.597160220146179199e-02
4.592358693480491638e-02
4.587567970156669617e-02
4.582789540290832520e-02
4.578015580773353577e-02
4.573253914713859558e-02
4.568500816822052002e-02
4.563759267330169678e-02
4.559028521180152893e-02
4.554307460784912109e-02
4.549596458673477173e-02
4.544892907142639160e-02
4.540200904011726379e-02
