1.933379769325256348e-01
1.931454241275787354e-01
1.929553151130676270e-01
1.927704066038131714e-01
1.925908178091049194e-01
1.924162060022354126e-01
1.922463178634643555e-01
1.920807361602783203e-01
1.919189840555191040e-01
1.917603462934494019e-01
1.916042268276214600e-01
1.914497613906860352e-01
1.912957727909088135e-01
1.911411285400390625e-01
1.909842193126678467e-01
1.908230930566787720e-01
1.906553059816360474e-01
1.904778629541397095e-01
1.902867108583450317e-01
1.900764405727386475e-01
1.898401677608489990e-01
1.895682960748672485e-01
1.892479658126831055e-01
1.888617277145385742e-01
1.883856058120727539e-01
1.877877414226531982e-01
1.870265156030654907e-01
1.860529780387878418e-01
1.848194897174835205e-01
1.833037436008453369e-01
1.815459281206130981e-01
1.796732842922210693e-01
1.778634488582611084e-01
1.762536764144897461e-01
1.748844087123870850e-01
1.737223267555236816e-01
1.727095842361450195e-01
1.717949807643890381e-01
1.709417104721069336e-01
1.701250970363616943e-01
1.693287044763565063e-01
1.685406267642974854e-01
1.677520722150802612e-01
1.669554561376571655e-01
1.661438494920730591e-01
1.653102934360504150e-01
1.644468605518341064e-01
1.635449230670928955e-01
1.625970453023910522e-01
1.616013050079345703e-01
1.605655252933502197e-01
1.595091372728347778e-01
1.584607362747192383e-01
1.574523001909255981e-01
1.565132141113281250e-01
1.556651592254638672e-01
1.549181491136550903e-01
1.542679369449615479e-01
1.536941826343536377e-01
1.531611979007720947e-01
1.526224613189697266e-01
1.520273685455322266e-01
1.513298153877258301e-01
1.504978239536285400e-01
1.495228260755538940e-01
1.484183073043823242e-01
1.472095698118209839e-01
1.459240317344665527e-01
1.445926576852798462e-01
1.432569175958633423e-01
1.419599056243896484e-01
1.407264918088912964e-01
1.395538896322250366e-01
1.384187936782836914e-01
1.372891962528228760e-01
1.361327767372131348e-01
1.349249035120010376e-01
1.336573064327239990e-01
1.323412358760833740e-01
1.310010701417922974e-01
1.296608299016952515e-01
1.283315569162368774e-01
1.270140111446380615e-01
1.256934553384780884e-01
1.243165880441665649e-01
1.229465901851654053e-01
1.217420175671577454e-01
1.208914592862129211e-01
1.204237416386604309e-01
1.202401295304298401e-01
1.201344728469848633e-01
1.199943944811820984e-01
1.196819990873336792e-01
1.190560162067413330e-01
1.182893589138984680e-01
1.177732869982719421e-01
1.173301115632057190e-01
1.162231042981147766e-01
1.141230985522270203e-01
1.111792698502540588e-01
1.076980754733085632e-01
1.040704771876335144e-01
1.005753204226493835e-01
9.731672704219818115e-02
9.434656053781509399e-02
9.172567725181579590e-02
8.947286009788513184e-02
8.755497634410858154e-02
8.592433482408523560e-02
8.454271405935287476e-02
8.337955921888351440e-02
8.239138126373291016e-02
8.152844756841659546e-02
8.075051754713058472e-02
8.003634959459304810e-02
7.937409728765487671e-02
7.874015718698501587e-02
7.810296118259429932e-02
7.743872702121734619e-02
7.673352211713790894e-02
7.597991079092025757e-02
7.517888396978378296e-02
7.434354722499847412e-02
7.349491119384765625e-02
7.265790551900863647e-02
7.186547666788101196e-02
7.114999741315841675e-02
7.052677869796752930e-02
6.999386847019195557e-02
6.954106688499450684e-02
6.915719807147979736e-02
6.883132457733154297e-02
6.855294853448867798e-02
6.831283867359161377e-02
6.810494512319564819e-02
6.792514026165008545e-02
6.776791065931320190e-02
6.762925535440444946e-02
6.750784069299697876e-02
6.740565598011016846e-02
6.733001023530960083e-02
6.730385869741439819e-02
6.748580187559127808e-02
6.764993071556091309e-02
6.760131567716598511e-02
6.835805624723434448e-02
6.812940537929534912e-02
6.817196309566497803e-02
6.793354451656341553e-02
6.747591495513916016e-02
6.697954237461090088e-02
6.685275584459304810e-02
6.532353162765502930e-02
6.426928192377090454e-02
6.461020559072494507e-02
6.422953307628631592e-02
6.463383883237838745e-02
6.373702734708786011e-02
6.393514573574066162e-02
6.415567547082901001e-02
6.486336886882781982e-02
6.384065002202987671e-02
6.453556567430496216e-02
6.318937242031097412e-02
6.481894105672836304e-02
6.635454297065734863e-02
6.720807403326034546e-02
6.689239293336868286e-02
6.735283136367797852e-02
6.720052659511566162e-02
6.750999391078948975e-02
6.751109659671783447e-02
6.783880293369293213e-02
6.824222207069396973e-02
6.829972565174102783e-02
6.813166290521621704e-02
6.753881275653839111e-02
6.675805896520614624e-02
6.670691072940826416e-02
6.620836257934570312e-02
6.668151170015335083e-02
6.788887083530426025e-02
6.776905804872512817e-02
7.038719952106475830e-02
6.701950728893280029e-02
6.581149995326995850e-02
6.578229367733001709e-02
6.419729441404342651e-02
6.590566039085388184e-02
6.669149547815322876e-02
6.185290589928627014e-02
6.673530489206314087e-02
6.621877104043960571e-02
6.230023503303527832e-02
6.739277392625808716e-02
6.742291897535324097e-02
6.643767654895782471e-02
6.313716620206832886e-02
6.458467990159988403e-02
6.840579211711883545e-02
6.680799275636672974e-02
6.642272323369979858e-02
6.315547972917556763e-02
6.493952125310897827e-02
6.674616038799285889e-02
6.799204647541046143e-02
6.752122938632965088e-02
6.618878245353698730e-02
6.527628004550933838e-02
6.489107012748718262e-02
6.390764564275741577e-02
6.083254143595695496e-02
6.746228039264678955e-02
6.524045765399932861e-02
6.347411870956420898e-02
6.531213223934173584e-02
7.189981639385223389e-02
6.530295312404632568e-02
6.809177249670028687e-02
6.686571240425109863e-02
6.863427907228469849e-02
6.872326880693435669e-02
5.976060032844543457e-02
6.659317761659622192e-02
6.535493582487106323e-02
6.748060137033462524e-02
7.663445919752120972e-02
6.741932779550552368e-02
6.356008350849151611e-02
6.775917857885360718e-02
6.730940937995910645e-02
6.320315599441528320e-02
6.448513269424438477e-02
7.709607481956481934e-02
7.037348300218582153e-02
5.965334549546241760e-02
6.681039929389953613e-02
6.433472782373428345e-02
6.965787708759307861e-02
8.083447813987731934e-02
8.442664891481399536e-02
6.586261838674545288e-02
6.387256830930709839e-02
7.118193060159683228e-02
6.663075834512710571e-02
6.312518566846847534e-02
6.753206253051757812e-02
6.999879330396652222e-02
7.132522761821746826e-02
6.947766989469528198e-02
6.533373892307281494e-02
6.946085393428802490e-02
6.125162914395332336e-02
6.747251749038696289e-02
6.963636726140975952e-02
6.813352555036544800e-02
6.773295253515243530e-02
6.290441006422042847e-02
7.048404216766357422e-02
5.951057001948356628e-02
6.026226654648780823e-02
6.598591804504394531e-02
7.538034766912460327e-02
7.384932041168212891e-02
5.896700918674468994e-02
6.437075883150100708e-02
7.331741601228713989e-02
6.410107761621475220e-02
6.700418144464492798e-02
6.945586949586868286e-02
6.738601624965667725e-02
6.267829984426498413e-02
7.107086479663848877e-02
6.454728543758392334e-02
6.757600605487823486e-02
6.253968179225921631e-02
6.100312247872352600e-02
6.161966547369956970e-02
6.231927871704101562e-02
6.158268824219703674e-02
6.421600282192230225e-02
6.446627527475357056e-02
6.714916229248046875e-02
6.625204533338546753e-02
6.217892095446586609e-02
6.531098484992980957e-02
6.050045415759086609e-02
6.242514029145240784e-02
6.268572807312011719e-02
6.145450472831726074e-02
6.248554587364196777e-02
6.574153900146484375e-02
6.403061002492904663e-02
5.891047045588493347e-02
5.948203802108764648e-02
6.091088801622390747e-02
6.024545431137084961e-02
6.582661718130111694e-02
6.677962094545364380e-02
6.259883195161819458e-02
5.787459760904312134e-02
6.258894503116607666e-02
6.095837801694869995e-02
6.324756890535354614e-02
6.145042553544044495e-02
5.971679091453552246e-02
6.072863563895225525e-02
6.080157682299613953e-02
6.324798613786697388e-02
6.873923540115356445e-02
5.939266085624694824e-02
6.339090317487716675e-02
6.297423690557479858e-02
6.492635607719421387e-02
6.011438742280006409e-02
5.922982469201087952e-02
5.735192820429801941e-02
5.824722349643707275e-02
6.084638088941574097e-02
5.896707996726036072e-02
5.790624395012855530e-02
5.778277292847633362e-02
5.952902510762214661e-02
5.780975520610809326e-02
5.938199535012245178e-02
5.901534482836723328e-02
5.771792680025100708e-02
5.852701142430305481e-02
5.812074989080429077e-02
5.720036476850509644e-02
5.700126290321350098e-02
5.798765644431114197e-02
5.825695395469665527e-02
5.917227640748023987e-02
5.816392228007316589e-02
5.830688402056694031e-02
5.839605256915092468e-02
5.790270864963531494e-02
5.783203989267349243e-02
5.793238431215286255e-02
5.805122852325439453e-02
5.835343524813652039e-02
5.870840325951576233e-02
6.061179563403129578e-02
5.909923836588859558e-02
5.935857072472572327e-02
5.916392058134078979e-02
5.977719649672508240e-02
6.009728088974952698e-02
6.046755611896514893e-02
6.064042821526527405e-02
6.060731038451194763e-02
6.080208718776702881e-02
6.075864285230636597e-02
6.086792051792144775e-02
6.121693551540374756e-02
6.380766630172729492e-02
6.442246586084365845e-02
6.119690835475921631e-02
6.299290060997009277e-02
6.479499489068984985e-02
6.118392199277877808e-02
6.063058599829673767e-02
6.195484846830368042e-02
6.177961826324462891e-02
6.431349366903305054e-02
6.460548192262649536e-02
6.254895031452178955e-02
6.439509242773056030e-02
6.551092118024826050e-02
6.373779475688934326e-02
6.401193886995315552e-02
6.391657888889312744e-02
6.531886011362075806e-02
6.522288173437118530e-02
6.580778211355209351e-02
6.521722674369812012e-02
6.447625160217285156e-02
6.726374477148056030e-02
6.510452181100845337e-02
6.605885922908782959e-02
6.744946539402008057e-02
6.802363693714141846e-02
6.757241487503051758e-02
6.828606873750686646e-02
6.971956789493560791e-02
6.825059652328491211e-02
7.221678644418716431e-02
7.149842381477355957e-02
7.055486738681793213e-02
7.103212922811508179e-02
6.878520548343658447e-02
6.785691529512405396e-02
6.841827183961868286e-02
6.718763709068298340e-02
6.890400499105453491e-02
6.587707996368408203e-02
6.676662713289260864e-02
6.693702936172485352e-02
6.797198206186294556e-02
6.676118820905685425e-02
6.686716526746749878e-02
7.132294774055480957e-02
6.828194111585617065e-02
7.022608816623687744e-02
6.845090538263320923e-02
7.357712835073471069e-02
7.169983536005020142e-02
7.116432487964630127e-02
7.244391739368438721e-02
7.116629183292388916e-02
7.895403355360031128e-02
6.702198833227157593e-02
6.830863654613494873e-02
6.757164746522903442e-02
7.366678118705749512e-02
6.899473816156387329e-02
6.843075901269912720e-02
7.406380027532577515e-02
7.696278393268585205e-02
7.564538717269897461e-02
7.570698857307434082e-02
7.480104267597198486e-02
7.655368745326995850e-02
7.227575033903121948e-02
7.299584895372390747e-02
7.387837767601013184e-02
7.707744836807250977e-02
7.627351582050323486e-02
6.919850409030914307e-02
7.127349078655242920e-02
7.465886324644088745e-02
7.881953567266464233e-02
7.655525207519531250e-02
7.486113160848617554e-02
7.325906306505203247e-02
8.331406116485595703e-02
7.357257604598999023e-02
7.204767316579818726e-02
7.363108545541763306e-02
7.517749071121215820e-02
6.678392738103866577e-02
7.851245254278182983e-02
6.759570538997650146e-02
7.229169458150863647e-02
7.216782867908477783e-02
8.417079597711563110e-02
6.693196296691894531e-02
6.606527417898178101e-02
7.005501538515090942e-02
7.906822115182876587e-02
7.184106111526489258e-02
8.498535305261611938e-02
6.970038264989852905e-02
6.450352072715759277e-02
6.863943487405776978e-02
7.055138051509857178e-02
6.794983893632888794e-02
7.691218703985214233e-02
6.907901167869567871e-02
6.790260970592498779e-02
7.876003533601760864e-02
8.898767828941345215e-02
6.723643839359283447e-02
8.733069151639938354e-02
6.708507239818572998e-02
8.926540613174438477e-02
7.094836235046386719e-02
7.274953275918960571e-02
8.794493228197097778e-02
6.730300933122634888e-02
8.996631950139999390e-02
6.708735972642898560e-02
6.856451928615570068e-02
6.725861877202987671e-02
8.252651244401931763e-02
6.630050390958786011e-02
7.559596002101898193e-02
8.780920505523681641e-02
8.738084882497787476e-02
6.914349645376205444e-02
8.444640040397644043e-02
9.048026800155639648e-02
8.848501741886138916e-02
7.833165675401687622e-02
9.167341887950897217e-02
7.140371203422546387e-02
7.640694826841354370e-02
7.170130312442779541e-02
8.869597315788269043e-02
8.708146214485168457e-02
7.130016386508941650e-02
7.419481873512268066e-02
6.870886683464050293e-02
7.475908100605010986e-02
9.406328946352005005e-02
6.921865046024322510e-02
7.010857760906219482e-02
7.435928285121917725e-02
8.029732853174209595e-02
