2.300885021686553955e-01
2.300885021686553955e-01
2.300885021686553955e-01
2.300885021686553955e-01
2.300885021686553955e-01
2.300885021686553955e-01
2.300885021686553955e-01
2.300885021686553955e-01
2.300885021686553955e-01
2.300885021686553955e-01
2.300885021686553955e-01
2.300885021686553955e-01
2.300885021686553955e-01
2.300885021686553955e-01
2.300885021686553955e-01
2.300885021686553955e-01
2.300885021686553955e-01
2.300885021686553955e-01
2.300885021686553955e-01
2.300885021686553955e-01
2.300885021686553955e-01
2.300885021686553955e-01
2.300885021686553955e-01
2.300885021686553955e-01
2.300885021686553955e-01
2.654867172241210938e-01
3.097345232963562012e-01
3.185840845108032227e-01
3.362831771373748779e-01
3.451327383518218994e-01
3.362831771373748779e-01
3.274336159229278564e-01
3.362831771373748779e-01
3.185840845108032227e-01
3.185840845108032227e-01
3.185840845108032227e-01
3.274336159229278564e-01
3.362831771373748779e-01
3.628318607807159424e-01
3.716814219951629639e-01
3.805309832096099854e-01
3.805309832096099854e-01
3.805309832096099854e-01
3.893805444240570068e-01
3.982300758361816406e-01
4.247787594795227051e-01
4.247787594795227051e-01
4.336283206939697266e-01
4.690265357494354248e-01
4.690265357494354248e-01
4.690265357494354248e-01
4.867256581783294678e-01
5.044247508049011230e-01
5.044247508049011230e-01
5.132743120193481445e-01
5.221238732337951660e-01
5.221238732337951660e-01
5.221238732337951660e-01
5.132743120193481445e-01
5.132743120193481445e-01
5.309734344482421875e-01
5.398229956626892090e-01
5.398229956626892090e-01
5.398229956626892090e-01
5.398229956626892090e-01
5.309734344482421875e-01
5.221238732337951660e-01
5.309734344482421875e-01
5.398229956626892090e-01
5.486725568771362305e-01
5.486725568771362305e-01
5.486725568771362305e-01
5.486725568771362305e-01
5.398229956626892090e-01
5.486725568771362305e-01
5.575221180915832520e-01
5.575221180915832520e-01
5.575221180915832520e-01
5.575221180915832520e-01
5.575221180915832520e-01
5.840708017349243164e-01
5.929203629493713379e-01
5.929203629493713379e-01
6.017699241638183594e-01
5.929203629493713379e-01
5.840708017349243164e-01
6.194690465927124023e-01
6.106194853782653809e-01
6.017699241638183594e-01
6.194690465927124023e-01
6.017699241638183594e-01
5.929203629493713379e-01
6.106194853782653809e-01
6.194690465927124023e-01
6.194690465927124023e-01
6.460176706314086914e-01
6.283186078071594238e-01
6.283186078071594238e-01
6.283186078071594238e-01
6.371681690216064453e-01
6.902654767036437988e-01
6.902654767036437988e-01
6.991150379180908203e-01
7.345132827758789062e-01
7.256637215614318848e-01
7.433628439903259277e-01
7.699115276336669922e-01
7.610619664192199707e-01
7.610619664192199707e-01
7.787610888481140137e-01
7.787610888481140137e-01
7.787610888481140137e-01
7.876105904579162598e-01
7.876105904579162598e-01
7.876105904579162598e-01
7.964601516723632812e-01
7.964601516723632812e-01
7.964601516723632812e-01
7.876105904579162598e-01
7.876105904579162598e-01
7.876105904579162598e-01
7.876105904579162598e-01
7.876105904579162598e-01
7.876105904579162598e-01
7.787610888481140137e-01
7.876105904579162598e-01
7.876105904579162598e-01
7.876105904579162598e-01
7.787610888481140137e-01
7.964601516723632812e-01
7.964601516723632812e-01
7.787610888481140137e-01
7.787610888481140137e-01
7.787610888481140137e-01
7.787610888481140137e-01
7.787610888481140137e-01
7.787610888481140137e-01
7.876105904579162598e-01
7.876105904579162598e-01
7.787610888481140137e-01
7.699115276336669922e-01
7.787610888481140137e-01
7.787610888481140137e-01
7.876105904579162598e-01
7.964601516723632812e-01
7.876105904579162598e-01
7.876105904579162598e-01
7.876105904579162598e-01
8.053097128868103027e-01
8.053097128868103027e-01
8.053097128868103027e-01
7.964601516723632812e-01
7.876105904579162598e-01
8.053097128868103027e-01
8.141592741012573242e-01
8.053097128868103027e-01
8.141592741012573242e-01
8.141592741012573242e-01
8.141592741012573242e-01
8.141592741012573242e-01
8.053097128868103027e-01
8.053097128868103027e-01
8.053097128868103027e-01
8.141592741012573242e-01
8.053097128868103027e-01
7.964601516723632812e-01
7.876105904579162598e-01
7.964601516723632812e-01
7.876105904579162598e-01
7.876105904579162598e-01
7.876105904579162598e-01
7.876105904579162598e-01
7.876105904579162598e-01
7.876105904579162598e-01
7.876105904579162598e-01
7.876105904579162598e-01
7.876105904579162598e-01
7.964601516723632812e-01
7.876105904579162598e-01
8.053097128868103027e-01
7.964601516723632812e-01
7.876105904579162598e-01
7.964601516723632812e-01
7.699115276336669922e-01
7.964601516723632812e-01
7.964601516723632812e-01
7.964601516723632812e-01
8.053097128868103027e-01
7.964601516723632812e-01
7.876105904579162598e-01
7.964601516723632812e-01
7.876105904579162598e-01
7.876105904579162598e-01
8.053097128868103027e-01
7.876105904579162598e-01
7.964601516723632812e-01
7.876105904579162598e-01
7.964601516723632812e-01
7.964601516723632812e-01
7.964601516723632812e-01
7.964601516723632812e-01
7.964601516723632812e-01
8.053097128868103027e-01
7.876105904579162598e-01
7.964601516723632812e-01
7.876105904579162598e-01
7.876105904579162598e-01
7.964601516723632812e-01
7.876105904579162598e-01
8.053097128868103027e-01
7.964601516723632812e-01
8.053097128868103027e-01
7.876105904579162598e-01
8.141592741012573242e-01
8.141592741012573242e-01
7.876105904579162598e-01
7.876105904579162598e-01
8.053097128868103027e-01
7.876105904579162598e-01
8.053097128868103027e-01
7.876105904579162598e-01
7.964601516723632812e-01
8.318583965301513672e-01
8.053097128868103027e-01
8.141592741012573242e-01
8.053097128868103027e-01
7.876105904579162598e-01
7.876105904579162598e-01
8.141592741012573242e-01
7.964601516723632812e-01
7.964601516723632812e-01
8.230088353157043457e-01
8.141592741012573242e-01
7.787610888481140137e-01
8.053097128868103027e-01
8.230088353157043457e-01
8.141592741012573242e-01
8.230088353157043457e-01
7.964601516723632812e-01
7.787610888481140137e-01
7.610619664192199707e-01
8.141592741012573242e-01
8.318583965301513672e-01
7.964601516723632812e-01
8.141592741012573242e-01
8.230088353157043457e-01
8.141592741012573242e-01
8.053097128868103027e-01
7.787610888481140137e-01
8.053097128868103027e-01
8.141592741012573242e-01
8.053097128868103027e-01
8.318583965301513672e-01
8.230088353157043457e-01
8.230088353157043457e-01
8.230088353157043457e-01
8.053097128868103027e-01
8.230088353157043457e-01
8.053097128868103027e-01
8.230088353157043457e-01
8.407079577445983887e-01
8.141592741012573242e-01
7.699115276336669922e-01
7.699115276336669922e-01
8.495575189590454102e-01
8.318583965301513672e-01
7.876105904579162598e-01
8.141592741012573242e-01
8.053097128868103027e-01
7.699115276336669922e-01
8.141592741012573242e-01
8.230088353157043457e-01
7.964601516723632812e-01
8.230088353157043457e-01
7.964601516723632812e-01
8.230088353157043457e-01
8.141592741012573242e-01
8.053097128868103027e-01
8.053097128868103027e-01
8.230088353157043457e-01
8.141592741012573242e-01
8.141592741012573242e-01
8.053097128868103027e-01
8.053097128868103027e-01
8.141592741012573242e-01
8.230088353157043457e-01
8.141592741012573242e-01
8.318583965301513672e-01
8.141592741012573242e-01
8.407079577445983887e-01
8.141592741012573242e-01
8.230088353157043457e-01
8.053097128868103027e-01
8.141592741012573242e-01
8.318583965301513672e-01
8.230088353157043457e-01
8.495575189590454102e-01
8.230088353157043457e-01
8.141592741012573242e-01
8.407079577445983887e-01
8.230088353157043457e-01
8.230088353157043457e-01
8.318583965301513672e-01
8.230088353157043457e-01
8.053097128868103027e-01
8.141592741012573242e-01
8.318583965301513672e-01
8.318583965301513672e-01
8.318583965301513672e-01
8.053097128868103027e-01
8.407079577445983887e-01
8.141592741012573242e-01
8.318583965301513672e-01
8.141592741012573242e-01
8.230088353157043457e-01
8.407079577445983887e-01
8.230088353157043457e-01
8.318583965301513672e-01
8.318583965301513672e-01
8.318583965301513672e-01
8.407079577445983887e-01
8.407079577445983887e-01
8.318583965301513672e-01
8.230088353157043457e-01
8.230088353157043457e-01
7.876105904579162598e-01
8.053097128868103027e-01
8.407079577445983887e-01
8.318583965301513672e-01
8.407079577445983887e-01
8.407079577445983887e-01
8.407079577445983887e-01
8.407079577445983887e-01
8.407079577445983887e-01
8.318583965301513672e-01
8.407079577445983887e-01
8.495575189590454102e-01
8.407079577445983887e-01
8.407079577445983887e-01
8.407079577445983887e-01
8.407079577445983887e-01
8.318583965301513672e-01
8.230088353157043457e-01
8.230088353157043457e-01
8.141592741012573242e-01
8.053097128868103027e-01
7.964601516723632812e-01
8.053097128868103027e-01
8.141592741012573242e-01
8.053097128868103027e-01
7.964601516723632812e-01
7.964601516723632812e-01
8.053097128868103027e-01
8.053097128868103027e-01
7.964601516723632812e-01
7.964601516723632812e-01
8.318583965301513672e-01
8.230088353157043457e-01
8.318583965301513672e-01
8.407079577445983887e-01
8.230088353157043457e-01
8.230088353157043457e-01
8.053097128868103027e-01
8.141592741012573242e-01
7.964601516723632812e-01
8.141592741012573242e-01
8.141592741012573242e-01
7.964601516723632812e-01
8.141592741012573242e-01
8.053097128868103027e-01
8.141592741012573242e-01
7.876105904579162598e-01
8.141592741012573242e-01
8.141592741012573242e-01
8.141592741012573242e-01
8.053097128868103027e-01
8.141592741012573242e-01
8.053097128868103027e-01
7.964601516723632812e-01
8.053097128868103027e-01
7.964601516723632812e-01
7.876105904579162598e-01
7.876105904579162598e-01
7.876105904579162598e-01
7.964601516723632812e-01
7.964601516723632812e-01
7.964601516723632812e-01
7.964601516723632812e-01
8.053097128868103027e-01
8.053097128868103027e-01
7.964601516723632812e-01
7.964601516723632812e-01
7.964601516723632812e-01
7.964601516723632812e-01
7.964601516723632812e-01
7.964601516723632812e-01
8.053097128868103027e-01
7.964601516723632812e-01
7.964601516723632812e-01
7.964601516723632812e-01
7.964601516723632812e-01
7.964601516723632812e-01
7.787610888481140137e-01
7.964601516723632812e-01
8.053097128868103027e-01
7.876105904579162598e-01
7.787610888481140137e-01
7.964601516723632812e-01
7.964601516723632812e-01
7.964601516723632812e-01
7.964601516723632812e-01
7.610619664192199707e-01
8.053097128868103027e-01
7.964601516723632812e-01
7.964601516723632812e-01
7.787610888481140137e-01
7.876105904579162598e-01
7.964601516723632812e-01
7.610619664192199707e-01
7.610619664192199707e-01
7.610619664192199707e-01
7.610619664192199707e-01
7.610619664192199707e-01
7.610619664192199707e-01
7.876105904579162598e-01
7.787610888481140137e-01
7.787610888481140137e-01
7.699115276336669922e-01
7.787610888481140137e-01
7.964601516723632812e-01
7.699115276336669922e-01
7.699115276336669922e-01
7.610619664192199707e-01
7.787610888481140137e-01
7.876105904579162598e-01
7.787610888481140137e-01
7.699115276336669922e-01
7.699115276336669922e-01
7.964601516723632812e-01
7.964601516723632812e-01
7.876105904579162598e-01
7.964601516723632812e-01
7.610619664192199707e-01
8.141592741012573242e-01
7.964601516723632812e-01
8.053097128868103027e-01
7.699115276336669922e-01
8.230088353157043457e-01
8.141592741012573242e-01
8.053097128868103027e-01
7.522124052047729492e-01
7.964601516723632812e-01
7.699115276336669922e-01
8.053097128868103027e-01
8.407079577445983887e-01
7.964601516723632812e-01
8.141592741012573242e-01
8.141592741012573242e-01
7.699115276336669922e-01
8.230088353157043457e-01
8.053097128868103027e-01
7.610619664192199707e-01
7.522124052047729492e-01
8.230088353157043457e-01
7.522124052047729492e-01
8.141592741012573242e-01
7.345132827758789062e-01
7.964601516723632812e-01
7.964601516723632812e-01
7.522124052047729492e-01
8.141592741012573242e-01
7.345132827758789062e-01
8.230088353157043457e-01
8.053097128868103027e-01
8.141592741012573242e-01
7.522124052047729492e-01
8.141592741012573242e-01
7.964601516723632812e-01
7.522124052047729492e-01
7.522124052047729492e-01
8.053097128868103027e-01
7.522124052047729492e-01
7.345132827758789062e-01
7.433628439903259277e-01
7.787610888481140137e-01
7.345132827758789062e-01
7.964601516723632812e-01
7.876105904579162598e-01
8.053097128868103027e-01
7.522124052047729492e-01
7.699115276336669922e-01
8.053097128868103027e-01
8.053097128868103027e-01
8.141592741012573242e-01
7.876105904579162598e-01
7.345132827758789062e-01
8.141592741012573242e-01
8.053097128868103027e-01
8.053097128868103027e-01
7.876105904579162598e-01
