2.300885021686553955e-01
2.300885021686553955e-01
2.300885021686553955e-01
2.300885021686553955e-01
2.389380484819412231e-01
2.743362784385681152e-01
3.097345232963562012e-01
3.539822995662689209e-01
3.893805444240570068e-01
3.982300758361816406e-01
4.424778819084167480e-01
4.690265357494354248e-01
4.955752193927764893e-01
5.309734344482421875e-01
5.752212405204772949e-01
5.752212405204772949e-01
5.752212405204772949e-01
5.840708017349243164e-01
5.840708017349243164e-01
5.929203629493713379e-01
6.106194853782653809e-01
6.283186078071594238e-01
6.283186078071594238e-01
6.283186078071594238e-01
6.371681690216064453e-01
6.371681690216064453e-01
6.460176706314086914e-01
6.637167930603027344e-01
6.725663542747497559e-01
6.725663542747497559e-01
6.814159154891967773e-01
6.814159154891967773e-01
6.902654767036437988e-01
6.902654767036437988e-01
7.079645991325378418e-01
7.079645991325378418e-01
7.079645991325378418e-01
7.256637215614318848e-01
7.256637215614318848e-01
7.256637215614318848e-01
7.256637215614318848e-01
7.256637215614318848e-01
7.168141603469848633e-01
7.168141603469848633e-01
7.079645991325378418e-01
7.168141603469848633e-01
7.168141603469848633e-01
7.168141603469848633e-01
7.168141603469848633e-01
7.345132827758789062e-01
7.433628439903259277e-01
7.433628439903259277e-01
7.433628439903259277e-01
7.522124052047729492e-01
7.522124052047729492e-01
7.522124052047729492e-01
7.522124052047729492e-01
7.522124052047729492e-01
7.522124052047729492e-01
7.522124052047729492e-01
7.522124052047729492e-01
7.433628439903259277e-01
7.345132827758789062e-01
7.345132827758789062e-01
7.345132827758789062e-01
7.345132827758789062e-01
7.433628439903259277e-01
7.433628439903259277e-01
7.433628439903259277e-01
7.433628439903259277e-01
7.433628439903259277e-01
7.433628439903259277e-01
7.433628439903259277e-01
7.433628439903259277e-01
7.433628439903259277e-01
7.433628439903259277e-01
7.433628439903259277e-01
7.433628439903259277e-01
7.433628439903259277e-01
7.522124052047729492e-01
7.610619664192199707e-01
7.610619664192199707e-01
7.699115276336669922e-01
7.699115276336669922e-01
7.522124052047729492e-01
7.522124052047729492e-01
7.522124052047729492e-01
7.522124052047729492e-01
7.522124052047729492e-01
7.522124052047729492e-01
7.522124052047729492e-01
7.522124052047729492e-01
7.522124052047729492e-01
7.522124052047729492e-01
7.610619664192199707e-01
7.787610888481140137e-01
7.787610888481140137e-01
7.876105904579162598e-01
7.876105904579162598e-01
7.876105904579162598e-01
7.876105904579162598e-01
7.876105904579162598e-01
7.964601516723632812e-01
7.964601516723632812e-01
7.964601516723632812e-01
7.964601516723632812e-01
7.964601516723632812e-01
7.964601516723632812e-01
7.964601516723632812e-01
8.053097128868103027e-01
8.053097128868103027e-01
8.053097128868103027e-01
8.053097128868103027e-01
7.964601516723632812e-01
7.964601516723632812e-01
7.964601516723632812e-01
7.964601516723632812e-01
7.964601516723632812e-01
7.964601516723632812e-01
7.964601516723632812e-01
7.964601516723632812e-01
7.964601516723632812e-01
7.964601516723632812e-01
7.964601516723632812e-01
7.964601516723632812e-01
7.964601516723632812e-01
7.964601516723632812e-01
7.964601516723632812e-01
7.964601516723632812e-01
7.964601516723632812e-01
7.964601516723632812e-01
7.964601516723632812e-01
7.964601516723632812e-01
7.964601516723632812e-01
7.964601516723632812e-01
7.964601516723632812e-01
7.964601516723632812e-01
7.964601516723632812e-01
7.964601516723632812e-01
7.964601516723632812e-01
7.964601516723632812e-01
7.964601516723632812e-01
7.964601516723632812e-01
7.964601516723632812e-01
7.964601516723632812e-01
7.964601516723632812e-01
7.964601516723632812e-01
7.964601516723632812e-01
7.964601516723632812e-01
7.964601516723632812e-01
7.964601516723632812e-01
7.964601516723632812e-01
7.964601516723632812e-01
7.964601516723632812e-01
7.964601516723632812e-01
8.053097128868103027e-01
8.053097128868103027e-01
8.053097128868103027e-01
8.053097128868103027e-01
8.053097128868103027e-01
8.053097128868103027e-01
8.053097128868103027e-01
8.053097128868103027e-01
8.053097128868103027e-01
8.053097128868103027e-01
7.964601516723632812e-01
7.964601516723632812e-01
7.964601516723632812e-01
7.964601516723632812e-01
7.964601516723632812e-01
7.964601516723632812e-01
7.964601516723632812e-01
7.964601516723632812e-01
7.964601516723632812e-01
7.964601516723632812e-01
7.964601516723632812e-01
7.964601516723632812e-01
7.964601516723632812e-01
7.964601516723632812e-01
7.964601516723632812e-01
7.964601516723632812e-01
7.964601516723632812e-01
7.964601516723632812e-01
7.964601516723632812e-01
7.964601516723632812e-01
7.876105904579162598e-01
7.876105904579162598e-01
7.876105904579162598e-01
7.876105904579162598e-01
7.876105904579162598e-01
7.876105904579162598e-01
7.876105904579162598e-01
7.876105904579162598e-01
7.876105904579162598e-01
7.876105904579162598e-01
7.876105904579162598e-01
7.876105904579162598e-01
7.876105904579162598e-01
7.876105904579162598e-01
7.876105904579162598e-01
7.876105904579162598e-01
7.876105904579162598e-01
7.876105904579162598e-01
7.876105904579162598e-01
7.964601516723632812e-01
7.964601516723632812e-01
7.964601516723632812e-01
7.964601516723632812e-01
7.964601516723632812e-01
7.876105904579162598e-01
7.876105904579162598e-01
7.876105904579162598e-01
7.876105904579162598e-01
7.876105904579162598e-01
7.876105904579162598e-01
7.876105904579162598e-01
7.876105904579162598e-01
7.876105904579162598e-01
7.876105904579162598e-01
7.876105904579162598e-01
7.964601516723632812e-01
7.964601516723632812e-01
7.964601516723632812e-01
7.876105904579162598e-01
7.876105904579162598e-01
7.876105904579162598e-01
7.876105904579162598e-01
7.964601516723632812e-01
7.964601516723632812e-01
7.964601516723632812e-01
7.964601516723632812e-01
7.964601516723632812e-01
7.964601516723632812e-01
7.964601516723632812e-01
7.964601516723632812e-01
7.964601516723632812e-01
7.964601516723632812e-01
7.964601516723632812e-01
7.964601516723632812e-01
7.964601516723632812e-01
7.964601516723632812e-01
7.964601516723632812e-01
7.964601516723632812e-01
7.964601516723632812e-01
7.964601516723632812e-01
7.964601516723632812e-01
7.964601516723632812e-01
7.964601516723632812e-01
7.964601516723632812e-01
7.964601516723632812e-01
7.964601516723632812e-01
7.964601516723632812e-01
7.964601516723632812e-01
7.964601516723632812e-01
7.964601516723632812e-01
7.964601516723632812e-01
7.964601516723632812e-01
7.876105904579162598e-01
7.876105904579162598e-01
7.876105904579162598e-01
7.876105904579162598e-01
7.964601516723632812e-01
7.964601516723632812e-01
7.964601516723632812e-01
7.964601516723632812e-01
7.964601516723632812e-01
7.964601516723632812e-01
7.964601516723632812e-01
7.964601516723632812e-01
7.964601516723632812e-01
7.964601516723632812e-01
7.964601516723632812e-01
7.964601516723632812e-01
7.964601516723632812e-01
7.964601516723632812e-01
7.964601516723632812e-01
7.964601516723632812e-01
7.964601516723632812e-01
7.964601516723632812e-01
7.964601516723632812e-01
7.964601516723632812e-01
7.964601516723632812e-01
7.964601516723632812e-01
7.964601516723632812e-01
7.964601516723632812e-01
7.964601516723632812e-01
7.964601516723632812e-01
7.964601516723632812e-01
7.964601516723632812e-01
7.964601516723632812e-01
7.964601516723632812e-01
7.964601516723632812e-01
7.964601516723632812e-01
7.964601516723632812e-01
7.964601516723632812e-01
7.964601516723632812e-01
7.964601516723632812e-01
7.964601516723632812e-01
7.964601516723632812e-01
7.964601516723632812e-01
7.964601516723632812e-01
7.964601516723632812e-01
7.964601516723632812e-01
7.964601516723632812e-01
7.964601516723632812e-01
7.964601516723632812e-01
7.964601516723632812e-01
7.964601516723632812e-01
7.964601516723632812e-01
7.964601516723632812e-01
7.876105904579162598e-01
7.876105904579162598e-01
7.876105904579162598e-01
7.876105904579162598e-01
7.876105904579162598e-01
7.876105904579162598e-01
7.876105904579162598e-01
7.876105904579162598e-01
7.876105904579162598e-01
7.876105904579162598e-01
7.876105904579162598e-01
7.876105904579162598e-01
7.876105904579162598e-01
7.876105904579162598e-01
7.876105904579162598e-01
7.876105904579162598e-01
7.876105904579162598e-01
7.876105904579162598e-01
7.876105904579162598e-01
7.876105904579162598e-01
7.876105904579162598e-01
7.876105904579162598e-01
7.876105904579162598e-01
7.876105904579162598e-01
7.876105904579162598e-01
7.876105904579162598e-01
7.876105904579162598e-01
7.876105904579162598e-01
7.876105904579162598e-01
7.876105904579162598e-01
7.876105904579162598e-01
7.876105904579162598e-01
7.876105904579162598e-01
7.876105904579162598e-01
7.876105904579162598e-01
7.876105904579162598e-01
7.876105904579162598e-01
7.876105904579162598e-01
7.876105904579162598e-01
7.876105904579162598e-01
7.876105904579162598e-01
7.876105904579162598e-01
7.964601516723632812e-01
7.964601516723632812e-01
7.964601516723632812e-01
7.964601516723632812e-01
7.964601516723632812e-01
7.964601516723632812e-01
7.964601516723632812e-01
7.964601516723632812e-01
7.964601516723632812e-01
7.964601516723632812e-01
7.964601516723632812e-01
8.053097128868103027e-01
8.053097128868103027e-01
8.053097128868103027e-01
8.053097128868103027e-01
8.053097128868103027e-01
8.053097128868103027e-01
8.053097128868103027e-01
8.053097128868103027e-01
8.053097128868103027e-01
8.053097128868103027e-01
8.053097128868103027e-01
8.053097128868103027e-01
8.053097128868103027e-01
8.053097128868103027e-01
8.053097128868103027e-01
8.053097128868103027e-01
8.053097128868103027e-01
8.053097128868103027e-01
8.053097128868103027e-01
8.053097128868103027e-01
8.053097128868103027e-01
8.053097128868103027e-01
8.053097128868103027e-01
8.053097128868103027e-01
8.053097128868103027e-01
8.053097128868103027e-01
8.053097128868103027e-01
8.053097128868103027e-01
8.053097128868103027e-01
8.053097128868103027e-01
7.964601516723632812e-01
7.964601516723632812e-01
7.964601516723632812e-01
7.964601516723632812e-01
7.964601516723632812e-01
7.964601516723632812e-01
8.053097128868103027e-01
8.053097128868103027e-01
8.053097128868103027e-01
8.053097128868103027e-01
8.053097128868103027e-01
8.053097128868103027e-01
8.053097128868103027e-01
8.053097128868103027e-01
8.053097128868103027e-01
8.053097128868103027e-01
8.053097128868103027e-01
8.053097128868103027e-01
8.141592741012573242e-01
8.141592741012573242e-01
8.141592741012573242e-01
8.141592741012573242e-01
8.141592741012573242e-01
8.141592741012573242e-01
8.141592741012573242e-01
8.141592741012573242e-01
8.141592741012573242e-01
8.141592741012573242e-01
8.141592741012573242e-01
8.141592741012573242e-01
8.141592741012573242e-01
8.141592741012573242e-01
8.141592741012573242e-01
8.141592741012573242e-01
8.141592741012573242e-01
8.141592741012573242e-01
8.141592741012573242e-01
8.141592741012573242e-01
8.141592741012573242e-01
8.141592741012573242e-01
8.141592741012573242e-01
8.141592741012573242e-01
8.141592741012573242e-01
8.141592741012573242e-01
8.141592741012573242e-01
8.141592741012573242e-01
8.141592741012573242e-01
8.141592741012573242e-01
8.141592741012573242e-01
8.141592741012573242e-01
8.053097128868103027e-01
8.053097128868103027e-01
8.053097128868103027e-01
8.053097128868103027e-01
8.053097128868103027e-01
8.053097128868103027e-01
8.053097128868103027e-01
8.053097128868103027e-01
8.053097128868103027e-01
8.053097128868103027e-01
8.053097128868103027e-01
8.053097128868103027e-01
8.053097128868103027e-01
8.053097128868103027e-01
8.053097128868103027e-01
8.053097128868103027e-01
8.141592741012573242e-01
8.141592741012573242e-01
8.141592741012573242e-01
8.141592741012573242e-01
8.141592741012573242e-01
8.141592741012573242e-01
8.141592741012573242e-01
8.141592741012573242e-01
8.141592741012573242e-01
8.141592741012573242e-01
8.141592741012573242e-01
8.141592741012573242e-01
8.141592741012573242e-01
8.141592741012573242e-01
8.141592741012573242e-01
8.141592741012573242e-01
8.141592741012573242e-01
8.141592741012573242e-01
8.141592741012573242e-01
8.141592741012573242e-01
8.141592741012573242e-01
8.141592741012573242e-01
8.141592741012573242e-01
8.141592741012573242e-01
8.141592741012573242e-01
8.141592741012573242e-01
8.141592741012573242e-01
8.141592741012573242e-01
8.141592741012573242e-01
8.141592741012573242e-01
8.141592741012573242e-01
8.141592741012573242e-01
8.141592741012573242e-01
8.141592741012573242e-01
8.141592741012573242e-01
8.141592741012573242e-01
8.141592741012573242e-01
8.141592741012573242e-01
8.141592741012573242e-01
8.141592741012573242e-01
8.141592741012573242e-01
