2.102085053920745850e-01
2.033387422561645508e-01
1.985457986593246460e-01
1.952466368675231934e-01
1.928628683090209961e-01
1.908440589904785156e-01
1.888914704322814941e-01
1.870452016592025757e-01
1.854777038097381592e-01
1.842513233423233032e-01
1.833433508872985840e-01
1.827488988637924194e-01
1.825007498264312744e-01
1.825773566961288452e-01
1.824776679277420044e-01
1.805383265018463135e-01
1.750465482473373413e-01
1.668016314506530762e-01
1.582213640213012695e-01
1.506541222333908081e-01
1.441532373428344727e-01
1.384474039077758789e-01
1.333274394273757935e-01
1.285822093486785889e-01
1.237969771027565002e-01
1.185493469238281250e-01
1.130771115422248840e-01
1.081344634294509888e-01
1.041830852627754211e-01
1.011720076203346252e-01
9.888917952775955200e-02
9.713869541883468628e-02
9.574618935585021973e-02
9.456436336040496826e-02
9.349409490823745728e-02
9.249217808246612549e-02
9.156051278114318848e-02
9.071926027536392212e-02
8.997540175914764404e-02
8.931732922792434692e-02
8.872515708208084106e-02
8.818008005619049072e-02
8.766905963420867920e-02
8.718469738960266113e-02
8.672321587800979614e-02
8.628485351800918579e-02
8.589285612106323242e-02
8.560650050640106201e-02
8.542691916227340698e-02
8.529225736856460571e-02
8.515173196792602539e-02
8.496008813381195068e-02
8.468750864267349243e-02
8.432686328887939453e-02
8.388686180114746094e-02
8.338265866041183472e-02
8.282916992902755737e-02
8.223900943994522095e-02
8.162210881710052490e-02
8.098588883876800537e-02
8.033586293458938599e-02
7.967612147331237793e-02
7.900990545749664307e-02
7.834029942750930786e-02
7.767077535390853882e-02
7.700530439615249634e-02
7.634788006544113159e-02
7.570240646600723267e-02
7.507197558879852295e-02
7.445888221263885498e-02
7.386444509029388428e-02
7.328964024782180786e-02
7.273504137992858887e-02
7.220113277435302734e-02
7.168812304735183716e-02
7.119593024253845215e-02
7.072365283966064453e-02
7.026902586221694946e-02
6.982776522636413574e-02
6.939647346735000610e-02
6.897610425949096680e-02
6.856875866651535034e-02
6.817328929901123047e-02
6.778743863105773926e-02
6.740964204072952271e-02
6.703972816467285156e-02
6.667927652597427368e-02
6.633238494396209717e-02
6.600601226091384888e-02
6.570930033922195435e-02
6.545101106166839600e-02
6.523679941892623901e-02
6.506632268428802490e-02
6.493246555328369141e-02
6.482341885566711426e-02
6.472682952880859375e-02
6.463456153869628906e-02
6.454437226057052612e-02
6.446113437414169312e-02
6.439601629972457886e-02
6.436222046613693237e-02
6.436941772699356079e-02
6.442221254110336304e-02
6.452106684446334839e-02
6.466467678546905518e-02
6.485085934400558472e-02
6.507735699415206909e-02
6.534145772457122803e-02
6.563945859670639038e-02
6.596674025058746338e-02
6.631719321012496948e-02
6.668368726968765259e-02
6.705814599990844727e-02
6.743220984935760498e-02
6.779702007770538330e-02
6.814438104629516602e-02
6.846721470355987549e-02
6.876081973314285278e-02
6.902374327182769775e-02
6.925781816244125366e-02
6.946728378534317017e-02
6.965599954128265381e-02
6.982503831386566162e-02
6.997323781251907349e-02
7.010073959827423096e-02
7.020889222621917725e-02
7.029957324266433716e-02
7.037492096424102783e-02
7.043336331844329834e-02
7.047373056411743164e-02
7.049372047185897827e-02
7.049375027418136597e-02
7.047352194786071777e-02
7.043347507715225220e-02
7.037191838026046753e-02
7.028672844171524048e-02
7.017436623573303223e-02
7.003332674503326416e-02
6.985070556402206421e-02
6.959006190299987793e-02
6.918416917324066162e-02
6.873387843370437622e-02
6.860712170600891113e-02
6.855797767639160156e-02
6.862280517816543579e-02
6.868263334035873413e-02
6.881348788738250732e-02
6.926824897527694702e-02
6.960468739271163940e-02
6.979912519454956055e-02
6.889907270669937134e-02
6.953003257513046265e-02
7.315849512815475464e-02
6.996085494756698608e-02
6.808473169803619385e-02
7.011441141366958618e-02
7.595858722925186157e-02
7.000324875116348267e-02
6.903011351823806763e-02
7.622519135475158691e-02
7.877081632614135742e-02
7.158998399972915649e-02
7.971952110528945923e-02
7.942976057529449463e-02
7.407402992248535156e-02
8.146969974040985107e-02
8.282638341188430786e-02
6.809255480766296387e-02
8.211779594421386719e-02
7.729256153106689453e-02
6.800976395606994629e-02
7.046723365783691406e-02
7.193493098020553589e-02
7.668080925941467285e-02
7.147183269262313843e-02
7.751192152500152588e-02
7.909195125102996826e-02
7.412224262952804565e-02
6.954354792833328247e-02
8.184242248535156250e-02
7.654564827680587769e-02
7.065404951572418213e-02
7.228354364633560181e-02
7.054584473371505737e-02
7.578507810831069946e-02
7.226046174764633179e-02
7.974934577941894531e-02
7.855639606714248657e-02
8.421591669321060181e-02
8.002320677042007446e-02
7.569633424282073975e-02
7.381787151098251343e-02
7.517354935407638550e-02
7.164352387189865112e-02
7.455462962388992310e-02
7.461729645729064941e-02
7.557994127273559570e-02
7.545243203639984131e-02
7.846686244010925293e-02
7.667531073093414307e-02
7.832468301057815552e-02
7.082184404134750366e-02
7.609563320875167847e-02
7.377545535564422607e-02
7.136594504117965698e-02
8.032163232564926147e-02
7.974726706743240356e-02
8.384525030851364136e-02
8.245424181222915649e-02
8.372934907674789429e-02
8.080376684665679932e-02
7.867088168859481812e-02
8.290088921785354614e-02
8.319249004125595093e-02
7.920724898576736450e-02
7.557186484336853027e-02
8.007144927978515625e-02
8.278599381446838379e-02
7.706896215677261353e-02
7.644081115722656250e-02
7.538999617099761963e-02
7.671741396188735962e-02
7.409135997295379639e-02
7.420092076063156128e-02
7.736448943614959717e-02
7.095751911401748657e-02
7.393062859773635864e-02
7.289339601993560791e-02
7.487229257822036743e-02
7.147969305515289307e-02
7.240086048841476440e-02
7.393979281187057495e-02
7.176647335290908813e-02
7.271207869052886963e-02
7.188642024993896484e-02
7.261817157268524170e-02
7.247396558523178101e-02
7.306851446628570557e-02
7.342512160539627075e-02
7.469248771667480469e-02
7.865496724843978882e-02
6.787735968828201294e-02
7.028450816869735718e-02
7.236865907907485962e-02
6.949162483215332031e-02
6.951507925987243652e-02
6.858181208372116089e-02
7.034044712781906128e-02
6.841736286878585815e-02
6.825131177902221680e-02
6.831438094377517700e-02
6.896123290061950684e-02
6.763443350791931152e-02
6.673915684223175049e-02
6.507623940706253052e-02
6.589948385953903198e-02
6.448186933994293213e-02
6.703183799982070923e-02
6.508339941501617432e-02
6.492409110069274902e-02
6.404823064804077148e-02
6.600549072027206421e-02
6.464836001396179199e-02
6.438390910625457764e-02
6.436219811439514160e-02
6.396656483411788940e-02
6.411717832088470459e-02
6.249980255961418152e-02
6.252882629632949829e-02
6.096916273236274719e-02
6.141841411590576172e-02
6.171983852982521057e-02
6.084054335951805115e-02
5.998829752206802368e-02
6.193762645125389099e-02
6.175605952739715576e-02
6.214182451367378235e-02
6.033076345920562744e-02
6.016951799392700195e-02
6.111499667167663574e-02
6.124450638890266418e-02
6.122324615716934204e-02
6.048133224248886108e-02
6.091026961803436279e-02
6.114498898386955261e-02
5.973906815052032471e-02
6.343849748373031616e-02
6.009761989116668701e-02
6.204087287187576294e-02
6.279364973306655884e-02
6.195112690329551697e-02
5.844516679644584656e-02
6.206554546952247620e-02
6.023875251412391663e-02
6.045434251427650452e-02
5.803683027625083923e-02
5.728440731763839722e-02
5.877285823225975037e-02
5.504019930958747864e-02
5.764451250433921814e-02
5.508926138281822205e-02
6.004425138235092163e-02
6.121056526899337769e-02
5.970681458711624146e-02
6.305690854787826538e-02
5.916446447372436523e-02
5.893649905920028687e-02
6.140863895416259766e-02
6.259753555059432983e-02
7.340358942747116089e-02
5.661877989768981934e-02
6.172085180878639221e-02
6.242015957832336426e-02
6.107605993747711182e-02
6.431122124195098877e-02
6.100533530116081238e-02
6.244884058833122253e-02
6.613221764564514160e-02
6.056782603263854980e-02
6.200827658176422119e-02
5.929403379559516907e-02
6.190061569213867188e-02
7.242767512798309326e-02
6.303388625383377075e-02
6.602377444505691528e-02
6.549321860074996948e-02
6.443540006875991821e-02
6.812515854835510254e-02
6.322146207094192505e-02
6.205959245562553406e-02
6.369510293006896973e-02
6.169510632753372192e-02
6.269980221986770630e-02
6.528796255588531494e-02
6.743921339511871338e-02
6.752783060073852539e-02
6.788680702447891235e-02
6.628910452127456665e-02
6.752453744411468506e-02
6.475338339805603027e-02
6.499763578176498413e-02
6.436078995466232300e-02
6.941463053226470947e-02
6.463883072137832642e-02
6.202277541160583496e-02
6.093986332416534424e-02
6.122045591473579407e-02
6.582069396972656250e-02
6.051298603415489197e-02
6.055595725774765015e-02
6.137473136186599731e-02
6.136158853769302368e-02
5.965624377131462097e-02
5.799982696771621704e-02
6.169899553060531616e-02
5.905140936374664307e-02
6.192263215780258179e-02
6.063592433929443359e-02
6.253547221422195435e-02
6.294007599353790283e-02
6.499462574720382690e-02
6.357792019844055176e-02
6.500275433063507080e-02
6.543087214231491089e-02
6.332542002201080322e-02
7.272078096866607666e-02
6.704045087099075317e-02
6.418976932764053345e-02
7.957702875137329102e-02
6.994289904832839966e-02
7.858917862176895142e-02
7.348878681659698486e-02
8.198854327201843262e-02
9.266345202922821045e-02
8.315125852823257446e-02
6.989358365535736084e-02
7.082451879978179932e-02
7.424861937761306763e-02
8.606881648302078247e-02
8.223862200975418091e-02
7.025005668401718140e-02
7.315344363451004028e-02
7.371640205383300781e-02
8.982694894075393677e-02
8.892975002527236938e-02
8.253076672554016113e-02
6.509950757026672363e-02
7.118454575538635254e-02
8.030878007411956787e-02
9.003613889217376709e-02
8.479250967502593994e-02
9.283452481031417847e-02
8.999752998352050781e-02
8.929783105850219727e-02
8.274322748184204102e-02
7.670111954212188721e-02
8.620937168598175049e-02
9.117265790700912476e-02
8.591517060995101929e-02
8.852449804544448853e-02
7.335231453180313110e-02
8.141793310642242432e-02
8.003495633602142334e-02
6.421182304620742798e-02
6.575459241867065430e-02
7.460930198431015015e-02
7.484135031700134277e-02
6.653852015733718872e-02
6.586397439241409302e-02
6.594751030206680298e-02
6.749578565359115601e-02
6.662592291831970215e-02
7.086940854787826538e-02
6.884551048278808594e-02
6.984458118677139282e-02
8.088463544845581055e-02
7.104329019784927368e-02
6.577118486166000366e-02
7.051093876361846924e-02
8.035127073526382446e-02
7.293566316366195679e-02
7.319954782724380493e-02
6.655900925397872925e-02
6.665986776351928711e-02
7.344561070203781128e-02
7.232470065355300903e-02
7.184482365846633911e-02
7.336833328008651733e-02
7.254640758037567139e-02
7.066749781370162964e-02
6.477636843919754028e-02
6.656021624803543091e-02
6.872377544641494751e-02
7.070722430944442749e-02
7.364221662282943726e-02
6.802885979413986206e-02
6.932412832975387573e-02
6.788649410009384155e-02
7.574342936277389526e-02
7.126279175281524658e-02
7.485982030630111694e-02
6.897047162055969238e-02
6.460107117891311646e-02
6.544476747512817383e-02
7.110030949115753174e-02
7.077484577894210815e-02
7.354448735713958740e-02
7.221050560474395752e-02
7.265024632215499878e-02
6.946965306997299194e-02
6.931495666503906250e-02
6.889148801565170288e-02
6.871279329061508179e-02
6.873761117458343506e-02
6.900006532669067383e-02
6.930133700370788574e-02
6.982391327619552612e-02
7.028768956661224365e-02
7.075601816177368164e-02
7.118430733680725098e-02
7.151202857494354248e-02
7.176196575164794922e-02
7.192270457744598389e-02
7.202380895614624023e-02
7.207762449979782104e-02
7.210396230220794678e-02
7.211221009492874146e-02
7.211260497570037842e-02
7.211271673440933228e-02
7.212439924478530884e-02
7.216265052556991577e-02
7.224424183368682861e-02
7.238180935382843018e-02
7.257190346717834473e-02
7.278479635715484619e-02
7.299774885177612305e-02
7.320875674486160278e-02
7.343596965074539185e-02
7.369510084390640259e-02
7.397697120904922485e-02
7.422979176044464111e-02
7.440640777349472046e-02
7.453862577676773071e-02
7.472481578588485718e-02
7.504624873399734497e-02
7.549520581960678101e-02
7.602353394031524658e-02
7.660154253244400024e-02
7.721871882677078247e-02
7.785651832818984985e-02
7.848801463842391968e-02
7.909722626209259033e-02
7.967896759510040283e-02
8.023056387901306152e-02
8.075120300054550171e-02
8.124427497386932373e-02
8.171691745519638062e-02
8.217877894639968872e-02
8.263860642910003662e-02
8.309984952211380005e-02
