2.638580799102783203e-01
2.771618664264678955e-01
2.771618664264678955e-01
2.860310375690460205e-01
2.971175312995910645e-01
3.059867024421691895e-01
3.082039952278137207e-01
3.436807096004486084e-01
3.436807096004486084e-01
3.481152951717376709e-01
3.658536672592163086e-01
3.813747167587280273e-01
3.991130888462066650e-01
4.146341383457183838e-01
4.323725104331970215e-01
4.589800536632537842e-01
4.700665175914764404e-01
4.833702743053436279e-01
4.900221824645996094e-01
5.166296958923339844e-01
5.454545617103576660e-01
5.476718544960021973e-01
5.587583184242248535e-01
5.631929039955139160e-01
5.831485390663146973e-01
6.031042337417602539e-01
6.341463327407836914e-01
6.518846750259399414e-01
6.518846750259399414e-01
6.607539057731628418e-01
6.718403697013854980e-01
6.829268336296081543e-01
6.762749552726745605e-01
6.895787119865417480e-01
6.940132975578308105e-01
7.050997614860534668e-01
7.139689326286315918e-01
7.184035181999206543e-01
7.184035181999206543e-01
7.272727489471435547e-01
7.339246273040771484e-01
7.361419200897216797e-01
7.405765056610107422e-01
7.450110912322998047e-01
7.450110912322998047e-01
7.494456768035888672e-01
7.494456768035888672e-01
7.538802623748779297e-01
7.583148479461669922e-01
7.605321407318115234e-01
7.627494335174560547e-01
7.671840190887451172e-01
7.671840190887451172e-01
7.627494335174560547e-01
7.627494335174560547e-01
7.627494335174560547e-01
7.583148479461669922e-01
7.627494335174560547e-01
7.649667263031005859e-01
7.694013118743896484e-01
7.671840190887451172e-01
7.738358974456787109e-01
7.760531902313232422e-01
7.782704830169677734e-01
7.760531902313232422e-01
7.760531902313232422e-01
7.804877758026123047e-01
7.827051281929016113e-01
7.804877758026123047e-01
7.804877758026123047e-01
7.871397137641906738e-01
7.849224209785461426e-01
7.827051281929016113e-01
7.827051281929016113e-01
7.804877758026123047e-01
7.849224209785461426e-01
7.871397137641906738e-01
7.871397137641906738e-01
7.871397137641906738e-01
7.871397137641906738e-01
7.871397137641906738e-01
7.871397137641906738e-01
7.893570065498352051e-01
7.915742993354797363e-01
7.893570065498352051e-01
7.893570065498352051e-01
7.893570065498352051e-01
7.871397137641906738e-01
7.915742993354797363e-01
7.871397137641906738e-01
7.893570065498352051e-01
7.915742993354797363e-01
7.937915921211242676e-01
7.937915921211242676e-01
7.937915921211242676e-01
7.893570065498352051e-01
7.893570065498352051e-01
7.937915921211242676e-01
7.982261776924133301e-01
7.982261776924133301e-01
7.982261776924133301e-01
8.004434704780578613e-01
8.004434704780578613e-01
7.982261776924133301e-01
7.982261776924133301e-01
7.982261776924133301e-01
7.960088849067687988e-01
7.982261776924133301e-01
8.004434704780578613e-01
8.004434704780578613e-01
8.026607632637023926e-01
8.026607632637023926e-01
8.026607632637023926e-01
8.070953488349914551e-01
8.093126416206359863e-01
8.137472271919250488e-01
8.137472271919250488e-01
8.159645199775695801e-01
8.159645199775695801e-01
8.159645199775695801e-01
8.159645199775695801e-01
8.181818127632141113e-01
8.181818127632141113e-01
8.181818127632141113e-01
8.181818127632141113e-01
8.181818127632141113e-01
8.203991055488586426e-01
8.181818127632141113e-01
8.115299344062805176e-01
8.093126416206359863e-01
8.115299344062805176e-01
8.137472271919250488e-01
8.115299344062805176e-01
8.115299344062805176e-01
8.115299344062805176e-01
8.115299344062805176e-01
8.137472271919250488e-01
8.137472271919250488e-01
8.137472271919250488e-01
8.159645199775695801e-01
8.159645199775695801e-01
8.159645199775695801e-01
8.181818127632141113e-01
8.181818127632141113e-01
8.203991055488586426e-01
8.226163983345031738e-01
8.226163983345031738e-01
8.203991055488586426e-01
8.203991055488586426e-01
8.226163983345031738e-01
8.270509839057922363e-01
8.226163983345031738e-01
8.226163983345031738e-01
8.203991055488586426e-01
8.248336911201477051e-01
8.248336911201477051e-01
8.270509839057922363e-01
8.270509839057922363e-01
8.226163983345031738e-01
8.226163983345031738e-01
8.292682766914367676e-01
8.359201550483703613e-01
8.359201550483703613e-01
8.359201550483703613e-01
8.359201550483703613e-01
8.359201550483703613e-01
8.314855694770812988e-01
8.292682766914367676e-01
8.314855694770812988e-01
8.314855694770812988e-01
8.270509839057922363e-01
8.337028622627258301e-01
8.403547406196594238e-01
8.403547406196594238e-01
8.359201550483703613e-01
8.381374478340148926e-01
8.381374478340148926e-01
8.314855694770812988e-01
8.381374478340148926e-01
8.447893857955932617e-01
8.425720334053039551e-01
8.425720334053039551e-01
8.425720334053039551e-01
8.470066785812377930e-01
8.492239713668823242e-01
8.447893857955932617e-01
8.470066785812377930e-01
8.447893857955932617e-01
8.470066785812377930e-01
8.470066785812377930e-01
8.470066785812377930e-01
8.536585569381713867e-01
8.536585569381713867e-01
8.603104352951049805e-01
8.580931425094604492e-01
8.580931425094604492e-01
8.603104352951049805e-01
8.603104352951049805e-01
8.625277280807495117e-01
8.536585569381713867e-01
8.492239713668823242e-01
8.558758497238159180e-01
8.647450208663940430e-01
8.558758497238159180e-01
8.625277280807495117e-01
8.647450208663940430e-01
8.713968992233276367e-01
8.536585569381713867e-01
8.647450208663940430e-01
8.647450208663940430e-01
8.669623136520385742e-01
8.713968992233276367e-01
8.647450208663940430e-01
8.691796064376831055e-01
8.669623136520385742e-01
8.603104352951049805e-01
8.603104352951049805e-01
8.691796064376831055e-01
8.713968992233276367e-01
8.736141920089721680e-01
8.736141920089721680e-01
8.691796064376831055e-01
8.758314847946166992e-01
8.713968992233276367e-01
8.713968992233276367e-01
8.736141920089721680e-01
8.824833631515502930e-01
8.780487775802612305e-01
8.802660703659057617e-01
8.758314847946166992e-01
8.802660703659057617e-01
8.824833631515502930e-01
8.758314847946166992e-01
8.824833631515502930e-01
8.824833631515502930e-01
8.847006559371948242e-01
8.847006559371948242e-01
8.869179487228393555e-01
8.869179487228393555e-01
8.869179487228393555e-01
8.758314847946166992e-01
8.802660703659057617e-01
8.758314847946166992e-01
8.869179487228393555e-01
8.913525342941284180e-01
8.869179487228393555e-01
8.869179487228393555e-01
8.869179487228393555e-01
8.869179487228393555e-01
8.869179487228393555e-01
8.869179487228393555e-01
8.869179487228393555e-01
8.869179487228393555e-01
8.869179487228393555e-01
8.847006559371948242e-01
8.891352415084838867e-01
8.869179487228393555e-01
8.935698270797729492e-01
8.869179487228393555e-01
8.913525342941284180e-01
8.935698270797729492e-01
8.913525342941284180e-01
8.869179487228393555e-01
8.913525342941284180e-01
8.935698270797729492e-01
8.891352415084838867e-01
8.891352415084838867e-01
8.847006559371948242e-01
8.869179487228393555e-01
8.980044126510620117e-01
8.913525342941284180e-01
8.802660703659057617e-01
8.957871198654174805e-01
8.957871198654174805e-01
8.891352415084838867e-01
8.913525342941284180e-01
8.869179487228393555e-01
8.847006559371948242e-01
8.891352415084838867e-01
8.891352415084838867e-01
8.847006559371948242e-01
8.824833631515502930e-01
8.869179487228393555e-01
8.847006559371948242e-01
8.891352415084838867e-01
8.913525342941284180e-01
8.824833631515502930e-01
8.957871198654174805e-01
8.935698270797729492e-01
8.847006559371948242e-01
8.980044126510620117e-01
8.913525342941284180e-01
8.957871198654174805e-01
8.913525342941284180e-01
8.869179487228393555e-01
9.002217054367065430e-01
8.913525342941284180e-01
8.935698270797729492e-01
8.935698270797729492e-01
8.824833631515502930e-01
8.891352415084838867e-01
8.913525342941284180e-01
8.957871198654174805e-01
9.002217054367065430e-01
9.024389982223510742e-01
8.980044126510620117e-01
8.957871198654174805e-01
8.891352415084838867e-01
8.980044126510620117e-01
8.957871198654174805e-01
8.891352415084838867e-01
8.891352415084838867e-01
8.957871198654174805e-01
8.935698270797729492e-01
8.891352415084838867e-01
8.980044126510620117e-01
8.913525342941284180e-01
8.980044126510620117e-01
8.847006559371948242e-01
8.935698270797729492e-01
8.957871198654174805e-01
8.869179487228393555e-01
8.913525342941284180e-01
8.869179487228393555e-01
8.891352415084838867e-01
8.935698270797729492e-01
8.980044126510620117e-01
8.935698270797729492e-01
8.913525342941284180e-01
8.935698270797729492e-01
9.024389982223510742e-01
8.957871198654174805e-01
8.935698270797729492e-01
8.713968992233276367e-01
8.780487775802612305e-01
8.891352415084838867e-01
8.891352415084838867e-01
8.869179487228393555e-01
8.824833631515502930e-01
8.847006559371948242e-01
8.869179487228393555e-01
8.891352415084838867e-01
8.824833631515502930e-01
8.869179487228393555e-01
8.891352415084838867e-01
8.935698270797729492e-01
8.913525342941284180e-01
8.891352415084838867e-01
8.913525342941284180e-01
8.980044126510620117e-01
8.980044126510620117e-01
8.980044126510620117e-01
9.068736433982849121e-01
9.024389982223510742e-01
8.913525342941284180e-01
9.024389982223510742e-01
8.980044126510620117e-01
8.980044126510620117e-01
8.980044126510620117e-01
9.046562910079956055e-01
8.957871198654174805e-01
9.002217054367065430e-01
8.935698270797729492e-01
9.046562910079956055e-01
8.980044126510620117e-01
8.980044126510620117e-01
8.957871198654174805e-01
9.046562910079956055e-01
8.891352415084838867e-01
8.980044126510620117e-01
8.980044126510620117e-01
9.024389982223510742e-01
9.113082289695739746e-01
8.980044126510620117e-01
8.980044126510620117e-01
9.046562910079956055e-01
8.935698270797729492e-01
9.068736433982849121e-01
9.002217054367065430e-01
9.090909361839294434e-01
9.046562910079956055e-01
8.957871198654174805e-01
9.024389982223510742e-01
8.980044126510620117e-01
8.957871198654174805e-01
9.046562910079956055e-01
9.090909361839294434e-01
9.046562910079956055e-01
9.024389982223510742e-01
9.068736433982849121e-01
9.157428145408630371e-01
9.113082289695739746e-01
9.090909361839294434e-01
9.113082289695739746e-01
9.090909361839294434e-01
8.935698270797729492e-01
8.913525342941284180e-01
8.980044126510620117e-01
9.068736433982849121e-01
9.002217054367065430e-01
8.980044126510620117e-01
9.046562910079956055e-01
9.113082289695739746e-01
8.980044126510620117e-01
8.980044126510620117e-01
9.090909361839294434e-01
9.046562910079956055e-01
8.980044126510620117e-01
9.113082289695739746e-01
8.913525342941284180e-01
8.980044126510620117e-01
9.090909361839294434e-01
9.090909361839294434e-01
9.090909361839294434e-01
9.113082289695739746e-01
9.090909361839294434e-01
8.935698270797729492e-01
9.046562910079956055e-01
8.980044126510620117e-01
8.980044126510620117e-01
9.024389982223510742e-01
8.980044126510620117e-01
9.046562910079956055e-01
9.046562910079956055e-01
9.046562910079956055e-01
9.068736433982849121e-01
8.847006559371948242e-01
9.113082289695739746e-01
9.068736433982849121e-01
9.068736433982849121e-01
9.068736433982849121e-01
9.002217054367065430e-01
9.024389982223510742e-01
9.046562910079956055e-01
9.024389982223510742e-01
9.068736433982849121e-01
9.135255217552185059e-01
9.046562910079956055e-01
9.046562910079956055e-01
9.179601073265075684e-01
9.157428145408630371e-01
9.179601073265075684e-01
9.135255217552185059e-01
9.113082289695739746e-01
9.157428145408630371e-01
9.157428145408630371e-01
9.179601073265075684e-01
9.179601073265075684e-01
9.223946928977966309e-01
9.223946928977966309e-01
9.223946928977966309e-01
9.223946928977966309e-01
9.223946928977966309e-01
9.223946928977966309e-01
9.201774001121520996e-01
9.201774001121520996e-01
9.223946928977966309e-01
9.223946928977966309e-01
9.223946928977966309e-01
9.223946928977966309e-01
9.223946928977966309e-01
9.223946928977966309e-01
9.223946928977966309e-01
9.201774001121520996e-01
9.201774001121520996e-01
9.201774001121520996e-01
9.201774001121520996e-01
9.201774001121520996e-01
9.201774001121520996e-01
9.201774001121520996e-01
9.179601073265075684e-01
9.179601073265075684e-01
9.201774001121520996e-01
9.201774001121520996e-01
9.201774001121520996e-01
9.201774001121520996e-01
9.201774001121520996e-01
9.201774001121520996e-01
9.201774001121520996e-01
9.223946928977966309e-01
9.223946928977966309e-01
9.246119856834411621e-01
9.268292784690856934e-01
9.268292784690856934e-01
9.268292784690856934e-01
9.268292784690856934e-01
9.268292784690856934e-01
9.268292784690856934e-01
9.268292784690856934e-01
9.268292784690856934e-01
9.268292784690856934e-01
9.268292784690856934e-01
9.268292784690856934e-01
9.290465712547302246e-01
9.290465712547302246e-01
9.290465712547302246e-01
9.312638640403747559e-01
9.312638640403747559e-01
9.312638640403747559e-01
9.312638640403747559e-01
