1.781421065330505371e+00
1.444979548454284668e+00
1.315063595771789551e+00
1.233318924903869629e+00
1.171588063240051270e+00
1.120828151702880859e+00
1.089773297309875488e+00
1.057512402534484863e+00
1.031181216239929199e+00
1.008344888687133789e+00
9.925491213798522949e-01
9.690784215927124023e-01
9.596248269081115723e-01
9.311928153038024902e-01
9.278062582015991211e-01
9.146890044212341309e-01
9.016981124877929688e-01
8.899725079536437988e-01
8.898026347160339355e-01
8.742147088050842285e-01
8.672524094581604004e-01
8.556319475173950195e-01
8.425577878952026367e-01
8.388161063194274902e-01
8.366088867187500000e-01
8.288914561271667480e-01
8.259188532829284668e-01
8.143596053123474121e-01
8.104985356330871582e-01
8.069446682929992676e-01
7.996197938919067383e-01
7.999194264411926270e-01
7.940393090248107910e-01
7.881619334220886230e-01
7.833638787269592285e-01
7.810418009757995605e-01
7.697142362594604492e-01
7.729844450950622559e-01
7.728107571601867676e-01
7.628592252731323242e-01
7.634984254837036133e-01
7.537811994552612305e-01
7.503852248191833496e-01
7.472704052925109863e-01
7.521974444389343262e-01
7.429344654083251953e-01
7.425215840339660645e-01
7.382230758666992188e-01
7.376514077186584473e-01
7.316251397132873535e-01
7.294089198112487793e-01
7.235082983970642090e-01
7.293611168861389160e-01
7.217684388160705566e-01
7.197193503379821777e-01
7.198244333267211914e-01
7.205849289894104004e-01
7.134296298027038574e-01
7.047499418258666992e-01
7.036175131797790527e-01
7.087146043777465820e-01
7.106097936630249023e-01
7.077030539512634277e-01
7.034766674041748047e-01
6.962429881095886230e-01
7.027324438095092773e-01
6.976869702339172363e-01
6.902363300323486328e-01
6.924746632575988770e-01
6.869021058082580566e-01
6.943095922470092773e-01
6.842366456985473633e-01
6.828540563583374023e-01
6.815395355224609375e-01
6.825829744338989258e-01
6.772122383117675781e-01
6.838532090187072754e-01
6.746086478233337402e-01
6.798036694526672363e-01
6.713995933532714844e-01
6.695550084114074707e-01
6.695885658264160156e-01
6.688671708106994629e-01
6.641268134117126465e-01
6.690989136695861816e-01
6.708350181579589844e-01
6.657378077507019043e-01
6.636750698089599609e-01
6.590762734413146973e-01
6.625679731369018555e-01
6.652575731277465820e-01
6.520962119102478027e-01
6.635632514953613281e-01
6.554763913154602051e-01
6.504759788513183594e-01
6.565107703208923340e-01
6.573349833488464355e-01
6.482550501823425293e-01
6.410464644432067871e-01
6.568870544433593750e-01
