3.339999914169311523e-01
4.813399910926818848e-01
5.357199907302856445e-01
5.733399987220764160e-01
5.965999960899353027e-01
6.163600087165832520e-01
6.291599869728088379e-01
6.389799714088439941e-01
6.486600041389465332e-01
6.585999727249145508e-01
6.625800132751464844e-01
6.721000075340270996e-01
6.759799718856811523e-01
6.850399971008300781e-01
6.865599751472473145e-01
6.909999847412109375e-01
6.967999935150146484e-01
7.006999850273132324e-01
6.987800002098083496e-01
7.041199803352355957e-01
7.085800170898437500e-01
7.124400138854980469e-01
7.162399888038635254e-01
7.164000272750854492e-01
7.175800204277038574e-01
7.216600179672241211e-01
7.229599952697753906e-01
7.275999784469604492e-01
7.271000146865844727e-01
7.305799722671508789e-01
7.350599765777587891e-01
7.325800061225891113e-01
7.357000112533569336e-01
7.376199960708618164e-01
7.376599907875061035e-01
7.373200058937072754e-01
7.420600056648254395e-01
7.406600117683410645e-01
7.404400110244750977e-01
7.449799776077270508e-01
7.430599927902221680e-01
7.454800009727478027e-01
7.469800114631652832e-01
7.481799721717834473e-01
7.481399774551391602e-01
7.541199922561645508e-01
7.492799758911132812e-01
7.522199749946594238e-01
7.535399794578552246e-01
7.550799846649169922e-01
7.564600110054016113e-01
7.584000229835510254e-01
7.580999732017517090e-01
7.579200267791748047e-01
7.582200169563293457e-01
7.601799964904785156e-01
7.586200237274169922e-01
7.626799941062927246e-01
7.655199766159057617e-01
7.622799873352050781e-01
7.635400295257568359e-01
7.616800069808959961e-01
7.656599879264831543e-01
7.639799714088439941e-01
7.696400284767150879e-01
7.627599835395812988e-01
7.665799856185913086e-01
7.686600089073181152e-01
7.697799801826477051e-01
7.722600102424621582e-01
7.695599794387817383e-01
7.715399861335754395e-01
7.707200050354003906e-01
7.713999748229980469e-01
7.730600237846374512e-01
7.719799876213073730e-01
7.735999822616577148e-01
7.721999883651733398e-01
7.729200124740600586e-01
7.761399745941162109e-01
7.759799957275390625e-01
7.763199806213378906e-01
7.775200009346008301e-01
7.793200016021728516e-01
7.761600017547607422e-01
7.768599987030029297e-01
7.788599729537963867e-01
7.795600295066833496e-01
7.789999842643737793e-01
7.775400280952453613e-01
7.799199819564819336e-01
7.822999954223632812e-01
7.788800001144409180e-01
7.817999720573425293e-01
7.815999984741210938e-01
7.802199721336364746e-01
7.803199887275695801e-01
7.819399833679199219e-01
7.854800224304199219e-01
7.817999720573425293e-01
