2.058600038290023804e-01
2.457800060510635376e-01
2.645800113677978516e-01
2.843199968338012695e-01
3.009200096130371094e-01
3.132399916648864746e-01
3.244200050830841064e-01
3.291000127792358398e-01
3.349800109863281250e-01
3.422000110149383545e-01
3.448399901390075684e-01
3.495999872684478760e-01
3.490000069141387939e-01
3.587400019168853760e-01
3.581799864768981934e-01
3.645400106906890869e-01
3.648599982261657715e-01
3.662000000476837158e-01
3.732799887657165527e-01
3.720600008964538574e-01
3.715400099754333496e-01
3.782199919223785400e-01
3.770000040531158447e-01
3.806200027465820312e-01
3.808999955654144287e-01
3.814600110054016113e-01
3.859800100326538086e-01
3.847599923610687256e-01
3.889200091361999512e-01
3.878000080585479736e-01
3.902800083160400391e-01
3.932999968528747559e-01
3.930000066757202148e-01
3.950400054454803467e-01
3.965399861335754395e-01
3.986600041389465332e-01
3.977200090885162354e-01
4.024200141429901123e-01
4.010599851608276367e-01
4.015400111675262451e-01
4.022000133991241455e-01
4.031200110912322998e-01
4.039199948310852051e-01
4.080399870872497559e-01
4.082799851894378662e-01
4.104599952697753906e-01
4.081000089645385742e-01
4.079799950122833252e-01
4.106200039386749268e-01
4.151200056076049805e-01
4.121800065040588379e-01
4.151600003242492676e-01
4.144400060176849365e-01
4.154999852180480957e-01
4.200800061225891113e-01
4.182800054550170898e-01
4.168800115585327148e-01
4.176999926567077637e-01
4.207800030708312988e-01
4.203999936580657959e-01
4.195199906826019287e-01
4.228799939155578613e-01
4.216400086879730225e-01
4.250600039958953857e-01
4.268400073051452637e-01
4.220800101757049561e-01
4.290800094604492188e-01
4.279400110244750977e-01
4.261800050735473633e-01
4.311200082302093506e-01
4.308199882507324219e-01
4.333199858665466309e-01
4.302999973297119141e-01
4.317199885845184326e-01
4.341399967670440674e-01
4.340600073337554932e-01
4.358200132846832275e-01
4.361000061035156250e-01
4.363400042057037354e-01
4.383400082588195801e-01
4.378400146961212158e-01
4.383400082588195801e-01
4.415000081062316895e-01
4.395999908447265625e-01
4.386200010776519775e-01
4.453200101852416992e-01
4.447200000286102295e-01
4.424200057983398438e-01
4.455600082874298096e-01
4.481799900531768799e-01
4.460999965667724609e-01
4.476599991321563721e-01
4.478999972343444824e-01
4.467200040817260742e-01
4.500400125980377197e-01
4.496600031852722168e-01
4.492599964141845703e-01
4.530600011348724365e-01
4.524799883365631104e-01
4.523999989032745361e-01
4.541800022125244141e-01
4.560399949550628662e-01
4.534400105476379395e-01
4.549599885940551758e-01
4.529800117015838623e-01
4.598000049591064453e-01
4.531599879264831543e-01
4.569799900054931641e-01
4.587399959564208984e-01
4.578999876976013184e-01
4.607999920845031738e-01
4.578000009059906006e-01
4.583599865436553955e-01
4.615199863910675049e-01
4.623000025749206543e-01
4.627600014209747314e-01
4.636600017547607422e-01
4.614799916744232178e-01
4.631200134754180908e-01
4.608600139617919922e-01
4.647400081157684326e-01
4.650799930095672607e-01
4.653399884700775146e-01
4.654999971389770508e-01
4.679200053215026855e-01
4.657199978828430176e-01
4.688200056552886963e-01
4.679799973964691162e-01
4.681200087070465088e-01
4.712400138378143311e-01
4.672600030899047852e-01
4.716399908065795898e-01
4.692200124263763428e-01
4.710200130939483643e-01
4.708600044250488281e-01
4.704000055789947510e-01
4.711799919605255127e-01
4.708400070667266846e-01
4.722599983215332031e-01
4.736799895763397217e-01
4.771600067615509033e-01
4.725199937820434570e-01
4.745999872684478760e-01
4.725599884986877441e-01
4.776400029659271240e-01
4.737400114536285400e-01
4.731000065803527832e-01
4.742400050163269043e-01
4.778999984264373779e-01
4.751000106334686279e-01
4.767599999904632568e-01
4.778000116348266602e-01
4.798800051212310791e-01
4.780400097370147705e-01
4.765200018882751465e-01
4.758200049400329590e-01
4.782600104808807373e-01
4.805800020694732666e-01
4.790599942207336426e-01
4.779399931430816650e-01
4.855799973011016846e-01
4.825400114059448242e-01
4.791400134563446045e-01
4.803000092506408691e-01
4.790599942207336426e-01
4.814400076866149902e-01
4.811199903488159180e-01
4.845600128173828125e-01
4.825200140476226807e-01
4.812000095844268799e-01
4.840199947357177734e-01
4.822799861431121826e-01
4.841400086879730225e-01
4.820399880409240723e-01
4.855999946594238281e-01
4.864600002765655518e-01
4.850400090217590332e-01
4.856399893760681152e-01
4.873000085353851318e-01
4.852600097656250000e-01
4.855799973011016846e-01
4.870600104331970215e-01
4.854800105094909668e-01
4.900999963283538818e-01
4.875400066375732422e-01
4.881399869918823242e-01
4.870800077915191650e-01
4.900999963283538818e-01
4.898000061511993408e-01
4.837400019168853760e-01
4.898999929428100586e-01
4.887799918651580811e-01
4.893200099468231201e-01
4.899399876594543457e-01
4.908399879932403564e-01
4.920400083065032959e-01
4.931800067424774170e-01
4.911000132560729980e-01
4.894399940967559814e-01
4.934400022029876709e-01
4.917399883270263672e-01
4.905799925327301025e-01
4.912599921226501465e-01
4.902000129222869873e-01
4.926199913024902344e-01
4.919199943542480469e-01
4.907400012016296387e-01
4.934999942779541016e-01
4.918600022792816162e-01
4.926199913024902344e-01
4.904600083827972412e-01
4.937199950218200684e-01
4.956800043582916260e-01
4.941799938678741455e-01
4.947400093078613281e-01
4.949400126934051514e-01
4.935399889945983887e-01
4.982399940490722656e-01
4.960399866104125977e-01
4.930199980735778809e-01
4.947200119495391846e-01
4.947800040245056152e-01
4.960800111293792725e-01
4.981000125408172607e-01
4.982599914073944092e-01
4.964199960231781006e-01
4.978600144386291504e-01
5.001199841499328613e-01
4.993399977684020996e-01
4.971599876880645752e-01
4.932000041007995605e-01
4.986999928951263428e-01
4.961000084877014160e-01
4.964799880981445312e-01
5.009800195693969727e-01
4.969800114631652832e-01
5.012999773025512695e-01
4.994800090789794922e-01
4.995000064373016357e-01
4.979000091552734375e-01
4.977000057697296143e-01
5.007799863815307617e-01
4.998799860477447510e-01
5.013399720191955566e-01
4.982799887657165527e-01
5.021799802780151367e-01
5.032799839973449707e-01
5.058599710464477539e-01
5.024999976158142090e-01
5.008800029754638672e-01
5.028799772262573242e-01
5.029799938201904297e-01
5.024799704551696777e-01
5.006800293922424316e-01
5.008199810981750488e-01
5.012999773025512695e-01
5.029000043869018555e-01
5.050600171089172363e-01
5.050799846649169922e-01
5.018000006675720215e-01
5.073999762535095215e-01
5.026400089263916016e-01
5.080800056457519531e-01
5.048400163650512695e-01
5.015799999237060547e-01
5.047600269317626953e-01
5.033199787139892578e-01
5.050399899482727051e-01
5.076400041580200195e-01
5.058000087738037109e-01
5.048400163650512695e-01
5.045199990272521973e-01
5.092399716377258301e-01
5.049999952316284180e-01
5.103399753570556641e-01
5.095199942588806152e-01
5.074200034141540527e-01
5.106800198554992676e-01
5.090199708938598633e-01
5.096200108528137207e-01
5.070599913597106934e-01
5.089799761772155762e-01
5.084400177001953125e-01
5.091599822044372559e-01
5.077800154685974121e-01
5.094000101089477539e-01
5.069199800491333008e-01
5.065600275993347168e-01
5.065000057220458984e-01
5.069599747657775879e-01
5.113800168037414551e-01
5.113000273704528809e-01
5.119600296020507812e-01
5.080599784851074219e-01
5.076000094413757324e-01
5.091199874877929688e-01
5.121399760246276855e-01
5.059999823570251465e-01
5.127199888229370117e-01
5.096799731254577637e-01
5.100399851799011230e-01
5.100399851799011230e-01
5.101400017738342285e-01
5.107799768447875977e-01
5.107200145721435547e-01
5.105800032615661621e-01
5.108199715614318848e-01
5.100600123405456543e-01
5.123599767684936523e-01
5.121600031852722168e-01
5.123800039291381836e-01
5.119199752807617188e-01
5.129399895668029785e-01
5.113000273704528809e-01
5.121200084686279297e-01
5.142999887466430664e-01
5.115600228309631348e-01
5.156800150871276855e-01
5.121799707412719727e-01
5.154600143432617188e-01
5.124400258064270020e-01
5.118799805641174316e-01
5.131800174713134766e-01
5.149599909782409668e-01
5.154600143432617188e-01
5.146200060844421387e-01
5.178999900817871094e-01
5.166800022125244141e-01
5.130599737167358398e-01
5.171200037002563477e-01
5.156999826431274414e-01
5.151799917221069336e-01
5.141999721527099609e-01
5.149999856948852539e-01
5.140399932861328125e-01
5.165600180625915527e-01
5.150200128555297852e-01
5.140399932861328125e-01
5.174999833106994629e-01
5.162600278854370117e-01
5.164399743080139160e-01
5.175600051879882812e-01
5.179600119590759277e-01
5.163800120353698730e-01
5.183399915695190430e-01
5.143399834632873535e-01
5.166400074958801270e-01
5.142400264739990234e-01
5.150799751281738281e-01
5.170599818229675293e-01
5.174800157546997070e-01
5.166800022125244141e-01
5.175399780273437500e-01
5.181999802589416504e-01
5.177000164985656738e-01
5.174800157546997070e-01
5.190200209617614746e-01
5.209000110626220703e-01
5.187399983406066895e-01
5.210999846458435059e-01
5.170400142669677734e-01
5.159000158309936523e-01
5.186200141906738281e-01
5.208200216293334961e-01
5.208200216293334961e-01
5.185400247573852539e-01
5.186200141906738281e-01
5.219600200653076172e-01
5.184199810028076172e-01
5.206400156021118164e-01
5.202400088310241699e-01
5.197600126266479492e-01
5.204600095748901367e-01
5.192599892616271973e-01
5.181000232696533203e-01
5.188000202178955078e-01
5.199800133705139160e-01
5.230000019073486328e-01
5.234199762344360352e-01
5.217800140380859375e-01
5.216799974441528320e-01
5.209199786186218262e-01
5.234000086784362793e-01
5.215200185775756836e-01
5.192800164222717285e-01
5.166800022125244141e-01
5.230000019073486328e-01
5.213999748229980469e-01
5.234400033950805664e-01
5.226399898529052734e-01
5.180400013923645020e-01
5.214599967002868652e-01
5.231000185012817383e-01
5.230600237846374512e-01
5.246999859809875488e-01
5.241400003433227539e-01
5.241600275039672852e-01
5.227800011634826660e-01
5.233799815177917480e-01
5.224199891090393066e-01
5.224000215530395508e-01
5.244799852371215820e-01
5.197799801826477051e-01
5.214800238609313965e-01
5.242599844932556152e-01
5.279200077056884766e-01
5.234199762344360352e-01
5.252400040626525879e-01
5.249800086021423340e-01
5.237399935722351074e-01
5.256400108337402344e-01
5.259600281715393066e-01
5.230600237846374512e-01
5.241400003433227539e-01
5.222399830818176270e-01
5.243999958038330078e-01
5.257999897003173828e-01
5.227400064468383789e-01
5.220400094985961914e-01
5.266600251197814941e-01
5.261600017547607422e-01
5.281000137329101562e-01
5.245599746704101562e-01
5.234400033950805664e-01
5.248399972915649414e-01
5.258600115776062012e-01
5.268599987030029297e-01
5.265799760818481445e-01
5.259600281715393066e-01
5.244799852371215820e-01
5.265399813652038574e-01
5.270000100135803223e-01
5.249400138854980469e-01
5.289999842643737793e-01
5.256999731063842773e-01
5.264000296592712402e-01
5.270199775695800781e-01
5.266000032424926758e-01
5.266399979591369629e-01
5.265399813652038574e-01
5.266799926757812500e-01
5.296199917793273926e-01
5.260599851608276367e-01
5.294600129127502441e-01
5.277400016784667969e-01
5.267000198364257812e-01
5.284399986267089844e-01
5.294399857521057129e-01
5.299199819564819336e-01
5.259000062942504883e-01
5.288800001144409180e-01
5.289199948310852051e-01
5.295400023460388184e-01
5.304999947547912598e-01
5.303800106048583984e-01
5.270000100135803223e-01
5.296999812126159668e-01
5.260999798774719238e-01
5.278599858283996582e-01
5.278400182723999023e-01
5.293200016021728516e-01
5.293599963188171387e-01
5.286599993705749512e-01
5.276799798011779785e-01
5.296599864959716797e-01
5.299599766731262207e-01
5.278000235557556152e-01
5.273600220680236816e-01
5.283200144767761230e-01
5.312600135803222656e-01
5.322600007057189941e-01
5.309000015258789062e-01
5.302399992942810059e-01
5.319799780845642090e-01
5.300800204277038574e-01
5.281999707221984863e-01
5.310199856758117676e-01
5.299999713897705078e-01
5.312799811363220215e-01
5.302600264549255371e-01
5.340600013732910156e-01
5.284399986267089844e-01
5.300199985504150391e-01
5.307400226593017578e-01
5.306400060653686523e-01
5.301600098609924316e-01
5.302199721336364746e-01
5.299999713897705078e-01
5.328599810600280762e-01
5.312399864196777344e-01
5.314199924468994141e-01
5.352600216865539551e-01
5.337399840354919434e-01
5.341799855232238770e-01
5.330799818038940430e-01
5.315600037574768066e-01
5.333999991416931152e-01
5.303800106048583984e-01
5.341200232505798340e-01
5.330600142478942871e-01
