1.911726891994476318e-01
1.911184638738632202e-01
1.910268366336822510e-01
1.909383237361907959e-01
1.908531188964843750e-01
1.907709538936614990e-01
1.906914561986923218e-01
1.906145811080932617e-01
1.905397921800613403e-01
1.904668509960174561e-01
1.903953552246093750e-01
1.903246939182281494e-01
1.902542412281036377e-01
1.901835948228836060e-01
1.901116818189620972e-01
1.900375038385391235e-01
1.899600476026535034e-01
1.898778527975082397e-01
1.897890865802764893e-01
1.896915137767791748e-01
1.895822882652282715e-01
1.894575804471969604e-01
1.893127113580703735e-01
1.891410499811172485e-01
1.889342069625854492e-01
1.886807680130004883e-01
1.883653849363327026e-01
1.879678964614868164e-01
1.874617785215377808e-01
1.868141293525695801e-01
1.859861165285110474e-01
1.849404275417327881e-01
1.836552470922470093e-01
1.821480095386505127e-01
1.804952323436737061e-01
1.788217276334762573e-01
1.772489845752716064e-01
1.758448481559753418e-01
1.746152490377426147e-01
1.735304892063140869e-01
1.725524663925170898e-01
1.716485321521759033e-01
1.707947701215744019e-01
1.699745655059814453e-01
1.691757738590240479e-01
1.683865338563919067e-01
1.675904393196105957e-01
1.667594909667968750e-01
1.658533215522766113e-01
1.648327410221099854e-01
1.636870950460433960e-01
1.624503731727600098e-01
1.611891835927963257e-01
1.599717587232589722e-01
1.588432192802429199e-01
1.578181982040405273e-01
1.568878889083862305e-01
1.560293585062026978e-01
1.552122980356216431e-01
1.543994098901748657e-01
1.535461843013763428e-01
1.526022404432296753e-01
1.515218168497085571e-01
1.502764672040939331e-01
1.488619595766067505e-01
1.472990661859512329e-01
1.456381678581237793e-01
1.439630836248397827e-01
1.423670202493667603e-01
1.409077048301696777e-01
1.395946443080902100e-01
1.384109109640121460e-01
1.373348683118820190e-01
1.363477110862731934e-01
1.354336887598037720e-01
1.345801800489425659e-01
1.337787210941314697e-01
1.330258250236511230e-01
1.323231458663940430e-01
1.316757500171661377e-01
1.310880333185195923e-01
1.305611133575439453e-01
1.300914585590362549e-01
1.296715885400772095e-01
1.292925179004669189e-01
1.289452463388442993e-01
1.286227554082870483e-01
1.283204108476638794e-01
1.280358731746673584e-01
1.277682781219482422e-01
1.275170594453811646e-01
1.272808164358139038e-01
1.270569711923599243e-01
1.268418133258819580e-01
1.266310364007949829e-01
1.264206767082214355e-01
1.262079477310180664e-01
1.259909570217132568e-01
1.257688701152801514e-01
1.255415230989456177e-01
1.253091841936111450e-01
1.250726431608200073e-01
1.248330622911453247e-01
1.245921403169631958e-01
1.243518814444541931e-01
1.241144165396690369e-01
1.238822788000106812e-01
1.236581727862358093e-01
1.234450116753578186e-01
1.232454851269721985e-01
1.230624020099639893e-01
1.228983998298645020e-01
1.227569952607154846e-01
1.226418316364288330e-01
1.225566193461418152e-01
1.225060746073722839e-01
1.224982663989067078e-01
1.225502789020538330e-01
1.227034628391265869e-01
1.229800805449485779e-01
1.232194900512695312e-01
1.234302446246147156e-01
1.236066222190856934e-01
1.237329989671707153e-01
1.238143071532249451e-01
1.238525658845901489e-01
1.238451227545738220e-01
1.237869039177894592e-01
1.236759275197982788e-01
1.235130205750465393e-01
1.232999935746192932e-01
1.230390295386314392e-01
1.227267161011695862e-01
1.223454326391220093e-01
1.218526959419250488e-01
1.211361587047576904e-01
1.197134628891944885e-01
1.169406473636627197e-01
1.142012104392051697e-01
1.125221103429794312e-01
1.114537194371223450e-01
1.106505095958709717e-01
1.099821999669075012e-01
1.093807741999626160e-01
1.088183447718620300e-01
1.082756072282791138e-01
1.077277362346649170e-01
1.071245893836021423e-01
1.063420549035072327e-01
1.051876246929168701e-01
1.037158444523811340e-01
1.023504659533500671e-01
1.005156040191650391e-01
9.789239615201950073e-02
9.592918306589126587e-02
9.518942236900329590e-02
9.527681022882461548e-02
9.584134072065353394e-02
9.600069373846054077e-02
9.623445570468902588e-02
9.532873332500457764e-02
9.362195432186126709e-02
9.136477112770080566e-02
8.879704773426055908e-02
8.627019822597503662e-02
8.388973027467727661e-02
8.162970095872879028e-02
7.881044596433639526e-02
7.738450914621353149e-02
7.588543742895126343e-02
7.471816986799240112e-02
7.379169762134552002e-02
7.299424707889556885e-02
7.263188064098358154e-02
7.205142825841903687e-02
7.141194492578506470e-02
7.083199173212051392e-02
7.049030810594558716e-02
7.030755281448364258e-02
7.014262676239013672e-02
6.985216587781906128e-02
6.972225010395050049e-02
6.943959742784500122e-02
6.927069276571273804e-02
6.920863687992095947e-02
6.993730366230010986e-02
6.986046582460403442e-02
6.994951516389846802e-02
7.018391042947769165e-02
6.880646198987960815e-02
6.780818104743957520e-02
6.796934455633163452e-02
6.769391149282455444e-02
6.748103350400924683e-02
6.737082451581954956e-02
6.688269227743148804e-02
6.573924422264099121e-02
6.557818502187728882e-02
7.035640627145767212e-02
7.200599461793899536e-02
7.099543511867523193e-02
6.765716522932052612e-02
6.834843009710311890e-02
6.955782324075698853e-02
7.126114517450332642e-02
7.242948561906814575e-02
7.429523766040802002e-02
7.519420981407165527e-02
7.494138926267623901e-02
6.881540268659591675e-02
7.244466245174407959e-02
6.559941917657852173e-02
6.902739405632019043e-02
6.824345886707305908e-02
6.800971925258636475e-02
7.020970433950424194e-02
6.376405805349349976e-02
6.642220914363861084e-02
6.871251016855239868e-02
6.636509299278259277e-02
7.293086498975753784e-02
7.342197746038436890e-02
6.974758207798004150e-02
7.097095251083374023e-02
7.418969273567199707e-02
6.845232844352722168e-02
7.180546224117279053e-02
7.016809284687042236e-02
6.384467333555221558e-02
7.185206562280654907e-02
6.591801345348358154e-02
6.237269565463066101e-02
6.836991757154464722e-02
6.815055757761001587e-02
6.488665193319320679e-02
6.541505455970764160e-02
7.160044461488723755e-02
6.279876828193664551e-02
6.138480454683303833e-02
6.280428916215896606e-02
6.168701872229576111e-02
6.153415888547897339e-02
7.162357121706008911e-02
7.020258158445358276e-02
6.351874768733978271e-02
7.306716591119766235e-02
6.722432374954223633e-02
7.183240354061126709e-02
7.153739780187606812e-02
6.403468549251556396e-02
7.284596562385559082e-02
6.487501412630081177e-02
7.376997172832489014e-02
6.733572483062744141e-02
6.249673664569854736e-02
7.107721269130706787e-02
7.134174555540084839e-02
7.084386050701141357e-02
7.384943962097167969e-02
7.117705792188644409e-02
7.062093913555145264e-02
7.117796689271926880e-02
6.685645878314971924e-02
5.888428911566734314e-02
7.001299411058425903e-02
7.465464621782302856e-02
6.738457828760147095e-02
7.066152989864349365e-02
7.259356230497360229e-02
6.960267573595046997e-02
7.099401950836181641e-02
5.930360034108161926e-02
6.754510849714279175e-02
7.196857035160064697e-02
6.891315430402755737e-02
6.501791626214981079e-02
7.222355902194976807e-02
7.067985087633132935e-02
6.917598843574523926e-02
6.802780181169509888e-02
6.560216099023818970e-02
6.824560463428497314e-02
6.793081760406494141e-02
6.733559072017669678e-02
6.843615323305130005e-02
6.557246297597885132e-02
6.715852767229080200e-02
6.807703524827957153e-02
6.644885241985321045e-02
6.613583862781524658e-02
6.505543738603591919e-02
6.653040647506713867e-02
6.631604582071304321e-02
6.329382956027984619e-02
6.571153551340103149e-02
6.526771932840347290e-02
6.296406686305999756e-02
6.142890453338623047e-02
6.176935136318206787e-02
6.306428462266921997e-02
6.586664170026779175e-02
6.226469203829765320e-02
6.386752426624298096e-02
6.273157149553298950e-02
6.497795134782791138e-02
6.427277624607086182e-02
6.294173747301101685e-02
6.532893329858779907e-02
6.284048408269882202e-02
6.225637719035148621e-02
6.428693234920501709e-02
6.219590082764625549e-02
6.167586892843246460e-02
6.778298318386077881e-02
6.793965399265289307e-02
6.205030530691146851e-02
6.553353369235992432e-02
6.417547911405563354e-02
6.629102677106857300e-02
6.372917443513870239e-02
6.158898025751113892e-02
6.454545259475708008e-02
6.457993388175964355e-02
6.315983831882476807e-02
6.723941862583160400e-02
6.549343466758728027e-02
6.467032432556152344e-02
6.728301197290420532e-02
6.854340434074401855e-02
6.821347028017044067e-02
6.814006716012954712e-02
6.751898676156997681e-02
6.485287100076675415e-02
6.478993594646453857e-02
6.566260010004043579e-02
6.828967481851577759e-02
6.910709291696548462e-02
6.925813853740692139e-02
6.890907883644104004e-02
6.811869144439697266e-02
6.685682386159896851e-02
6.580523401498794556e-02
6.721050292253494263e-02
6.672484427690505981e-02
6.617332994937896729e-02
6.827969104051589966e-02
6.541702151298522949e-02
6.807188689708709717e-02
6.920408457517623901e-02
6.562273204326629639e-02
6.465671956539154053e-02
6.462879478931427002e-02
6.959684938192367554e-02
6.603049486875534058e-02
6.282421201467514038e-02
6.922028958797454834e-02
6.473619490861892700e-02
6.847408413887023926e-02
6.779678910970687866e-02
6.391832232475280762e-02
6.718449294567108154e-02
6.607540696859359741e-02
6.570407748222351074e-02
6.462184339761734009e-02
6.583762168884277344e-02
6.603464484214782715e-02
6.640010327100753784e-02
6.417067348957061768e-02
6.523214280605316162e-02
6.415931880474090576e-02
6.584572792053222656e-02
6.569040566682815552e-02
6.926629692316055298e-02
6.401386857032775879e-02
6.495107710361480713e-02
6.340996176004409790e-02
6.471842527389526367e-02
6.467794626951217651e-02
6.438087671995162964e-02
6.285714358091354370e-02
6.465566903352737427e-02
6.413585692644119263e-02
6.972003728151321411e-02
6.558220088481903076e-02
6.565676629543304443e-02
6.390573829412460327e-02
6.428742408752441406e-02
6.892743706703186035e-02
7.051898539066314697e-02
6.659437716007232666e-02
6.886741518974304199e-02
6.648462265729904175e-02
6.686063110828399658e-02
6.621450930833816528e-02
7.100659608840942383e-02
6.956982612609863281e-02
6.738679111003875732e-02
7.150644809007644653e-02
6.707743555307388306e-02
7.386898249387741089e-02
6.990592181682586670e-02
6.317511200904846191e-02
7.051346451044082642e-02
6.130778789520263672e-02
7.254985719919204712e-02
7.390002906322479248e-02
7.041377574205398560e-02
6.909035146236419678e-02
7.056393474340438843e-02
7.105917483568191528e-02
7.202929258346557617e-02
6.980126351118087769e-02
6.898503005504608154e-02
7.080976665019989014e-02
6.731570512056350708e-02
6.809371709823608398e-02
7.075063139200210571e-02
6.884583830833435059e-02
7.585656642913818359e-02
7.614650577306747437e-02
6.796299666166305542e-02
7.165598124265670776e-02
6.858007609844207764e-02
6.735256314277648926e-02
7.638949900865554810e-02
7.809592038393020630e-02
6.926780194044113159e-02
6.970632821321487427e-02
6.574367731809616089e-02
6.646347790956497192e-02
6.468913704156875610e-02
6.282131373882293701e-02
6.968174129724502563e-02
6.380954384803771973e-02
6.391189247369766235e-02
6.705006957054138184e-02
7.167059928178787231e-02
7.596823573112487793e-02
6.867437064647674561e-02
6.341957300901412964e-02
6.625937670469284058e-02
7.287137210369110107e-02
6.681113690137863159e-02
7.075788080692291260e-02
7.088032364845275879e-02
7.798787951469421387e-02
6.365139782428741455e-02
6.787209957838058472e-02
6.906665861606597900e-02
6.193099915981292725e-02
6.643248349428176880e-02
6.665293872356414795e-02
6.512154638767242432e-02
8.548013120889663696e-02
6.153408810496330261e-02
7.033485919237136841e-02
6.804240494966506958e-02
6.665915995836257935e-02
6.698384881019592285e-02
6.959772855043411255e-02
6.882537156343460083e-02
6.896150112152099609e-02
6.955551356077194214e-02
6.994839012622833252e-02
7.101067155599594116e-02
7.095724344253540039e-02
7.096416503190994263e-02
7.108080387115478516e-02
6.977283954620361328e-02
6.604825705289840698e-02
6.919593364000320435e-02
6.866928189992904663e-02
7.205060869455337524e-02
6.894022226333618164e-02
7.000504434108734131e-02
7.302186638116836548e-02
7.512588053941726685e-02
6.466568261384963989e-02
7.134791463613510132e-02
7.238516956567764282e-02
6.577162444591522217e-02
7.095438987016677856e-02
7.196037471294403076e-02
7.558029145002365112e-02
6.803165376186370850e-02
6.879795342683792114e-02
6.856174767017364502e-02
7.317642867565155029e-02
6.803876906633377075e-02
6.868342310190200806e-02
6.920351088047027588e-02
6.603211164474487305e-02
6.405213475227355957e-02
6.540326774120330811e-02
7.104014605283737183e-02
8.239879459142684937e-02
7.311494648456573486e-02
7.100571691989898682e-02
7.438772171735763550e-02
6.663297861814498901e-02
