2.616407871246337891e-01
2.572062015533447266e-01
2.572062015533447266e-01
2.549889087677001953e-01
2.527716159820556641e-01
2.527716159820556641e-01
2.549889087677001953e-01
2.549889087677001953e-01
2.549889087677001953e-01
2.527716159820556641e-01
2.527716159820556641e-01
2.527716159820556641e-01
2.505543231964111328e-01
2.505543231964111328e-01
2.527716159820556641e-01
2.572062015533447266e-01
2.572062015533447266e-01
2.594234943389892578e-01
2.616407871246337891e-01
2.616407871246337891e-01
2.616407871246337891e-01
2.638580799102783203e-01
2.616407871246337891e-01
2.638580799102783203e-01
2.682926952838897705e-01
2.682926952838897705e-01
2.749445736408233643e-01
2.705099880695343018e-01
2.749445736408233643e-01
2.860310375690460205e-01
2.949002087116241455e-01
3.082039952278137207e-01
3.281596601009368896e-01
3.348115384578704834e-01
3.481152951717376709e-01
3.481152951717376709e-01
3.503325879573822021e-01
3.481152951717376709e-01
3.636363744735717773e-01
3.769401311874389648e-01
3.747228384017944336e-01
3.813747167587280273e-01
3.791574239730834961e-01
3.791574239730834961e-01
3.835920095443725586e-01
3.835920095443725586e-01
3.835920095443725586e-01
3.880265951156616211e-01
3.880265951156616211e-01
3.991130888462066650e-01
4.057649672031402588e-01
4.101995527744293213e-01
4.212860167026519775e-01
4.301552176475524902e-01
4.368070960044860840e-01
4.412416815757751465e-01
4.434589743614196777e-01
4.434589743614196777e-01
4.523281455039978027e-01
4.634146392345428467e-01
4.745011031627655029e-01
4.767183959484100342e-01
4.855875968933105469e-01
4.900221824645996094e-01
4.900221824645996094e-01
4.900221824645996094e-01
4.944567680358886719e-01
4.988913536071777344e-01
5.099778175354003906e-01
5.121951103210449219e-01
5.210642814636230469e-01
5.232815742492675781e-01
5.232815742492675781e-01
5.277161598205566406e-01
5.299334526062011719e-01
5.254988670349121094e-01
5.232815742492675781e-01
5.277161598205566406e-01
5.299334526062011719e-01
5.321508049964904785e-01
5.299334526062011719e-01
5.299334526062011719e-01
5.321508049964904785e-01
5.254988670349121094e-01
5.254988670349121094e-01
5.277161598205566406e-01
5.277161598205566406e-01
5.232815742492675781e-01
5.232815742492675781e-01
5.210642814636230469e-01
5.188469886779785156e-01
5.232815742492675781e-01
5.232815742492675781e-01
5.299334526062011719e-01
5.343680977821350098e-01
5.343680977821350098e-01
5.343680977821350098e-01
5.343680977821350098e-01
5.343680977821350098e-01
5.343680977821350098e-01
5.343680977821350098e-01
5.365853905677795410e-01
5.365853905677795410e-01
5.365853905677795410e-01
5.365853905677795410e-01
5.365853905677795410e-01
5.410199761390686035e-01
5.432372689247131348e-01
5.454545617103576660e-01
5.454545617103576660e-01
5.432372689247131348e-01
5.432372689247131348e-01
5.432372689247131348e-01
5.454545617103576660e-01
5.476718544960021973e-01
5.498891472816467285e-01
5.521064400672912598e-01
5.565410256385803223e-01
5.543237328529357910e-01
5.498891472816467285e-01
5.476718544960021973e-01
5.498891472816467285e-01
5.565410256385803223e-01
5.609756112098693848e-01
5.587583184242248535e-01
5.587583184242248535e-01
5.587583184242248535e-01
5.609756112098693848e-01
5.631929039955139160e-01
5.698447823524475098e-01
5.698447823524475098e-01
5.698447823524475098e-01
5.698447823524475098e-01
5.720620751380920410e-01
5.742793679237365723e-01
5.787139534950256348e-01
5.898004174232482910e-01
5.898004174232482910e-01
5.920177102088928223e-01
5.920177102088928223e-01
5.942350625991821289e-01
5.964523553848266602e-01
5.964523553848266602e-01
5.875831246376037598e-01
5.898004174232482910e-01
5.964523553848266602e-01
6.164079904556274414e-01
6.274944543838500977e-01
6.363636255264282227e-01
6.541019678115844727e-01
6.585366129875183105e-01
6.651884913444519043e-01
6.696230769157409668e-01
6.718403697013854980e-01
6.762749552726745605e-01
6.807095408439636230e-01
6.851441264152526855e-01
6.895787119865417480e-01
6.895787119865417480e-01
6.940132975578308105e-01
7.006651759147644043e-01
7.050997614860534668e-01
7.095343470573425293e-01
7.095343470573425293e-01
7.050997614860534668e-01
7.139689326286315918e-01
7.184035181999206543e-01
7.184035181999206543e-01
7.294900417327880859e-01
7.272727489471435547e-01
7.272727489471435547e-01
7.317073345184326172e-01
7.339246273040771484e-01
7.228381633758544922e-01
7.250554561614990234e-01
7.294900417327880859e-01
7.361419200897216797e-01
7.383592128753662109e-01
7.405765056610107422e-01
7.383592128753662109e-01
7.472283840179443359e-01
7.583148479461669922e-01
7.538802623748779297e-01
7.450110912322998047e-01
7.427937984466552734e-01
7.494456768035888672e-01
7.405765056610107422e-01
7.538802623748779297e-01
7.427937984466552734e-01
7.450110912322998047e-01
7.538802623748779297e-01
7.538802623748779297e-01
7.605321407318115234e-01
7.627494335174560547e-01
7.649667263031005859e-01
7.694013118743896484e-01
7.694013118743896484e-01
7.716186046600341797e-01
7.605321407318115234e-01
7.605321407318115234e-01
7.538802623748779297e-01
7.627494335174560547e-01
7.671840190887451172e-01
7.760531902313232422e-01
7.760531902313232422e-01
7.738358974456787109e-01
7.738358974456787109e-01
7.827051281929016113e-01
7.849224209785461426e-01
7.694013118743896484e-01
7.782704830169677734e-01
7.694013118743896484e-01
7.849224209785461426e-01
7.804877758026123047e-01
7.893570065498352051e-01
7.960088849067687988e-01
7.827051281929016113e-01
7.915742993354797363e-01
7.937915921211242676e-01
7.937915921211242676e-01
7.893570065498352051e-01
7.893570065498352051e-01
7.893570065498352051e-01
7.915742993354797363e-01
7.982261776924133301e-01
7.915742993354797363e-01
8.026607632637023926e-01
7.982261776924133301e-01
7.937915921211242676e-01
7.982261776924133301e-01
7.937915921211242676e-01
8.026607632637023926e-01
8.004434704780578613e-01
8.048780560493469238e-01
8.093126416206359863e-01
8.093126416206359863e-01
8.048780560493469238e-01
8.093126416206359863e-01
8.093126416206359863e-01
8.248336911201477051e-01
8.248336911201477051e-01
8.181818127632141113e-01
8.226163983345031738e-01
8.181818127632141113e-01
8.203991055488586426e-01
8.248336911201477051e-01
8.226163983345031738e-01
8.270509839057922363e-01
8.226163983345031738e-01
8.181818127632141113e-01
8.203991055488586426e-01
8.292682766914367676e-01
8.270509839057922363e-01
8.314855694770812988e-01
8.381374478340148926e-01
8.203991055488586426e-01
8.292682766914367676e-01
8.226163983345031738e-01
8.292682766914367676e-01
8.203991055488586426e-01
8.248336911201477051e-01
8.181818127632141113e-01
8.270509839057922363e-01
8.181818127632141113e-01
8.093126416206359863e-01
8.270509839057922363e-01
8.292682766914367676e-01
8.270509839057922363e-01
8.181818127632141113e-01
8.226163983345031738e-01
8.203991055488586426e-01
8.137472271919250488e-01
8.070953488349914551e-01
8.292682766914367676e-01
8.270509839057922363e-01
8.337028622627258301e-01
8.203991055488586426e-01
8.115299344062805176e-01
8.248336911201477051e-01
8.314855694770812988e-01
8.292682766914367676e-01
8.314855694770812988e-01
8.226163983345031738e-01
8.226163983345031738e-01
8.270509839057922363e-01
8.270509839057922363e-01
8.226163983345031738e-01
8.292682766914367676e-01
8.270509839057922363e-01
8.226163983345031738e-01
8.248336911201477051e-01
8.292682766914367676e-01
8.226163983345031738e-01
8.292682766914367676e-01
8.248336911201477051e-01
8.270509839057922363e-01
8.270509839057922363e-01
8.248336911201477051e-01
8.248336911201477051e-01
8.270509839057922363e-01
8.292682766914367676e-01
8.203991055488586426e-01
8.248336911201477051e-01
8.270509839057922363e-01
8.248336911201477051e-01
8.226163983345031738e-01
8.292682766914367676e-01
8.248336911201477051e-01
8.248336911201477051e-01
8.270509839057922363e-01
8.248336911201477051e-01
8.270509839057922363e-01
8.270509839057922363e-01
8.292682766914367676e-01
8.359201550483703613e-01
8.248336911201477051e-01
8.337028622627258301e-01
8.292682766914367676e-01
8.337028622627258301e-01
8.337028622627258301e-01
8.337028622627258301e-01
8.292682766914367676e-01
8.381374478340148926e-01
8.359201550483703613e-01
8.403547406196594238e-01
8.337028622627258301e-01
8.337028622627258301e-01
8.403547406196594238e-01
8.425720334053039551e-01
8.381374478340148926e-01
8.381374478340148926e-01
8.381374478340148926e-01
8.403547406196594238e-01
8.381374478340148926e-01
8.403547406196594238e-01
8.447893857955932617e-01
8.447893857955932617e-01
8.447893857955932617e-01
8.447893857955932617e-01
8.470066785812377930e-01
8.447893857955932617e-01
8.425720334053039551e-01
8.425720334053039551e-01
8.403547406196594238e-01
8.403547406196594238e-01
8.403547406196594238e-01
8.425720334053039551e-01
8.425720334053039551e-01
8.425720334053039551e-01
8.425720334053039551e-01
8.447893857955932617e-01
8.425720334053039551e-01
8.470066785812377930e-01
8.425720334053039551e-01
8.425720334053039551e-01
8.359201550483703613e-01
8.470066785812377930e-01
8.470066785812377930e-01
8.425720334053039551e-01
8.425720334053039551e-01
8.470066785812377930e-01
8.492239713668823242e-01
8.447893857955932617e-01
8.403547406196594238e-01
8.337028622627258301e-01
8.425720334053039551e-01
8.447893857955932617e-01
8.470066785812377930e-01
8.381374478340148926e-01
8.514412641525268555e-01
8.492239713668823242e-01
8.447893857955932617e-01
8.447893857955932617e-01
8.514412641525268555e-01
8.492239713668823242e-01
8.425720334053039551e-01
8.425720334053039551e-01
8.425720334053039551e-01
8.425720334053039551e-01
8.536585569381713867e-01
8.492239713668823242e-01
8.470066785812377930e-01
8.514412641525268555e-01
8.558758497238159180e-01
8.492239713668823242e-01
8.536585569381713867e-01
8.558758497238159180e-01
8.603104352951049805e-01
8.425720334053039551e-01
8.514412641525268555e-01
8.603104352951049805e-01
8.536585569381713867e-01
8.580931425094604492e-01
8.558758497238159180e-01
8.603104352951049805e-01
8.625277280807495117e-01
8.425720334053039551e-01
8.603104352951049805e-01
8.536585569381713867e-01
8.558758497238159180e-01
8.470066785812377930e-01
8.359201550483703613e-01
8.558758497238159180e-01
8.580931425094604492e-01
8.492239713668823242e-01
8.403547406196594238e-01
8.536585569381713867e-01
8.447893857955932617e-01
8.492239713668823242e-01
8.492239713668823242e-01
8.447893857955932617e-01
8.492239713668823242e-01
8.603104352951049805e-01
8.558758497238159180e-01
8.536585569381713867e-01
8.492239713668823242e-01
8.492239713668823242e-01
8.492239713668823242e-01
8.403547406196594238e-01
8.558758497238159180e-01
8.558758497238159180e-01
8.558758497238159180e-01
8.558758497238159180e-01
8.470066785812377930e-01
8.647450208663940430e-01
8.536585569381713867e-01
8.713968992233276367e-01
8.536585569381713867e-01
8.580931425094604492e-01
8.625277280807495117e-01
8.514412641525268555e-01
8.625277280807495117e-01
8.470066785812377930e-01
8.536585569381713867e-01
8.558758497238159180e-01
8.447893857955932617e-01
8.691796064376831055e-01
8.580931425094604492e-01
8.536585569381713867e-01
8.403547406196594238e-01
8.536585569381713867e-01
8.625277280807495117e-01
8.558758497238159180e-01
8.647450208663940430e-01
8.558758497238159180e-01
8.580931425094604492e-01
8.603104352951049805e-01
8.625277280807495117e-01
8.603104352951049805e-01
8.647450208663940430e-01
8.558758497238159180e-01
8.603104352951049805e-01
8.625277280807495117e-01
8.669623136520385742e-01
8.492239713668823242e-01
8.669623136520385742e-01
8.647450208663940430e-01
8.713968992233276367e-01
8.802660703659057617e-01
8.713968992233276367e-01
8.758314847946166992e-01
8.713968992233276367e-01
8.736141920089721680e-01
8.713968992233276367e-01
8.691796064376831055e-01
8.647450208663940430e-01
8.669623136520385742e-01
8.691796064376831055e-01
8.713968992233276367e-01
8.713968992233276367e-01
8.824833631515502930e-01
8.647450208663940430e-01
8.713968992233276367e-01
8.691796064376831055e-01
8.802660703659057617e-01
8.780487775802612305e-01
8.736141920089721680e-01
8.736141920089721680e-01
8.869179487228393555e-01
8.780487775802612305e-01
8.691796064376831055e-01
8.824833631515502930e-01
8.736141920089721680e-01
8.736141920089721680e-01
8.847006559371948242e-01
8.802660703659057617e-01
8.780487775802612305e-01
8.847006559371948242e-01
8.780487775802612305e-01
8.802660703659057617e-01
8.780487775802612305e-01
8.869179487228393555e-01
8.847006559371948242e-01
8.847006559371948242e-01
8.847006559371948242e-01
8.913525342941284180e-01
8.935698270797729492e-01
8.913525342941284180e-01
8.869179487228393555e-01
8.847006559371948242e-01
