2.682926952838897705e-01
2.971175312995910645e-01
3.392461240291595459e-01
3.702882528305053711e-01
3.924612104892730713e-01
4.257206320762634277e-01
4.523281455039978027e-01
4.767183959484100342e-01
4.944567680358886719e-01
5.011086463928222656e-01
5.144124031066894531e-01
5.299334526062011719e-01
5.432372689247131348e-01
5.521064400672912598e-01
5.654101967811584473e-01
5.809312462806701660e-01
5.986696481704711914e-01
6.119734048843383789e-01
6.186252832412719727e-01
6.274944543838500977e-01
6.363636255264282227e-01
6.407982110977172852e-01
6.585366129875183105e-01
6.607539057731628418e-01
6.674057841300964355e-01
6.807095408439636230e-01
6.895787119865417480e-01
6.962305903434753418e-01
6.962305903434753418e-01
7.050997614860534668e-01
7.117516398429870605e-01
7.139689326286315918e-01
7.184035181999206543e-01
7.228381633758544922e-01
7.206208705902099609e-01
7.294900417327880859e-01
7.294900417327880859e-01
7.383592128753662109e-01
7.405765056610107422e-01
7.494456768035888672e-01
7.560975551605224609e-01
7.583148479461669922e-01
7.605321407318115234e-01
7.605321407318115234e-01
7.605321407318115234e-01
7.627494335174560547e-01
7.671840190887451172e-01
7.671840190887451172e-01
7.694013118743896484e-01
7.760531902313232422e-01
7.760531902313232422e-01
7.782704830169677734e-01
7.782704830169677734e-01
7.804877758026123047e-01
7.827051281929016113e-01
7.849224209785461426e-01
7.849224209785461426e-01
7.849224209785461426e-01
7.849224209785461426e-01
7.849224209785461426e-01
7.871397137641906738e-01
7.871397137641906738e-01
7.871397137641906738e-01
7.871397137641906738e-01
7.871397137641906738e-01
7.915742993354797363e-01
7.915742993354797363e-01
7.893570065498352051e-01
7.915742993354797363e-01
7.915742993354797363e-01
7.937915921211242676e-01
7.937915921211242676e-01
7.960088849067687988e-01
7.937915921211242676e-01
7.960088849067687988e-01
7.960088849067687988e-01
7.960088849067687988e-01
7.982261776924133301e-01
8.004434704780578613e-01
7.982261776924133301e-01
7.982261776924133301e-01
7.982261776924133301e-01
8.048780560493469238e-01
8.048780560493469238e-01
8.070953488349914551e-01
8.093126416206359863e-01
8.115299344062805176e-01
8.115299344062805176e-01
8.115299344062805176e-01
8.115299344062805176e-01
8.115299344062805176e-01
8.093126416206359863e-01
8.093126416206359863e-01
8.093126416206359863e-01
8.093126416206359863e-01
8.093126416206359863e-01
8.115299344062805176e-01
8.137472271919250488e-01
8.137472271919250488e-01
8.137472271919250488e-01
8.137472271919250488e-01
8.137472271919250488e-01
8.159645199775695801e-01
8.181818127632141113e-01
8.181818127632141113e-01
8.181818127632141113e-01
8.181818127632141113e-01
8.203991055488586426e-01
8.226163983345031738e-01
8.226163983345031738e-01
8.203991055488586426e-01
8.203991055488586426e-01
8.203991055488586426e-01
8.226163983345031738e-01
8.226163983345031738e-01
8.226163983345031738e-01
8.226163983345031738e-01
8.248336911201477051e-01
8.248336911201477051e-01
8.248336911201477051e-01
8.270509839057922363e-01
8.270509839057922363e-01
8.270509839057922363e-01
8.270509839057922363e-01
8.270509839057922363e-01
8.270509839057922363e-01
8.248336911201477051e-01
8.248336911201477051e-01
8.248336911201477051e-01
8.226163983345031738e-01
8.226163983345031738e-01
8.248336911201477051e-01
8.248336911201477051e-01
8.270509839057922363e-01
8.270509839057922363e-01
8.270509839057922363e-01
8.270509839057922363e-01
8.248336911201477051e-01
8.248336911201477051e-01
8.248336911201477051e-01
8.248336911201477051e-01
8.248336911201477051e-01
8.248336911201477051e-01
8.248336911201477051e-01
8.248336911201477051e-01
8.248336911201477051e-01
8.248336911201477051e-01
8.248336911201477051e-01
8.248336911201477051e-01
8.270509839057922363e-01
8.270509839057922363e-01
8.270509839057922363e-01
8.292682766914367676e-01
8.292682766914367676e-01
8.337028622627258301e-01
8.337028622627258301e-01
8.337028622627258301e-01
8.337028622627258301e-01
8.337028622627258301e-01
8.337028622627258301e-01
8.337028622627258301e-01
8.337028622627258301e-01
8.337028622627258301e-01
8.337028622627258301e-01
8.337028622627258301e-01
8.337028622627258301e-01
8.337028622627258301e-01
8.337028622627258301e-01
8.337028622627258301e-01
8.337028622627258301e-01
8.337028622627258301e-01
8.337028622627258301e-01
8.337028622627258301e-01
8.337028622627258301e-01
8.337028622627258301e-01
8.337028622627258301e-01
8.337028622627258301e-01
8.337028622627258301e-01
8.337028622627258301e-01
8.314855694770812988e-01
8.314855694770812988e-01
8.314855694770812988e-01
8.337028622627258301e-01
8.337028622627258301e-01
8.337028622627258301e-01
8.337028622627258301e-01
8.337028622627258301e-01
8.337028622627258301e-01
8.337028622627258301e-01
8.337028622627258301e-01
8.337028622627258301e-01
8.337028622627258301e-01
8.337028622627258301e-01
8.337028622627258301e-01
8.337028622627258301e-01
8.337028622627258301e-01
8.337028622627258301e-01
8.337028622627258301e-01
8.337028622627258301e-01
8.337028622627258301e-01
8.337028622627258301e-01
8.337028622627258301e-01
8.337028622627258301e-01
8.337028622627258301e-01
8.337028622627258301e-01
8.337028622627258301e-01
8.337028622627258301e-01
8.359201550483703613e-01
8.359201550483703613e-01
8.359201550483703613e-01
8.359201550483703613e-01
8.359201550483703613e-01
8.359201550483703613e-01
8.359201550483703613e-01
8.359201550483703613e-01
8.359201550483703613e-01
8.359201550483703613e-01
8.359201550483703613e-01
8.359201550483703613e-01
8.359201550483703613e-01
8.359201550483703613e-01
8.403547406196594238e-01
8.403547406196594238e-01
8.403547406196594238e-01
8.403547406196594238e-01
8.403547406196594238e-01
8.403547406196594238e-01
8.403547406196594238e-01
8.403547406196594238e-01
8.425720334053039551e-01
8.425720334053039551e-01
8.425720334053039551e-01
8.425720334053039551e-01
8.425720334053039551e-01
8.447893857955932617e-01
8.447893857955932617e-01
8.447893857955932617e-01
8.447893857955932617e-01
8.447893857955932617e-01
8.447893857955932617e-01
8.447893857955932617e-01
8.447893857955932617e-01
8.447893857955932617e-01
8.447893857955932617e-01
8.447893857955932617e-01
8.447893857955932617e-01
8.447893857955932617e-01
8.447893857955932617e-01
8.470066785812377930e-01
8.470066785812377930e-01
8.470066785812377930e-01
8.492239713668823242e-01
8.492239713668823242e-01
8.492239713668823242e-01
8.514412641525268555e-01
8.492239713668823242e-01
8.514412641525268555e-01
8.514412641525268555e-01
8.514412641525268555e-01
8.514412641525268555e-01
8.514412641525268555e-01
8.514412641525268555e-01
8.514412641525268555e-01
8.514412641525268555e-01
8.514412641525268555e-01
8.514412641525268555e-01
8.514412641525268555e-01
8.514412641525268555e-01
8.514412641525268555e-01
8.514412641525268555e-01
8.514412641525268555e-01
8.514412641525268555e-01
8.514412641525268555e-01
8.514412641525268555e-01
8.536585569381713867e-01
8.536585569381713867e-01
8.536585569381713867e-01
8.536585569381713867e-01
8.536585569381713867e-01
8.558758497238159180e-01
8.558758497238159180e-01
8.558758497238159180e-01
8.558758497238159180e-01
8.558758497238159180e-01
8.558758497238159180e-01
8.558758497238159180e-01
8.558758497238159180e-01
8.558758497238159180e-01
8.580931425094604492e-01
8.580931425094604492e-01
8.580931425094604492e-01
8.580931425094604492e-01
8.603104352951049805e-01
8.603104352951049805e-01
8.603104352951049805e-01
8.603104352951049805e-01
8.625277280807495117e-01
8.625277280807495117e-01
8.625277280807495117e-01
8.625277280807495117e-01
8.647450208663940430e-01
8.625277280807495117e-01
8.625277280807495117e-01
8.625277280807495117e-01
8.625277280807495117e-01
8.625277280807495117e-01
8.625277280807495117e-01
8.625277280807495117e-01
8.625277280807495117e-01
8.625277280807495117e-01
8.625277280807495117e-01
8.625277280807495117e-01
8.625277280807495117e-01
8.625277280807495117e-01
8.625277280807495117e-01
8.669623136520385742e-01
8.691796064376831055e-01
8.691796064376831055e-01
8.691796064376831055e-01
8.691796064376831055e-01
8.691796064376831055e-01
8.691796064376831055e-01
8.713968992233276367e-01
8.713968992233276367e-01
8.713968992233276367e-01
8.713968992233276367e-01
8.736141920089721680e-01
8.736141920089721680e-01
8.736141920089721680e-01
8.736141920089721680e-01
8.736141920089721680e-01
8.736141920089721680e-01
8.736141920089721680e-01
8.736141920089721680e-01
8.758314847946166992e-01
8.758314847946166992e-01
8.758314847946166992e-01
8.758314847946166992e-01
8.758314847946166992e-01
8.758314847946166992e-01
8.758314847946166992e-01
8.758314847946166992e-01
8.758314847946166992e-01
8.758314847946166992e-01
8.758314847946166992e-01
8.758314847946166992e-01
8.758314847946166992e-01
8.758314847946166992e-01
8.758314847946166992e-01
8.758314847946166992e-01
8.758314847946166992e-01
8.758314847946166992e-01
8.758314847946166992e-01
8.758314847946166992e-01
8.758314847946166992e-01
8.758314847946166992e-01
8.758314847946166992e-01
8.758314847946166992e-01
8.758314847946166992e-01
8.758314847946166992e-01
8.758314847946166992e-01
8.758314847946166992e-01
8.758314847946166992e-01
8.758314847946166992e-01
8.802660703659057617e-01
8.802660703659057617e-01
8.802660703659057617e-01
8.802660703659057617e-01
8.802660703659057617e-01
8.802660703659057617e-01
8.802660703659057617e-01
8.802660703659057617e-01
8.802660703659057617e-01
8.802660703659057617e-01
8.802660703659057617e-01
8.802660703659057617e-01
8.802660703659057617e-01
8.802660703659057617e-01
8.802660703659057617e-01
8.802660703659057617e-01
8.802660703659057617e-01
8.802660703659057617e-01
8.802660703659057617e-01
8.802660703659057617e-01
8.802660703659057617e-01
8.802660703659057617e-01
8.802660703659057617e-01
8.802660703659057617e-01
8.802660703659057617e-01
8.802660703659057617e-01
8.802660703659057617e-01
8.802660703659057617e-01
8.802660703659057617e-01
8.802660703659057617e-01
8.802660703659057617e-01
8.802660703659057617e-01
8.802660703659057617e-01
8.802660703659057617e-01
8.802660703659057617e-01
8.802660703659057617e-01
8.802660703659057617e-01
8.802660703659057617e-01
8.824833631515502930e-01
8.824833631515502930e-01
8.824833631515502930e-01
8.824833631515502930e-01
8.824833631515502930e-01
8.824833631515502930e-01
8.824833631515502930e-01
8.824833631515502930e-01
8.824833631515502930e-01
8.824833631515502930e-01
8.824833631515502930e-01
8.824833631515502930e-01
8.824833631515502930e-01
8.824833631515502930e-01
8.824833631515502930e-01
8.824833631515502930e-01
8.824833631515502930e-01
8.824833631515502930e-01
8.824833631515502930e-01
8.824833631515502930e-01
8.824833631515502930e-01
8.824833631515502930e-01
8.824833631515502930e-01
8.824833631515502930e-01
8.824833631515502930e-01
8.824833631515502930e-01
8.824833631515502930e-01
8.824833631515502930e-01
8.824833631515502930e-01
8.824833631515502930e-01
8.824833631515502930e-01
8.824833631515502930e-01
8.824833631515502930e-01
8.847006559371948242e-01
8.847006559371948242e-01
8.847006559371948242e-01
8.869179487228393555e-01
8.869179487228393555e-01
8.869179487228393555e-01
8.869179487228393555e-01
8.869179487228393555e-01
8.869179487228393555e-01
8.869179487228393555e-01
8.869179487228393555e-01
8.869179487228393555e-01
8.869179487228393555e-01
8.869179487228393555e-01
8.869179487228393555e-01
8.869179487228393555e-01
8.869179487228393555e-01
8.869179487228393555e-01
8.869179487228393555e-01
8.869179487228393555e-01
8.869179487228393555e-01
8.869179487228393555e-01
8.891352415084838867e-01
8.891352415084838867e-01
8.891352415084838867e-01
8.913525342941284180e-01
8.913525342941284180e-01
8.913525342941284180e-01
8.913525342941284180e-01
8.913525342941284180e-01
8.913525342941284180e-01
8.913525342941284180e-01
8.913525342941284180e-01
8.935698270797729492e-01
8.935698270797729492e-01
8.935698270797729492e-01
8.935698270797729492e-01
8.935698270797729492e-01
8.935698270797729492e-01
8.935698270797729492e-01
8.935698270797729492e-01
8.935698270797729492e-01
8.935698270797729492e-01
8.935698270797729492e-01
8.935698270797729492e-01
8.935698270797729492e-01
8.935698270797729492e-01
8.935698270797729492e-01
8.935698270797729492e-01
8.935698270797729492e-01
8.935698270797729492e-01
8.935698270797729492e-01
8.935698270797729492e-01
8.935698270797729492e-01
8.935698270797729492e-01
8.935698270797729492e-01
8.935698270797729492e-01
8.935698270797729492e-01
8.957871198654174805e-01
8.957871198654174805e-01
8.957871198654174805e-01
8.957871198654174805e-01
8.957871198654174805e-01
8.957871198654174805e-01
8.957871198654174805e-01
