2.032827585935592651e-01
2.007464617490768433e-01
1.985997855663299561e-01
1.968466639518737793e-01
1.954555809497833252e-01
1.943736970424652100e-01
1.935402452945709229e-01
1.928976178169250488e-01
1.923968195915222168e-01
1.919998228549957275e-01
1.916784644126892090e-01
1.914123445749282837e-01
1.911867409944534302e-01
1.909910738468170166e-01
1.908173412084579468e-01
1.906593739986419678e-01
1.905120611190795898e-01
1.903710514307022095e-01
1.902319937944412231e-01
1.900904625654220581e-01
1.899415105581283569e-01
1.897789239883422852e-01
1.895950585603713989e-01
1.893791407346725464e-01
1.891161799430847168e-01
1.887856423854827881e-01
1.883575171232223511e-01
1.877916455268859863e-01
1.870363652706146240e-01
1.860369592905044556e-01
1.847572326660156250e-01
1.832187175750732422e-01
1.815318763256072998e-01
1.798650622367858887e-01
1.783517748117446899e-01
1.770323067903518677e-01
1.758799105882644653e-01
1.748503446578979492e-01
1.739052981138229370e-01
1.730147302150726318e-01
1.721534729003906250e-01
1.712977439165115356e-01
1.704233288764953613e-01
1.695044040679931641e-01
1.685153245925903320e-01
1.674349904060363770e-01
1.662563085556030273e-01
1.649942100048065186e-01
1.636886149644851685e-01
1.623922586441040039e-01
1.611516475677490234e-01
1.599921286106109619e-01
1.589160710573196411e-01
1.579107046127319336e-01
1.569563597440719604e-01
1.560289263725280762e-01
1.550966054201126099e-01
1.541146039962768555e-01
1.530259102582931519e-01
1.517748385667800903e-01
1.503249853849411011e-01
1.486735343933105469e-01
1.468567252159118652e-01
1.449425518512725830e-01
1.430166661739349365e-01
1.411647647619247437e-01
1.394415348768234253e-01
1.378683149814605713e-01
1.364625245332717896e-01
1.352439075708389282e-01
1.341986656188964844e-01
1.332665532827377319e-01
1.323748528957366943e-01
1.314417868852615356e-01
1.303834021091461182e-01
1.291390210390090942e-01
1.277250498533248901e-01
1.262662112712860107e-01
1.249237805604934692e-01
1.237939894199371338e-01
1.228828281164169312e-01
1.221373900771141052e-01
1.214807704091072083e-01
1.208349168300628662e-01
1.201351657509803772e-01
1.193407103419303894e-01
1.184405833482742310e-01
1.174529492855072021e-01
1.164131611585617065e-01
1.153509020805358887e-01
1.142675802111625671e-01
1.131319031119346619e-01
1.118945181369781494e-01
1.105027571320533752e-01
1.089137792587280273e-01
1.071106866002082825e-01
1.051188334822654724e-01
1.030104458332061768e-01
1.008939892053604126e-01
9.888983517885208130e-02
9.708304703235626221e-02
9.548116475343704224e-02
9.404131025075912476e-02
9.271957725286483765e-02
9.147658944129943848e-02
9.030508995056152344e-02
8.921911567449569702e-02
8.823529630899429321e-02
8.736382424831390381e-02
8.660368621349334717e-02
8.594275265932083130e-02
8.535493910312652588e-02
8.480010926723480225e-02
8.424758911132812500e-02
8.368995785713195801e-02
8.313084393739700317e-02
8.257240802049636841e-02
8.201219886541366577e-02
8.144327253103256226e-02
8.085420727729797363e-02
8.024153113365173340e-02
7.963490486145019531e-02
7.908984273672103882e-02
7.859914749860763550e-02
7.810243219137191772e-02
7.773071527481079102e-02
7.747104763984680176e-02
7.726144045591354370e-02
7.709704339504241943e-02
7.698003202676773071e-02
7.691115140914916992e-02
7.688743621110916138e-02
7.689836621284484863e-02
7.692407071590423584e-02
7.694377005100250244e-02
7.694453746080398560e-02
7.690616697072982788e-02
7.679922133684158325e-02
7.660284638404846191e-02
7.629209011793136597e-02
7.585050165653228760e-02
7.529724389314651489e-02
7.467307150363922119e-02
7.401261478662490845e-02
7.333163172006607056e-02
7.262183725833892822e-02
7.188491523265838623e-02
7.117120921611785889e-02
7.052616775035858154e-02
7.004789263010025024e-02
6.969812512397766113e-02
6.939370930194854736e-02
6.931407749652862549e-02
6.961067020893096924e-02
6.926330924034118652e-02
6.954526156187057495e-02
6.861077249050140381e-02
6.905581057071685791e-02
6.730851531028747559e-02
6.656240671873092651e-02
6.581897288560867310e-02
6.498236954212188721e-02
6.428526341915130615e-02
6.373451650142669678e-02
6.331782788038253784e-02
6.324105709791183472e-02
6.446366012096405029e-02
6.505863368511199951e-02
6.452040374279022217e-02
6.384203583002090454e-02
6.351845711469650269e-02
6.332361698150634766e-02
6.303343176841735840e-02
6.266609579324722290e-02
6.225862354040145874e-02
6.183448061347007751e-02
6.141584366559982300e-02
6.103184446692466736e-02
6.072367727756500244e-02
6.054694950580596924e-02
6.054503843188285828e-02
6.068350374698638916e-02
6.086608022451400757e-02
6.103907153010368347e-02
6.120838597416877747e-02
6.139898300170898438e-02
6.160589680075645447e-02
6.179138273000717163e-02
6.191499158740043640e-02
6.195360049605369568e-02
6.192450225353240967e-02
6.184248253703117371e-02
6.167244166135787964e-02
6.154266372323036194e-02
6.155118346214294434e-02
6.159137934446334839e-02
6.145346909761428833e-02
6.136693805456161499e-02
6.128773093223571777e-02
6.015241146087646484e-02
5.775155127048492432e-02
5.759806185960769653e-02
6.187142431735992432e-02
5.916972458362579346e-02
5.876270681619644165e-02
6.121637672185897827e-02
5.928533151745796204e-02
5.809328705072402954e-02
5.981967970728874207e-02
5.775669962167739868e-02
5.719906091690063477e-02
5.726394429802894592e-02
5.762761458754539490e-02
5.774002149701118469e-02
5.819910764694213867e-02
6.007455289363861084e-02
6.281856447458267212e-02
5.909155681729316711e-02
5.766732618212699890e-02
5.675755441188812256e-02
5.808414518833160400e-02
6.126581132411956787e-02
5.724988877773284912e-02
6.217973306775093079e-02
6.191053614020347595e-02
6.136912852525711060e-02
6.357932835817337036e-02
5.855461582541465759e-02
5.730869248509407043e-02
5.563396960496902466e-02
5.650872737169265747e-02
5.676029995083808899e-02
5.525416135787963867e-02
5.528472363948822021e-02
5.744526162743568420e-02
5.622604489326477051e-02
5.744008347392082214e-02
5.691597983241081238e-02
5.520501360297203064e-02
5.728827416896820068e-02
5.577019974589347839e-02
5.778094008564949036e-02
5.863760039210319519e-02
5.819122493267059326e-02
5.701951310038566589e-02
5.624818801879882812e-02
5.860303342342376709e-02
6.030234321951866150e-02
5.977452173829078674e-02
6.056520342826843262e-02
5.645640194416046143e-02
5.877893045544624329e-02
6.079454347491264343e-02
5.963627249002456665e-02
5.696207657456398010e-02
5.889785289764404297e-02
6.181541457772254944e-02
6.161534041166305542e-02
5.949291959404945374e-02
5.615876615047454834e-02
5.486397072672843933e-02
6.055779755115509033e-02
6.297934055328369141e-02
6.378322839736938477e-02
6.170592084527015686e-02
5.572175979614257812e-02
6.420318037271499634e-02
6.076490879058837891e-02
5.899550020694732666e-02
6.822469830513000488e-02
6.588784605264663696e-02
6.629892438650131226e-02
6.244527176022529602e-02
6.075212731957435608e-02
6.173525750637054443e-02
6.397962570190429688e-02
5.912956967949867249e-02
6.517709046602249146e-02
6.459238380193710327e-02
6.785012781620025635e-02
5.766749009490013123e-02
6.567449122667312622e-02
6.680122017860412598e-02
5.972159281373023987e-02
6.560237705707550049e-02
6.460893899202346802e-02
6.484378129243850708e-02
6.375720351934432983e-02
6.529905647039413452e-02
6.236251071095466614e-02
6.349465996026992798e-02
6.453813612461090088e-02
6.217614561319351196e-02
6.485970318317413330e-02
6.590656936168670654e-02
6.619156897068023682e-02
6.478647887706756592e-02
6.314413249492645264e-02
6.251488626003265381e-02
6.253087520599365234e-02
6.510415673255920410e-02
5.790538340806961060e-02
5.752505734562873840e-02
6.108820438385009766e-02
6.416790932416915894e-02
6.478707492351531982e-02
6.495225429534912109e-02
6.444407999515533447e-02
6.468730419874191284e-02
6.624788045883178711e-02
6.416437029838562012e-02
6.689003854990005493e-02
6.505455076694488525e-02
6.530305743217468262e-02
6.681776791810989380e-02
6.656771898269653320e-02
6.548117101192474365e-02
6.736013293266296387e-02
6.656803190708160400e-02
6.779579818248748779e-02
6.636826694011688232e-02
6.746850162744522095e-02
6.736753880977630615e-02
6.776449829339981079e-02
6.815017759799957275e-02
6.864133477210998535e-02
6.863776594400405884e-02
6.754987686872482300e-02
6.815882027149200439e-02
6.763584911823272705e-02
6.236305832862854004e-02
6.721921265125274658e-02
6.529056280851364136e-02
6.568525731563568115e-02
6.618671864271163940e-02
6.747262179851531982e-02
6.702022999525070190e-02
6.832994520664215088e-02
6.638014316558837891e-02
6.588257849216461182e-02
6.649005413055419922e-02
6.831295043230056763e-02
6.800805032253265381e-02
6.453523039817810059e-02
6.758267432451248169e-02
6.856032460927963257e-02
6.893525272607803345e-02
6.895998865365982056e-02
6.769228726625442505e-02
6.815376877784729004e-02
6.825839728116989136e-02
6.809789687395095825e-02
6.746290624141693115e-02
6.648087501525878906e-02
6.817344576120376587e-02
6.804680079221725464e-02
6.665625423192977905e-02
6.783286482095718384e-02
6.783039867877960205e-02
6.775517761707305908e-02
6.778234243392944336e-02
6.735010445117950439e-02
6.728621572256088257e-02
6.720147281885147095e-02
6.730383634567260742e-02
6.812517344951629639e-02
6.762599200010299683e-02
6.801612675189971924e-02
6.656913459300994873e-02
6.511484086513519287e-02
6.657030433416366577e-02
6.794567406177520752e-02
6.712065637111663818e-02
6.805843859910964966e-02
6.739444285631179810e-02
6.845001876354217529e-02
6.710862368345260620e-02
6.217424571514129639e-02
6.803784519433975220e-02
6.716824322938919067e-02
6.728988140821456909e-02
5.867184326052665710e-02
6.778270751237869263e-02
6.890693306922912598e-02
6.871387362480163574e-02
6.832002848386764526e-02
6.925854831933975220e-02
6.921058148145675659e-02
6.791532039642333984e-02
6.801470369100570679e-02
6.851949542760848999e-02
6.758550554513931274e-02
6.827814131975173950e-02
6.784199923276901245e-02
6.750567257404327393e-02
6.663376837968826294e-02
6.761366873979568481e-02
6.749040633440017700e-02
6.746755540370941162e-02
6.764776259660720825e-02
6.798513978719711304e-02
6.640187650918960571e-02
6.725116819143295288e-02
6.762480735778808594e-02
6.507322192192077637e-02
6.635235995054244995e-02
6.732434779405593872e-02
6.719835102558135986e-02
6.883308291435241699e-02
6.098994985222816467e-02
6.343688070774078369e-02
6.752081960439682007e-02
6.328462809324264526e-02
6.820514053106307983e-02
6.923333555459976196e-02
6.531821936368942261e-02
6.810510158538818359e-02
6.762202084064483643e-02
6.807976216077804565e-02
6.901030987501144409e-02
6.802362948656082153e-02
6.816025823354721069e-02
6.828463077545166016e-02
6.214411929249763489e-02
6.792651861906051636e-02
6.793995201587677002e-02
6.918863952159881592e-02
6.788389384746551514e-02
6.875950098037719727e-02
6.797243654727935791e-02
6.328698247671127319e-02
6.789876520633697510e-02
6.732399761676788330e-02
6.968920677900314331e-02
6.878425180912017822e-02
6.944745779037475586e-02
6.798164546489715576e-02
6.663222610950469971e-02
6.878536194562911987e-02
6.948101520538330078e-02
6.928479671478271484e-02
6.903047114610671997e-02
6.230955198407173157e-02
7.027810811996459961e-02
7.142058759927749634e-02
7.024680823087692261e-02
6.920284032821655273e-02
6.530505418777465820e-02
7.113804668188095093e-02
6.881614774465560913e-02
7.296769320964813232e-02
7.315482199192047119e-02
7.394630461931228638e-02
7.205257564783096313e-02
7.093654572963714600e-02
7.091820240020751953e-02
6.874801218509674072e-02
6.936518847942352295e-02
6.908430904150009155e-02
7.152187824249267578e-02
7.366666197776794434e-02
7.193338125944137573e-02
7.155451923608779907e-02
7.008861750364303589e-02
6.903360784053802490e-02
6.854639202356338501e-02
7.681488245725631714e-02
6.958200782537460327e-02
6.977759301662445068e-02
7.246332615613937378e-02
7.212472707033157349e-02
7.039962708950042725e-02
6.984400749206542969e-02
7.129600644111633301e-02
7.004378736019134521e-02
7.103933393955230713e-02
6.965785473585128784e-02
7.630676776170730591e-02
7.147359102964401245e-02
7.348629087209701538e-02
7.070741057395935059e-02
6.924682110548019409e-02
7.056928426027297974e-02
7.174696028232574463e-02
7.084667682647705078e-02
7.684675604104995728e-02
7.775993645191192627e-02
7.167956233024597168e-02
7.162977755069732666e-02
7.009360194206237793e-02
7.129662483930587769e-02
6.917548179626464844e-02
6.588780879974365234e-02
6.845217198133468628e-02
7.269793003797531128e-02
7.048646360635757446e-02
7.110905647277832031e-02
7.019723951816558838e-02
7.033809274435043335e-02
7.164002209901809692e-02
