2.300885021686553955e-01
2.300885021686553955e-01
2.300885021686553955e-01
2.300885021686553955e-01
2.300885021686553955e-01
2.300885021686553955e-01
2.300885021686553955e-01
2.300885021686553955e-01
2.300885021686553955e-01
2.300885021686553955e-01
2.300885021686553955e-01
2.300885021686553955e-01
2.300885021686553955e-01
2.300885021686553955e-01
2.300885021686553955e-01
2.300885021686553955e-01
2.300885021686553955e-01
2.300885021686553955e-01
2.300885021686553955e-01
2.300885021686553955e-01
2.300885021686553955e-01
2.300885021686553955e-01
2.300885021686553955e-01
2.300885021686553955e-01
2.300885021686553955e-01
2.300885021686553955e-01
2.300885021686553955e-01
2.212389409542083740e-01
2.389380484819412231e-01
2.654867172241210938e-01
3.097345232963562012e-01
3.185840845108032227e-01
3.185840845108032227e-01
3.185840845108032227e-01
3.362831771373748779e-01
3.628318607807159424e-01
3.628318607807159424e-01
3.628318607807159424e-01
3.716814219951629639e-01
3.716814219951629639e-01
3.716814219951629639e-01
3.805309832096099854e-01
3.893805444240570068e-01
4.159291982650756836e-01
4.159291982650756836e-01
4.159291982650756836e-01
4.424778819084167480e-01
4.601770043373107910e-01
4.690265357494354248e-01
4.690265357494354248e-01
4.690265357494354248e-01
4.778760969638824463e-01
4.955752193927764893e-01
4.955752193927764893e-01
5.044247508049011230e-01
5.044247508049011230e-01
5.044247508049011230e-01
5.044247508049011230e-01
4.955752193927764893e-01
5.309734344482421875e-01
5.398229956626892090e-01
5.398229956626892090e-01
5.398229956626892090e-01
5.309734344482421875e-01
5.132743120193481445e-01
5.044247508049011230e-01
5.044247508049011230e-01
4.778760969638824463e-01
4.778760969638824463e-01
4.867256581783294678e-01
4.867256581783294678e-01
4.867256581783294678e-01
4.867256581783294678e-01
4.867256581783294678e-01
4.955752193927764893e-01
5.044247508049011230e-01
5.309734344482421875e-01
5.663716793060302734e-01
5.840708017349243164e-01
6.106194853782653809e-01
6.106194853782653809e-01
6.371681690216064453e-01
6.460176706314086914e-01
6.460176706314086914e-01
6.460176706314086914e-01
6.460176706314086914e-01
6.637167930603027344e-01
6.548672318458557129e-01
6.460176706314086914e-01
6.460176706314086914e-01
6.548672318458557129e-01
6.460176706314086914e-01
6.283186078071594238e-01
6.371681690216064453e-01
6.548672318458557129e-01
6.637167930603027344e-01
6.814159154891967773e-01
6.902654767036437988e-01
7.079645991325378418e-01
7.256637215614318848e-01
7.522124052047729492e-01
7.610619664192199707e-01
7.522124052047729492e-01
7.522124052047729492e-01
7.610619664192199707e-01
7.699115276336669922e-01
7.699115276336669922e-01
7.699115276336669922e-01
7.522124052047729492e-01
7.522124052047729492e-01
7.522124052047729492e-01
7.522124052047729492e-01
7.610619664192199707e-01
7.699115276336669922e-01
7.699115276336669922e-01
7.787610888481140137e-01
7.787610888481140137e-01
7.787610888481140137e-01
7.787610888481140137e-01
7.787610888481140137e-01
7.787610888481140137e-01
7.787610888481140137e-01
7.699115276336669922e-01
7.699115276336669922e-01
7.787610888481140137e-01
7.787610888481140137e-01
7.699115276336669922e-01
7.610619664192199707e-01
7.699115276336669922e-01
7.876105904579162598e-01
7.964601516723632812e-01
7.964601516723632812e-01
7.964601516723632812e-01
7.964601516723632812e-01
7.964601516723632812e-01
7.964601516723632812e-01
7.964601516723632812e-01
7.964601516723632812e-01
7.964601516723632812e-01
7.964601516723632812e-01
7.876105904579162598e-01
7.876105904579162598e-01
7.876105904579162598e-01
7.876105904579162598e-01
7.787610888481140137e-01
7.787610888481140137e-01
7.787610888481140137e-01
7.787610888481140137e-01
7.787610888481140137e-01
7.787610888481140137e-01
7.787610888481140137e-01
7.787610888481140137e-01
7.787610888481140137e-01
7.787610888481140137e-01
7.787610888481140137e-01
7.787610888481140137e-01
7.787610888481140137e-01
7.787610888481140137e-01
7.787610888481140137e-01
7.787610888481140137e-01
7.964601516723632812e-01
8.053097128868103027e-01
8.053097128868103027e-01
8.141592741012573242e-01
8.053097128868103027e-01
8.141592741012573242e-01
8.053097128868103027e-01
7.964601516723632812e-01
7.964601516723632812e-01
8.141592741012573242e-01
8.141592741012573242e-01
8.141592741012573242e-01
8.141592741012573242e-01
8.053097128868103027e-01
8.053097128868103027e-01
8.053097128868103027e-01
8.053097128868103027e-01
8.141592741012573242e-01
8.230088353157043457e-01
8.230088353157043457e-01
8.230088353157043457e-01
8.230088353157043457e-01
8.230088353157043457e-01
8.230088353157043457e-01
8.230088353157043457e-01
8.230088353157043457e-01
8.318583965301513672e-01
8.318583965301513672e-01
8.318583965301513672e-01
8.141592741012573242e-01
8.053097128868103027e-01
7.964601516723632812e-01
7.964601516723632812e-01
7.964601516723632812e-01
7.964601516723632812e-01
7.964601516723632812e-01
7.964601516723632812e-01
7.964601516723632812e-01
7.964601516723632812e-01
7.964601516723632812e-01
7.964601516723632812e-01
7.964601516723632812e-01
7.964601516723632812e-01
7.876105904579162598e-01
7.787610888481140137e-01
7.964601516723632812e-01
7.787610888481140137e-01
8.053097128868103027e-01
8.230088353157043457e-01
7.964601516723632812e-01
7.964601516723632812e-01
7.876105904579162598e-01
7.787610888481140137e-01
7.787610888481140137e-01
8.230088353157043457e-01
7.876105904579162598e-01
7.787610888481140137e-01
7.787610888481140137e-01
8.230088353157043457e-01
8.141592741012573242e-01
7.876105904579162598e-01
7.787610888481140137e-01
7.876105904579162598e-01
7.876105904579162598e-01
7.876105904579162598e-01
7.876105904579162598e-01
7.787610888481140137e-01
8.053097128868103027e-01
8.230088353157043457e-01
8.141592741012573242e-01
8.141592741012573242e-01
8.318583965301513672e-01
8.141592741012573242e-01
8.318583965301513672e-01
8.230088353157043457e-01
8.230088353157043457e-01
8.230088353157043457e-01
8.318583965301513672e-01
8.318583965301513672e-01
8.230088353157043457e-01
8.141592741012573242e-01
8.230088353157043457e-01
8.053097128868103027e-01
8.230088353157043457e-01
8.230088353157043457e-01
8.230088353157043457e-01
8.053097128868103027e-01
7.964601516723632812e-01
8.141592741012573242e-01
8.230088353157043457e-01
8.230088353157043457e-01
8.053097128868103027e-01
8.053097128868103027e-01
8.053097128868103027e-01
8.230088353157043457e-01
8.053097128868103027e-01
7.964601516723632812e-01
8.230088353157043457e-01
8.230088353157043457e-01
8.230088353157043457e-01
8.230088353157043457e-01
8.230088353157043457e-01
8.053097128868103027e-01
8.053097128868103027e-01
8.053097128868103027e-01
8.141592741012573242e-01
8.053097128868103027e-01
8.230088353157043457e-01
8.230088353157043457e-01
7.876105904579162598e-01
8.053097128868103027e-01
8.141592741012573242e-01
7.964601516723632812e-01
8.230088353157043457e-01
8.230088353157043457e-01
8.230088353157043457e-01
8.318583965301513672e-01
8.053097128868103027e-01
8.318583965301513672e-01
8.141592741012573242e-01
8.230088353157043457e-01
8.053097128868103027e-01
8.053097128868103027e-01
8.230088353157043457e-01
8.141592741012573242e-01
8.318583965301513672e-01
8.230088353157043457e-01
8.318583965301513672e-01
8.230088353157043457e-01
8.230088353157043457e-01
8.230088353157043457e-01
8.230088353157043457e-01
8.230088353157043457e-01
8.230088353157043457e-01
8.141592741012573242e-01
8.230088353157043457e-01
8.230088353157043457e-01
8.141592741012573242e-01
8.230088353157043457e-01
8.318583965301513672e-01
8.141592741012573242e-01
8.141592741012573242e-01
8.230088353157043457e-01
8.141592741012573242e-01
8.141592741012573242e-01
8.141592741012573242e-01
8.141592741012573242e-01
8.141592741012573242e-01
8.141592741012573242e-01
8.053097128868103027e-01
8.141592741012573242e-01
8.141592741012573242e-01
8.141592741012573242e-01
8.141592741012573242e-01
8.053097128868103027e-01
8.053097128868103027e-01
8.141592741012573242e-01
7.964601516723632812e-01
8.053097128868103027e-01
7.964601516723632812e-01
8.141592741012573242e-01
8.053097128868103027e-01
8.053097128868103027e-01
8.053097128868103027e-01
7.964601516723632812e-01
7.964601516723632812e-01
7.964601516723632812e-01
7.964601516723632812e-01
8.053097128868103027e-01
8.053097128868103027e-01
8.053097128868103027e-01
8.053097128868103027e-01
7.964601516723632812e-01
7.876105904579162598e-01
7.964601516723632812e-01
7.964601516723632812e-01
7.964601516723632812e-01
7.964601516723632812e-01
8.053097128868103027e-01
7.964601516723632812e-01
8.053097128868103027e-01
7.876105904579162598e-01
7.964601516723632812e-01
7.964601516723632812e-01
8.053097128868103027e-01
7.876105904579162598e-01
7.787610888481140137e-01
7.876105904579162598e-01
7.964601516723632812e-01
7.964601516723632812e-01
7.964601516723632812e-01
8.053097128868103027e-01
7.964601516723632812e-01
8.053097128868103027e-01
7.964601516723632812e-01
7.964601516723632812e-01
8.141592741012573242e-01
7.964601516723632812e-01
8.053097128868103027e-01
7.964601516723632812e-01
8.053097128868103027e-01
8.053097128868103027e-01
8.141592741012573242e-01
8.141592741012573242e-01
7.964601516723632812e-01
8.053097128868103027e-01
7.964601516723632812e-01
7.964601516723632812e-01
7.964601516723632812e-01
8.141592741012573242e-01
7.964601516723632812e-01
8.053097128868103027e-01
7.964601516723632812e-01
8.053097128868103027e-01
8.141592741012573242e-01
7.964601516723632812e-01
7.964601516723632812e-01
8.141592741012573242e-01
7.964601516723632812e-01
8.053097128868103027e-01
7.964601516723632812e-01
7.964601516723632812e-01
7.964601516723632812e-01
8.053097128868103027e-01
8.053097128868103027e-01
7.964601516723632812e-01
7.964601516723632812e-01
7.964601516723632812e-01
7.964601516723632812e-01
7.876105904579162598e-01
8.053097128868103027e-01
7.964601516723632812e-01
7.964601516723632812e-01
7.876105904579162598e-01
7.964601516723632812e-01
7.964601516723632812e-01
7.964601516723632812e-01
7.964601516723632812e-01
7.964601516723632812e-01
7.964601516723632812e-01
8.053097128868103027e-01
7.876105904579162598e-01
7.876105904579162598e-01
7.964601516723632812e-01
7.964601516723632812e-01
8.053097128868103027e-01
7.787610888481140137e-01
7.787610888481140137e-01
7.787610888481140137e-01
8.053097128868103027e-01
8.141592741012573242e-01
7.876105904579162598e-01
7.964601516723632812e-01
7.876105904579162598e-01
7.964601516723632812e-01
7.964601516723632812e-01
7.876105904579162598e-01
7.876105904579162598e-01
7.787610888481140137e-01
7.876105904579162598e-01
8.053097128868103027e-01
7.876105904579162598e-01
7.876105904579162598e-01
7.964601516723632812e-01
7.876105904579162598e-01
7.876105904579162598e-01
7.876105904579162598e-01
7.876105904579162598e-01
7.964601516723632812e-01
7.964601516723632812e-01
8.141592741012573242e-01
7.876105904579162598e-01
7.876105904579162598e-01
7.964601516723632812e-01
7.964601516723632812e-01
7.964601516723632812e-01
7.964601516723632812e-01
8.053097128868103027e-01
7.964601516723632812e-01
7.876105904579162598e-01
7.876105904579162598e-01
7.964601516723632812e-01
8.141592741012573242e-01
7.964601516723632812e-01
7.964601516723632812e-01
7.964601516723632812e-01
8.053097128868103027e-01
8.141592741012573242e-01
7.964601516723632812e-01
7.964601516723632812e-01
7.787610888481140137e-01
7.964601516723632812e-01
7.964601516723632812e-01
7.876105904579162598e-01
7.964601516723632812e-01
7.964601516723632812e-01
8.053097128868103027e-01
7.964601516723632812e-01
7.964601516723632812e-01
7.964601516723632812e-01
7.787610888481140137e-01
7.876105904579162598e-01
7.964601516723632812e-01
8.053097128868103027e-01
8.141592741012573242e-01
8.053097128868103027e-01
7.787610888481140137e-01
8.141592741012573242e-01
8.053097128868103027e-01
7.964601516723632812e-01
7.964601516723632812e-01
8.053097128868103027e-01
8.053097128868103027e-01
7.964601516723632812e-01
8.053097128868103027e-01
8.053097128868103027e-01
8.053097128868103027e-01
7.787610888481140137e-01
7.964601516723632812e-01
8.053097128868103027e-01
7.964601516723632812e-01
8.053097128868103027e-01
8.053097128868103027e-01
8.053097128868103027e-01
8.053097128868103027e-01
7.787610888481140137e-01
7.787610888481140137e-01
8.141592741012573242e-01
8.053097128868103027e-01
8.053097128868103027e-01
8.053097128868103027e-01
8.053097128868103027e-01
8.053097128868103027e-01
8.141592741012573242e-01
8.053097128868103027e-01
8.053097128868103027e-01
7.964601516723632812e-01
8.053097128868103027e-01
8.141592741012573242e-01
7.876105904579162598e-01
