1.900068521499633789e-01
1.858032643795013428e-01
1.819116026163101196e-01
1.780126988887786865e-01
1.740920096635818481e-01
1.701598465442657471e-01
1.662555485963821411e-01
1.624645441770553589e-01
1.588747352361679077e-01
1.555226594209671021e-01
1.523845046758651733e-01
1.493998020887374878e-01
1.465011835098266602e-01
1.436320990324020386e-01
1.407549679279327393e-01
1.378543376922607422e-01
1.349347978830337524e-01
1.320156306028366089e-01
1.291219592094421387e-01
1.262780129909515381e-01
1.235062777996063232e-01
1.208287253975868225e-01
1.182683259248733521e-01
1.158440336585044861e-01
1.135670468211174011e-01
1.114408746361732483e-01
1.094627156853675842e-01
1.076260805130004883e-01
1.059223115444183350e-01
1.043415218591690063e-01
1.028738394379615784e-01
1.015089452266693115e-01
1.002373844385147095e-01
9.904991835355758667e-02
9.793833643198013306e-02
9.689480811357498169e-02
9.591278433799743652e-02
9.498608857393264771e-02
9.410926699638366699e-02
9.327758848667144775e-02
9.248682111501693726e-02
9.173325449228286743e-02
9.101362526416778564e-02
9.032517671585083008e-02
8.966529369354248047e-02
8.903189003467559814e-02
8.842299878597259521e-02
8.783695101737976074e-02
8.727239817380905151e-02
8.672787994146347046e-02
8.620215952396392822e-02
8.569426089525222778e-02
8.520302176475524902e-02
8.472763001918792725e-02
8.426716923713684082e-02
8.382096886634826660e-02
8.338803797960281372e-02
8.296789228916168213e-02
8.255978673696517944e-02
8.216327428817749023e-02
8.177774399518966675e-02
8.140267431735992432e-02
8.103753626346588135e-02
8.068198710680007935e-02
8.033570647239685059e-02
7.999818772077560425e-02
7.966908812522888184e-02
7.934813946485519409e-02
7.903490215539932251e-02
7.872930169105529785e-02
7.843081653118133545e-02
7.813935726881027222e-02
7.785460352897644043e-02
7.757627218961715698e-02
7.730430364608764648e-02
7.703826576471328735e-02
7.677805423736572266e-02
7.652347534894943237e-02
7.627424597740173340e-02
7.603025436401367188e-02
7.579126954078674316e-02
7.555709034204483032e-02
7.532750815153121948e-02
7.510233670473098755e-02
7.488142699003219604e-02
7.466451823711395264e-02
7.445152848958969116e-02
7.424215972423553467e-02
7.403623312711715698e-02
7.383353263139724731e-02
7.363383471965789795e-02
7.343686372041702271e-02
7.324251532554626465e-02
7.305044680833816528e-02
7.286044955253601074e-02
7.267233729362487793e-02
7.248577475547790527e-02
7.230066508054733276e-02
7.211673259735107422e-02
7.193388789892196655e-02
7.175193727016448975e-02
7.157074660062789917e-02
7.139039784669876099e-02
7.121077924966812134e-02
7.103179395198822021e-02
7.085374742746353149e-02
7.067650556564331055e-02
7.050030678510665894e-02
7.032507658004760742e-02
7.015108317136764526e-02
6.997830420732498169e-02
6.980694830417633057e-02
6.963704526424407959e-02
6.946866214275360107e-02
6.930193305015563965e-02
6.913691759109497070e-02
6.897360831499099731e-02
6.881208717823028564e-02
6.865239888429641724e-02
6.849456578493118286e-02
6.833861023187637329e-02
6.818448752164840698e-02
6.803227216005325317e-02
6.788186728954315186e-02
6.773327291011810303e-02
6.758645921945571899e-02
6.744141131639480591e-02
6.729815155267715454e-02
6.715648621320724487e-02
6.701652705669403076e-02
6.687816977500915527e-02
6.674133241176605225e-02
6.660602986812591553e-02
6.647215038537979126e-02
6.633973121643066406e-02
6.620863080024719238e-02
6.607887148857116699e-02
6.595035642385482788e-02
6.582312285900115967e-02
6.569705158472061157e-02
6.557215750217437744e-02
6.544829905033111572e-02
6.532561033964157104e-02
6.520392000675201416e-02
6.508325785398483276e-02
6.496355682611465454e-02
6.484486907720565796e-02
6.472709029912948608e-02
6.461028009653091431e-02
6.449432671070098877e-02
6.437925994396209717e-02
6.426509469747543335e-02
6.415180116891860962e-02
6.403934955596923828e-02
6.392772495746612549e-02
6.381701678037643433e-02
6.370708346366882324e-02
6.359795480966567993e-02
6.348970532417297363e-02
6.338225305080413818e-02
6.327564269304275513e-02
6.316981464624404907e-02
6.306481361389160156e-02
6.296066194772720337e-02
6.285727024078369141e-02
6.275478005409240723e-02
6.265302747488021851e-02
6.255216896533966064e-02
6.245210394263267517e-02
6.235286593437194824e-02
6.225439533591270447e-02
6.215675920248031616e-02
6.205992400646209717e-02
6.196391209959983826e-02
6.186873465776443481e-02
6.177435815334320068e-02
6.168078258633613586e-02
6.158801540732383728e-02
6.149603798985481262e-02
6.140486896038055420e-02
6.131451204419136047e-02
6.122488901019096375e-02
6.113608926534652710e-02
6.104811280965805054e-02
6.096082180738449097e-02
6.087438017129898071e-02
6.078867241740226746e-02
6.070369482040405273e-02
6.061948835849761963e-02
6.053602695465087891e-02
6.045329943299293518e-02
6.037123873829841614e-02
6.028998270630836487e-02
6.020937860012054443e-02
6.012950465083122253e-02
6.005030870437622070e-02
5.997180566191673279e-02
5.989394709467887878e-02
5.981676653027534485e-02
5.974022299051284790e-02
5.966434627771377563e-02
5.958908051252365112e-02
5.951444059610366821e-02
5.944043025374412537e-02
5.936700105667114258e-02
5.929411947727203369e-02
5.922182649374008179e-02
5.915009602904319763e-02
5.907893180847167969e-02
5.900822952389717102e-02
5.893815681338310242e-02
5.886853486299514771e-02
5.879945307970046997e-02
5.873079225420951843e-02
5.866266414523124695e-02
5.859497189521789551e-02
5.852774158120155334e-02
5.846096575260162354e-02
5.839465558528900146e-02
5.832866579294204712e-02
5.826313048601150513e-02
5.819799378514289856e-02
5.813324451446533203e-02
5.806876346468925476e-02
5.800475552678108215e-02
5.794102698564529419e-02
5.787764862179756165e-02
5.781460925936698914e-02
5.775191262364387512e-02
5.768944323062896729e-02
5.762731283903121948e-02
5.756544321775436401e-02
5.750386789441108704e-02
5.744246393442153931e-02
5.738139525055885315e-02
5.732054263353347778e-02
5.725992470979690552e-02
5.719950050115585327e-02
5.713928863406181335e-02
5.707932263612747192e-02
5.701949447393417358e-02
5.695987492799758911e-02
5.690043047070503235e-02
5.684113875031471252e-02
5.678202211856842041e-02
5.672307312488555908e-02
5.666425451636314392e-02
5.660557001829147339e-02
5.654700845479965210e-02
5.648857355117797852e-02
5.643025785684585571e-02
5.637204647064208984e-02
5.631393194198608398e-02
5.625595524907112122e-02
5.619800463318824768e-02
5.614015832543373108e-02
5.608242377638816833e-02
5.602473020553588867e-02
5.596713721752166748e-02
5.590953677892684937e-02
5.585207790136337280e-02
5.579468980431556702e-02
5.573725700378417969e-02
5.567995086312294006e-02
5.562259629368782043e-02
5.556533858180046082e-02
5.550809577107429504e-02
5.545086786150932312e-02
5.539371818304061890e-02
5.533652380108833313e-02
5.527936667203903198e-02
5.522219091653823853e-02
5.516511201858520508e-02
5.510797351598739624e-02
5.505088716745376587e-02
5.499376729130744934e-02
5.493664368987083435e-02
5.487948283553123474e-02
5.482238903641700745e-02
5.476526543498039246e-02
5.470808222889900208e-02
5.465092509984970093e-02
5.459371954202651978e-02
5.453654006123542786e-02
5.447926744818687439e-02
5.442204698920249939e-02
5.436475947499275208e-02
5.430746451020240784e-02
5.425012111663818359e-02
5.419274792075157166e-02
5.413537099957466125e-02
5.407792329788208008e-02
5.402046069502830505e-02
5.396290123462677002e-02
5.390537530183792114e-02
5.384780466556549072e-02
5.379015952348709106e-02
5.373251438140869141e-02
5.367479473352432251e-02
5.361700803041458130e-02
5.355919152498245239e-02
5.350136011838912964e-02
5.344346165657043457e-02
5.338551849126815796e-02
5.332752317190170288e-02
5.326943844556808472e-02
5.321134626865386963e-02
5.315316841006278992e-02
5.309497937560081482e-02
5.303665623068809509e-02
5.297835916280746460e-02
5.291998758912086487e-02
5.286157503724098206e-02
5.280309170484542847e-02
5.274453759193420410e-02
5.268594250082969666e-02
5.262732505798339844e-02
5.256858095526695251e-02
5.250983312726020813e-02
5.245096608996391296e-02
5.239208415150642395e-02
5.233314260840415955e-02
5.227416753768920898e-02
5.221505463123321533e-02
5.215594172477722168e-02
5.209677666425704956e-02
5.203755572438240051e-02
5.197823420166969299e-02
5.191889405250549316e-02
5.185948312282562256e-02
5.179999023675918579e-02
5.174044892191886902e-02
5.168087035417556763e-02
5.162123590707778931e-02
5.156150087714195251e-02
5.150175094604492188e-02
5.144189298152923584e-02
5.138203501701354980e-02
5.132209882140159607e-02
5.126208439469337463e-02
5.120203644037246704e-02
5.114189535379409790e-02
5.108174309134483337e-02
5.102149397134780884e-02
5.096119642257690430e-02
5.090084671974182129e-02
5.084044858813285828e-02
5.077995732426643372e-02
5.071942508220672607e-02
5.065882578492164612e-02
5.059817805886268616e-02
5.053745210170745850e-02
5.047672986984252930e-02
5.041591078042984009e-02
5.035498365759849548e-02
5.029408633708953857e-02
5.023306980729103088e-02
5.017201602458953857e-02
5.011087656021118164e-02
5.004972219467163086e-02
4.998849332332611084e-02
4.992715641856193542e-02
4.986584186553955078e-02
4.980441182851791382e-02
4.974296316504478455e-02
4.968140274286270142e-02
4.961986467242240906e-02
4.955819249153137207e-02
4.949644953012466431e-02
4.943466931581497192e-02
4.937282577157020569e-02
4.931093752384185791e-02
4.924898967146873474e-02
4.918693378567695618e-02
4.912488535046577454e-02
4.906272888183593750e-02
4.900051653385162354e-02
4.893822968006134033e-02
4.887592792510986328e-02
4.881352558732032776e-02
4.875108227133750916e-02
4.868852347135543823e-02
4.862594231963157654e-02
4.856327548623085022e-02
4.850054904818534851e-02
4.843773320317268372e-02
4.837492853403091431e-02
4.831196367740631104e-02
4.824894666671752930e-02
4.818592220544815063e-02
4.812272638082504272e-02
4.805953428149223328e-02
4.799621552228927612e-02
4.793285951018333435e-02
4.786942526698112488e-02
4.780589044094085693e-02
4.774227365851402283e-02
4.767861589789390564e-02
4.761483147740364075e-02
4.755098745226860046e-02
4.748705029487609863e-02
4.742300510406494141e-02
4.735891148447990417e-02
4.729469865560531616e-02
4.723040014505386353e-02
4.716603830456733704e-02
4.710156843066215515e-02
4.703696817159652710e-02
4.697234556078910828e-02
4.690759256482124329e-02
4.684274271130561829e-02
4.677781090140342712e-02
4.671274498105049133e-02
4.664759710431098938e-02
4.658236354589462280e-02
4.651703685522079468e-02
4.645157605409622192e-02
4.638605937361717224e-02
4.632046818733215332e-02
4.625470191240310669e-02
4.618890956044197083e-02
4.612301290035247803e-02
4.605701938271522522e-02
4.599095880985260010e-02
4.592479765415191650e-02
4.585853219032287598e-02
4.579219594597816467e-02
4.572583734989166260e-02
4.565932601690292358e-02
4.559279978275299072e-02
4.552621766924858093e-02
4.545952379703521729e-02
4.539279639720916748e-02
4.532604664564132690e-02
4.525919258594512939e-02
4.519233852624893188e-02
4.512542858719825745e-02
4.505847766995429993e-02
4.499151930212974548e-02
4.492454230785369873e-02
4.485756903886795044e-02
4.479055851697921753e-02
4.472352936863899231e-02
4.465652629733085632e-02
4.458950832486152649e-02
4.452254250645637512e-02
4.445556551218032837e-02
4.438862949609756470e-02
4.432173818349838257e-02
4.425486177206039429e-02
4.418801516294479370e-02
4.412126913666725159e-02
4.405455291271209717e-02
4.398784413933753967e-02
4.392128065228462219e-02
4.385473206639289856e-02
4.378825053572654724e-02
4.372186586260795593e-02
4.365560412406921387e-02
4.358936846256256104e-02
4.352327063679695129e-02
4.345722869038581848e-02
4.339126870036125183e-02
4.332546889781951904e-02
4.325974360108375549e-02
4.319411888718605042e-02
4.312857240438461304e-02
4.306320846080780029e-02
4.299789294600486755e-02
4.293272271752357483e-02
4.286762699484825134e-02
4.280265420675277710e-02
4.273783788084983826e-02
4.267305508255958557e-02
4.260845854878425598e-02
4.254394397139549255e-02
4.247954860329627991e-02
4.241527616977691650e-02
4.235107079148292542e-02
4.228701069951057434e-02
4.222302138805389404e-02
4.215916991233825684e-02
4.209541529417037964e-02
4.203172400593757629e-02
4.196819290518760681e-02
4.190470278263092041e-02
4.184135422110557556e-02
4.177803546190261841e-02
4.171484708786010742e-02
4.165172949433326721e-02
4.158870130777359009e-02
4.152574017643928528e-02
4.146288335323333740e-02
4.140003770589828491e-02
4.133732989430427551e-02
4.127464815974235535e-02
4.121205583214759827e-02
4.114949330687522888e-02
4.108700901269912720e-02
4.102458804845809937e-02
