2.594234943389892578e-01
3.059867024421691895e-01
3.592017590999603271e-01
3.880265951156616211e-01
4.168514311313629150e-01
4.412416815757751465e-01
4.634146392345428467e-01
4.811529815196990967e-01
4.922394752502441406e-01
5.144124031066894531e-01
5.277161598205566406e-01
5.321508049964904785e-01
5.454545617103576660e-01
5.543237328529357910e-01
5.676274895668029785e-01
5.831485390663146973e-01
5.964523553848266602e-01
6.031042337417602539e-01
6.164079904556274414e-01
6.252771615982055664e-01
6.385809183120727539e-01
6.518846750259399414e-01
6.629711985588073730e-01
6.607539057731628418e-01
6.740576624870300293e-01
6.873614192008972168e-01
6.962305903434753418e-01
6.962305903434753418e-01
7.028824687004089355e-01
7.095343470573425293e-01
7.184035181999206543e-01
7.228381633758544922e-01
7.294900417327880859e-01
7.383592128753662109e-01
7.405765056610107422e-01
7.383592128753662109e-01
7.450110912322998047e-01
7.494456768035888672e-01
7.516629695892333984e-01
7.538802623748779297e-01
7.560975551605224609e-01
7.560975551605224609e-01
7.560975551605224609e-01
7.605321407318115234e-01
7.627494335174560547e-01
7.649667263031005859e-01
7.627494335174560547e-01
7.671840190887451172e-01
7.671840190887451172e-01
7.671840190887451172e-01
7.694013118743896484e-01
7.760531902313232422e-01
7.760531902313232422e-01
7.738358974456787109e-01
7.738358974456787109e-01
7.782704830169677734e-01
7.760531902313232422e-01
7.782704830169677734e-01
7.782704830169677734e-01
7.782704830169677734e-01
7.782704830169677734e-01
7.782704830169677734e-01
7.804877758026123047e-01
7.804877758026123047e-01
7.827051281929016113e-01
7.827051281929016113e-01
7.849224209785461426e-01
7.849224209785461426e-01
7.871397137641906738e-01
7.871397137641906738e-01
7.871397137641906738e-01
7.893570065498352051e-01
7.893570065498352051e-01
7.893570065498352051e-01
7.871397137641906738e-01
7.871397137641906738e-01
7.937915921211242676e-01
7.937915921211242676e-01
7.982261776924133301e-01
8.048780560493469238e-01
8.026607632637023926e-01
8.070953488349914551e-01
8.093126416206359863e-01
8.070953488349914551e-01
8.048780560493469238e-01
8.026607632637023926e-01
8.048780560493469238e-01
8.048780560493469238e-01
8.048780560493469238e-01
8.070953488349914551e-01
8.070953488349914551e-01
8.048780560493469238e-01
8.004434704780578613e-01
8.026607632637023926e-01
8.026607632637023926e-01
8.026607632637023926e-01
8.026607632637023926e-01
8.026607632637023926e-01
8.048780560493469238e-01
8.048780560493469238e-01
8.070953488349914551e-01
8.070953488349914551e-01
8.137472271919250488e-01
8.137472271919250488e-01
8.137472271919250488e-01
8.137472271919250488e-01
8.159645199775695801e-01
8.181818127632141113e-01
8.181818127632141113e-01
8.181818127632141113e-01
8.181818127632141113e-01
8.203991055488586426e-01
8.203991055488586426e-01
8.181818127632141113e-01
8.181818127632141113e-01
8.203991055488586426e-01
8.203991055488586426e-01
8.203991055488586426e-01
8.226163983345031738e-01
8.226163983345031738e-01
8.226163983345031738e-01
8.226163983345031738e-01
8.226163983345031738e-01
8.226163983345031738e-01
8.226163983345031738e-01
8.226163983345031738e-01
8.226163983345031738e-01
8.226163983345031738e-01
8.226163983345031738e-01
8.226163983345031738e-01
8.226163983345031738e-01
8.226163983345031738e-01
8.248336911201477051e-01
8.248336911201477051e-01
8.226163983345031738e-01
8.226163983345031738e-01
8.226163983345031738e-01
8.248336911201477051e-01
8.248336911201477051e-01
8.248336911201477051e-01
8.248336911201477051e-01
8.248336911201477051e-01
8.248336911201477051e-01
8.248336911201477051e-01
8.248336911201477051e-01
8.270509839057922363e-01
8.270509839057922363e-01
8.270509839057922363e-01
8.270509839057922363e-01
8.270509839057922363e-01
8.270509839057922363e-01
8.270509839057922363e-01
8.270509839057922363e-01
8.270509839057922363e-01
8.270509839057922363e-01
8.270509839057922363e-01
8.270509839057922363e-01
8.270509839057922363e-01
8.270509839057922363e-01
8.270509839057922363e-01
8.270509839057922363e-01
8.270509839057922363e-01
8.270509839057922363e-01
8.270509839057922363e-01
8.270509839057922363e-01
8.270509839057922363e-01
8.270509839057922363e-01
8.270509839057922363e-01
8.292682766914367676e-01
8.292682766914367676e-01
8.314855694770812988e-01
8.314855694770812988e-01
8.337028622627258301e-01
8.337028622627258301e-01
8.337028622627258301e-01
8.337028622627258301e-01
8.337028622627258301e-01
8.337028622627258301e-01
8.337028622627258301e-01
8.337028622627258301e-01
8.337028622627258301e-01
8.337028622627258301e-01
8.337028622627258301e-01
8.337028622627258301e-01
8.337028622627258301e-01
8.314855694770812988e-01
8.314855694770812988e-01
8.314855694770812988e-01
8.314855694770812988e-01
8.314855694770812988e-01
8.337028622627258301e-01
8.337028622627258301e-01
8.337028622627258301e-01
8.337028622627258301e-01
8.337028622627258301e-01
8.314855694770812988e-01
8.314855694770812988e-01
8.314855694770812988e-01
8.314855694770812988e-01
8.314855694770812988e-01
8.314855694770812988e-01
8.292682766914367676e-01
8.292682766914367676e-01
8.292682766914367676e-01
8.314855694770812988e-01
8.314855694770812988e-01
8.314855694770812988e-01
8.314855694770812988e-01
8.314855694770812988e-01
8.359201550483703613e-01
8.359201550483703613e-01
8.359201550483703613e-01
8.359201550483703613e-01
8.359201550483703613e-01
8.359201550483703613e-01
8.359201550483703613e-01
8.359201550483703613e-01
8.359201550483703613e-01
8.359201550483703613e-01
8.359201550483703613e-01
8.337028622627258301e-01
8.337028622627258301e-01
8.337028622627258301e-01
8.337028622627258301e-01
8.359201550483703613e-01
8.359201550483703613e-01
8.359201550483703613e-01
8.359201550483703613e-01
8.359201550483703613e-01
8.359201550483703613e-01
8.359201550483703613e-01
8.359201550483703613e-01
8.359201550483703613e-01
8.359201550483703613e-01
8.359201550483703613e-01
8.359201550483703613e-01
8.359201550483703613e-01
8.359201550483703613e-01
8.359201550483703613e-01
8.359201550483703613e-01
8.359201550483703613e-01
8.359201550483703613e-01
8.359201550483703613e-01
8.359201550483703613e-01
8.359201550483703613e-01
8.359201550483703613e-01
8.359201550483703613e-01
8.359201550483703613e-01
8.381374478340148926e-01
8.381374478340148926e-01
8.403547406196594238e-01
8.403547406196594238e-01
8.403547406196594238e-01
8.403547406196594238e-01
8.403547406196594238e-01
8.403547406196594238e-01
8.403547406196594238e-01
8.403547406196594238e-01
8.403547406196594238e-01
8.425720334053039551e-01
8.425720334053039551e-01
8.425720334053039551e-01
8.425720334053039551e-01
8.425720334053039551e-01
8.425720334053039551e-01
8.425720334053039551e-01
8.447893857955932617e-01
8.447893857955932617e-01
8.447893857955932617e-01
8.447893857955932617e-01
8.447893857955932617e-01
8.447893857955932617e-01
8.447893857955932617e-01
8.447893857955932617e-01
8.447893857955932617e-01
8.447893857955932617e-01
8.447893857955932617e-01
8.447893857955932617e-01
8.447893857955932617e-01
8.447893857955932617e-01
8.447893857955932617e-01
8.470066785812377930e-01
8.470066785812377930e-01
8.492239713668823242e-01
8.492239713668823242e-01
8.492239713668823242e-01
8.492239713668823242e-01
8.492239713668823242e-01
8.492239713668823242e-01
8.492239713668823242e-01
8.492239713668823242e-01
8.514412641525268555e-01
8.536585569381713867e-01
8.558758497238159180e-01
8.558758497238159180e-01
8.558758497238159180e-01
8.558758497238159180e-01
8.558758497238159180e-01
8.580931425094604492e-01
8.580931425094604492e-01
8.603104352951049805e-01
8.603104352951049805e-01
8.625277280807495117e-01
8.625277280807495117e-01
8.625277280807495117e-01
8.625277280807495117e-01
8.625277280807495117e-01
8.625277280807495117e-01
8.625277280807495117e-01
8.625277280807495117e-01
8.625277280807495117e-01
8.625277280807495117e-01
8.625277280807495117e-01
8.625277280807495117e-01
8.625277280807495117e-01
8.625277280807495117e-01
8.625277280807495117e-01
8.625277280807495117e-01
8.625277280807495117e-01
8.647450208663940430e-01
8.647450208663940430e-01
8.647450208663940430e-01
8.647450208663940430e-01
8.647450208663940430e-01
8.647450208663940430e-01
8.647450208663940430e-01
8.647450208663940430e-01
8.647450208663940430e-01
8.647450208663940430e-01
8.647450208663940430e-01
8.647450208663940430e-01
8.647450208663940430e-01
8.669623136520385742e-01
8.669623136520385742e-01
8.669623136520385742e-01
8.669623136520385742e-01
8.669623136520385742e-01
8.669623136520385742e-01
8.669623136520385742e-01
8.669623136520385742e-01
8.669623136520385742e-01
8.669623136520385742e-01
8.669623136520385742e-01
8.669623136520385742e-01
8.669623136520385742e-01
8.669623136520385742e-01
8.669623136520385742e-01
8.669623136520385742e-01
8.669623136520385742e-01
8.691796064376831055e-01
8.691796064376831055e-01
8.691796064376831055e-01
8.691796064376831055e-01
8.669623136520385742e-01
8.669623136520385742e-01
8.669623136520385742e-01
8.669623136520385742e-01
8.669623136520385742e-01
8.669623136520385742e-01
8.669623136520385742e-01
8.669623136520385742e-01
8.647450208663940430e-01
8.647450208663940430e-01
8.647450208663940430e-01
8.647450208663940430e-01
8.647450208663940430e-01
8.647450208663940430e-01
8.647450208663940430e-01
8.669623136520385742e-01
8.669623136520385742e-01
8.647450208663940430e-01
8.647450208663940430e-01
8.647450208663940430e-01
8.647450208663940430e-01
8.647450208663940430e-01
8.647450208663940430e-01
8.647450208663940430e-01
8.647450208663940430e-01
8.647450208663940430e-01
8.647450208663940430e-01
8.647450208663940430e-01
8.647450208663940430e-01
8.647450208663940430e-01
8.669623136520385742e-01
8.669623136520385742e-01
8.669623136520385742e-01
8.669623136520385742e-01
8.669623136520385742e-01
8.669623136520385742e-01
8.713968992233276367e-01
8.713968992233276367e-01
8.736141920089721680e-01
8.736141920089721680e-01
8.736141920089721680e-01
8.736141920089721680e-01
8.758314847946166992e-01
8.758314847946166992e-01
8.758314847946166992e-01
8.780487775802612305e-01
8.780487775802612305e-01
8.780487775802612305e-01
8.780487775802612305e-01
8.802660703659057617e-01
8.780487775802612305e-01
8.802660703659057617e-01
8.802660703659057617e-01
8.802660703659057617e-01
8.802660703659057617e-01
8.802660703659057617e-01
8.802660703659057617e-01
8.802660703659057617e-01
8.802660703659057617e-01
8.802660703659057617e-01
8.802660703659057617e-01
8.802660703659057617e-01
8.802660703659057617e-01
8.802660703659057617e-01
8.802660703659057617e-01
8.824833631515502930e-01
8.824833631515502930e-01
8.824833631515502930e-01
8.824833631515502930e-01
8.824833631515502930e-01
8.802660703659057617e-01
8.802660703659057617e-01
8.802660703659057617e-01
8.802660703659057617e-01
8.802660703659057617e-01
8.802660703659057617e-01
8.802660703659057617e-01
8.802660703659057617e-01
8.824833631515502930e-01
8.824833631515502930e-01
8.824833631515502930e-01
8.824833631515502930e-01
8.824833631515502930e-01
8.824833631515502930e-01
8.824833631515502930e-01
8.824833631515502930e-01
8.824833631515502930e-01
8.824833631515502930e-01
8.824833631515502930e-01
8.824833631515502930e-01
8.824833631515502930e-01
8.824833631515502930e-01
8.824833631515502930e-01
8.824833631515502930e-01
8.824833631515502930e-01
8.824833631515502930e-01
8.847006559371948242e-01
8.847006559371948242e-01
8.847006559371948242e-01
8.847006559371948242e-01
8.847006559371948242e-01
8.847006559371948242e-01
8.847006559371948242e-01
8.847006559371948242e-01
8.847006559371948242e-01
8.869179487228393555e-01
8.869179487228393555e-01
8.869179487228393555e-01
8.869179487228393555e-01
8.869179487228393555e-01
8.869179487228393555e-01
8.847006559371948242e-01
8.847006559371948242e-01
8.847006559371948242e-01
8.847006559371948242e-01
8.847006559371948242e-01
8.847006559371948242e-01
8.847006559371948242e-01
8.847006559371948242e-01
8.847006559371948242e-01
8.847006559371948242e-01
8.869179487228393555e-01
8.847006559371948242e-01
8.869179487228393555e-01
8.869179487228393555e-01
8.869179487228393555e-01
8.869179487228393555e-01
8.869179487228393555e-01
8.869179487228393555e-01
8.869179487228393555e-01
8.891352415084838867e-01
8.913525342941284180e-01
8.913525342941284180e-01
8.913525342941284180e-01
8.913525342941284180e-01
8.913525342941284180e-01
8.913525342941284180e-01
8.913525342941284180e-01
8.913525342941284180e-01
8.913525342941284180e-01
8.913525342941284180e-01
8.913525342941284180e-01
8.935698270797729492e-01
8.935698270797729492e-01
8.935698270797729492e-01
8.935698270797729492e-01
8.935698270797729492e-01
