2.185656726360321045e-01
2.130888253450393677e-01
2.079451680183410645e-01
2.028620243072509766e-01
1.975592523813247681e-01
1.917924731969833374e-01
1.854535043239593506e-01
1.787173002958297729e-01
1.720429956912994385e-01
1.658835858106613159e-01
1.604340672492980957e-01
1.556622385978698730e-01
1.514426469802856445e-01
1.476427912712097168e-01
1.441524177789688110e-01
1.408875584602355957e-01
1.377884894609451294e-01
1.348196566104888916e-01
1.319688856601715088e-01
1.292418688535690308e-01
1.266525536775588989e-01
1.242129579186439514e-01
1.219280660152435303e-01
1.197963654994964600e-01
1.178127378225326538e-01
1.159701570868492126e-01
1.142612472176551819e-01
1.126783639192581177e-01
1.112136468291282654e-01
1.098587810993194580e-01
1.086051240563392639e-01
1.074434891343116760e-01
1.063646301627159119e-01
1.053593084216117859e-01
1.044186502695083618e-01
1.035342961549758911e-01
1.026984602212905884e-01
1.019043177366256714e-01
1.011456400156021118e-01
1.004171520471572876e-01
9.971410036087036133e-02
9.903260320425033569e-02
9.836939722299575806e-02
9.772180765867233276e-02
9.708767384290695190e-02
9.646527469158172607e-02
9.585335850715637207e-02
9.525089710950851440e-02
9.465740621089935303e-02
9.407234191894531250e-02
9.349551796913146973e-02
9.292685240507125854e-02
9.236648678779602051e-02
9.181450307369232178e-02
9.127104282379150391e-02
9.073644131422042847e-02
9.021087735891342163e-02
8.969466388225555420e-02
8.918807655572891235e-02
8.869135379791259766e-02
8.820474147796630859e-02
8.772839605808258057e-02
8.726257085800170898e-02
8.680737763643264771e-02
8.636292815208435059e-02
8.592934906482696533e-02
8.550663292407989502e-02
8.509488403797149658e-02
8.469408005475997925e-02
8.430416136980056763e-02
8.392503112554550171e-02
8.355668932199478149e-02
8.319900184869766235e-02
8.285170793533325195e-02
8.251480013132095337e-02
8.218805491924285889e-02
8.187121152877807617e-02
8.156407624483108521e-02
8.126651495695114136e-02
8.097813278436660767e-02
8.069878071546554565e-02
8.042814582586288452e-02
8.016598224639892578e-02
7.991196960210800171e-02
7.966581732034683228e-02
7.942721992731094360e-02
7.919591665267944336e-02
7.897154986858367920e-02
7.875378429889678955e-02
7.854234427213668823e-02
7.833689451217651367e-02
7.813708484172821045e-02
7.794258743524551392e-02
7.775305956602096558e-02
7.756819576025009155e-02
7.738764584064483643e-02
7.721100002527236938e-02
7.703797519207000732e-02
7.686828821897506714e-02
7.670156657695770264e-02
7.653755694627761841e-02
7.637595385313034058e-02
7.621651887893676758e-02
7.605901360511779785e-02
7.590325176715850830e-02
7.574912160634994507e-02
7.559637725353240967e-02
7.544504106044769287e-02
7.529493421316146851e-02
7.514597475528717041e-02
7.499811053276062012e-02
7.485128194093704224e-02
7.470535486936569214e-02
7.456034421920776367e-02
7.441621273756027222e-02
7.427289336919784546e-02
7.413037866353988647e-02
7.398868352174758911e-02
7.384780794382095337e-02
7.370778918266296387e-02
7.356871664524078369e-02
7.343062758445739746e-02
7.329356670379638672e-02
7.315771281719207764e-02
7.302308827638626099e-02
7.288978248834609985e-02
7.275798916816711426e-02
7.262770086526870728e-02
7.249895483255386353e-02
7.237191498279571533e-02
7.224665582180023193e-02
7.212315499782562256e-02
7.200153917074203491e-02
7.188174873590469360e-02
7.176388055086135864e-02
7.164798676967620850e-02
7.153395563364028931e-02
7.142195105552673340e-02
7.131183892488479614e-02
7.120368629693984985e-02
7.109749317169189453e-02
7.099327445030212402e-02
7.089094072580337524e-02
7.079050689935684204e-02
7.069197297096252441e-02
7.059537619352340698e-02
7.050060480833053589e-02
7.040768861770629883e-02
7.031658291816711426e-02
7.022725790739059448e-02
7.013970613479614258e-02
7.005392760038375854e-02
6.996984034776687622e-02
6.988743692636489868e-02
6.980668008327484131e-02
6.972758471965789795e-02
6.965006142854690552e-02
6.957411020994186401e-02
6.949967145919799805e-02
6.942676752805709839e-02
6.935526430606842041e-02
6.928522139787673950e-02
6.921656429767608643e-02
6.914924830198287964e-02
6.908323615789413452e-02
6.901853531599044800e-02
6.895504891872406006e-02
6.889273971319198608e-02
6.883163005113601685e-02
6.877161562442779541e-02
6.871271133422851562e-02
6.865489482879638672e-02
6.859809905290603638e-02
6.854227930307388306e-02
6.848739832639694214e-02
6.843345612287521362e-02
6.838040053844451904e-02
6.832818686962127686e-02
6.827683001756668091e-02
6.822624057531356812e-02
6.817641109228134155e-02
6.812732666730880737e-02
6.807892024517059326e-02
6.803125888109207153e-02
6.798421591520309448e-02
6.793782114982604980e-02
6.789202988147735596e-02
6.784678250551223755e-02
6.780213862657546997e-02
6.775803118944168091e-02
6.771443039178848267e-02
6.767137348651885986e-02
6.762874126434326172e-02
6.758660823106765747e-02
6.754489243030548096e-02
6.750357896089553833e-02
6.746274232864379883e-02
6.742225587368011475e-02
6.738217175006866455e-02
6.734241545200347900e-02
6.730302423238754272e-02
6.726397573947906494e-02
6.722525507211685181e-02
6.718683987855911255e-02
6.714869290590286255e-02
6.711087375879287720e-02
6.707327067852020264e-02
6.703595817089080811e-02
6.699892133474349976e-02
6.696210056543350220e-02
6.692550331354141235e-02
6.688915193080902100e-02
6.685295701026916504e-02
6.681698560714721680e-02
6.678125262260437012e-02
6.674564629793167114e-02
6.671018898487091064e-02
6.667495518922805786e-02
6.663981825113296509e-02
6.660486012697219849e-02
6.657001376152038574e-02
6.653533130884170532e-02
6.650078296661376953e-02
6.646631658077239990e-02
6.643193960189819336e-02
6.639772653579711914e-02
6.636358797550201416e-02
6.632950156927108765e-02
6.629553437232971191e-02
6.626167893409729004e-02
6.622786074876785278e-02
6.619410961866378784e-02
6.616042554378509521e-02
6.612681597471237183e-02
6.609325855970382690e-02
6.605976819992065430e-02
6.602630019187927246e-02
6.599286198616027832e-02
6.595949828624725342e-02
6.592614203691482544e-02
6.589284539222717285e-02
6.585955619812011719e-02
6.582633405923843384e-02
6.579309701919555664e-02
6.575994938611984253e-02
6.572674214839935303e-02
6.569361686706542969e-02
6.566052138805389404e-02
6.562747061252593994e-02
6.559436768293380737e-02
6.556132435798645020e-02
6.552831828594207764e-02
6.549537181854248047e-02
6.546241790056228638e-02
6.542950123548507690e-02
6.539660692214965820e-02
6.536374241113662720e-02
6.533092260360717773e-02
6.529816240072250366e-02
6.526542454957962036e-02
6.523270159959793091e-02
6.520012766122817993e-02
6.516753137111663818e-02
6.513501703739166260e-02
6.510258466005325317e-02
6.507022678852081299e-02
6.503791362047195435e-02
6.500572711229324341e-02
6.497356295585632324e-02
6.494151055812835693e-02
6.490954756736755371e-02
6.487771123647689819e-02
6.484601646661758423e-02
6.481438875198364258e-02
6.478291004896163940e-02
6.475155055522918701e-02
6.472030282020568848e-02
6.468921154737472534e-02
6.465828418731689453e-02
6.462752819061279297e-02
6.459688395261764526e-02
6.456648558378219604e-02
6.453622132539749146e-02
6.450612843036651611e-02
6.447625160217285156e-02
6.444655358791351318e-02
6.441712379455566406e-02
6.438790261745452881e-02
6.435884535312652588e-02
6.433004885911941528e-02
6.430148333311080933e-02
6.427317112684249878e-02
6.424511969089508057e-02
6.421730667352676392e-02
6.418973207473754883e-02
6.416241824626922607e-02
6.413541734218597412e-02
6.410868465900421143e-02
6.408223509788513184e-02
6.405605375766754150e-02
6.403022259473800659e-02
6.400462985038757324e-02
6.397938728332519531e-02
6.395442783832550049e-02
6.392982602119445801e-02
6.390549987554550171e-02
6.388145685195922852e-02
6.385781615972518921e-02
6.383442878723144531e-02
6.381144374608993530e-02
6.378877162933349609e-02
6.376639753580093384e-02
6.374444067478179932e-02
6.372270733118057251e-02
6.370136141777038574e-02
6.368036568164825439e-02
6.365970522165298462e-02
6.363940984010696411e-02
6.361943483352661133e-02
6.359985470771789551e-02
6.358053535223007202e-02
6.356160342693328857e-02
6.354301422834396362e-02
6.352476030588150024e-02
6.350681185722351074e-02
6.348922103643417358e-02
6.347193568944931030e-02
6.345502287149429321e-02
6.343842297792434692e-02
6.342216581106185913e-02
6.340625882148742676e-02
6.339061260223388672e-02
6.337530910968780518e-02
6.336037814617156982e-02
6.334570795297622681e-02
6.333135068416595459e-02
6.331735104322433472e-02
6.330356001853942871e-02
6.329017877578735352e-02
6.327699869871139526e-02
6.326419860124588013e-02
6.325163692235946655e-02
6.323936581611633301e-02
6.322737038135528564e-02
6.321565061807632446e-02
6.320424377918243408e-02
6.319307535886764526e-02
6.318217515945434570e-02
6.317155063152313232e-02
6.316117942333221436e-02
6.315106153488159180e-02
6.314117461442947388e-02
6.313156336545944214e-02
6.312216073274612427e-02
6.311300396919250488e-02
6.310411542654037476e-02
6.309542059898376465e-02
6.308697909116744995e-02
6.307874619960784912e-02
6.307074427604675293e-02
6.306298822164535522e-02
6.305543333292007446e-02
6.304807215929031372e-02
6.304089725017547607e-02
6.303396821022033691e-02
6.302724033594131470e-02
6.302067637443542480e-02
6.301438063383102417e-02
6.300821900367736816e-02
6.300230324268341064e-02
6.299657374620437622e-02
6.299101561307907104e-02
6.298561394214630127e-02
6.298048049211502075e-02
6.297554075717926025e-02
6.297075748443603516e-02
6.296610087156295776e-02
6.296172738075256348e-02
6.295743584632873535e-02
6.295337527990341187e-02
6.294947862625122070e-02
6.294579058885574341e-02
6.294225901365280151e-02
6.293889880180358887e-02
6.293569505214691162e-02
6.293269246816635132e-02
6.292991340160369873e-02
6.292723119258880615e-02
6.292472034692764282e-02
6.292246282100677490e-02
6.292032450437545776e-02
6.291832029819488525e-02
6.291654706001281738e-02
6.291490793228149414e-02
6.291346251964569092e-02
6.291212886571884155e-02
6.291099637746810913e-02
6.291002035140991211e-02
6.290921568870544434e-02
6.290857493877410889e-02
6.290806829929351807e-02
6.290774047374725342e-02
6.290760636329650879e-02
6.290756165981292725e-02
6.290772557258605957e-02
6.290805339813232422e-02
6.290848553180694580e-02
6.290908902883529663e-02
6.290987133979797363e-02
6.291072815656661987e-02
6.291180849075317383e-02
6.291303038597106934e-02
6.291433423757553101e-02
6.291581690311431885e-02
6.291743367910385132e-02
6.291922181844711304e-02
6.292110681533813477e-02
6.292309612035751343e-02
6.292524933815002441e-02
6.292748451232910156e-02
6.292987614870071411e-02
6.293240189552307129e-02
6.293499469757080078e-02
6.293772906064987183e-02
6.294059753417968750e-02
6.294353306293487549e-02
6.294664740562438965e-02
6.294978410005569458e-02
6.295304000377655029e-02
6.295639276504516602e-02
6.295986473560333252e-02
6.296340376138687134e-02
6.296703964471817017e-02
6.297081708908081055e-02
6.297460198402404785e-02
6.297849118709564209e-02
6.298242509365081787e-02
6.298650801181793213e-02
6.299058347940444946e-02
6.299481540918350220e-02
6.299900263547897339e-02
6.300333142280578613e-02
6.300772726535797119e-02
6.301216781139373779e-02
6.301659345626831055e-02
6.302116066217422485e-02
6.302575767040252686e-02
6.303040683269500732e-02
6.303506344556808472e-02
6.303982436656951904e-02
6.304459273815155029e-02
6.304942816495895386e-02
6.305431574583053589e-02
6.305921822786331177e-02
6.306413561105728149e-02
6.306912750005722046e-02
6.307411938905715942e-02
6.307922303676605225e-02
6.308428943157196045e-02
6.308943033218383789e-02
6.309455633163452148e-02
6.309969723224639893e-02
6.310492753982543945e-02
6.311016529798507690e-02
6.311540305614471436e-02
6.312069296836853027e-02
6.312604993581771851e-02
6.313135474920272827e-02
6.313668936491012573e-02
6.314205378293991089e-02
6.314746290445327759e-02
6.315289437770843506e-02
6.315834075212478638e-02
6.316385418176651001e-02
6.316937506198883057e-02
6.317490339279174805e-02
6.318046152591705322e-02
6.318605691194534302e-02
6.319168955087661743e-02
6.319732964038848877e-02
6.320299208164215088e-02
6.320866197347640991e-02
6.321431696414947510e-02
6.322010606527328491e-02
6.322591751813888550e-02
6.323172152042388916e-02
6.323752552270889282e-02
6.324343383312225342e-02
6.324925273656845093e-02
6.325517594814300537e-02
6.326109170913696289e-02
6.326707452535629272e-02
6.327308714389801025e-02
6.327915191650390625e-02
6.328516453504562378e-02
6.329125910997390747e-02
6.329738348722457886e-02
6.330350786447525024e-02
6.330966204404830933e-02
6.331584602594375610e-02
6.332203000783920288e-02
6.332831084728240967e-02
6.333458423614501953e-02
6.334090977907180786e-02
6.334722042083740234e-02
6.335355341434478760e-02
6.335992366075515747e-02
6.336635351181030273e-02
6.337282061576843262e-02
6.337926536798477173e-02
6.338571757078170776e-02
6.339219957590103149e-02
6.339871883392333984e-02
6.340521574020385742e-02
6.341181695461273193e-02
6.341836601495742798e-02
6.342496722936630249e-02
6.343155354261398315e-02
6.343816965818405151e-02
6.344473361968994141e-02
6.345136463642120361e-02
6.345795094966888428e-02
6.346460431814193726e-02
6.347123533487319946e-02
6.347787380218505859e-02
6.348451226949691772e-02
6.349108368158340454e-02
6.349767744541168213e-02
6.350427865982055664e-02
6.351085752248764038e-02
6.351743638515472412e-02
6.352397054433822632e-02
6.353051215410232544e-02
6.353700906038284302e-02
6.354350596666336060e-02
6.354995071887969971e-02
6.355636566877365112e-02
6.356279551982879639e-02
6.356912106275558472e-02
6.357551366090774536e-02
6.358182430267333984e-02
6.358803063631057739e-02
6.359426677227020264e-02
6.360045820474624634e-02
6.360657513141632080e-02
6.361268460750579834e-02
6.361869722604751587e-02
6.362470239400863647e-02
6.363056600093841553e-02
6.363647431135177612e-02
6.364230066537857056e-02
6.364801526069641113e-02
6.365376710891723633e-02
6.365935504436492920e-02
6.366492062807083130e-02
6.367045640945434570e-02
6.367588788270950317e-02
6.368128955364227295e-02
6.368660926818847656e-02
6.369187682867050171e-02
6.369702517986297607e-02
6.370214372873306274e-02
6.370719522237777710e-02
6.371216475963592529e-02
6.371706724166870117e-02
6.372196227312088013e-02
6.372672319412231445e-02
6.373140960931777954e-02
6.373607367277145386e-02
6.374069303274154663e-02
6.374520808458328247e-02
6.374960392713546753e-02
6.375404447317123413e-02
6.375836580991744995e-02
6.376267224550247192e-02
6.376693397760391235e-02
6.377106159925460815e-02
6.377522647380828857e-02
6.377931684255599976e-02
6.378339231014251709e-02
6.378737092018127441e-02
6.379132717847824097e-02
6.379529833793640137e-02
6.379919499158859253e-02
6.380315124988555908e-02
6.380695849657058716e-02
6.381079554557800293e-02
6.381466984748840332e-02
6.381851434707641602e-02
6.382238864898681641e-02
6.382618099451065063e-02
6.383007764816284180e-02
6.383388489484786987e-02
6.383775174617767334e-02
6.384164094924926758e-02
6.384555995464324951e-02
6.384948641061782837e-02
6.385346502065658569e-02
6.385748088359832764e-02
6.386153399944305420e-02
6.386564671993255615e-02
6.386980414390563965e-02
6.387398391962051392e-02
6.387830525636672974e-02
6.388264894485473633e-02
6.388711184263229370e-02
6.389162689447402954e-02
6.389622390270233154e-02
6.390094012022018433e-02
6.390570849180221558e-02
6.391059607267379761e-02
6.391558051109313965e-02
6.392066925764083862e-02
6.392589211463928223e-02
6.393121182918548584e-02
6.393665075302124023e-02
6.394220143556594849e-02
6.394784897565841675e-02
6.395369768142700195e-02
6.395965069532394409e-02
6.396570801734924316e-02
6.397197395563125610e-02
6.397835910320281982e-02
6.398489326238632202e-02
6.399153172969818115e-02
6.399840861558914185e-02
6.400541961193084717e-02
6.401254236698150635e-02
6.401988118886947632e-02
6.402733176946640015e-02
6.403491646051406860e-02
6.404273957014083862e-02
6.405073404312133789e-02
6.405881792306900024e-02
6.406717747449874878e-02
6.407567858695983887e-02
6.408437341451644897e-02
6.409320980310440063e-02
6.410221755504608154e-02
6.411150842905044556e-02
6.412093341350555420e-02
6.413051486015319824e-02
6.414026021957397461e-02
6.415027379989624023e-02
6.416048854589462280e-02
6.417082995176315308e-02
6.418145447969436646e-02
6.419219076633453369e-02
6.420317292213439941e-02
6.421434879302978516e-02
6.422574818134307861e-02
6.423735618591308594e-02
6.424918025732040405e-02
6.426122784614562988e-02
6.427346169948577881e-02
6.428592652082443237e-02
6.429862976074218750e-02
6.431149691343307495e-02
6.432466953992843628e-02
6.433804333209991455e-02
6.435164809226989746e-02
6.436553597450256348e-02
6.437961012125015259e-02
6.439398974180221558e-02
6.440860033035278320e-02
6.442347168922424316e-02
6.443862617015838623e-02
6.445403397083282471e-02
6.446978449821472168e-02
6.448584049940109253e-02
6.450220197439193726e-02
6.451888382434844971e-02
6.453584879636764526e-02
6.455322355031967163e-02
6.457095593214035034e-02
6.458900123834609985e-02
6.460744887590408325e-02
6.462636590003967285e-02
6.464568525552749634e-02
6.466545909643173218e-02
6.468567997217178345e-02
6.470640003681182861e-02
6.472763419151306152e-02
6.474941223859786987e-02
6.477169692516326904e-02
6.479458510875701904e-02
6.481816619634628296e-02
6.484231352806091309e-02
6.486715376377105713e-02
6.489264965057373047e-02
6.491892039775848389e-02
6.494586914777755737e-02
6.497360020875930786e-02
6.500218063592910767e-02
6.503154337406158447e-02
6.506175547838211060e-02
6.509279459714889526e-02
6.512472033500671387e-02
6.515745073556900024e-02
6.519113481044769287e-02
6.522564589977264404e-02
6.526105105876922607e-02
6.529726833105087280e-02
6.533437967300415039e-02
6.537222862243652344e-02
6.541091203689575195e-02
6.545036286115646362e-02
6.549045443534851074e-02
6.553122401237487793e-02
6.557270884513854980e-02
6.561471521854400635e-02
6.565727293491363525e-02
6.570032984018325806e-02
6.574377417564392090e-02
6.578762829303741455e-02
6.583172082901000977e-02
6.587612628936767578e-02
6.592080742120742798e-02
6.596560031175613403e-02
6.601049751043319702e-02
6.605562567710876465e-02
6.610067933797836304e-02
6.614574790000915527e-02
6.619080901145935059e-02
6.623581796884536743e-02
6.628061085939407349e-02
6.632549315690994263e-02
6.637006253004074097e-02
6.641449779272079468e-02
6.645880639553070068e-02
6.650286912918090820e-02
6.654670834541320801e-02
6.659033149480819702e-02
6.663376837968826294e-02
6.667691469192504883e-02
6.671983748674392700e-02
6.676250696182250977e-02
6.680499762296676636e-02
6.684721261262893677e-02
6.688927114009857178e-02
6.693106889724731445e-02
6.697268038988113403e-02
6.701415032148361206e-02
6.705551594495773315e-02
6.709669530391693115e-02
6.713777780532836914e-02
6.717871874570846558e-02
6.721964478492736816e-02
6.726066023111343384e-02
6.730158627033233643e-02
6.734259426593780518e-02
6.738369166851043701e-02
6.742484867572784424e-02
6.746607273817062378e-02
6.750746816396713257e-02
6.754906475543975830e-02
6.759075075387954712e-02
6.763261556625366211e-02
6.767468154430389404e-02
6.771691143512725830e-02
6.775920838117599487e-02
6.780161708593368530e-02
6.784411519765853882e-02
6.788662075996398926e-02
6.792903691530227661e-02
6.797143816947937012e-02
6.801359355449676514e-02
6.805542111396789551e-02
6.809693574905395508e-02
6.813802570104598999e-02
6.817848235368728638e-02
6.821824610233306885e-02
6.825720518827438354e-02
6.829536706209182739e-02
6.833241134881973267e-02
6.836832314729690552e-02
6.840306520462036133e-02
6.843658536672592163e-02
6.846864521503448486e-02
6.849920749664306641e-02
6.852828711271286011e-02
6.855579465627670288e-02
6.858162581920623779e-02
6.860575079917907715e-02
6.862828880548477173e-02
6.864910572767257690e-02
6.866818666458129883e-02
6.868562102317810059e-02
6.870128214359283447e-02
6.871530413627624512e-02
6.872773915529251099e-02
6.873852759599685669e-02
6.874777376651763916e-02
6.875552237033843994e-02
6.876178085803985596e-02
6.876660883426666260e-02
6.876999139785766602e-02
6.877201795578002930e-02
6.877258419990539551e-02
6.877195835113525391e-02
6.876991689205169678e-02
6.876657903194427490e-02
6.876188516616821289e-02
6.875586509704589844e-02
6.874854862689971924e-02
6.873995065689086914e-02
6.872989237308502197e-02
6.871847808361053467e-02
6.870568543672561646e-02
6.869139522314071655e-02
6.867563724517822266e-02
6.865832954645156860e-02
6.863937526941299438e-02
6.861880421638488770e-02
6.859649717807769775e-02
6.857240945100784302e-02
6.854642927646636963e-02
6.851850450038909912e-02
6.848860532045364380e-02
6.845659017562866211e-02
6.842229515314102173e-02
6.838580220937728882e-02
6.834698468446731567e-02
6.830576807260513306e-02
6.826212257146835327e-02
6.821603327989578247e-02
6.816754490137100220e-02
6.811667233705520630e-02
6.806356459856033325e-02
6.800851970911026001e-02
6.795171648263931274e-02
6.789347529411315918e-02
6.783434003591537476e-02
6.777481734752655029e-02
6.771573424339294434e-02
6.765772402286529541e-02
6.760167330503463745e-02
6.754831969738006592e-02
6.749849766492843628e-02
6.745303422212600708e-02
6.741243600845336914e-02
6.737726926803588867e-02
6.734781712293624878e-02
6.732419878244400024e-02
6.730649620294570923e-02
6.729453057050704956e-02
6.728807836771011353e-02
6.728687882423400879e-02
6.729045510292053223e-02
6.729849427938461304e-02
6.731038540601730347e-02
6.732593476772308350e-02
6.734462827444076538e-02
6.736601889133453369e-02
6.738976389169692993e-02
6.741559505462646484e-02
6.744306534528732300e-02
6.747204065322875977e-02
6.750222295522689819e-02
6.753332167863845825e-02
6.756528466939926147e-02
6.759781390428543091e-02
6.763096898794174194e-02
6.766443699598312378e-02
6.769823282957077026e-02
6.773231178522109985e-02
6.776656955480575562e-02
6.780102849006652832e-02
6.783544272184371948e-02
6.786996871232986450e-02
6.790453940629959106e-02
6.793913990259170532e-02
6.797378510236740112e-02
6.800840049982070923e-02
6.804304569959640503e-02
6.807768344879150391e-02
6.811238825321197510e-02
6.814704835414886475e-02
6.818183511495590210e-02
6.821663677692413330e-02
6.825149804353713989e-02
6.828636676073074341e-02
6.832133233547210693e-02
6.835637986660003662e-02
6.839152425527572632e-02
6.842672824859619141e-02
6.846199929714202881e-02
6.849738210439682007e-02
6.853293627500534058e-02
6.856858730316162109e-02
6.860423833131790161e-02
6.864009052515029907e-02
6.867600977420806885e-02
6.871211528778076172e-02
6.874828785657882690e-02
6.878460198640823364e-02
6.882102042436599731e-02
6.885750591754913330e-02
6.889416277408599854e-02
6.893089413642883301e-02
6.896775960922241211e-02
6.900472939014434814e-02
6.904176622629165649e-02
6.907886266708374023e-02
6.911613047122955322e-02
6.915339827537536621e-02
6.919081509113311768e-02
6.922828406095504761e-02
6.926580518484115601e-02
6.930340826511383057e-02
6.934109330177307129e-02
6.937887519598007202e-02
6.941670179367065430e-02
6.945451349020004272e-02
6.949247419834136963e-02
6.953044235706329346e-02
6.956844776868820190e-02
6.960653513669967651e-02
6.964463740587234497e-02
6.968276947736740112e-02
6.972099095582962036e-02
6.975925713777542114e-02
6.979758292436599731e-02
6.983596086502075195e-02
6.987433880567550659e-02
6.991282105445861816e-02
6.995129585266113281e-02
6.998988240957260132e-02
7.002852112054824829e-02
7.006716728210449219e-02
7.010592520236968994e-02
7.014469802379608154e-02
7.018356025218963623e-02
7.022251188755035400e-02
7.026154547929763794e-02
7.030054181814193726e-02
7.033967226743698120e-02
7.037892192602157593e-02
7.041819393634796143e-02
7.045757025480270386e-02
7.049700617790222168e-02
7.053659111261367798e-02
7.057613134384155273e-02
7.061582803726196289e-02
7.065562158823013306e-02
7.069547474384307861e-02
7.073540240526199341e-02
7.077546417713165283e-02
7.081560045480728149e-02
7.085587829351425171e-02
7.089618593454360962e-02
7.093656808137893677e-02
7.097706198692321777e-02
7.101766765117645264e-02
7.105838507413864136e-02
7.109910249710083008e-02
7.113984227180480957e-02
7.118079811334609985e-02
7.122173160314559937e-02
7.126278430223464966e-02
7.130382955074310303e-02
7.134501636028289795e-02
7.138626277446746826e-02
7.142749428749084473e-02
7.146877795457839966e-02
7.151018083095550537e-02
7.155155390501022339e-02
7.159294188022613525e-02
7.163440436124801636e-02
7.167591154575347900e-02
7.171739637851715088e-02
7.175892591476440430e-02
7.180044054985046387e-02
7.184197753667831421e-02
7.188350707292556763e-02
7.192502170801162720e-02
7.196655124425888062e-02
7.200796902179718018e-02
7.204944640398025513e-02
7.209084928035736084e-02
7.213216274976730347e-02
7.217353582382202148e-02
7.221480458974838257e-02
7.225604355335235596e-02
7.229721546173095703e-02
7.233827561140060425e-02
7.237929850816726685e-02
7.242022454738616943e-02
7.246112078428268433e-02
7.250181585550308228e-02
7.254251092672348022e-02
7.258307933807373047e-02
7.262349873781204224e-02
7.266382873058319092e-02
7.270401716232299805e-02
7.274410128593444824e-02
7.278402894735336304e-02
7.282377034425735474e-02
7.286341488361358643e-02
7.290286570787429810e-02
