1.923398077487945557e-01
1.875177174806594849e-01
1.832816451787948608e-01
1.793358474969863892e-01
1.754745692014694214e-01
1.715672910213470459e-01
1.676397174596786499e-01
1.638211309909820557e-01
1.602195054292678833e-01
1.568572521209716797e-01
1.536898165941238403e-01
1.506479531526565552e-01
1.476659625768661499e-01
1.446954309940338135e-01
1.417092084884643555e-01
1.387003064155578613e-01
1.356786787509918213e-01
1.326655745506286621e-01
1.296895742416381836e-01
1.267823725938796997e-01
1.239747032523155212e-01
1.212913542985916138e-01
1.187503412365913391e-01
1.163619086146354675e-01
1.141299754381179810e-01
1.120527759194374084e-01
1.101246327161788940e-01
1.083368211984634399e-01
1.066789329051971436e-01
1.051399707794189453e-01
1.037086769938468933e-01
1.023744866251945496e-01
1.011274456977844238e-01
9.995859861373901367e-02
9.885992109775543213e-02
9.782426804304122925e-02
9.684519469738006592e-02
9.591717272996902466e-02
9.503550082445144653e-02
9.419585764408111572e-02
9.339484572410583496e-02
9.262914955615997314e-02
9.189641475677490234e-02
9.119409322738647461e-02
9.052002429962158203e-02
8.987240493297576904e-02
8.924941718578338623e-02
8.864948153495788574e-02
8.807101845741271973e-02
8.751258254051208496e-02
8.697299659252166748e-02
8.645103126764297485e-02
8.594550192356109619e-02
8.545559644699096680e-02
8.498032391071319580e-02
8.451875299215316772e-02
8.407037705183029175e-02
8.363424241542816162e-02
8.320992439985275269e-02
8.279675990343093872e-02
8.239427953958511353e-02
8.200190961360931396e-02
8.161933720111846924e-02
8.124607056379318237e-02
8.088176697492599487e-02
8.052600175142288208e-02
8.017857372760772705e-02
7.983911037445068359e-02
7.950738072395324707e-02
7.918308675289154053e-02
7.886593788862228394e-02
7.855578511953353882e-02
7.825242727994918823e-02
7.795556634664535522e-02
7.766503840684890747e-02
7.738065719604492188e-02
7.710222899913787842e-02
7.682951539754867554e-02
7.656243443489074707e-02
7.630074024200439453e-02
7.604444026947021484e-02
7.579313218593597412e-02
7.554680109024047852e-02
7.530529797077178955e-02
7.506843656301498413e-02
7.483597844839096069e-02
7.460789382457733154e-02
7.438395172357559204e-02
7.416399568319320679e-02
7.394776493310928345e-02
7.373523712158203125e-02
7.352612167596817017e-02
7.332027703523635864e-02
7.311740517616271973e-02
7.291729003190994263e-02
7.271962612867355347e-02
7.252420485019683838e-02
7.233067601919174194e-02
7.213866710662841797e-02
7.194790244102478027e-02
7.175787538290023804e-02
7.156821340322494507e-02
7.137857377529144287e-02
7.118850946426391602e-02
7.099776715040206909e-02
7.080610096454620361e-02
7.061324268579483032e-02
7.041928917169570923e-02
7.022419571876525879e-02
7.002820074558258057e-02
6.983149796724319458e-02
6.963443011045455933e-02
6.943734735250473022e-02
6.924055516719818115e-02
6.904452294111251831e-02
6.884946674108505249e-02
6.865584105253219604e-02
6.846383959054946899e-02
6.827380508184432983e-02
6.808592379093170166e-02
6.790040433406829834e-02
6.771735846996307373e-02
6.753691285848617554e-02
6.735920161008834839e-02
6.718417257070541382e-02
6.701194494962692261e-02
6.684248894453048706e-02
6.667580455541610718e-02
6.651191413402557373e-02
6.635066121816635132e-02
6.619212776422500610e-02
6.603623926639556885e-02
6.588289886713027954e-02
6.573216617107391357e-02
6.558398157358169556e-02
6.543818116188049316e-02
6.529480963945388794e-02
6.515382975339889526e-02
6.501511484384536743e-02
6.487872451543807983e-02
6.474453210830688477e-02
6.461253762245178223e-02
6.448263674974441528e-02
6.435487419366836548e-02
6.422916799783706665e-02
6.410543620586395264e-02
6.398361176252365112e-02
6.386370956897735596e-02
6.374569982290267944e-02
6.362945586442947388e-02
6.351498514413833618e-02
6.340228766202926636e-02
6.329122930765151978e-02
6.318182498216629028e-02
6.307402253150939941e-02
6.296774744987487793e-02
6.286297738552093506e-02
6.275968253612518311e-02
6.265781074762344360e-02
6.255731731653213501e-02
6.245819106698036194e-02
6.236035749316215515e-02
6.226379051804542542e-02
6.216846778988838196e-02
6.207432970404624939e-02
6.198130175471305847e-02
6.188948825001716614e-02
6.179868057370185852e-02
6.170902401208877563e-02
6.162033602595329285e-02
6.153263151645660400e-02
6.144590303301811218e-02
6.136012077331542969e-02
6.127522885799407959e-02
6.119119003415107727e-02
6.110804155468940735e-02
6.102572008967399597e-02
6.094414740800857544e-02
6.086339429020881653e-02
6.078335270285606384e-02
6.070399656891822815e-02
6.062536686658859253e-02
6.054742634296417236e-02
6.047011166810989380e-02
6.039344519376754761e-02
6.031735986471176147e-02
6.024187803268432617e-02
6.016695871949195862e-02
6.009258329868316650e-02
6.001873686909675598e-02
5.994542688131332397e-02
5.987257510423660278e-02
5.980016291141510010e-02
5.972830951213836670e-02
5.965681001543998718e-02
5.958576872944831848e-02
5.951509997248649597e-02
5.944489687681198120e-02
5.937497690320014954e-02
5.930547043681144714e-02
5.923631414771080017e-02
5.916749686002731323e-02
5.909901484847068787e-02
5.903078988194465637e-02
5.896289646625518799e-02
5.889527499675750732e-02
5.882788076996803284e-02
5.876077339053153992e-02
5.869392678141593933e-02
5.862729251384735107e-02
5.856092274188995361e-02
5.849471315741539001e-02
5.842870846390724182e-02
5.836291983723640442e-02
5.829727649688720703e-02
5.823181197047233582e-02
5.816654488444328308e-02
5.810135975480079651e-02
5.803633853793144226e-02
5.797147750854492188e-02
5.790670216083526611e-02
5.784202367067337036e-02
5.777749419212341309e-02
5.771302431821823120e-02
5.764864757657051086e-02
5.758433416485786438e-02
5.752010643482208252e-02
5.745592713356018066e-02
5.739184096455574036e-02
5.732773616909980774e-02
5.726369470357894897e-02
5.719971656799316406e-02
5.713576450943946838e-02
5.707177892327308655e-02
5.700783804059028625e-02
5.694386735558509827e-02
5.687997117638587952e-02
5.681598186492919922e-02
5.675203725695610046e-02
5.668805539608001709e-02
5.662402883172035217e-02
5.656002089381217957e-02
5.649595707654953003e-02
5.643187463283538818e-02
5.636774748563766479e-02
5.630354955792427063e-02
5.623935163021087646e-02
5.617503449320793152e-02
5.611066520214080811e-02
5.604630336165428162e-02
5.598178878426551819e-02
5.591724440455436707e-02
5.585261806845664978e-02
5.578791722655296326e-02
5.572318658232688904e-02
5.565835908055305481e-02
5.559344589710235596e-02
5.552843213081359863e-02
5.546336248517036438e-02
5.539819598197937012e-02
5.533296987414360046e-02
5.526762083172798157e-02
5.520217120647430420e-02
5.513667687773704529e-02
5.507106706500053406e-02
5.500539392232894897e-02
5.493964999914169312e-02
5.487377196550369263e-02
5.480784922838211060e-02
5.474184453487396240e-02
5.467570945620536804e-02
5.460951104760169983e-02
5.454321578145027161e-02
5.447685718536376953e-02
5.441043525934219360e-02
5.434389412403106689e-02
5.427733436226844788e-02
5.421069264411926270e-02
5.414391681551933289e-02
5.407711118459701538e-02
5.401023104786872864e-02
5.394325405359268188e-02
5.387626215815544128e-02
5.380918830633163452e-02
5.374206975102424622e-02
5.367486551403999329e-02
5.360762402415275574e-02
5.354039743542671204e-02
5.347304791212081909e-02
5.340563878417015076e-02
5.333819985389709473e-02
5.327080190181732178e-02
5.320329219102859497e-02
5.313581228256225586e-02
5.306827649474143982e-02
5.300069227814674377e-02
5.293311923742294312e-02
5.286552011966705322e-02
5.279791727662086487e-02
5.273033306002616882e-02
5.266267806291580200e-02
5.259510874748229980e-02
5.252746865153312683e-02
5.245990306138992310e-02
5.239233747124671936e-02
5.232475697994232178e-02
5.225719138979911804e-02
5.218964442610740662e-02
5.212217941880226135e-02
5.205469578504562378e-02
5.198726803064346313e-02
5.191990733146667480e-02
5.185259133577346802e-02
5.178527161478996277e-02
5.171805992722511292e-02
5.165087804198265076e-02
5.158373340964317322e-02
5.151667818427085876e-02
5.144973099231719971e-02
5.138282477855682373e-02
5.131595581769943237e-02
5.124924331903457642e-02
5.118254199624061584e-02
5.111597850918769836e-02
5.104948952794075012e-02
5.098310485482215881e-02
5.091682076454162598e-02
5.085062235593795776e-02
5.078453198075294495e-02
5.071856081485748291e-02
5.065270885825157166e-02
5.058696120977401733e-02
5.052135512232780457e-02
5.045586824417114258e-02
5.039053782820701599e-02
5.032529681921005249e-02
5.026017874479293823e-02
5.019523203372955322e-02
5.013041570782661438e-02
5.006572231650352478e-02
5.000119656324386597e-02
4.993681609630584717e-02
4.987256228923797607e-02
4.980849474668502808e-02
4.974459484219551086e-02
4.968084022402763367e-02
4.961719736456871033e-02
4.955373704433441162e-02
4.949051514267921448e-02
4.942740872502326965e-02
4.936446994543075562e-02
4.930166900157928467e-02
4.923908784985542297e-02
4.917663708329200745e-02
4.911443591117858887e-02
4.905235022306442261e-02
4.899047315120697021e-02
4.892874881625175476e-02
4.886721074581146240e-02
4.880584031343460083e-02
4.874469339847564697e-02
4.868371039628982544e-02
4.862288758158683777e-02
4.856229200959205627e-02
4.850187525153160095e-02
4.844161495566368103e-02
4.838154837489128113e-02
4.832168668508529663e-02
4.826205223798751831e-02
4.820254445075988770e-02
4.814326018095016479e-02
4.808412864804267883e-02
4.802519455552101135e-02
4.796646907925605774e-02
4.790792986750602722e-02
4.784955456852912903e-02
4.779141396284103394e-02
4.773340374231338501e-02
4.767560586333274841e-02
4.761800915002822876e-02
4.756060615181922913e-02
4.750336706638336182e-02
4.744630306959152222e-02
4.738945886492729187e-02
4.733273759484291077e-02
4.727626219391822815e-02
4.721995443105697632e-02
4.716382920742034912e-02
4.710788279771804810e-02
4.705209657549858093e-02
4.699653387069702148e-02
4.694112017750740051e-02
4.688585177063941956e-02
4.683083668351173401e-02
4.677592962980270386e-02
4.672126099467277527e-02
4.666670411825180054e-02
4.661236703395843506e-02
4.655817896127700806e-02
4.650418460369110107e-02
4.645028710365295410e-02
4.639662802219390869e-02
4.634311795234680176e-02
4.628978297114372253e-02
4.623659327626228333e-02
4.618358239531517029e-02
4.613070562481880188e-02
4.607803001999855042e-02
4.602551087737083435e-02
4.597313329577445984e-02
4.592090100049972534e-02
4.586883634328842163e-02
4.581693932414054871e-02
4.576515406370162964e-02
4.571358487010002136e-02
4.566210508346557617e-02
4.561080038547515869e-02
4.555962979793548584e-02
4.550860077142715454e-02
4.545772820711135864e-02
4.540699347853660583e-02
4.535641893744468689e-02
4.530595242977142334e-02
4.525565728545188904e-02
4.520548880100250244e-02
4.515540599822998047e-02
4.510550200939178467e-02
4.505571350455284119e-02
4.500605165958404541e-02
4.495652765035629272e-02
4.490712285041809082e-02
4.485781863331794739e-02
4.480868577957153320e-02
4.475960507988929749e-02
4.471069201827049255e-02
4.466188326478004456e-02
4.461316391825675964e-02
4.456459730863571167e-02
4.451608285307884216e-02
4.446772858500480652e-02
4.441945254802703857e-02
4.437129572033882141e-02
4.432323575019836426e-02
4.427527636289596558e-02
4.422741010785102844e-02
4.417964071035385132e-02
4.413195326924324036e-02
4.408439993858337402e-02
4.403687641024589539e-02
4.398945719003677368e-02
4.394216090440750122e-02
4.389490559697151184e-02
4.384775832295417786e-02
4.380067810416221619e-02
4.375370219349861145e-02
4.370676726102828979e-02
4.365991801023483276e-02
4.361310228705406189e-02
4.356638342142105103e-02
4.351972788572311401e-02
4.347313195466995239e-02
4.342658072710037231e-02
4.338013380765914917e-02
4.333372786641120911e-02
4.328732192516326904e-02
4.324103146791458130e-02
4.319477826356887817e-02
4.314859211444854736e-02
4.310240969061851501e-02
4.305627942085266113e-02
4.301021620631217957e-02
4.296416416764259338e-02
4.291814938187599182e-02
4.287219047546386719e-02
4.282623901963233948e-02
4.278035461902618408e-02
4.273448884487152100e-02
4.268862307071685791e-02
4.264282435178756714e-02
4.259700700640678406e-02
4.255122318863868713e-02
4.250543937087059021e-02
4.245974123477935791e-02
4.241398349404335022e-02
4.236827790737152100e-02
4.232255741953849792e-02
4.227685928344726562e-02
4.223118722438812256e-02
4.218550398945808411e-02
4.213982820510864258e-02
4.209414869546890259e-02
4.204850271344184875e-02
4.200280085206031799e-02
4.195713251829147339e-02
4.191143438220024109e-02
4.186578094959259033e-02
4.182009026408195496e-02
4.177440702915191650e-02
4.172869399189949036e-02
4.168295860290527344e-02
4.163723811507225037e-02
4.159149527549743652e-02
4.154574498534202576e-02
4.149994626641273499e-02
4.145415499806404114e-02
4.140835255384445190e-02
4.136250913143157959e-02
4.131668061017990112e-02
4.127079993486404419e-02
4.122490063309669495e-02
4.117896407842636108e-02
4.113302752375602722e-02
4.108706116676330566e-02
4.104103893041610718e-02
4.099503904581069946e-02
4.094897210597991943e-02
4.090287908911705017e-02
4.085679724812507629e-02
4.081062972545623779e-02
4.076445102691650391e-02
4.071825742721557617e-02
4.067203402519226074e-02
4.062577709555625916e-02
4.057946056127548218e-02
4.053311049938201904e-02
4.048676416277885437e-02
4.044036567211151123e-02
4.039390012621879578e-02
4.034740477800369263e-02
4.030089080333709717e-02
4.025432094931602478e-02
4.020775854587554932e-02
4.016114026308059692e-02
4.011446237564086914e-02
4.006774723529815674e-02
4.002098366618156433e-02
3.997418656945228577e-02
3.992735221982002258e-02
3.988052532076835632e-02
3.983361274003982544e-02
3.978668898344039917e-02
3.973966464400291443e-02
3.969265148043632507e-02
3.964558616280555725e-02
3.959847241640090942e-02
3.955129161477088928e-02
3.950410708785057068e-02
3.945685923099517822e-02
3.940957039594650269e-02
3.936226293444633484e-02
3.931485116481781006e-02
3.926746174693107605e-02
3.922002390027046204e-02
3.917250782251358032e-02
3.912498056888580322e-02
3.907737135887145996e-02
3.902973979711532593e-02
3.898205235600471497e-02
3.893432766199111938e-02
3.888653591275215149e-02
3.883874043822288513e-02
3.879088163375854492e-02
3.874296694993972778e-02
3.869501501321792603e-02
3.864700719714164734e-02
3.859895095229148865e-02
3.855080902576446533e-02
3.850268945097923279e-02
3.845449537038803101e-02
3.840625286102294922e-02
3.835795819759368896e-02
3.830959647893905640e-02
3.826120123267173767e-02
3.821277990937232971e-02
3.816428408026695251e-02
3.811573982238769531e-02
3.806714713573455811e-02
3.801847994327545166e-02
3.796980902552604675e-02
3.792106732726097107e-02
3.787225484848022461e-02
3.782340511679649353e-02
3.777449950575828552e-02
3.772555291652679443e-02
3.767656534910202026e-02
3.762749210000038147e-02
3.757838532328605652e-02
3.752921521663665771e-02
3.747999295592308044e-02
3.743071481585502625e-02
3.738136962056159973e-02
3.733197599649429321e-02
3.728250041604042053e-02
3.723298385739326477e-02
3.718343004584312439e-02
3.713380545377731323e-02
3.708413615822792053e-02
3.703438863158226013e-02
3.698458522558212280e-02
3.693471848964691162e-02
3.688476979732513428e-02
3.683480620384216309e-02
3.678474575281143188e-02
3.673462197184562683e-02
3.668443113565444946e-02
3.663415461778640747e-02
3.658382967114448547e-02
3.653345257043838501e-02
3.648297488689422607e-02
3.643244504928588867e-02
3.638182580471038818e-02
3.633111715316772461e-02
3.628034517168998718e-02
3.622953221201896667e-02
3.617858514189720154e-02
3.612760826945304871e-02
3.607648611068725586e-02
3.602534160017967224e-02
3.597408533096313477e-02
3.592273220419883728e-02
3.587132319808006287e-02
3.581979498267173767e-02
3.576819971203804016e-02
3.571648895740509033e-02
3.566467389464378357e-02
3.561277315020561218e-02
3.556075692176818848e-02
3.550865128636360168e-02
3.545644134283065796e-02
3.540411964058876038e-02
3.535166010260581970e-02
3.529911488294601440e-02
3.524646162986755371e-02
3.519368544220924377e-02
3.514079004526138306e-02
3.508777916431427002e-02
3.503460064530372620e-02
3.498134389519691467e-02
3.492791205644607544e-02
3.487436473369598389e-02
3.482069447636604309e-02
3.476687893271446228e-02
3.471291437745094299e-02
3.465883433818817139e-02
3.460457548499107361e-02
3.455014154314994812e-02
3.449560701847076416e-02
3.444087505340576172e-02
3.438600152730941772e-02
3.433097153902053833e-02
3.427576646208763123e-02
3.422039002180099487e-02
3.416483104228973389e-02
3.410911187529563904e-02
3.405321016907691956e-02
3.399714455008506775e-02
3.394084796309471130e-02
3.388438373804092407e-02
3.382774069905281067e-02
3.377085551619529724e-02
3.371379151940345764e-02
3.365652635693550110e-02
3.359903767704963684e-02
3.354134038090705872e-02
3.348343446850776672e-02
3.342530876398086548e-02
3.336694836616516113e-02
3.330837190151214600e-02
3.324955701828002930e-02
3.319051861763000488e-02
3.313126415014266968e-02
3.307177126407623291e-02
3.301205113530158997e-02
3.295204415917396545e-02
3.289183229207992554e-02
3.283138945698738098e-02
3.277070820331573486e-02
3.270977362990379333e-02
3.264859318733215332e-02
3.258724510669708252e-02
3.252562135457992554e-02
3.246382623910903931e-02
3.240178525447845459e-02
3.233955428004264832e-02
3.227712586522102356e-02
3.221454843878746033e-02
3.215176984667778015e-02
3.208887949585914612e-02
3.202584013342857361e-02
3.196270391345024109e-02
3.189945593476295471e-02
3.183613717555999756e-02
3.177279978990554810e-02
3.170939907431602478e-02
3.164604306221008301e-02
3.158269822597503662e-02
3.151940181851387024e-02
3.145618364214897156e-02
3.139307349920272827e-02
3.133008256554603577e-02
3.126728162169456482e-02
3.120463341474533081e-02
3.114223107695579529e-02
3.108004666864871979e-02
3.101810999214649200e-02
3.095643967390060425e-02
3.089509159326553345e-02
3.083406947553157806e-02
3.077338635921478271e-02
3.071303293108940125e-02
3.065302968025207520e-02
3.059340640902519226e-02
3.053417801856994629e-02
3.047530911862850189e-02
3.041685931384563446e-02
3.035876154899597168e-02
3.030109591782093048e-02
3.024379722774028778e-02
3.018691390752792358e-02
3.013036586344242096e-02
3.007424436509609222e-02
3.001847863197326660e-02
2.996307238936424255e-02
2.990801446139812469e-02
2.985327132046222687e-02
2.979891002178192139e-02
2.974484674632549286e-02
2.969109825789928436e-02
2.963765151798725128e-02
2.958451025187969208e-02
2.953163534402847290e-02
2.947902120649814606e-02
2.942666783928871155e-02
2.937455847859382629e-02
2.932267636060714722e-02
2.927101962268352509e-02
2.921961061656475067e-02
2.916836552321910858e-02
2.911731228232383728e-02
2.906646206974983215e-02
2.901577576994895935e-02
2.896524779498577118e-02
2.891483902931213379e-02
2.886462211608886719e-02
2.881450764834880829e-02
2.876448817551136017e-02
2.871458977460861206e-02
2.866479195654392242e-02
2.861509844660758972e-02
2.856543846428394318e-02
2.851585857570171356e-02
2.846632897853851318e-02
2.841683290898799896e-02
2.836735732853412628e-02
2.831787802278995514e-02
2.826840244233608246e-02
2.821894176304340363e-02
2.816943824291229248e-02
2.811987139284610748e-02
2.807026170194149017e-02
2.802060358226299286e-02
2.797083370387554169e-02
2.792097441852092743e-02
2.787101827561855316e-02
2.782093547284603119e-02
2.777073532342910767e-02
2.772035636007785797e-02
2.766984514892101288e-02
2.761914394795894623e-02
2.756826765835285187e-02
2.751722559332847595e-02
2.746596187353134155e-02
2.741446346044540405e-02
2.736277319490909576e-02
2.731084637343883514e-02
2.725868858397006989e-02
2.720628120005130768e-02
2.715365402400493622e-02
2.710074931383132935e-02
2.704759500920772552e-02
2.699421532452106476e-02
2.694054506719112396e-02
2.688660845160484314e-02
2.683241106569766998e-02
2.677798271179199219e-02
2.672324143350124359e-02
2.666828967630863190e-02
2.661304548382759094e-02
2.655754424631595612e-02
2.650179527699947357e-02
2.644577436149120331e-02
2.638955041766166687e-02
2.633306384086608887e-02
2.627633325755596161e-02
2.621938101947307587e-02
2.616219408810138702e-02
2.610478736460208893e-02
2.604712545871734619e-02
2.598929964005947113e-02
2.593124657869338989e-02
2.587299793958663940e-02
2.581451088190078735e-02
2.575585618615150452e-02
2.569697611033916473e-02
2.563791722059249878e-02
2.557867206633090973e-02
2.551924623548984528e-02
2.545960620045661926e-02
2.539978548884391785e-02
2.533975802361965179e-02
2.527955919504165649e-02
2.521917223930358887e-02
2.515855617821216583e-02
2.509771659970283508e-02
2.503672800958156586e-02
2.497549727559089661e-02
2.491405606269836426e-02
2.485236525535583496e-02
2.479045093059539795e-02
2.472832798957824707e-02
2.466592192649841309e-02
2.460326068103313446e-02
2.454032003879547119e-02
2.447709441184997559e-02
2.441358007490634918e-02
2.434978634119033813e-02
2.428564801812171936e-02
2.422118373215198517e-02
2.415641024708747864e-02
2.409131266176700592e-02
2.402587980031967163e-02
2.396015077829360962e-02
2.389415353536605835e-02
2.382785454392433167e-02
2.376134321093559265e-02
2.369462326169013977e-02
2.362783439457416534e-02
2.356099151074886322e-02
2.349424734711647034e-02
2.342765033245086670e-02
2.336129359900951385e-02
2.329532988369464874e-02
2.322984300553798676e-02
2.316485904157161713e-02
2.310043200850486755e-02
2.303666621446609497e-02
2.297347784042358398e-02
2.291092462837696075e-02
2.284897305071353912e-02
2.278756909072399139e-02
2.272675372660160065e-02
2.266642451286315918e-02
2.260661311447620392e-02
2.254723943769931793e-02
2.248831652104854584e-02
2.242981642484664917e-02
2.237166650593280792e-02
2.231395244598388672e-02
2.225662581622600555e-02
2.219969220459461212e-02
2.214311063289642334e-02
2.208690345287322998e-02
2.203106693923473358e-02
2.197561413049697876e-02
2.192052267491817474e-02
2.186577953398227692e-02
2.181141637265682220e-02
2.175743505358695984e-02
2.170381322503089905e-02
2.165053598582744598e-02
2.159764990210533142e-02
2.154514379799365997e-02
2.149296179413795471e-02
2.144116908311843872e-02
2.138974145054817200e-02
2.133868075907230377e-02
2.128800190985202789e-02
2.123764343559741974e-02
2.118765749037265778e-02
2.113808505237102509e-02
2.108883112668991089e-02
2.103994227945804596e-02
2.099140919744968414e-02
2.094325236976146698e-02
2.089542150497436523e-02
2.084797993302345276e-02
2.080084942281246185e-02
2.075411565601825714e-02
2.070769667625427246e-02
2.066163532435894012e-02
2.061591483652591705e-02
2.057052217423915863e-02
2.052548527717590332e-02
2.048079669475555420e-02
2.043641172349452972e-02
2.039237320423126221e-02
2.034865692257881165e-02
2.030525915324687958e-02
2.026218548417091370e-02
2.021943964064121246e-02
2.017698436975479126e-02
2.013484574854373932e-02
2.009302191436290741e-02
2.005146630108356476e-02
2.001023106276988983e-02
1.996927149593830109e-02
1.992863044142723083e-02
1.988826505839824677e-02
1.984817348420619965e-02
1.980836503207683563e-02
1.976882107555866241e-02
1.972953975200653076e-02
1.969053409993648529e-02
1.965176872909069061e-02
1.961327157914638519e-02
1.957502588629722595e-02
1.953702978789806366e-02
1.949927397072315216e-02
1.946173235774040222e-02
1.942444965243339539e-02
1.938738115131855011e-02
1.935055293142795563e-02
1.931392587721347809e-02
1.927752047777175903e-02
1.924133487045764923e-02
1.920534484088420868e-02
1.916954480111598969e-02
1.913395896553993225e-02
1.909855380654335022e-02
1.906330510973930359e-02
1.902826689183712006e-02
1.899340562522411346e-02
1.895871758460998535e-02
1.892417855560779572e-02
1.888978667557239532e-02
1.885556615889072418e-02
1.882150769233703613e-02
1.878755912184715271e-02
1.875375397503376007e-02
1.872008480131626129e-02
1.868656463921070099e-02
1.865313202142715454e-02
1.861983351409435272e-02
1.858665235340595245e-02
1.855355687439441681e-02
1.852057315409183502e-02
1.848767697811126709e-02
1.845484599471092224e-02
1.842214539647102356e-02
1.838948018848896027e-02
1.835690252482891083e-02
1.832439936697483063e-02
1.829196326434612274e-02
1.825958117842674255e-02
1.822726055979728699e-02
1.819499395787715912e-02
1.816276088356971741e-02
1.813057437539100647e-02
1.809844002127647400e-02
1.806634105741977692e-02
1.803426630795001984e-02
1.800222508609294891e-02
1.797023974359035492e-02
1.793825626373291016e-02
1.790629513561725616e-02
1.787436753511428833e-02
1.784246787428855896e-02
1.781058683991432190e-02
1.777874305844306946e-02
1.774689368903636932e-02
1.771507225930690765e-02
1.768327690660953522e-02
1.765150576829910278e-02
1.761973649263381958e-02
1.758801564574241638e-02
1.755629107356071472e-02
1.752460561692714691e-02
1.749292761087417603e-02
1.746125705540180206e-02
1.742962189018726349e-02
1.739801838994026184e-02
1.736643351614475250e-02
1.733490079641342163e-02
1.730334199965000153e-02
1.727185770869255066e-02
1.724036410450935364e-02
1.720892637968063354e-02
1.717752218246459961e-02
1.714617758989334106e-02
1.711484417319297791e-02
1.708356291055679321e-02
1.705231145024299622e-02
1.702110283076763153e-02
1.698993332684040070e-02
1.695883460342884064e-02
1.692776568233966827e-02
1.689675450325012207e-02
1.686577498912811279e-02
1.683486625552177429e-02
1.680400222539901733e-02
