2.300885021686553955e-01
2.300885021686553955e-01
2.300885021686553955e-01
2.300885021686553955e-01
2.300885021686553955e-01
2.300885021686553955e-01
2.300885021686553955e-01
2.300885021686553955e-01
2.300885021686553955e-01
2.300885021686553955e-01
2.477876096963882446e-01
2.477876096963882446e-01
2.566371560096740723e-01
2.654867172241210938e-01
2.654867172241210938e-01
2.743362784385681152e-01
2.743362784385681152e-01
2.920354008674621582e-01
2.920354008674621582e-01
3.185840845108032227e-01
3.628318607807159424e-01
4.070796370506286621e-01
4.159291982650756836e-01
4.159291982650756836e-01
4.247787594795227051e-01
4.513274431228637695e-01
4.778760969638824463e-01
5.132743120193481445e-01
5.221238732337951660e-01
5.486725568771362305e-01
5.663716793060302734e-01
5.840708017349243164e-01
6.194690465927124023e-01
6.460176706314086914e-01
6.725663542747497559e-01
6.814159154891967773e-01
6.991150379180908203e-01
7.079645991325378418e-01
6.991150379180908203e-01
7.168141603469848633e-01
7.256637215614318848e-01
6.991150379180908203e-01
6.991150379180908203e-01
7.079645991325378418e-01
7.079645991325378418e-01
7.079645991325378418e-01
7.256637215614318848e-01
7.256637215614318848e-01
7.345132827758789062e-01
7.345132827758789062e-01
7.345132827758789062e-01
7.345132827758789062e-01
7.433628439903259277e-01
7.433628439903259277e-01
7.522124052047729492e-01
7.522124052047729492e-01
7.522124052047729492e-01
7.522124052047729492e-01
7.522124052047729492e-01
7.522124052047729492e-01
7.522124052047729492e-01
7.522124052047729492e-01
7.522124052047729492e-01
7.522124052047729492e-01
7.610619664192199707e-01
7.610619664192199707e-01
7.610619664192199707e-01
7.610619664192199707e-01
7.610619664192199707e-01
7.610619664192199707e-01
7.610619664192199707e-01
7.610619664192199707e-01
7.610619664192199707e-01
7.610619664192199707e-01
7.610619664192199707e-01
7.610619664192199707e-01
7.610619664192199707e-01
7.610619664192199707e-01
7.610619664192199707e-01
7.699115276336669922e-01
7.610619664192199707e-01
7.610619664192199707e-01
7.610619664192199707e-01
7.522124052047729492e-01
7.610619664192199707e-01
7.610619664192199707e-01
7.610619664192199707e-01
7.610619664192199707e-01
7.610619664192199707e-01
7.610619664192199707e-01
7.610619664192199707e-01
7.610619664192199707e-01
7.610619664192199707e-01
7.699115276336669922e-01
7.699115276336669922e-01
7.699115276336669922e-01
7.699115276336669922e-01
7.699115276336669922e-01
7.787610888481140137e-01
7.787610888481140137e-01
7.787610888481140137e-01
7.876105904579162598e-01
7.876105904579162598e-01
7.876105904579162598e-01
7.876105904579162598e-01
7.876105904579162598e-01
7.876105904579162598e-01
7.876105904579162598e-01
7.964601516723632812e-01
7.876105904579162598e-01
7.876105904579162598e-01
7.876105904579162598e-01
7.876105904579162598e-01
7.876105904579162598e-01
7.876105904579162598e-01
7.964601516723632812e-01
7.876105904579162598e-01
7.876105904579162598e-01
7.876105904579162598e-01
7.876105904579162598e-01
7.876105904579162598e-01
7.876105904579162598e-01
7.876105904579162598e-01
7.876105904579162598e-01
7.876105904579162598e-01
7.876105904579162598e-01
7.876105904579162598e-01
7.787610888481140137e-01
7.787610888481140137e-01
7.787610888481140137e-01
7.787610888481140137e-01
7.787610888481140137e-01
7.876105904579162598e-01
7.876105904579162598e-01
7.876105904579162598e-01
7.876105904579162598e-01
7.876105904579162598e-01
7.876105904579162598e-01
7.787610888481140137e-01
7.787610888481140137e-01
7.787610888481140137e-01
7.787610888481140137e-01
7.699115276336669922e-01
7.699115276336669922e-01
7.610619664192199707e-01
7.610619664192199707e-01
7.522124052047729492e-01
7.522124052047729492e-01
7.522124052047729492e-01
7.522124052047729492e-01
7.522124052047729492e-01
7.522124052047729492e-01
7.522124052047729492e-01
7.522124052047729492e-01
7.522124052047729492e-01
7.610619664192199707e-01
7.610619664192199707e-01
7.610619664192199707e-01
7.610619664192199707e-01
7.610619664192199707e-01
7.610619664192199707e-01
7.610619664192199707e-01
7.610619664192199707e-01
7.610619664192199707e-01
7.610619664192199707e-01
7.610619664192199707e-01
7.610619664192199707e-01
7.610619664192199707e-01
7.610619664192199707e-01
7.610619664192199707e-01
7.610619664192199707e-01
7.610619664192199707e-01
7.610619664192199707e-01
7.610619664192199707e-01
7.610619664192199707e-01
7.699115276336669922e-01
7.699115276336669922e-01
7.699115276336669922e-01
7.699115276336669922e-01
7.699115276336669922e-01
7.699115276336669922e-01
7.787610888481140137e-01
7.787610888481140137e-01
7.787610888481140137e-01
7.787610888481140137e-01
7.787610888481140137e-01
7.787610888481140137e-01
7.787610888481140137e-01
7.787610888481140137e-01
7.787610888481140137e-01
7.787610888481140137e-01
7.787610888481140137e-01
7.699115276336669922e-01
7.787610888481140137e-01
7.787610888481140137e-01
7.787610888481140137e-01
7.787610888481140137e-01
7.787610888481140137e-01
7.787610888481140137e-01
7.787610888481140137e-01
7.787610888481140137e-01
7.787610888481140137e-01
7.787610888481140137e-01
7.787610888481140137e-01
7.787610888481140137e-01
7.787610888481140137e-01
7.787610888481140137e-01
7.787610888481140137e-01
7.787610888481140137e-01
7.787610888481140137e-01
7.787610888481140137e-01
7.787610888481140137e-01
7.876105904579162598e-01
7.876105904579162598e-01
7.876105904579162598e-01
7.876105904579162598e-01
7.876105904579162598e-01
7.876105904579162598e-01
7.876105904579162598e-01
7.876105904579162598e-01
7.876105904579162598e-01
7.876105904579162598e-01
7.876105904579162598e-01
7.876105904579162598e-01
7.964601516723632812e-01
7.964601516723632812e-01
7.964601516723632812e-01
7.964601516723632812e-01
7.964601516723632812e-01
8.053097128868103027e-01
8.053097128868103027e-01
8.053097128868103027e-01
8.141592741012573242e-01
8.141592741012573242e-01
8.141592741012573242e-01
8.141592741012573242e-01
8.141592741012573242e-01
8.141592741012573242e-01
8.141592741012573242e-01
8.141592741012573242e-01
8.141592741012573242e-01
8.053097128868103027e-01
8.053097128868103027e-01
8.053097128868103027e-01
8.053097128868103027e-01
8.053097128868103027e-01
8.053097128868103027e-01
8.053097128868103027e-01
8.053097128868103027e-01
8.053097128868103027e-01
7.964601516723632812e-01
7.964601516723632812e-01
7.964601516723632812e-01
8.053097128868103027e-01
8.053097128868103027e-01
8.141592741012573242e-01
8.053097128868103027e-01
8.053097128868103027e-01
8.053097128868103027e-01
8.053097128868103027e-01
8.053097128868103027e-01
8.053097128868103027e-01
8.053097128868103027e-01
8.053097128868103027e-01
8.053097128868103027e-01
8.141592741012573242e-01
8.141592741012573242e-01
8.230088353157043457e-01
8.230088353157043457e-01
8.230088353157043457e-01
8.230088353157043457e-01
8.230088353157043457e-01
8.230088353157043457e-01
8.230088353157043457e-01
8.230088353157043457e-01
8.230088353157043457e-01
8.141592741012573242e-01
8.141592741012573242e-01
8.141592741012573242e-01
8.141592741012573242e-01
8.141592741012573242e-01
8.141592741012573242e-01
8.141592741012573242e-01
8.141592741012573242e-01
8.141592741012573242e-01
8.230088353157043457e-01
8.230088353157043457e-01
8.230088353157043457e-01
8.230088353157043457e-01
8.230088353157043457e-01
8.230088353157043457e-01
8.141592741012573242e-01
8.230088353157043457e-01
8.230088353157043457e-01
8.230088353157043457e-01
8.230088353157043457e-01
8.230088353157043457e-01
8.230088353157043457e-01
8.230088353157043457e-01
8.230088353157043457e-01
8.230088353157043457e-01
8.230088353157043457e-01
8.230088353157043457e-01
8.318583965301513672e-01
8.318583965301513672e-01
8.318583965301513672e-01
8.318583965301513672e-01
8.318583965301513672e-01
8.318583965301513672e-01
8.318583965301513672e-01
8.318583965301513672e-01
8.318583965301513672e-01
8.318583965301513672e-01
8.318583965301513672e-01
8.230088353157043457e-01
8.230088353157043457e-01
8.230088353157043457e-01
8.230088353157043457e-01
8.230088353157043457e-01
8.230088353157043457e-01
8.230088353157043457e-01
8.230088353157043457e-01
8.230088353157043457e-01
8.230088353157043457e-01
8.230088353157043457e-01
8.230088353157043457e-01
8.230088353157043457e-01
8.230088353157043457e-01
8.141592741012573242e-01
8.141592741012573242e-01
8.141592741012573242e-01
8.141592741012573242e-01
8.141592741012573242e-01
8.141592741012573242e-01
8.141592741012573242e-01
8.141592741012573242e-01
7.876105904579162598e-01
7.876105904579162598e-01
8.053097128868103027e-01
7.964601516723632812e-01
7.876105904579162598e-01
7.964601516723632812e-01
7.964601516723632812e-01
7.964601516723632812e-01
7.876105904579162598e-01
7.787610888481140137e-01
7.876105904579162598e-01
7.787610888481140137e-01
7.876105904579162598e-01
7.787610888481140137e-01
7.787610888481140137e-01
7.787610888481140137e-01
7.876105904579162598e-01
7.610619664192199707e-01
7.787610888481140137e-01
7.787610888481140137e-01
7.787610888481140137e-01
7.876105904579162598e-01
7.787610888481140137e-01
7.699115276336669922e-01
7.699115276336669922e-01
7.787610888481140137e-01
7.699115276336669922e-01
7.699115276336669922e-01
7.699115276336669922e-01
7.699115276336669922e-01
7.699115276336669922e-01
7.610619664192199707e-01
7.610619664192199707e-01
7.610619664192199707e-01
7.610619664192199707e-01
7.787610888481140137e-01
7.787610888481140137e-01
7.876105904579162598e-01
7.876105904579162598e-01
7.876105904579162598e-01
7.876105904579162598e-01
7.876105904579162598e-01
7.876105904579162598e-01
7.876105904579162598e-01
7.876105904579162598e-01
7.876105904579162598e-01
7.876105904579162598e-01
7.876105904579162598e-01
7.876105904579162598e-01
7.876105904579162598e-01
7.964601516723632812e-01
7.876105904579162598e-01
7.964601516723632812e-01
7.964601516723632812e-01
7.964601516723632812e-01
7.964601516723632812e-01
7.964601516723632812e-01
7.964601516723632812e-01
7.876105904579162598e-01
7.787610888481140137e-01
7.876105904579162598e-01
7.964601516723632812e-01
7.964601516723632812e-01
8.053097128868103027e-01
7.964601516723632812e-01
7.964601516723632812e-01
7.876105904579162598e-01
7.964601516723632812e-01
7.964601516723632812e-01
7.964601516723632812e-01
7.964601516723632812e-01
7.964601516723632812e-01
7.964601516723632812e-01
7.876105904579162598e-01
7.964601516723632812e-01
7.964601516723632812e-01
7.964601516723632812e-01
7.876105904579162598e-01
8.053097128868103027e-01
8.141592741012573242e-01
7.876105904579162598e-01
8.053097128868103027e-01
8.230088353157043457e-01
8.230088353157043457e-01
7.876105904579162598e-01
8.141592741012573242e-01
8.407079577445983887e-01
7.876105904579162598e-01
8.141592741012573242e-01
8.141592741012573242e-01
8.141592741012573242e-01
8.141592741012573242e-01
8.230088353157043457e-01
8.141592741012573242e-01
8.053097128868103027e-01
7.964601516723632812e-01
7.964601516723632812e-01
8.053097128868103027e-01
8.230088353157043457e-01
8.141592741012573242e-01
8.053097128868103027e-01
7.964601516723632812e-01
8.053097128868103027e-01
8.141592741012573242e-01
8.141592741012573242e-01
8.230088353157043457e-01
8.230088353157043457e-01
8.141592741012573242e-01
8.141592741012573242e-01
8.053097128868103027e-01
7.964601516723632812e-01
8.141592741012573242e-01
8.053097128868103027e-01
8.230088353157043457e-01
7.964601516723632812e-01
8.053097128868103027e-01
7.787610888481140137e-01
7.964601516723632812e-01
8.230088353157043457e-01
7.876105904579162598e-01
7.787610888481140137e-01
7.964601516723632812e-01
7.787610888481140137e-01
7.787610888481140137e-01
7.699115276336669922e-01
7.699115276336669922e-01
7.699115276336669922e-01
7.876105904579162598e-01
7.876105904579162598e-01
7.964601516723632812e-01
7.610619664192199707e-01
7.964601516723632812e-01
7.699115276336669922e-01
7.522124052047729492e-01
8.141592741012573242e-01
7.522124052047729492e-01
7.699115276336669922e-01
7.610619664192199707e-01
7.610619664192199707e-01
7.610619664192199707e-01
7.610619664192199707e-01
7.699115276336669922e-01
7.610619664192199707e-01
7.699115276336669922e-01
7.610619664192199707e-01
7.610619664192199707e-01
7.699115276336669922e-01
7.433628439903259277e-01
7.699115276336669922e-01
7.787610888481140137e-01
7.610619664192199707e-01
7.610619664192199707e-01
7.787610888481140137e-01
7.876105904579162598e-01
7.699115276336669922e-01
7.433628439903259277e-01
7.522124052047729492e-01
7.876105904579162598e-01
7.876105904579162598e-01
7.522124052047729492e-01
7.787610888481140137e-01
7.522124052047729492e-01
7.610619664192199707e-01
7.699115276336669922e-01
