1.909802854061126709e-01
1.894551217555999756e-01
1.887027174234390259e-01
1.879998594522476196e-01
1.873106956481933594e-01
1.865901499986648560e-01
1.857843995094299316e-01
1.848350763320922852e-01
1.836910545825958252e-01
1.823263764381408691e-01
1.807613521814346313e-01
1.790675222873687744e-01
1.773321777582168579e-01
1.756037920713424683e-01
1.738629341125488281e-01
1.720420569181442261e-01
1.700652390718460083e-01
1.678936630487442017e-01
1.655559837818145752e-01
1.631420105695724487e-01
1.607477217912673950e-01
1.584249287843704224e-01
1.561734974384307861e-01
1.539589762687683105e-01
1.517318189144134521e-01
1.494408100843429565e-01
1.470369696617126465e-01
1.444777399301528931e-01
1.417312920093536377e-01
1.387853026390075684e-01
1.356485486030578613e-01
1.323412060737609863e-01
1.288825869560241699e-01
1.253055334091186523e-01
1.217052489519119263e-01
1.182250380516052246e-01
1.150012016296386719e-01
1.121464222669601440e-01
1.097020581364631653e-01
1.076272800564765930e-01
1.058427020907402039e-01
1.042785272002220154e-01
1.028875112533569336e-01
1.016371473670005798e-01
1.005022451281547546e-01
9.946165978908538818e-02
9.849768131971359253e-02
9.759587794542312622e-02
9.674157947301864624e-02
9.591823816299438477e-02
9.510915726423263550e-02
9.430840611457824707e-02
9.353136271238327026e-02
9.280244261026382446e-02
9.213283658027648926e-02
9.151697903871536255e-02
9.094312041997909546e-02
9.040057659149169922e-02
8.988115191459655762e-02
8.937904238700866699e-02
8.888999372720718384e-02
8.841104805469512939e-02
8.794000744819641113e-02
8.747545629739761353e-02
8.701635152101516724e-02
8.656215667724609375e-02
8.611242473125457764e-02
8.566730469465255737e-02
8.522679656744003296e-02
8.479133993387222290e-02
8.436107635498046875e-02
8.393636345863342285e-02
8.351755142211914062e-02
8.310473710298538208e-02
8.269809186458587646e-02
8.229752629995346069e-02
8.190298825502395630e-02
8.151430636644363403e-02
8.113084733486175537e-02
8.075255900621414185e-02
8.037908375263214111e-02
8.001027256250381470e-02
7.964637875556945801e-02
7.928762584924697876e-02
7.893452048301696777e-02
7.858778536319732666e-02
7.824776321649551392e-02
7.791501283645629883e-02
7.758963108062744141e-02
7.727174460887908936e-02
7.696110010147094727e-02
7.665725797414779663e-02
7.635967433452606201e-02
7.606776803731918335e-02
7.578067481517791748e-02
7.549766451120376587e-02
7.521801441907882690e-02
7.494118809700012207e-02
7.466665655374526978e-02
7.439453899860382080e-02
7.412508130073547363e-02
7.385896891355514526e-02
7.359733432531356812e-02
7.334116101264953613e-02
7.309105992317199707e-02
7.284746319055557251e-02
7.261029630899429321e-02
7.237938791513442993e-02
7.215446233749389648e-02
7.193501293659210205e-02
7.172010838985443115e-02
7.150904089212417603e-02
7.130038738250732422e-02
7.109290361404418945e-02
7.088513672351837158e-02
7.067557424306869507e-02
7.046300917863845825e-02
7.024655491113662720e-02
7.002584636211395264e-02
6.980083882808685303e-02
6.957209110260009766e-02
6.934013217687606812e-02
6.910581141710281372e-02
6.887011975049972534e-02
6.863378733396530151e-02
6.839772313833236694e-02
6.816253811120986938e-02
6.792891025543212891e-02
6.769745051860809326e-02
6.746855378150939941e-02
6.724265962839126587e-02
6.702012568712234497e-02
6.680116057395935059e-02
6.658599525690078735e-02
6.637471169233322144e-02
6.616745889186859131e-02
6.596435606479644775e-02
6.576517969369888306e-02
6.557007133960723877e-02
6.537893414497375488e-02
6.519163399934768677e-02
6.500811129808425903e-02
6.482832133769989014e-02
6.465218216180801392e-02
6.447958201169967651e-02
6.431041657924652100e-02
6.414460390806198120e-02
6.398214399814605713e-02
6.382282823324203491e-02
6.366672366857528687e-02
6.351365894079208374e-02
6.336359679698944092e-02
6.321637332439422607e-02
6.307202577590942383e-02
6.293033808469772339e-02
6.279128044843673706e-02
6.265459954738616943e-02
6.252038478851318359e-02
6.238836050033569336e-02
6.225842610001564026e-02
6.213044002652168274e-02
6.200424954295158386e-02
6.187977269291877747e-02
6.175670772790908813e-02
6.163503229618072510e-02
6.151453033089637756e-02
6.139507517218589783e-02
6.127650663256645203e-02
6.115873903036117554e-02
6.104162335395812988e-02
6.092511862516403198e-02
6.080907583236694336e-02
6.069333851337432861e-02
6.057806685566902161e-02
6.046300753951072693e-02
6.034830957651138306e-02
6.023383885622024536e-02
6.011971831321716309e-02
6.000589579343795776e-02
5.989244207739830017e-02
5.977940931916236877e-02
5.966687202453613281e-02
5.955474451184272766e-02
5.944323539733886719e-02
5.933223292231559753e-02
5.922189727425575256e-02
5.911211669445037842e-02
5.900288000702857971e-02
5.889423191547393799e-02
5.878600478172302246e-02
5.867811664938926697e-02
5.857055261731147766e-02
5.846314877271652222e-02
5.835588648915290833e-02
5.824866890907287598e-02
5.814151838421821594e-02
5.803432688117027283e-02
5.792724713683128357e-02
5.782023817300796509e-02
5.771338939666748047e-02
5.760671943426132202e-02
5.750030279159545898e-02
5.739425122737884521e-02
5.728862807154655457e-02
5.718355625867843628e-02
5.707916244864463806e-02
5.697552859783172607e-02
5.687274038791656494e-02
5.677099898457527161e-02
5.667039006948471069e-02
5.657105520367622375e-02
5.647306144237518311e-02
5.637656152248382568e-02
5.628161504864692688e-02
5.618821829557418823e-02
5.609637871384620667e-02
5.600585415959358215e-02
5.591635033488273621e-02
5.582736432552337646e-02
5.573850497603416443e-02
5.564935505390167236e-02
5.555999279022216797e-02
5.547086521983146667e-02
5.538262426853179932e-02
5.529596656560897827e-02
5.521085485816001892e-02
5.512674897909164429e-02
5.504276603460311890e-02
5.495822057127952576e-02
5.487274378538131714e-02
5.478609725832939148e-02
5.469828844070434570e-02
5.460941046476364136e-02
5.451942980289459229e-02
5.442851036787033081e-02
5.433646216988563538e-02
5.424325168132781982e-02
5.414869263768196106e-02
5.405228957533836365e-02
5.395349115133285522e-02
5.385154485702514648e-02
5.374504253268241882e-02
5.363224074244499207e-02
5.351035296916961670e-02
5.337452515959739685e-02
5.321720987558364868e-02
5.302633717656135559e-02
5.278789997100830078e-02
5.250750482082366943e-02
5.222479254007339478e-02
5.195404589176177979e-02
5.169595405459403992e-02
5.149873718619346619e-02
5.137037858366966248e-02
5.129729211330413818e-02
5.122536048293113708e-02
5.117990449070930481e-02
5.116504430770874023e-02
5.106971785426139832e-02
5.092845857143402100e-02
5.083228647708892822e-02
5.076402425765991211e-02
5.070064216852188110e-02
5.063345283269882202e-02
5.056365951895713806e-02
5.049305781722068787e-02
5.042232573032379150e-02
5.035172775387763977e-02
5.028145387768745422e-02
5.021162703633308411e-02
5.014235898852348328e-02
5.007359012961387634e-02
5.000534281134605408e-02
4.993768408894538879e-02
4.987055063247680664e-02
4.980408772826194763e-02
4.973820224404335022e-02
4.967304691672325134e-02
4.960861057043075562e-02
4.954500496387481689e-02
4.948230832815170288e-02
4.942055419087409973e-02
4.935992509126663208e-02
4.930049553513526917e-02
4.924240708351135254e-02
4.918573796749114990e-02
4.913045838475227356e-02
4.907657206058502197e-02
4.902381077408790588e-02
4.897195473313331604e-02
4.892067983746528625e-02
4.886977374553680420e-02
4.881898686289787292e-02
4.876821115612983704e-02
4.871737211942672729e-02
4.866638779640197754e-02
4.861523211002349854e-02
4.856382310390472412e-02
4.851204901933670044e-02
4.845977947115898132e-02
4.840674996376037598e-02
4.835262149572372437e-02
4.829725623130798340e-02
4.824043065309524536e-02
4.818221181631088257e-02
4.812279343605041504e-02
4.806277900934219360e-02
4.800259694457054138e-02
4.794247820973396301e-02
4.788243025541305542e-02
4.782246053218841553e-02
4.776264354586601257e-02
4.770303517580032349e-02
4.764356464147567749e-02
4.758437350392341614e-02
4.752538353204727173e-02
4.746662080287933350e-02
4.740803688764572144e-02
4.734975472092628479e-02
4.729179292917251587e-02
4.723433777689933777e-02
4.717792198061943054e-02
4.712351411581039429e-02
4.707241803407669067e-02
4.702515527606010437e-02
4.698102921247482300e-02
4.693796858191490173e-02
4.689332470297813416e-02
4.684472084045410156e-02
4.679100960493087769e-02
4.673224315047264099e-02
4.667023196816444397e-02
4.661221802234649658e-02
4.657623916864395142e-02
4.656872153282165527e-02
4.661228880286216736e-02
4.672179743647575378e-02
4.721330106258392334e-02
4.754676669836044312e-02
4.677068814635276794e-02
4.650396481156349182e-02
4.657962173223495483e-02
4.638765379786491394e-02
4.635661840438842773e-02
4.619929194450378418e-02
4.620244726538658142e-02
4.616207629442214966e-02
4.604042321443557739e-02
4.601279273629188538e-02
4.583587124943733215e-02
4.567374289035797119e-02
4.565759003162384033e-02
4.601349681615829468e-02
4.532345011830329895e-02
4.581041634082794189e-02
4.547116532921791077e-02
4.497295618057250977e-02
4.536512121558189392e-02
4.483664408326148987e-02
4.556819424033164978e-02
4.492997005581855774e-02
4.505002498626708984e-02
4.457998648285865784e-02
4.476371780037879944e-02
4.469237849116325378e-02
4.469114169478416443e-02
4.459240660071372986e-02
4.451287165284156799e-02
4.442501440644264221e-02
4.431854560971260071e-02
4.420417174696922302e-02
4.408057406544685364e-02
4.395157098770141602e-02
4.381917789578437805e-02
4.368213564157485962e-02
4.354613646864891052e-02
4.344603791832923889e-02
4.334050044417381287e-02
4.320202767848968506e-02
4.310974851250648499e-02
4.301619157195091248e-02
4.292666167020797729e-02
4.284679889678955078e-02
4.276682808995246887e-02
4.269030690193176270e-02
4.261896386742591858e-02
4.253467544913291931e-02
4.249811172485351562e-02
4.236181825399398804e-02
4.240931570529937744e-02
4.221870377659797668e-02
4.224672168493270874e-02
4.213698208332061768e-02
4.248806461691856384e-02
4.256959259510040283e-02
4.257747530937194824e-02
4.218630120158195496e-02
4.207304120063781738e-02
4.184981808066368103e-02
4.252653941512107849e-02
4.231556132435798645e-02
4.238058626651763916e-02
4.225780069828033447e-02
4.213403165340423584e-02
4.199177771806716919e-02
4.120557382702827454e-02
4.152864590287208557e-02
4.172760993242263794e-02
4.163160175085067749e-02
4.169671609997749329e-02
4.261137545108795166e-02
4.161983728408813477e-02
4.104425385594367981e-02
4.112152010202407837e-02
4.158913344144821167e-02
4.101399704813957214e-02
4.235905781388282776e-02
4.091349616646766663e-02
4.095672443509101868e-02
4.143360257148742676e-02
4.185007140040397644e-02
4.136629030108451843e-02
4.122630506753921509e-02
4.142866656184196472e-02
3.976447880268096924e-02
4.079451039433479309e-02
4.117837548255920410e-02
4.055644944310188293e-02
4.174877330660820007e-02
4.026490822434425354e-02
4.101705923676490784e-02
4.211226478219032288e-02
3.973672911524772644e-02
4.018989205360412598e-02
4.025575518608093262e-02
4.084353521466255188e-02
4.143600538372993469e-02
4.190190508961677551e-02
4.195290803909301758e-02
4.022821038961410522e-02
4.158727079629898071e-02
3.966743499040603638e-02
4.042743891477584839e-02
3.918269276618957520e-02
4.132851213216781616e-02
4.008998721837997437e-02
3.951167315244674683e-02
4.068713262677192688e-02
3.974608331918716431e-02
4.059895873069763184e-02
3.942395001649856567e-02
3.942316770553588867e-02
3.880484029650688171e-02
3.931507468223571777e-02
3.996213525533676147e-02
3.783695027232170105e-02
3.896226361393928528e-02
3.818299248814582825e-02
3.775228932499885559e-02
3.748302906751632690e-02
3.734477236866950989e-02
3.719760105013847351e-02
3.705454245209693909e-02
3.691898286342620850e-02
3.673746809363365173e-02
3.683938831090927124e-02
3.648991882801055908e-02
3.710408136248588562e-02
3.615695610642433167e-02
3.639018908143043518e-02
3.729093074798583984e-02
3.614950552582740784e-02
3.613176196813583374e-02
3.659196570515632629e-02
3.641124069690704346e-02
3.649093210697174072e-02
3.645134344696998596e-02
3.635223209857940674e-02
3.634074702858924866e-02
3.619562089443206787e-02
3.624072298407554626e-02
3.605047613382339478e-02
3.613900393247604370e-02
3.595837205648422241e-02
3.604500740766525269e-02
3.567752614617347717e-02
3.590002655982971191e-02
3.581060841679573059e-02
3.564819693565368652e-02
3.554183617234230042e-02
3.573079034686088562e-02
3.550689667463302612e-02
3.544098883867263794e-02
3.511420264840126038e-02
3.513165190815925598e-02
3.515534102916717529e-02
3.505815565586090088e-02
3.510597720742225647e-02
3.485737368464469910e-02
3.463826328516006470e-02
