2.638580799102783203e-01
2.594234943389892578e-01
2.682926952838897705e-01
2.815964519977569580e-01
2.882483303546905518e-01
2.949002087116241455e-01
3.015521168708801270e-01
3.126385807991027832e-01
3.104212880134582520e-01
3.215077519416809082e-01
3.325942456722259521e-01
3.503325879573822021e-01
3.592017590999603271e-01
3.769401311874389648e-01
3.946785032749176025e-01
4.035476744174957275e-01
4.168514311313629150e-01
4.235033392906188965e-01
4.434589743614196777e-01
4.478935599327087402e-01
4.656319320201873779e-01
4.611973464488983154e-01
4.767183959484100342e-01
4.811529815196990967e-01
4.966740608215332031e-01
5.011086463928222656e-01
5.144124031066894531e-01
5.188469886779785156e-01
5.410199761390686035e-01
5.543237328529357910e-01
5.698447823524475098e-01
5.853658318519592285e-01
5.942350625991821289e-01
6.141906976699829102e-01
6.274944543838500977e-01
6.385809183120727539e-01
6.430155038833618164e-01
6.518846750259399414e-01
6.607539057731628418e-01
6.629711985588073730e-01
6.696230769157409668e-01
6.696230769157409668e-01
6.784922480583190918e-01
6.807095408439636230e-01
6.829268336296081543e-01
6.917960047721862793e-01
6.917960047721862793e-01
6.984478831291198730e-01
7.050997614860534668e-01
7.073170542716979980e-01
7.073170542716979980e-01
7.117516398429870605e-01
7.206208705902099609e-01
7.184035181999206543e-01
7.228381633758544922e-01
7.228381633758544922e-01
7.272727489471435547e-01
7.272727489471435547e-01
7.317073345184326172e-01
7.339246273040771484e-01
7.361419200897216797e-01
7.361419200897216797e-01
7.383592128753662109e-01
7.405765056610107422e-01
7.405765056610107422e-01
7.383592128753662109e-01
7.405765056610107422e-01
7.383592128753662109e-01
7.450110912322998047e-01
7.450110912322998047e-01
7.450110912322998047e-01
7.472283840179443359e-01
7.472283840179443359e-01
7.472283840179443359e-01
7.494456768035888672e-01
7.538802623748779297e-01
7.538802623748779297e-01
7.583148479461669922e-01
7.605321407318115234e-01
7.627494335174560547e-01
7.671840190887451172e-01
7.671840190887451172e-01
7.716186046600341797e-01
7.738358974456787109e-01
7.738358974456787109e-01
7.782704830169677734e-01
7.782704830169677734e-01
7.804877758026123047e-01
7.782704830169677734e-01
7.782704830169677734e-01
7.760531902313232422e-01
7.738358974456787109e-01
7.716186046600341797e-01
7.716186046600341797e-01
7.694013118743896484e-01
7.694013118743896484e-01
7.694013118743896484e-01
7.694013118743896484e-01
7.738358974456787109e-01
7.738358974456787109e-01
7.760531902313232422e-01
7.738358974456787109e-01
7.716186046600341797e-01
7.716186046600341797e-01
7.760531902313232422e-01
7.804877758026123047e-01
7.804877758026123047e-01
7.849224209785461426e-01
7.849224209785461426e-01
7.871397137641906738e-01
7.827051281929016113e-01
7.849224209785461426e-01
7.827051281929016113e-01
7.827051281929016113e-01
7.827051281929016113e-01
7.849224209785461426e-01
7.849224209785461426e-01
7.871397137641906738e-01
7.871397137641906738e-01
7.871397137641906738e-01
7.871397137641906738e-01
7.893570065498352051e-01
7.937915921211242676e-01
7.960088849067687988e-01
7.960088849067687988e-01
7.960088849067687988e-01
7.960088849067687988e-01
7.937915921211242676e-01
7.982261776924133301e-01
8.004434704780578613e-01
8.004434704780578613e-01
8.004434704780578613e-01
8.026607632637023926e-01
8.093126416206359863e-01
8.070953488349914551e-01
8.093126416206359863e-01
8.093126416206359863e-01
8.093126416206359863e-01
8.093126416206359863e-01
8.093126416206359863e-01
8.093126416206359863e-01
8.137472271919250488e-01
8.137472271919250488e-01
8.137472271919250488e-01
8.137472271919250488e-01
8.137472271919250488e-01
8.137472271919250488e-01
8.137472271919250488e-01
8.159645199775695801e-01
8.159645199775695801e-01
8.159645199775695801e-01
8.181818127632141113e-01
8.181818127632141113e-01
8.181818127632141113e-01
8.159645199775695801e-01
8.159645199775695801e-01
8.226163983345031738e-01
8.226163983345031738e-01
8.226163983345031738e-01
8.248336911201477051e-01
8.248336911201477051e-01
8.270509839057922363e-01
8.248336911201477051e-01
8.248336911201477051e-01
8.226163983345031738e-01
8.226163983345031738e-01
8.226163983345031738e-01
8.181818127632141113e-01
8.181818127632141113e-01
8.226163983345031738e-01
8.226163983345031738e-01
8.226163983345031738e-01
8.226163983345031738e-01
8.226163983345031738e-01
8.203991055488586426e-01
8.226163983345031738e-01
8.226163983345031738e-01
8.226163983345031738e-01
8.226163983345031738e-01
8.248336911201477051e-01
8.248336911201477051e-01
8.248336911201477051e-01
8.248336911201477051e-01
8.292682766914367676e-01
8.270509839057922363e-01
8.292682766914367676e-01
8.292682766914367676e-01
8.292682766914367676e-01
8.292682766914367676e-01
8.292682766914367676e-01
8.292682766914367676e-01
8.314855694770812988e-01
8.314855694770812988e-01
8.314855694770812988e-01
8.314855694770812988e-01
8.270509839057922363e-01
8.270509839057922363e-01
8.270509839057922363e-01
8.292682766914367676e-01
8.292682766914367676e-01
8.314855694770812988e-01
8.292682766914367676e-01
8.292682766914367676e-01
8.292682766914367676e-01
8.292682766914367676e-01
8.359201550483703613e-01
8.359201550483703613e-01
8.381374478340148926e-01
8.381374478340148926e-01
8.381374478340148926e-01
8.403547406196594238e-01
8.403547406196594238e-01
8.403547406196594238e-01
8.425720334053039551e-01
8.425720334053039551e-01
8.447893857955932617e-01
8.425720334053039551e-01
8.425720334053039551e-01
8.425720334053039551e-01
8.425720334053039551e-01
8.425720334053039551e-01
8.381374478340148926e-01
8.381374478340148926e-01
8.381374478340148926e-01
8.381374478340148926e-01
8.381374478340148926e-01
8.381374478340148926e-01
8.381374478340148926e-01
8.403547406196594238e-01
8.403547406196594238e-01
8.403547406196594238e-01
8.403547406196594238e-01
8.425720334053039551e-01
8.425720334053039551e-01
8.425720334053039551e-01
8.447893857955932617e-01
8.447893857955932617e-01
8.447893857955932617e-01
8.447893857955932617e-01
8.470066785812377930e-01
8.447893857955932617e-01
8.425720334053039551e-01
8.470066785812377930e-01
8.447893857955932617e-01
8.470066785812377930e-01
8.470066785812377930e-01
8.470066785812377930e-01
8.470066785812377930e-01
8.492239713668823242e-01
8.514412641525268555e-01
8.492239713668823242e-01
8.536585569381713867e-01
8.536585569381713867e-01
8.514412641525268555e-01
8.514412641525268555e-01
8.492239713668823242e-01
8.492239713668823242e-01
8.470066785812377930e-01
8.492239713668823242e-01
8.470066785812377930e-01
8.492239713668823242e-01
8.514412641525268555e-01
8.514412641525268555e-01
8.514412641525268555e-01
8.514412641525268555e-01
8.514412641525268555e-01
8.536585569381713867e-01
8.536585569381713867e-01
8.536585569381713867e-01
8.536585569381713867e-01
8.536585569381713867e-01
8.536585569381713867e-01
8.536585569381713867e-01
8.536585569381713867e-01
8.536585569381713867e-01
8.536585569381713867e-01
8.514412641525268555e-01
8.514412641525268555e-01
8.514412641525268555e-01
8.536585569381713867e-01
8.558758497238159180e-01
8.536585569381713867e-01
8.536585569381713867e-01
8.514412641525268555e-01
8.514412641525268555e-01
8.514412641525268555e-01
8.514412641525268555e-01
8.514412641525268555e-01
8.514412641525268555e-01
8.514412641525268555e-01
8.514412641525268555e-01
8.514412641525268555e-01
8.536585569381713867e-01
8.536585569381713867e-01
8.536585569381713867e-01
8.514412641525268555e-01
8.492239713668823242e-01
8.492239713668823242e-01
8.492239713668823242e-01
8.492239713668823242e-01
8.514412641525268555e-01
8.514412641525268555e-01
8.514412641525268555e-01
8.558758497238159180e-01
8.558758497238159180e-01
8.558758497238159180e-01
8.580931425094604492e-01
8.580931425094604492e-01
8.603104352951049805e-01
8.603104352951049805e-01
8.603104352951049805e-01
8.603104352951049805e-01
8.603104352951049805e-01
8.625277280807495117e-01
8.625277280807495117e-01
8.625277280807495117e-01
8.625277280807495117e-01
8.625277280807495117e-01
8.647450208663940430e-01
8.647450208663940430e-01
8.691796064376831055e-01
8.691796064376831055e-01
8.713968992233276367e-01
8.713968992233276367e-01
8.691796064376831055e-01
8.691796064376831055e-01
8.691796064376831055e-01
8.691796064376831055e-01
8.691796064376831055e-01
8.713968992233276367e-01
8.713968992233276367e-01
8.713968992233276367e-01
8.736141920089721680e-01
8.758314847946166992e-01
8.736141920089721680e-01
8.713968992233276367e-01
8.713968992233276367e-01
8.713968992233276367e-01
8.758314847946166992e-01
8.758314847946166992e-01
8.736141920089721680e-01
8.669623136520385742e-01
8.736141920089721680e-01
8.713968992233276367e-01
8.691796064376831055e-01
8.691796064376831055e-01
8.758314847946166992e-01
8.713968992233276367e-01
8.758314847946166992e-01
8.736141920089721680e-01
8.758314847946166992e-01
8.758314847946166992e-01
8.736141920089721680e-01
8.802660703659057617e-01
8.713968992233276367e-01
8.736141920089721680e-01
8.758314847946166992e-01
8.736141920089721680e-01
8.758314847946166992e-01
8.669623136520385742e-01
8.758314847946166992e-01
8.736141920089721680e-01
8.736141920089721680e-01
8.736141920089721680e-01
8.758314847946166992e-01
8.736141920089721680e-01
8.736141920089721680e-01
8.736141920089721680e-01
8.736141920089721680e-01
8.758314847946166992e-01
8.758314847946166992e-01
8.758314847946166992e-01
8.758314847946166992e-01
8.802660703659057617e-01
8.802660703659057617e-01
8.802660703659057617e-01
8.780487775802612305e-01
8.780487775802612305e-01
8.824833631515502930e-01
8.824833631515502930e-01
8.824833631515502930e-01
8.824833631515502930e-01
8.847006559371948242e-01
8.847006559371948242e-01
8.847006559371948242e-01
8.847006559371948242e-01
8.869179487228393555e-01
8.891352415084838867e-01
8.891352415084838867e-01
8.869179487228393555e-01
8.869179487228393555e-01
8.847006559371948242e-01
8.869179487228393555e-01
8.847006559371948242e-01
8.869179487228393555e-01
8.869179487228393555e-01
8.824833631515502930e-01
8.869179487228393555e-01
8.869179487228393555e-01
8.824833631515502930e-01
8.802660703659057617e-01
8.847006559371948242e-01
8.824833631515502930e-01
8.847006559371948242e-01
8.847006559371948242e-01
8.891352415084838867e-01
8.913525342941284180e-01
8.869179487228393555e-01
8.869179487228393555e-01
8.891352415084838867e-01
8.891352415084838867e-01
8.824833631515502930e-01
8.847006559371948242e-01
8.847006559371948242e-01
8.847006559371948242e-01
8.891352415084838867e-01
8.847006559371948242e-01
8.891352415084838867e-01
8.869179487228393555e-01
8.891352415084838867e-01
8.869179487228393555e-01
8.847006559371948242e-01
8.869179487228393555e-01
8.824833631515502930e-01
8.847006559371948242e-01
8.824833631515502930e-01
8.891352415084838867e-01
8.824833631515502930e-01
8.847006559371948242e-01
8.824833631515502930e-01
8.891352415084838867e-01
8.847006559371948242e-01
8.935698270797729492e-01
8.824833631515502930e-01
8.913525342941284180e-01
8.847006559371948242e-01
8.869179487228393555e-01
8.847006559371948242e-01
8.824833631515502930e-01
8.847006559371948242e-01
8.780487775802612305e-01
8.913525342941284180e-01
8.824833631515502930e-01
8.935698270797729492e-01
8.824833631515502930e-01
8.869179487228393555e-01
8.913525342941284180e-01
8.824833631515502930e-01
8.869179487228393555e-01
8.824833631515502930e-01
8.913525342941284180e-01
8.891352415084838867e-01
8.869179487228393555e-01
8.847006559371948242e-01
8.891352415084838867e-01
8.957871198654174805e-01
8.913525342941284180e-01
8.980044126510620117e-01
8.891352415084838867e-01
8.957871198654174805e-01
8.957871198654174805e-01
8.980044126510620117e-01
9.002217054367065430e-01
9.024389982223510742e-01
9.002217054367065430e-01
9.002217054367065430e-01
9.024389982223510742e-01
8.957871198654174805e-01
9.046562910079956055e-01
9.046562910079956055e-01
9.046562910079956055e-01
9.090909361839294434e-01
9.090909361839294434e-01
9.024389982223510742e-01
9.046562910079956055e-01
9.024389982223510742e-01
9.046562910079956055e-01
9.046562910079956055e-01
9.024389982223510742e-01
9.046562910079956055e-01
9.024389982223510742e-01
9.024389982223510742e-01
9.046562910079956055e-01
9.002217054367065430e-01
9.068736433982849121e-01
9.024389982223510742e-01
9.024389982223510742e-01
9.046562910079956055e-01
9.046562910079956055e-01
9.068736433982849121e-01
9.002217054367065430e-01
9.090909361839294434e-01
9.046562910079956055e-01
9.090909361839294434e-01
9.090909361839294434e-01
9.068736433982849121e-01
9.068736433982849121e-01
9.090909361839294434e-01
9.090909361839294434e-01
9.090909361839294434e-01
