1.994270235300064087e-01
1.979482322931289673e-01
1.965891122817993164e-01
1.954206079244613647e-01
1.944158524274826050e-01
1.935518383979797363e-01
1.928087174892425537e-01
1.921706944704055786e-01
1.916240900754928589e-01
1.911567747592926025e-01
1.907582432031631470e-01
1.904186308383941650e-01
1.901291161775588989e-01
1.898818016052246094e-01
1.896699219942092896e-01
1.894877552986145020e-01
1.893299818038940430e-01
1.891927421092987061e-01
1.890723705291748047e-01
1.889658868312835693e-01
1.888712644577026367e-01
1.887860894203186035e-01
1.887091249227523804e-01
1.886386722326278687e-01
1.885737627744674683e-01
1.885131746530532837e-01
1.884564757347106934e-01
1.884024143218994141e-01
1.883508414030075073e-01
1.883007884025573730e-01
1.882518082857131958e-01
1.882031559944152832e-01
1.881545186042785645e-01
1.881053894758224487e-01
1.880549937486648560e-01
1.880024969577789307e-01
1.879472583532333374e-01
1.878882050514221191e-01
1.878244578838348389e-01
1.877545267343521118e-01
1.876766085624694824e-01
1.875885277986526489e-01
1.874875426292419434e-01
1.873694211244583130e-01
1.872294843196868896e-01
1.870606988668441772e-01
1.868532598018646240e-01
1.865939497947692871e-01
1.862645000219345093e-01
1.858399063348770142e-01
1.852889806032180786e-01
1.845752894878387451e-01
1.836693882942199707e-01
1.825694292783737183e-01
1.813271045684814453e-01
1.800494045019149780e-01
1.788526624441146851e-01
1.778025180101394653e-01
1.769014000892639160e-01
1.761154234409332275e-01
1.754039973020553589e-01
1.747334450483322144e-01
1.740788817405700684e-01
1.734221726655960083e-01
1.727494150400161743e-01
1.720491945743560791e-01
1.713117957115173340e-01
1.705291420221328735e-01
1.696953922510147095e-01
1.688071191310882568e-01
1.678638607263565063e-01
1.668679863214492798e-01
1.658231765031814575e-01
1.647336035966873169e-01
1.636023521423339844e-01
1.624322831630706787e-01
1.612248569726943970e-01
1.599821597337722778e-01
1.587070375680923462e-01
1.574042886495590210e-01
1.560832411050796509e-01
1.547627896070480347e-01
1.534702628850936890e-01
1.522348076105117798e-01
1.510737836360931396e-01
1.499882340431213379e-01
1.489725559949874878e-01
1.480222493410110474e-01
1.471347361803054810e-01
1.463046371936798096e-01
1.455194503068923950e-01
1.447585523128509521e-01
1.439979821443557739e-01
1.432157903909683228e-01
1.423958092927932739e-01
1.415284126996994019e-01
1.406070291996002197e-01
1.396223008632659912e-01
1.385600268840789795e-01
1.374094784259796143e-01
1.361785978078842163e-01
1.349062770605087280e-01
1.336581408977508545e-01
1.325014829635620117e-01
1.314753890037536621e-01
1.305802464485168457e-01
1.297927200794219971e-01
1.290863007307052612e-01
1.284417361021041870e-01
1.278452426195144653e-01
1.272858530282974243e-01
1.267533600330352783e-01
1.262383908033370972e-01
1.257319301366806030e-01
1.252254992723464966e-01
1.247111856937408447e-01
1.241810098290443420e-01
1.236273273825645447e-01
1.230421438813209534e-01
1.224170848727226257e-01
1.217434555292129517e-01
1.210121959447860718e-01
1.202143281698226929e-01
1.193415746092796326e-01
1.183882504701614380e-01
1.173536777496337891e-01
1.162444502115249634e-01
1.150749698281288147e-01
1.138656437397003174e-01
1.126389950513839722e-01
1.114170253276824951e-01
1.102186292409896851e-01
1.090508028864860535e-01
1.079077869653701782e-01
1.067832410335540771e-01
1.056680157780647278e-01
1.045362204313278198e-01
1.033660024404525757e-01
1.021568179130554199e-01
1.009519249200820923e-01
9.979229420423507690e-02
9.865331649780273438e-02
9.751464426517486572e-02
9.639302641153335571e-02
9.527431428432464600e-02
9.420482069253921509e-02
9.325271099805831909e-02
9.241604059934616089e-02
9.166511148214340210e-02
9.097569435834884644e-02
9.032668918371200562e-02
8.969643712043762207e-02
8.906333893537521362e-02
8.840887248516082764e-02
8.772104978561401367e-02
8.699844032526016235e-02
8.625120669603347778e-02
8.549779653549194336e-02
8.475955575704574585e-02
8.406684547662734985e-02
8.343478292226791382e-02
8.282928168773651123e-02
8.227643370628356934e-02
8.177970349788665771e-02
8.130685985088348389e-02
8.083856105804443359e-02
8.037390559911727905e-02
7.992438971996307373e-02
7.950974255800247192e-02
7.915648072957992554e-02
7.886590808629989624e-02
7.853332161903381348e-02
7.807683199644088745e-02
7.754023373126983643e-02
7.697439938783645630e-02
7.640717178583145142e-02
7.587550580501556396e-02
7.540372759103775024e-02
7.500412315130233765e-02
7.468634098768234253e-02
7.440637797117233276e-02
7.411323487758636475e-02
7.381700724363327026e-02
7.354210317134857178e-02
7.330381125211715698e-02
7.310745865106582642e-02
7.294965535402297974e-02
7.281635701656341553e-02
7.268743962049484253e-02
7.254676520824432373e-02
7.238493859767913818e-02
7.220233231782913208e-02
7.201016694307327271e-02
7.182113826274871826e-02
7.164221256971359253e-02
7.147423177957534790e-02
7.131371647119522095e-02
7.115478813648223877e-02
7.099150866270065308e-02
7.082050293684005737e-02
7.063989341259002686e-02
7.044851034879684448e-02
7.024966925382614136e-02
7.005121558904647827e-02
6.985716521739959717e-02
6.966567784547805786e-02
6.947364658117294312e-02
6.927936524152755737e-02
6.909345090389251709e-02
6.895373761653900146e-02
6.880598515272140503e-02
6.858164817094802856e-02
6.841512769460678101e-02
6.827776134014129639e-02
6.817327439785003662e-02
6.808442622423171997e-02
6.798422336578369141e-02
6.788711994886398315e-02
6.781235337257385254e-02
6.775004416704177856e-02
6.767722964286804199e-02
6.753113120794296265e-02
6.728104501962661743e-02
6.701365113258361816e-02
6.673419475555419922e-02
6.646628677845001221e-02
6.620715558528900146e-02
6.595113873481750488e-02
6.570177525281906128e-02
6.546397507190704346e-02
6.524053215980529785e-02
6.503238528966903687e-02
6.483929604291915894e-02
6.466015428304672241e-02
6.449380517005920410e-02
6.433972716331481934e-02
6.419678777456283569e-02
6.405900418758392334e-02
6.390871852636337280e-02
6.372999399900436401e-02
6.354218721389770508e-02
6.332516670227050781e-02
6.307778507471084595e-02
6.285502016544342041e-02
6.266054511070251465e-02
6.248588860034942627e-02
6.232593581080436707e-02
6.217664480209350586e-02
6.203400343656539917e-02
6.189555674791336060e-02
6.176553666591644287e-02
6.165316700935363770e-02
6.150818616151809692e-02
6.135879829525947571e-02
6.138572469353675842e-02
6.215118244290351868e-02
6.369329988956451416e-02
6.129175052046775818e-02
6.217409670352935791e-02
6.225282698869705200e-02
6.236424669623374939e-02
6.245927140116691589e-02
6.155621260404586792e-02
6.142701581120491028e-02
6.024551391601562500e-02
6.045851111412048340e-02
6.019745394587516785e-02
5.950757861137390137e-02
5.934841558337211609e-02
5.980142205953598022e-02
6.052629277110099792e-02
5.908254906535148621e-02
5.914359539747238159e-02
6.172357127070426941e-02
5.904801934957504272e-02
6.040241941809654236e-02
5.872001126408576965e-02
5.888069793581962585e-02
5.826242268085479736e-02
5.867392942309379578e-02
6.007322296500205994e-02
5.848002061247825623e-02
5.763714760541915894e-02
5.986551940441131592e-02
5.907035991549491882e-02
5.799291282892227173e-02
5.698947235941886902e-02
5.671508237719535828e-02
5.675430595874786377e-02
5.648396909236907959e-02
5.805062130093574524e-02
5.743110924959182739e-02
5.887350440025329590e-02
5.896573513746261597e-02
5.694698542356491089e-02
5.786582455039024353e-02
5.737989768385887146e-02
5.666639283299446106e-02
5.571799725294113159e-02
5.622470378875732422e-02
5.586021021008491516e-02
5.882658436894416809e-02
5.595089122653007507e-02
5.669194087386131287e-02
5.695674940943717957e-02
5.661738291382789612e-02
5.620615184307098389e-02
5.698107182979583740e-02
5.688380077481269836e-02
5.621331185102462769e-02
5.489611253142356873e-02
5.622646957635879517e-02
5.567956343293190002e-02
5.535241216421127319e-02
5.593925341963768005e-02
5.503025650978088379e-02
5.518460273742675781e-02
5.526947975158691406e-02
5.535119771957397461e-02
5.530713126063346863e-02
5.504253879189491272e-02
5.596441403031349182e-02
5.529598519206047058e-02
5.540788546204566956e-02
5.439050495624542236e-02
5.449040606617927551e-02
5.513471364974975586e-02
5.480647459626197815e-02
5.465329438447952271e-02
5.389316752552986145e-02
5.435336008667945862e-02
5.419180542230606079e-02
5.462638288736343384e-02
5.408795550465583801e-02
5.432898178696632385e-02
5.373488739132881165e-02
5.378134548664093018e-02
5.351597443222999573e-02
5.390337854623794556e-02
5.290422588586807251e-02
5.263483896851539612e-02
5.238643661141395569e-02
5.334970727562904358e-02
5.409453064203262329e-02
5.358583480119705200e-02
5.271085351705551147e-02
5.267740786075592041e-02
5.296163260936737061e-02
5.364208668470382690e-02
5.332526564598083496e-02
5.418275296688079834e-02
5.321098864078521729e-02
5.144368484616279602e-02
5.386405810713768005e-02
5.372558906674385071e-02
5.375055968761444092e-02
5.187021940946578979e-02
5.494634807109832764e-02
5.120083689689636230e-02
5.284947901964187622e-02
5.140432342886924744e-02
5.346229672431945801e-02
5.336387455463409424e-02
5.259858816862106323e-02
5.260173976421356201e-02
5.601111054420471191e-02
5.363317579030990601e-02
5.253070592880249023e-02
5.227970704436302185e-02
5.123497918248176575e-02
5.135720968246459961e-02
5.087911710143089294e-02
5.026197060942649841e-02
5.267914757132530212e-02
5.180158838629722595e-02
5.120193958282470703e-02
5.141070485115051270e-02
5.135794356465339661e-02
5.051814019680023193e-02
5.098148062825202942e-02
5.037423595786094666e-02
5.019704625010490417e-02
5.005754902958869934e-02
5.208630859851837158e-02
4.975259676575660706e-02
5.003605037927627563e-02
5.097862705588340759e-02
4.989605024456977844e-02
4.947708174586296082e-02
5.139180272817611694e-02
4.881455004215240479e-02
5.072237551212310791e-02
5.137519165873527527e-02
5.256557092070579529e-02
5.019748955965042114e-02
4.991087317466735840e-02
5.171185359358787537e-02
5.229604244232177734e-02
4.938191175460815430e-02
5.005813762545585632e-02
4.842210933566093445e-02
4.856706038117408752e-02
5.034978687763214111e-02
4.876675084233283997e-02
4.827936738729476929e-02
4.932841658592224121e-02
4.830818995833396912e-02
4.915152490139007568e-02
4.922895878553390503e-02
5.165216326713562012e-02
4.890517890453338623e-02
4.816470667719841003e-02
4.980579018592834473e-02
4.808712750673294067e-02
4.837343469262123108e-02
4.728681221604347229e-02
4.774694144725799561e-02
4.935067147016525269e-02
4.872128739953041077e-02
4.821772873401641846e-02
4.751471430063247681e-02
4.743006825447082520e-02
4.831878095865249634e-02
4.759221896529197693e-02
4.766560345888137817e-02
4.756379127502441406e-02
4.721023514866828918e-02
4.740392044186592102e-02
4.725269600749015808e-02
4.815237224102020264e-02
4.677471518516540527e-02
4.784912988543510437e-02
4.705426841974258423e-02
4.779231175780296326e-02
5.026347935199737549e-02
4.634895548224449158e-02
4.638354852795600891e-02
4.725404083728790283e-02
4.714627191424369812e-02
4.775096848607063293e-02
4.741585254669189453e-02
4.583438113331794739e-02
4.797888174653053284e-02
4.645210132002830505e-02
4.568751528859138489e-02
4.541159421205520630e-02
4.610358178615570068e-02
4.576863348484039307e-02
4.473936930298805237e-02
4.672667011618614197e-02
4.693228378891944885e-02
4.538427665829658508e-02
4.613755270838737488e-02
4.559507966041564941e-02
4.546892642974853516e-02
4.547826945781707764e-02
4.593392089009284973e-02
4.456685855984687805e-02
4.482372105121612549e-02
4.408426955342292786e-02
4.537333175539970398e-02
4.646958038210868835e-02
4.506663978099822998e-02
4.617841914296150208e-02
4.521775245666503906e-02
4.729962348937988281e-02
4.464265331625938416e-02
4.489256441593170166e-02
4.465550184249877930e-02
4.412206262350082397e-02
4.402483254671096802e-02
4.575031995773315430e-02
4.529260843992233276e-02
4.436317086219787598e-02
4.342628270387649536e-02
4.374145343899726868e-02
4.434764385223388672e-02
4.557124525308609009e-02
4.911029338836669922e-02
4.297672212123870850e-02
4.229923710227012634e-02
4.517551884055137634e-02
4.450103268027305603e-02
4.355148226022720337e-02
4.270803928375244141e-02
4.328287020325660706e-02
4.252753034234046936e-02
4.309136420488357544e-02
4.538775980472564697e-02
4.286532849073410034e-02
4.281456023454666138e-02
4.349923133850097656e-02
4.237541183829307556e-02
4.250247031450271606e-02
4.366190358996391296e-02
4.412661492824554443e-02
4.185795411467552185e-02
4.119547083973884583e-02
4.131660982966423035e-02
4.657303169369697571e-02
