2.373845130205154419e-01
2.321406304836273193e-01
2.272088080644607544e-01
2.225857079029083252e-01
2.183011323213577271e-01
2.143974602222442627e-01
2.109100818634033203e-01
2.078542858362197876e-01
2.052220106124877930e-01
2.029853761196136475e-01
2.011041790246963501e-01
1.995325535535812378e-01
1.982244253158569336e-01
1.971368044614791870e-01
1.962316632270812988e-01
1.954760998487472534e-01
1.948426216840744019e-01
1.943084746599197388e-01
1.938550621271133423e-01
1.934674680233001709e-01
1.931334733963012695e-01
1.928433924913406372e-01
1.925895512104034424e-01
1.923655122518539429e-01
1.921662092208862305e-01
1.919876039028167725e-01
1.918261945247650146e-01
1.916794180870056152e-01
1.915446519851684570e-01
1.914201080799102783e-01
1.913040429353713989e-01
1.911949068307876587e-01
1.910914033651351929e-01
1.909920871257781982e-01
1.908960491418838501e-01
1.908017992973327637e-01
1.907081604003906250e-01
1.906137317419052124e-01
1.905170679092407227e-01
1.904163211584091187e-01
1.903090178966522217e-01
1.901925057172775269e-01
1.900631487369537354e-01
1.899158209562301636e-01
1.897437721490859985e-01
1.895375698804855347e-01
1.892834156751632690e-01
1.889615058898925781e-01
1.885430514812469482e-01
1.879878044128417969e-01
1.872430890798568726e-01
1.862536966800689697e-01
1.849897652864456177e-01
1.834922581911087036e-01
1.818938702344894409e-01
1.803601533174514771e-01
1.789884269237518311e-01
1.777781099081039429e-01
1.766828894615173340e-01
1.756590306758880615e-01
1.746779382228851318e-01
1.737206578254699707e-01
1.727718561887741089e-01
1.718165278434753418e-01
1.708392202854156494e-01
1.698243618011474609e-01
1.687577664852142334e-01
1.676288247108459473e-01
1.664325445890426636e-01
1.651729345321655273e-01
1.638640016317367554e-01
1.625289171934127808e-01
1.611963659524917603e-01
1.598956882953643799e-01
1.586526483297348022e-01
1.574858576059341431e-01
1.564035862684249878e-01
1.554001718759536743e-01
1.544533073902130127e-01
1.535249054431915283e-01
1.525663882493972778e-01
1.515313237905502319e-01
1.503891348838806152e-01
1.491334289312362671e-01
1.477826833724975586e-01
1.463766545057296753e-01
1.449669748544692993e-01
1.436055600643157959e-01
1.423331201076507568e-01
1.411722153425216675e-01
1.401286274194717407e-01
1.392012983560562134e-01
1.383887082338333130e-01
1.376820653676986694e-01
1.370500028133392334e-01
1.364348530769348145e-01
1.357736289501190186e-01
1.350127756595611572e-01
1.341054886579513550e-01
1.330145001411437988e-01
1.317366808652877808e-01
1.303366571664810181e-01
1.289469003677368164e-01
1.277032047510147095e-01
1.266723275184631348e-01
1.258332282304763794e-01
1.251164227724075317e-01
1.244590580463409424e-01
1.238247603178024292e-01
1.231949552893638611e-01
1.225596368312835693e-01
1.219134256243705750e-01
1.212540045380592346e-01
1.205808743834495544e-01
1.198948398232460022e-01
1.191968023777008057e-01
1.184874773025512695e-01
1.177666410803794861e-01
1.170334666967391968e-01
1.162861064076423645e-01
1.155224964022636414e-01
1.147399023175239563e-01
1.139355748891830444e-01
1.131063103675842285e-01
1.122477203607559204e-01
1.113529801368713379e-01
1.104118600487709045e-01
1.094139665365219116e-01
1.083561703562736511e-01
1.072453036904335022e-01
1.060910746455192566e-01
1.049053817987442017e-01
1.037062406539916992e-01
1.025091633200645447e-01
1.013098135590553284e-01
1.000937744975090027e-01
9.887015819549560547e-02
9.765551239252090454e-02
9.643549472093582153e-02
9.514392912387847900e-02
9.373134374618530273e-02
9.227916598320007324e-02
9.095806628465652466e-02
8.987355977296829224e-02
8.906088769435882568e-02
8.844716846942901611e-02
8.790498971939086914e-02
8.737695962190628052e-02
8.684680610895156860e-02
8.629288524389266968e-02
8.569499850273132324e-02
8.505009114742279053e-02
8.437214046716690063e-02
8.368103206157684326e-02
8.299279212951660156e-02
8.231773972511291504e-02
8.166549354791641235e-02
8.104650676250457764e-02
8.046523481607437134e-02
7.991915941238403320e-02
7.942302525043487549e-02
7.902267575263977051e-02
7.872909307479858398e-02
7.851365208625793457e-02
7.835771888494491577e-02
7.827597111463546753e-02
7.830997556447982788e-02
7.851068675518035889e-02
7.895354926586151123e-02
7.975935190916061401e-02
8.091840147972106934e-02
8.193887025117874146e-02
8.232253789901733398e-02
8.220240473747253418e-02
8.188135176897048950e-02
8.148091286420822144e-02
8.095565438270568848e-02
8.010063320398330688e-02
7.868273556232452393e-02
7.684452831745147705e-02
7.523790746927261353e-02
7.420885562896728516e-02
7.358781993389129639e-02
7.318291068077087402e-02
7.288371026515960693e-02
7.261065393686294556e-02
7.226691395044326782e-02
7.177837938070297241e-02
7.119854539632797241e-02
7.064633816480636597e-02
7.018535584211349487e-02
6.981467455625534058e-02
6.949711591005325317e-02
6.919123977422714233e-02
6.886435300111770630e-02
6.849262118339538574e-02
6.806042045354843140e-02
6.756794452667236328e-02
6.702888011932373047e-02
6.646315008401870728e-02
6.589149683713912964e-02
6.532983481884002686e-02
6.478906422853469849e-02
6.429093331098556519e-02
6.386030465364456177e-02
6.350471079349517822e-02
6.322566419839859009e-02
6.304142624139785767e-02
6.297203153371810913e-02
6.299357861280441284e-02
6.290306150913238525e-02
6.269818544387817383e-02
6.253013014793395996e-02
6.242346018552780151e-02
6.237665191292762756e-02
6.237016990780830383e-02
6.238792464137077332e-02
6.244286894798278809e-02
6.258475780487060547e-02
6.283887475728988647e-02
6.319711357355117798e-02
6.355299055576324463e-02
6.374391913414001465e-02
6.379663199186325073e-02
6.374172121286392212e-02
6.362403929233551025e-02
6.346739083528518677e-02
6.328085809946060181e-02
6.306952238082885742e-02
6.284044682979583740e-02
6.260664016008377075e-02
6.238642707467079163e-02
6.219588220119476318e-02
6.204042583703994751e-02
6.191372126340866089e-02
6.180376559495925903e-02
6.169825047254562378e-02
6.158831715583801270e-02
6.147130951285362244e-02
6.134984642267227173e-02
6.127469241619110107e-02
6.126851588487625122e-02
6.119973212480545044e-02
6.114711984992027283e-02
6.112153828144073486e-02
6.111719086766242981e-02
6.114057824015617371e-02
6.120763719081878662e-02
6.134903430938720703e-02
6.163194030523300171e-02
6.222444400191307068e-02
6.328399479389190674e-02
6.293697655200958252e-02
6.296394020318984985e-02
6.829348206520080566e-02
6.813843548297882080e-02
6.163462251424789429e-02
6.923030316829681396e-02
6.468722969293594360e-02
6.031706556677818298e-02
6.088504567742347717e-02
6.233272328972816467e-02
6.322626024484634399e-02
6.037997826933860779e-02
6.836775690317153931e-02
6.523036956787109375e-02
6.300915777683258057e-02
6.331800669431686401e-02
6.306576728820800781e-02
6.264343112707138062e-02
6.200521439313888550e-02
6.514225155115127563e-02
6.349381059408187866e-02
6.125659495592117310e-02
6.104505434632301331e-02
6.385003775358200073e-02
6.153579056262969971e-02
6.253858655691146851e-02
6.273511052131652832e-02
5.896548554301261902e-02
6.030908972024917603e-02
6.018343940377235413e-02
6.075212359428405762e-02
5.810799077153205872e-02
5.662742257118225098e-02
6.167604401707649231e-02
6.235627457499504089e-02
6.168677285313606262e-02
6.134503334760665894e-02
5.992838367819786072e-02
5.737399682402610779e-02
5.910481885075569153e-02
5.749092623591423035e-02
5.742217972874641418e-02
5.869583413004875183e-02
5.984124168753623962e-02
5.916543304920196533e-02
6.181065738201141357e-02
6.265931576490402222e-02
6.707873195409774780e-02
6.198758259415626526e-02
6.024394556879997253e-02
5.967716500163078308e-02
6.096796691417694092e-02
5.875256657600402832e-02
6.372103095054626465e-02
6.331501901149749756e-02
5.778368562459945679e-02
6.425265222787857056e-02
6.106013804674148560e-02
6.151423975825309753e-02
6.483323872089385986e-02
5.888588353991508484e-02
6.051155179738998413e-02
6.729171425104141235e-02
6.281295418739318848e-02
5.967382714152336121e-02
6.050056591629981995e-02
6.117254123091697693e-02
6.148343905806541443e-02
6.054811924695968628e-02
6.008139252662658691e-02
6.059522181749343872e-02
6.155635043978691101e-02
6.052340194582939148e-02
6.292396783828735352e-02
5.940361693501472473e-02
6.095199286937713623e-02
6.013714894652366638e-02
6.108437106013298035e-02
5.907732993364334106e-02
6.185925379395484924e-02
5.701996758580207825e-02
5.733428895473480225e-02
5.934321880340576172e-02
6.167428195476531982e-02
6.185567751526832581e-02
6.339922547340393066e-02
6.247647106647491455e-02
6.160229817032814026e-02
6.294193863868713379e-02
5.895660072565078735e-02
6.178902834653854370e-02
6.330682337284088135e-02
6.110708415508270264e-02
6.459140032529830933e-02
5.800091847777366638e-02
5.964924767613410950e-02
6.916970759630203247e-02
6.303616613149642944e-02
6.234977766871452332e-02
5.979338660836219788e-02
5.881850048899650574e-02
6.334608048200607300e-02
6.093920394778251648e-02
5.893593281507492065e-02
6.125565245747566223e-02
5.892290547490119934e-02
6.077475845813751221e-02
6.186059862375259399e-02
6.499058008193969727e-02
6.728132814168930054e-02
6.557704508304595947e-02
6.778583675622940063e-02
6.195016950368881226e-02
6.588180363178253174e-02
6.421196460723876953e-02
6.042600795626640320e-02
6.353044509887695312e-02
6.578838080167770386e-02
6.704737246036529541e-02
6.294409930706024170e-02
6.345982104539871216e-02
6.711041927337646484e-02
6.432172656059265137e-02
5.984639376401901245e-02
6.207475811243057251e-02
5.718965828418731689e-02
6.638415902853012085e-02
6.304994225502014160e-02
6.080774590373039246e-02
6.258158385753631592e-02
6.754724681377410889e-02
6.226437166333198547e-02
6.451291590929031372e-02
7.160335779190063477e-02
6.355833262205123901e-02
6.598741561174392700e-02
6.030441075563430786e-02
6.184921041131019592e-02
6.063770875334739685e-02
5.939121916890144348e-02
6.577098369598388672e-02
5.621213465929031372e-02
6.358310580253601074e-02
6.459016352891921997e-02
7.195892184972763062e-02
6.611745059490203857e-02
6.570474058389663696e-02
6.205872818827629089e-02
6.446501612663269043e-02
6.328461319208145142e-02
6.621176749467849731e-02
6.138216704130172729e-02
6.423968821763992310e-02
7.384215295314788818e-02
6.808907538652420044e-02
6.225729361176490784e-02
7.544091343879699707e-02
6.246021389961242676e-02
6.418882310390472412e-02
6.774728000164031982e-02
6.419781595468521118e-02
6.753499805927276611e-02
6.323885917663574219e-02
6.591203063726425171e-02
6.166869401931762695e-02
6.360285729169845581e-02
6.661609560251235962e-02
6.915811449289321899e-02
6.865981966257095337e-02
6.379544734954833984e-02
7.806568592786788940e-02
6.195180490612983704e-02
6.281773746013641357e-02
6.548771262168884277e-02
6.776863336563110352e-02
6.378097087144851685e-02
6.801445782184600830e-02
6.646320968866348267e-02
6.571662425994873047e-02
6.726066768169403076e-02
6.489060074090957642e-02
6.081287935376167297e-02
6.425515562295913696e-02
6.359700113534927368e-02
6.426659226417541504e-02
6.830266863107681274e-02
6.117857992649078369e-02
6.558934599161148071e-02
7.077274471521377563e-02
6.190603971481323242e-02
6.945026665925979614e-02
6.609908491373062134e-02
6.408420950174331665e-02
6.989900022745132446e-02
7.308787107467651367e-02
6.752238422632217407e-02
6.293966621160507202e-02
6.418665498495101929e-02
6.852821260690689087e-02
6.284938752651214600e-02
7.029571384191513062e-02
6.658463925123214722e-02
6.938138604164123535e-02
6.465905904769897461e-02
6.283368170261383057e-02
6.894548982381820679e-02
6.396213173866271973e-02
6.292776763439178467e-02
6.165027245879173279e-02
7.084739953279495239e-02
6.313780695199966431e-02
6.690108776092529297e-02
7.168839126825332642e-02
6.663852185010910034e-02
6.634854525327682495e-02
6.315223127603530884e-02
6.353920698165893555e-02
6.796164810657501221e-02
6.442660093307495117e-02
6.187152862548828125e-02
6.424440443515777588e-02
6.341983377933502197e-02
6.649587303400039673e-02
6.587080657482147217e-02
6.647334247827529907e-02
6.116256862878799438e-02
6.477924436330795288e-02
6.780800223350524902e-02
6.542371958494186401e-02
6.202308833599090576e-02
6.205750629305839539e-02
6.600951403379440308e-02
6.513898819684982300e-02
6.678670644760131836e-02
6.516274064779281616e-02
6.491898000240325928e-02
6.587363779544830322e-02
6.546030938625335693e-02
6.622897088527679443e-02
6.596903502941131592e-02
6.918428093194961548e-02
6.739125400781631470e-02
6.980630755424499512e-02
6.499717384576797485e-02
6.909361481666564941e-02
7.099934667348861694e-02
6.965009868144989014e-02
6.427005678415298462e-02
