2.483370304107666016e-01
2.527716159820556641e-01
2.505543231964111328e-01
2.461197376251220703e-01
2.439024448394775391e-01
2.549889087677001953e-01
2.527716159820556641e-01
2.572062015533447266e-01
2.594234943389892578e-01
2.638580799102783203e-01
2.660754024982452393e-01
2.638580799102783203e-01
2.572062015533447266e-01
2.549889087677001953e-01
2.616407871246337891e-01
2.616407871246337891e-01
2.616407871246337891e-01
2.616407871246337891e-01
2.616407871246337891e-01
2.638580799102783203e-01
2.682926952838897705e-01
2.705099880695343018e-01
2.660754024982452393e-01
2.705099880695343018e-01
2.705099880695343018e-01
2.705099880695343018e-01
2.727272808551788330e-01
2.705099880695343018e-01
2.660754024982452393e-01
2.660754024982452393e-01
2.638580799102783203e-01
2.616407871246337891e-01
2.616407871246337891e-01
2.616407871246337891e-01
2.638580799102783203e-01
2.638580799102783203e-01
2.638580799102783203e-01
2.594234943389892578e-01
2.616407871246337891e-01
2.594234943389892578e-01
2.660754024982452393e-01
2.594234943389892578e-01
2.594234943389892578e-01
2.616407871246337891e-01
2.705099880695343018e-01
2.749445736408233643e-01
2.727272808551788330e-01
2.793791592121124268e-01
2.793791592121124268e-01
2.882483303546905518e-01
2.904656231403350830e-01
2.838137447834014893e-01
3.037694096565246582e-01
3.059867024421691895e-01
3.392461240291595459e-01
3.481152951717376709e-01
3.525498807430267334e-01
3.547671735286712646e-01
3.592017590999603271e-01
3.702882528305053711e-01
3.813747167587280273e-01
3.880265951156616211e-01
3.902438879013061523e-01
3.858093023300170898e-01
3.946785032749176025e-01
4.057649672031402588e-01
4.079822599887847900e-01
4.212860167026519775e-01
4.279379248619079590e-01
4.301552176475524902e-01
4.301552176475524902e-01
4.301552176475524902e-01
4.368070960044860840e-01
4.434589743614196777e-01
4.523281455039978027e-01
4.545454680919647217e-01
4.545454680919647217e-01
4.567627608776092529e-01
4.611973464488983154e-01
4.722838103771209717e-01
4.811529815196990967e-01
4.855875968933105469e-01
4.944567680358886719e-01
4.922394752502441406e-01
4.922394752502441406e-01
4.988913536071777344e-01
5.055432319641113281e-01
5.033259391784667969e-01
5.055432319641113281e-01
5.077605247497558594e-01
5.099778175354003906e-01
5.077605247497558594e-01
5.166296958923339844e-01
5.144124031066894531e-01
5.166296958923339844e-01
5.188469886779785156e-01
5.299334526062011719e-01
5.299334526062011719e-01
5.321508049964904785e-01
5.343680977821350098e-01
5.432372689247131348e-01
5.498891472816467285e-01
5.587583184242248535e-01
5.764966607093811035e-01
5.787139534950256348e-01
5.875831246376037598e-01
5.853658318519592285e-01
5.875831246376037598e-01
5.964523553848266602e-01
5.986696481704711914e-01
6.008869409561157227e-01
6.008869409561157227e-01
5.964523553848266602e-01
5.942350625991821289e-01
5.964523553848266602e-01
6.008869409561157227e-01
6.031042337417602539e-01
6.075388193130493164e-01
6.097561120986938477e-01
6.097561120986938477e-01
6.075388193130493164e-01
6.097561120986938477e-01
6.141906976699829102e-01
6.075388193130493164e-01
6.164079904556274414e-01
6.141906976699829102e-01
6.141906976699829102e-01
6.230598688125610352e-01
6.208425760269165039e-01
6.230598688125610352e-01
6.230598688125610352e-01
6.319290399551391602e-01
6.319290399551391602e-01
6.363636255264282227e-01
6.407982110977172852e-01
6.474500894546508789e-01
6.541019678115844727e-01
6.563193202018737793e-01
6.607539057731628418e-01
6.607539057731628418e-01
6.674057841300964355e-01
6.718403697013854980e-01
6.784922480583190918e-01
6.829268336296081543e-01
6.895787119865417480e-01
7.050997614860534668e-01
7.117516398429870605e-01
7.139689326286315918e-01
7.206208705902099609e-01
7.339246273040771484e-01
7.317073345184326172e-01
7.294900417327880859e-01
7.272727489471435547e-01
7.317073345184326172e-01
7.361419200897216797e-01
7.383592128753662109e-01
7.427937984466552734e-01
7.427937984466552734e-01
7.472283840179443359e-01
7.472283840179443359e-01
7.494456768035888672e-01
7.472283840179443359e-01
7.538802623748779297e-01
7.583148479461669922e-01
7.605321407318115234e-01
7.605321407318115234e-01
7.649667263031005859e-01
7.649667263031005859e-01
7.694013118743896484e-01
7.694013118743896484e-01
7.694013118743896484e-01
7.738358974456787109e-01
7.738358974456787109e-01
7.760531902313232422e-01
7.804877758026123047e-01
7.827051281929016113e-01
7.871397137641906738e-01
7.871397137641906738e-01
7.893570065498352051e-01
7.871397137641906738e-01
7.915742993354797363e-01
7.937915921211242676e-01
7.937915921211242676e-01
7.915742993354797363e-01
7.915742993354797363e-01
7.915742993354797363e-01
7.915742993354797363e-01
7.915742993354797363e-01
7.871397137641906738e-01
7.871397137641906738e-01
7.893570065498352051e-01
7.893570065498352051e-01
7.871397137641906738e-01
7.871397137641906738e-01
7.871397137641906738e-01
7.893570065498352051e-01
7.915742993354797363e-01
7.915742993354797363e-01
7.915742993354797363e-01
7.937915921211242676e-01
7.960088849067687988e-01
7.960088849067687988e-01
7.982261776924133301e-01
7.982261776924133301e-01
7.960088849067687988e-01
7.960088849067687988e-01
7.982261776924133301e-01
7.982261776924133301e-01
8.004434704780578613e-01
8.026607632637023926e-01
8.026607632637023926e-01
8.026607632637023926e-01
8.004434704780578613e-01
8.026607632637023926e-01
8.026607632637023926e-01
8.026607632637023926e-01
8.026607632637023926e-01
7.982261776924133301e-01
7.982261776924133301e-01
7.982261776924133301e-01
7.982261776924133301e-01
7.982261776924133301e-01
7.960088849067687988e-01
7.915742993354797363e-01
7.982261776924133301e-01
7.937915921211242676e-01
7.937915921211242676e-01
7.937915921211242676e-01
7.982261776924133301e-01
8.026607632637023926e-01
8.026607632637023926e-01
8.070953488349914551e-01
8.070953488349914551e-01
8.070953488349914551e-01
8.115299344062805176e-01
8.137472271919250488e-01
8.159645199775695801e-01
8.203991055488586426e-01
8.159645199775695801e-01
8.159645199775695801e-01
8.181818127632141113e-01
8.181818127632141113e-01
8.181818127632141113e-01
8.181818127632141113e-01
8.203991055488586426e-01
8.203991055488586426e-01
8.203991055488586426e-01
8.203991055488586426e-01
8.203991055488586426e-01
8.203991055488586426e-01
8.203991055488586426e-01
8.203991055488586426e-01
8.226163983345031738e-01
8.248336911201477051e-01
8.292682766914367676e-01
8.203991055488586426e-01
8.070953488349914551e-01
8.248336911201477051e-01
8.270509839057922363e-01
8.226163983345031738e-01
8.248336911201477051e-01
8.203991055488586426e-01
8.203991055488586426e-01
8.203991055488586426e-01
8.248336911201477051e-01
8.292682766914367676e-01
8.292682766914367676e-01
8.314855694770812988e-01
8.292682766914367676e-01
8.314855694770812988e-01
8.292682766914367676e-01
8.314855694770812988e-01
8.381374478340148926e-01
8.181818127632141113e-01
8.403547406196594238e-01
8.226163983345031738e-01
8.359201550483703613e-01
8.337028622627258301e-01
8.425720334053039551e-01
8.425720334053039551e-01
8.314855694770812988e-01
8.425720334053039551e-01
8.381374478340148926e-01
8.403547406196594238e-01
8.337028622627258301e-01
8.337028622627258301e-01
8.425720334053039551e-01
8.470066785812377930e-01
8.470066785812377930e-01
8.492239713668823242e-01
8.381374478340148926e-01
8.470066785812377930e-01
8.337028622627258301e-01
8.337028622627258301e-01
8.403547406196594238e-01
8.425720334053039551e-01
8.425720334053039551e-01
8.470066785812377930e-01
8.447893857955932617e-01
8.470066785812377930e-01
8.470066785812377930e-01
8.381374478340148926e-01
8.447893857955932617e-01
8.381374478340148926e-01
8.381374478340148926e-01
8.447893857955932617e-01
8.558758497238159180e-01
8.381374478340148926e-01
8.270509839057922363e-01
8.381374478340148926e-01
8.470066785812377930e-01
8.447893857955932617e-01
8.492239713668823242e-01
8.425720334053039551e-01
8.359201550483703613e-01
8.492239713668823242e-01
8.425720334053039551e-01
8.403547406196594238e-01
8.470066785812377930e-01
8.425720334053039551e-01
8.470066785812377930e-01
8.381374478340148926e-01
8.425720334053039551e-01
8.403547406196594238e-01
8.447893857955932617e-01
8.425720334053039551e-01
8.425720334053039551e-01
8.425720334053039551e-01
8.403547406196594238e-01
8.425720334053039551e-01
8.425720334053039551e-01
8.425720334053039551e-01
8.403547406196594238e-01
8.492239713668823242e-01
8.447893857955932617e-01
8.470066785812377930e-01
8.492239713668823242e-01
8.403547406196594238e-01
8.447893857955932617e-01
8.470066785812377930e-01
8.447893857955932617e-01
8.514412641525268555e-01
8.425720334053039551e-01
8.403547406196594238e-01
8.381374478340148926e-01
8.580931425094604492e-01
8.492239713668823242e-01
8.447893857955932617e-01
8.514412641525268555e-01
8.425720334053039551e-01
8.337028622627258301e-01
8.514412641525268555e-01
8.625277280807495117e-01
8.425720334053039551e-01
8.470066785812377930e-01
8.425720334053039551e-01
8.492239713668823242e-01
8.425720334053039551e-01
8.514412641525268555e-01
8.470066785812377930e-01
8.470066785812377930e-01
8.470066785812377930e-01
8.492239713668823242e-01
8.447893857955932617e-01
8.403547406196594238e-01
8.403547406196594238e-01
8.403547406196594238e-01
8.514412641525268555e-01
8.492239713668823242e-01
8.603104352951049805e-01
8.580931425094604492e-01
8.625277280807495117e-01
8.580931425094604492e-01
8.514412641525268555e-01
8.580931425094604492e-01
8.558758497238159180e-01
8.514412641525268555e-01
8.514412641525268555e-01
8.558758497238159180e-01
8.580931425094604492e-01
8.580931425094604492e-01
8.558758497238159180e-01
8.603104352951049805e-01
8.558758497238159180e-01
8.558758497238159180e-01
8.603104352951049805e-01
8.580931425094604492e-01
8.603104352951049805e-01
8.647450208663940430e-01
8.580931425094604492e-01
8.647450208663940430e-01
8.536585569381713867e-01
8.514412641525268555e-01
8.580931425094604492e-01
8.691796064376831055e-01
8.603104352951049805e-01
8.558758497238159180e-01
8.514412641525268555e-01
8.603104352951049805e-01
8.558758497238159180e-01
8.647450208663940430e-01
8.669623136520385742e-01
8.558758497238159180e-01
8.580931425094604492e-01
8.647450208663940430e-01
8.603104352951049805e-01
8.669623136520385742e-01
8.669623136520385742e-01
8.625277280807495117e-01
8.580931425094604492e-01
8.647450208663940430e-01
8.669623136520385742e-01
8.625277280807495117e-01
8.647450208663940430e-01
8.647450208663940430e-01
8.647450208663940430e-01
8.758314847946166992e-01
8.625277280807495117e-01
8.669623136520385742e-01
8.625277280807495117e-01
8.736141920089721680e-01
8.691796064376831055e-01
8.669623136520385742e-01
8.625277280807495117e-01
8.713968992233276367e-01
8.669623136520385742e-01
8.669623136520385742e-01
8.780487775802612305e-01
8.691796064376831055e-01
8.669623136520385742e-01
8.669623136520385742e-01
8.603104352951049805e-01
8.625277280807495117e-01
8.625277280807495117e-01
8.514412641525268555e-01
8.736141920089721680e-01
8.625277280807495117e-01
8.647450208663940430e-01
8.669623136520385742e-01
8.625277280807495117e-01
8.647450208663940430e-01
8.647450208663940430e-01
8.558758497238159180e-01
8.780487775802612305e-01
8.647450208663940430e-01
8.736141920089721680e-01
8.669623136520385742e-01
8.691796064376831055e-01
8.780487775802612305e-01
8.713968992233276367e-01
8.691796064376831055e-01
8.669623136520385742e-01
8.713968992233276367e-01
8.780487775802612305e-01
8.824833631515502930e-01
8.713968992233276367e-01
8.669623136520385742e-01
8.824833631515502930e-01
8.780487775802612305e-01
8.669623136520385742e-01
8.736141920089721680e-01
8.580931425094604492e-01
8.713968992233276367e-01
8.824833631515502930e-01
8.580931425094604492e-01
8.713968992233276367e-01
8.780487775802612305e-01
8.824833631515502930e-01
8.713968992233276367e-01
8.736141920089721680e-01
8.780487775802612305e-01
8.669623136520385742e-01
8.713968992233276367e-01
8.780487775802612305e-01
8.713968992233276367e-01
8.691796064376831055e-01
8.736141920089721680e-01
8.691796064376831055e-01
8.558758497238159180e-01
8.802660703659057617e-01
8.758314847946166992e-01
8.647450208663940430e-01
8.780487775802612305e-01
8.780487775802612305e-01
8.758314847946166992e-01
8.802660703659057617e-01
8.736141920089721680e-01
8.780487775802612305e-01
8.758314847946166992e-01
8.802660703659057617e-01
8.802660703659057617e-01
8.780487775802612305e-01
8.802660703659057617e-01
8.780487775802612305e-01
8.780487775802612305e-01
8.758314847946166992e-01
8.891352415084838867e-01
8.780487775802612305e-01
8.780487775802612305e-01
8.669623136520385742e-01
