2.527716159820556641e-01
2.616407871246337891e-01
2.682926952838897705e-01
2.749445736408233643e-01
2.705099880695343018e-01
2.771618664264678955e-01
2.882483303546905518e-01
3.037694096565246582e-01
3.215077519416809082e-01
3.481152951717376709e-01
3.547671735286712646e-01
3.636363744735717773e-01
3.769401311874389648e-01
4.013303816318511963e-01
4.279379248619079590e-01
4.501108527183532715e-01
4.656319320201873779e-01
4.678492248058319092e-01
4.745011031627655029e-01
4.878048896789550781e-01
5.033259391784667969e-01
5.277161598205566406e-01
5.543237328529357910e-01
5.587583184242248535e-01
5.831485390663146973e-01
6.053215265274047852e-01
6.208425760269165039e-01
6.407982110977172852e-01
6.452327966690063477e-01
6.607539057731628418e-01
6.674057841300964355e-01
6.740576624870300293e-01
6.829268336296081543e-01
6.895787119865417480e-01
6.940132975578308105e-01
6.962305903434753418e-01
7.050997614860534668e-01
7.073170542716979980e-01
7.117516398429870605e-01
7.184035181999206543e-01
7.206208705902099609e-01
7.272727489471435547e-01
7.317073345184326172e-01
7.361419200897216797e-01
7.405765056610107422e-01
7.516629695892333984e-01
7.516629695892333984e-01
7.538802623748779297e-01
7.560975551605224609e-01
7.560975551605224609e-01
7.583148479461669922e-01
7.627494335174560547e-01
7.627494335174560547e-01
7.627494335174560547e-01
7.627494335174560547e-01
7.627494335174560547e-01
7.627494335174560547e-01
7.649667263031005859e-01
7.583148479461669922e-01
7.560975551605224609e-01
7.605321407318115234e-01
7.627494335174560547e-01
7.649667263031005859e-01
7.649667263031005859e-01
7.671840190887451172e-01
7.694013118743896484e-01
7.694013118743896484e-01
7.694013118743896484e-01
7.716186046600341797e-01
7.694013118743896484e-01
7.694013118743896484e-01
7.671840190887451172e-01
7.716186046600341797e-01
7.716186046600341797e-01
7.671840190887451172e-01
7.694013118743896484e-01
7.782704830169677734e-01
7.827051281929016113e-01
7.849224209785461426e-01
7.871397137641906738e-01
7.915742993354797363e-01
7.893570065498352051e-01
7.893570065498352051e-01
7.893570065498352051e-01
7.915742993354797363e-01
7.937915921211242676e-01
7.960088849067687988e-01
7.937915921211242676e-01
7.960088849067687988e-01
7.960088849067687988e-01
7.982261776924133301e-01
7.982261776924133301e-01
7.960088849067687988e-01
7.960088849067687988e-01
7.960088849067687988e-01
7.937915921211242676e-01
7.960088849067687988e-01
7.960088849067687988e-01
8.004434704780578613e-01
8.026607632637023926e-01
8.048780560493469238e-01
8.070953488349914551e-01
8.070953488349914551e-01
8.093126416206359863e-01
8.093126416206359863e-01
8.093126416206359863e-01
8.115299344062805176e-01
8.115299344062805176e-01
8.115299344062805176e-01
8.115299344062805176e-01
8.115299344062805176e-01
8.115299344062805176e-01
8.093126416206359863e-01
8.115299344062805176e-01
8.115299344062805176e-01
8.115299344062805176e-01
8.159645199775695801e-01
8.159645199775695801e-01
8.159645199775695801e-01
8.181818127632141113e-01
8.181818127632141113e-01
8.203991055488586426e-01
8.181818127632141113e-01
8.181818127632141113e-01
8.181818127632141113e-01
8.203991055488586426e-01
8.181818127632141113e-01
8.181818127632141113e-01
8.203991055488586426e-01
8.248336911201477051e-01
8.248336911201477051e-01
8.226163983345031738e-01
8.181818127632141113e-01
8.203991055488586426e-01
8.159645199775695801e-01
8.159645199775695801e-01
8.137472271919250488e-01
8.159645199775695801e-01
8.181818127632141113e-01
8.226163983345031738e-01
8.203991055488586426e-01
8.248336911201477051e-01
8.248336911201477051e-01
8.226163983345031738e-01
8.226163983345031738e-01
8.226163983345031738e-01
8.292682766914367676e-01
8.314855694770812988e-01
8.314855694770812988e-01
8.337028622627258301e-01
8.381374478340148926e-01
8.292682766914367676e-01
8.270509839057922363e-01
8.314855694770812988e-01
8.337028622627258301e-01
8.337028622627258301e-01
8.359201550483703613e-01
8.359201550483703613e-01
8.337028622627258301e-01
8.403547406196594238e-01
8.359201550483703613e-01
8.359201550483703613e-01
8.403547406196594238e-01
8.359201550483703613e-01
8.403547406196594238e-01
8.381374478340148926e-01
8.403547406196594238e-01
8.447893857955932617e-01
8.403547406196594238e-01
8.470066785812377930e-01
8.470066785812377930e-01
8.337028622627258301e-01
8.381374478340148926e-01
8.492239713668823242e-01
8.447893857955932617e-01
8.425720334053039551e-01
8.359201550483703613e-01
8.403547406196594238e-01
8.403547406196594238e-01
8.337028622627258301e-01
8.381374478340148926e-01
8.381374478340148926e-01
8.425720334053039551e-01
8.425720334053039551e-01
8.470066785812377930e-01
8.425720334053039551e-01
8.492239713668823242e-01
8.403547406196594238e-01
8.470066785812377930e-01
8.470066785812377930e-01
8.536585569381713867e-01
8.425720334053039551e-01
8.558758497238159180e-01
8.425720334053039551e-01
8.470066785812377930e-01
8.492239713668823242e-01
8.514412641525268555e-01
8.558758497238159180e-01
8.470066785812377930e-01
8.514412641525268555e-01
8.536585569381713867e-01
8.603104352951049805e-01
8.625277280807495117e-01
8.580931425094604492e-01
8.558758497238159180e-01
8.580931425094604492e-01
8.580931425094604492e-01
8.603104352951049805e-01
8.580931425094604492e-01
8.625277280807495117e-01
8.603104352951049805e-01
8.514412641525268555e-01
8.514412641525268555e-01
8.536585569381713867e-01
8.514412641525268555e-01
8.580931425094604492e-01
8.603104352951049805e-01
8.647450208663940430e-01
8.647450208663940430e-01
8.669623136520385742e-01
8.647450208663940430e-01
8.625277280807495117e-01
8.669623136520385742e-01
8.580931425094604492e-01
8.558758497238159180e-01
8.558758497238159180e-01
8.647450208663940430e-01
8.625277280807495117e-01
8.558758497238159180e-01
8.580931425094604492e-01
8.603104352951049805e-01
8.580931425094604492e-01
8.580931425094604492e-01
8.647450208663940430e-01
8.625277280807495117e-01
8.647450208663940430e-01
8.514412641525268555e-01
8.603104352951049805e-01
8.580931425094604492e-01
8.625277280807495117e-01
8.558758497238159180e-01
8.580931425094604492e-01
8.669623136520385742e-01
8.647450208663940430e-01
8.669623136520385742e-01
8.669623136520385742e-01
8.647450208663940430e-01
8.736141920089721680e-01
8.647450208663940430e-01
8.713968992233276367e-01
8.780487775802612305e-01
8.713968992233276367e-01
8.736141920089721680e-01
8.736141920089721680e-01
8.758314847946166992e-01
8.736141920089721680e-01
8.780487775802612305e-01
8.758314847946166992e-01
8.736141920089721680e-01
8.736141920089721680e-01
8.713968992233276367e-01
8.713968992233276367e-01
8.713968992233276367e-01
8.713968992233276367e-01
8.713968992233276367e-01
8.691796064376831055e-01
8.713968992233276367e-01
8.713968992233276367e-01
8.713968992233276367e-01
8.713968992233276367e-01
8.713968992233276367e-01
8.713968992233276367e-01
8.736141920089721680e-01
8.736141920089721680e-01
8.736141920089721680e-01
8.736141920089721680e-01
8.736141920089721680e-01
8.802660703659057617e-01
8.736141920089721680e-01
8.691796064376831055e-01
8.758314847946166992e-01
8.691796064376831055e-01
8.736141920089721680e-01
8.824833631515502930e-01
8.758314847946166992e-01
8.802660703659057617e-01
8.736141920089721680e-01
8.713968992233276367e-01
8.736141920089721680e-01
8.847006559371948242e-01
8.869179487228393555e-01
8.847006559371948242e-01
8.713968992233276367e-01
8.780487775802612305e-01
8.780487775802612305e-01
8.780487775802612305e-01
8.780487775802612305e-01
8.869179487228393555e-01
8.847006559371948242e-01
8.691796064376831055e-01
8.758314847946166992e-01
8.780487775802612305e-01
8.780487775802612305e-01
8.780487775802612305e-01
8.824833631515502930e-01
8.824833631515502930e-01
8.802660703659057617e-01
8.758314847946166992e-01
8.758314847946166992e-01
8.824833631515502930e-01
8.847006559371948242e-01
8.802660703659057617e-01
8.713968992233276367e-01
8.847006559371948242e-01
8.824833631515502930e-01
8.758314847946166992e-01
8.780487775802612305e-01
8.802660703659057617e-01
8.802660703659057617e-01
8.736141920089721680e-01
8.847006559371948242e-01
8.802660703659057617e-01
8.802660703659057617e-01
8.891352415084838867e-01
8.736141920089721680e-01
8.758314847946166992e-01
8.847006559371948242e-01
8.758314847946166992e-01
8.847006559371948242e-01
8.824833631515502930e-01
8.847006559371948242e-01
8.935698270797729492e-01
8.913525342941284180e-01
8.913525342941284180e-01
8.869179487228393555e-01
8.935698270797729492e-01
8.891352415084838867e-01
8.869179487228393555e-01
8.913525342941284180e-01
8.891352415084838867e-01
8.935698270797729492e-01
8.869179487228393555e-01
8.980044126510620117e-01
8.935698270797729492e-01
8.957871198654174805e-01
8.869179487228393555e-01
8.935698270797729492e-01
8.957871198654174805e-01
8.935698270797729492e-01
9.046562910079956055e-01
8.980044126510620117e-01
9.002217054367065430e-01
8.980044126510620117e-01
8.869179487228393555e-01
8.980044126510620117e-01
9.024389982223510742e-01
9.046562910079956055e-01
8.913525342941284180e-01
9.002217054367065430e-01
9.024389982223510742e-01
9.024389982223510742e-01
9.024389982223510742e-01
9.046562910079956055e-01
9.024389982223510742e-01
9.135255217552185059e-01
9.068736433982849121e-01
9.002217054367065430e-01
8.980044126510620117e-01
9.090909361839294434e-01
9.157428145408630371e-01
9.090909361839294434e-01
9.090909361839294434e-01
9.090909361839294434e-01
9.113082289695739746e-01
9.046562910079956055e-01
9.179601073265075684e-01
8.824833631515502930e-01
8.935698270797729492e-01
9.002217054367065430e-01
9.024389982223510742e-01
9.046562910079956055e-01
9.135255217552185059e-01
9.024389982223510742e-01
8.980044126510620117e-01
9.090909361839294434e-01
9.113082289695739746e-01
9.068736433982849121e-01
9.113082289695739746e-01
8.980044126510620117e-01
9.157428145408630371e-01
8.957871198654174805e-01
8.957871198654174805e-01
9.090909361839294434e-01
9.046562910079956055e-01
9.068736433982849121e-01
9.113082289695739746e-01
8.935698270797729492e-01
9.046562910079956055e-01
8.957871198654174805e-01
9.046562910079956055e-01
9.113082289695739746e-01
9.135255217552185059e-01
9.179601073265075684e-01
9.201774001121520996e-01
9.113082289695739746e-01
9.179601073265075684e-01
9.135255217552185059e-01
9.090909361839294434e-01
9.068736433982849121e-01
9.090909361839294434e-01
9.090909361839294434e-01
9.002217054367065430e-01
9.046562910079956055e-01
9.090909361839294434e-01
9.201774001121520996e-01
9.157428145408630371e-01
9.113082289695739746e-01
9.068736433982849121e-01
9.046562910079956055e-01
9.113082289695739746e-01
9.090909361839294434e-01
9.046562910079956055e-01
9.090909361839294434e-01
9.002217054367065430e-01
9.002217054367065430e-01
9.046562910079956055e-01
9.068736433982849121e-01
9.068736433982849121e-01
9.024389982223510742e-01
9.068736433982849121e-01
9.090909361839294434e-01
9.002217054367065430e-01
9.113082289695739746e-01
9.024389982223510742e-01
8.980044126510620117e-01
9.002217054367065430e-01
9.157428145408630371e-01
9.068736433982849121e-01
9.246119856834411621e-01
9.201774001121520996e-01
9.157428145408630371e-01
9.135255217552185059e-01
9.157428145408630371e-01
9.223946928977966309e-01
9.090909361839294434e-01
9.201774001121520996e-01
9.157428145408630371e-01
9.223946928977966309e-01
9.090909361839294434e-01
9.157428145408630371e-01
9.002217054367065430e-01
9.090909361839294434e-01
9.157428145408630371e-01
9.179601073265075684e-01
9.113082289695739746e-01
9.179601073265075684e-01
9.135255217552185059e-01
9.223946928977966309e-01
9.046562910079956055e-01
9.113082289695739746e-01
9.268292784690856934e-01
9.246119856834411621e-01
9.246119856834411621e-01
9.334811568260192871e-01
9.179601073265075684e-01
9.223946928977966309e-01
9.246119856834411621e-01
9.312638640403747559e-01
9.334811568260192871e-01
9.113082289695739746e-01
9.223946928977966309e-01
9.290465712547302246e-01
9.223946928977966309e-01
9.268292784690856934e-01
9.090909361839294434e-01
9.290465712547302246e-01
9.312638640403747559e-01
9.223946928977966309e-01
9.268292784690856934e-01
9.312638640403747559e-01
9.334811568260192871e-01
9.379157423973083496e-01
9.268292784690856934e-01
9.356984496116638184e-01
9.356984496116638184e-01
9.268292784690856934e-01
9.379157423973083496e-01
9.290465712547302246e-01
9.379157423973083496e-01
9.268292784690856934e-01
9.090909361839294434e-01
9.312638640403747559e-01
9.445676207542419434e-01
9.467849135398864746e-01
9.290465712547302246e-01
9.334811568260192871e-01
9.246119856834411621e-01
9.401330351829528809e-01
9.201774001121520996e-01
9.290465712547302246e-01
