2.089996486902236938e-01
2.025316506624221802e-01
1.981362402439117432e-01
1.953592151403427124e-01
1.935106068849563599e-01
1.920261532068252563e-01
1.904899179935455322e-01
1.886261701583862305e-01
1.864528357982635498e-01
1.843299418687820435e-01
1.825723797082901001e-01
1.812072545289993286e-01
1.801641136407852173e-01
1.794309467077255249e-01
1.790055781602859497e-01
1.784767359495162964e-01
1.764461696147918701e-01
1.715501546859741211e-01
1.643713861703872681e-01
1.567827463150024414e-01
1.498999744653701782e-01
1.438465416431427002e-01
1.384934931993484497e-01
1.335810571908950806e-01
1.284371316432952881e-01
1.225966066122055054e-01
1.165532171726226807e-01
1.110923364758491516e-01
1.066608950495719910e-01
1.032722741365432739e-01
1.007291227579116821e-01
9.884100407361984253e-02
9.742449223995208740e-02
9.629933536052703857e-02
9.533529728651046753e-02
9.447551518678665161e-02
9.369792044162750244e-02
9.298039972782135010e-02
9.230659902095794678e-02
9.167649596929550171e-02
9.108564257621765137e-02
9.051639586687088013e-02
8.995541930198669434e-02
8.940054476261138916e-02
8.885783702135086060e-02
8.833568543195724487e-02
8.784101903438568115e-02
8.737654238939285278e-02
8.694244176149368286e-02
8.653668314218521118e-02
8.615330606698989868e-02
8.577806502580642700e-02
8.539057523012161255e-02
8.497501164674758911e-02
8.452587574720382690e-02
8.404584228992462158e-02
8.354150503873825073e-02
8.302044123411178589e-02
8.248952776193618774e-02
8.195425570011138916e-02
8.141853660345077515e-02
8.088509738445281982e-02
8.035537600517272949e-02
7.983005791902542114e-02
7.930919528007507324e-02
7.879213243722915649e-02
7.827782630920410156e-02
7.776522636413574219e-02
7.725274562835693359e-02
7.673896849155426025e-02
7.622239738702774048e-02
7.570153474807739258e-02
7.517521083354949951e-02
7.464261353015899658e-02
7.410363107919692993e-02
7.355886697769165039e-02
7.300944626331329346e-02
7.245695590972900391e-02
7.190317660570144653e-02
7.135009765625000000e-02
7.080096751451492310e-02
7.026197016239166260e-02
6.974267959594726562e-02
6.925219297409057617e-02
6.879466772079467773e-02
6.836900115013122559e-02
6.797296553850173950e-02
6.760485470294952393e-02
6.726198643445968628e-02
6.694024801254272461e-02
6.663446873426437378e-02
6.633981317281723022e-02
6.605237722396850586e-02
6.576961278915405273e-02
6.549002230167388916e-02
6.521268188953399658e-02
6.493727862834930420e-02
6.466373056173324585e-02
6.439250707626342773e-02
6.412450224161148071e-02
6.386157870292663574e-02
6.360682100057601929e-02
6.336446106433868408e-02
6.313983350992202759e-02
6.293875724077224731e-02
6.276722252368927002e-02
6.263054162263870239e-02
6.253305077552795410e-02
6.247769296169281006e-02
6.246575713157653809e-02
6.249713152647018433e-02
6.257065385580062866e-02
6.268484145402908325e-02
6.283882260322570801e-02
6.303256750106811523e-02
6.326698511838912964e-02
6.354330480098724365e-02
6.386144459247589111e-02
6.421857327222824097e-02
6.460835784673690796e-02
6.502047926187515259e-02
6.544250994920730591e-02
6.586281955242156982e-02
6.627240777015686035e-02
6.666737794876098633e-02
6.704799830913543701e-02
6.741818785667419434e-02
6.778256595134735107e-02
6.814508885145187378e-02
6.850827485322952271e-02
6.887291371822357178e-02
6.923930346965789795e-02
6.960719823837280273e-02
6.997685134410858154e-02
7.035008817911148071e-02
7.073298841714859009e-02
7.113324850797653198e-02
7.156016677618026733e-02
7.203169912099838257e-02
7.261367887258529663e-02
7.347472012042999268e-02
7.451783865690231323e-02
7.554864138364791870e-02
7.721962034702301025e-02
7.856944948434829712e-02
7.924340665340423584e-02
7.914513349533081055e-02
7.777594774961471558e-02
7.508210092782974243e-02
7.143060117959976196e-02
6.592430174350738525e-02
6.279892474412918091e-02
6.224868819117546082e-02
7.092219591140747070e-02
6.517806649208068848e-02
6.360875815153121948e-02
6.282599270343780518e-02
6.660696119070053101e-02
7.066398113965988159e-02
7.309780269861221313e-02
7.617502659559249878e-02
7.714284211397171021e-02
7.920680195093154907e-02
7.241027802228927612e-02
7.642024755477905273e-02
6.584637612104415894e-02
7.453004270792007446e-02
7.518333196640014648e-02
6.811270862817764282e-02
6.366937607526779175e-02
7.520461082458496094e-02
6.884626299142837524e-02
6.501195579767227173e-02
6.504840403795242310e-02
7.931210845708847046e-02
7.818207889795303345e-02
8.079675585031509399e-02
6.436686962842941284e-02
7.928704470396041870e-02
5.762249603867530823e-02
5.932180956006050110e-02
7.374667376279830933e-02
6.022884324193000793e-02
7.641022652387619019e-02
6.271935999393463135e-02
8.184441179037094116e-02
8.078499138355255127e-02
6.934683024883270264e-02
6.259329617023468018e-02
7.492582499980926514e-02
6.366063654422760010e-02
6.473670899868011475e-02
7.517589628696441650e-02
7.087280601263046265e-02
6.729512661695480347e-02
6.533522158861160278e-02
7.299026846885681152e-02
7.565777003765106201e-02
7.620377838611602783e-02
7.739099115133285522e-02
7.451959699392318726e-02
7.231839001178741455e-02
7.638814300298690796e-02
6.553330272436141968e-02
6.607188284397125244e-02
6.602114439010620117e-02
6.429184228181838989e-02
6.553000211715698242e-02
6.375547498464584351e-02
6.403355300426483154e-02
7.186844199895858765e-02
6.580886989831924438e-02
7.688342034816741943e-02
7.208792120218276978e-02
6.553433090448379517e-02
6.781736761331558228e-02
6.685607880353927612e-02
6.555090099573135376e-02
6.754437834024429321e-02
7.064150273799896240e-02
7.249831408262252808e-02
7.422100007534027100e-02
7.563014328479766846e-02
7.777351886034011841e-02
7.378929853439331055e-02
7.178621739149093628e-02
7.684648782014846802e-02
7.358785718679428101e-02
6.885528564453125000e-02
6.820502132177352905e-02
7.184758782386779785e-02
7.434888929128646851e-02
7.335429638624191284e-02
7.678260654211044312e-02
7.861492037773132324e-02
7.281668484210968018e-02
7.596914470195770264e-02
7.581980526447296143e-02
7.008489966392517090e-02
6.952849775552749634e-02
7.096759974956512451e-02
6.995839625597000122e-02
6.895347684621810913e-02
7.144902646541595459e-02
6.999424844980239868e-02
6.495431810617446899e-02
6.652962416410446167e-02
6.589255481958389282e-02
6.437538564205169678e-02
6.455546617507934570e-02
6.505512446165084839e-02
6.467664986848831177e-02
6.448909640312194824e-02
6.322063505649566650e-02
6.335781514644622803e-02
6.320755928754806519e-02
6.370609253644943237e-02
6.348486244678497314e-02
6.346071511507034302e-02
6.326100975275039673e-02
6.325145810842514038e-02
6.317653506994247437e-02
6.316397339105606079e-02
6.316505372524261475e-02
6.317766010761260986e-02
6.319686770439147949e-02
6.322498619556427002e-02
6.328514218330383301e-02
6.341716647148132324e-02
6.363908946514129639e-02
6.394415348768234253e-02
6.443432718515396118e-02
6.546202301979064941e-02
6.630333513021469116e-02
6.399365514516830444e-02
6.285512447357177734e-02
6.483438611030578613e-02
6.508313119411468506e-02
6.592659652233123779e-02
6.487385928630828857e-02
6.528503447771072388e-02
6.320380419492721558e-02
6.490382552146911621e-02
6.382159143686294556e-02
6.353400647640228271e-02
6.463238596916198730e-02
6.383639574050903320e-02
6.202585622668266296e-02
6.086053326725959778e-02
6.034182384610176086e-02
6.002362444996833801e-02
6.019426137208938599e-02
5.906997993588447571e-02
5.633829906582832336e-02
5.758492276072502136e-02
5.513784661889076233e-02
6.115020811557769775e-02
5.826041474938392639e-02
5.993423610925674438e-02
5.492788553237915039e-02
5.754426121711730957e-02
5.720505118370056152e-02
5.853788927197456360e-02
5.959694087505340576e-02
5.955663323402404785e-02
6.031201407313346863e-02
6.115880608558654785e-02
5.701575055718421936e-02
6.186247617006301880e-02
5.614678561687469482e-02
5.633717030286788940e-02
5.819340795278549194e-02
5.476458743214607239e-02
6.212333589792251587e-02
6.259440630674362183e-02
6.091761961579322815e-02
6.142196804285049438e-02
6.080926582217216492e-02
6.204283237457275391e-02
6.267431378364562988e-02
6.558308005332946777e-02
6.297116726636886597e-02
6.419251114130020142e-02
6.618858128786087036e-02
6.639095395803451538e-02
6.203177571296691895e-02
5.561319738626480103e-02
6.361871957778930664e-02
6.203573197126388550e-02
5.897121503949165344e-02
6.367664784193038940e-02
6.507115811109542847e-02
6.307785212993621826e-02
6.278340518474578857e-02
6.035498529672622681e-02
6.068313121795654297e-02
6.609726697206497192e-02
6.309191882610321045e-02
6.199854984879493713e-02
6.058679521083831787e-02
6.554508954286575317e-02
6.227094680070877075e-02
6.259592622518539429e-02
6.219664216041564941e-02
6.251978129148483276e-02
6.318981200456619263e-02
6.213036924600601196e-02
5.527083203196525574e-02
6.815066188573837280e-02
7.121679186820983887e-02
6.213209033012390137e-02
6.794079393148422241e-02
5.597423389554023743e-02
6.191658601164817810e-02
6.788688153028488159e-02
6.886240094900131226e-02
6.548110395669937134e-02
6.463243067264556885e-02
5.984763056039810181e-02
6.825884431600570679e-02
6.539358198642730713e-02
6.543271243572235107e-02
6.653439253568649292e-02
5.292937159538269043e-02
7.042027264833450317e-02
5.814540386199951172e-02
6.733591109514236450e-02
6.336775422096252441e-02
6.838189810514450073e-02
6.835979968309402466e-02
6.605999171733856201e-02
6.734044849872589111e-02
6.396697461605072021e-02
6.312402337789535522e-02
6.246556714177131653e-02
6.686283648014068604e-02
7.017540931701660156e-02
6.785019487142562866e-02
6.827972084283828735e-02
5.463584885001182556e-02
6.078619137406349182e-02
6.217312440276145935e-02
6.600397080183029175e-02
6.070321053266525269e-02
6.349889189004898071e-02
5.832742899656295776e-02
6.353474408388137817e-02
5.454229190945625305e-02
6.325815618038177490e-02
6.164513155817985535e-02
6.064355373382568359e-02
6.725253164768218994e-02
6.363686919212341309e-02
6.091754510998725891e-02
6.363935768604278564e-02
6.327850371599197388e-02
5.742645636200904846e-02
5.788091570138931274e-02
5.670213699340820312e-02
6.276196986436843872e-02
6.290389597415924072e-02
6.426805257797241211e-02
6.384212523698806763e-02
6.601493060588836670e-02
6.579405069351196289e-02
6.720032542943954468e-02
6.555434316396713257e-02
6.684950739145278931e-02
7.069053500890731812e-02
6.206199899315834045e-02
6.664163619279861450e-02
6.189686432480812073e-02
6.644812226295471191e-02
6.194856390357017517e-02
6.206597760319709778e-02
6.279963254928588867e-02
6.341549754142761230e-02
6.777954846620559692e-02
6.901389360427856445e-02
6.587620824575424194e-02
6.889980286359786987e-02
6.743355840444564819e-02
6.991782039403915405e-02
5.489149317145347595e-02
6.535711884498596191e-02
7.832171767950057983e-02
7.218445092439651489e-02
6.988123804330825806e-02
6.282251328229904175e-02
6.015814840793609619e-02
6.058105453848838806e-02
6.129102408885955811e-02
6.437418609857559204e-02
5.995722860097885132e-02
6.241870671510696411e-02
5.952165275812149048e-02
6.028989702463150024e-02
7.326555997133255005e-02
6.468506902456283569e-02
5.953658744692802429e-02
8.660503476858139038e-02
6.355725228786468506e-02
6.723850965499877930e-02
6.161769479513168335e-02
5.503330379724502563e-02
7.258854061365127563e-02
5.970229953527450562e-02
5.750612169504165649e-02
5.995639041066169739e-02
5.525332316756248474e-02
5.630976706743240356e-02
5.796606466174125671e-02
8.260735869407653809e-02
5.714018270373344421e-02
5.848395079374313354e-02
6.041937693953514099e-02
6.109865009784698486e-02
6.338158994913101196e-02
5.612668767571449280e-02
5.548009276390075684e-02
5.913161113858222961e-02
5.907765403389930725e-02
6.417886167764663696e-02
5.979557335376739502e-02
5.773465707898139954e-02
5.722367018461227417e-02
5.871992930769920349e-02
6.011037901043891907e-02
6.021330878138542175e-02
6.120099499821662903e-02
6.079507246613502502e-02
6.048710271716117859e-02
5.679832026362419128e-02
6.672234088182449341e-02
6.609119474887847900e-02
6.179132312536239624e-02
6.325891613960266113e-02
6.756675988435745239e-02
6.032383441925048828e-02
6.259324401617050171e-02
5.791134014725685120e-02
5.911510437726974487e-02
7.643326371908187866e-02
6.031540036201477051e-02
7.933063060045242310e-02
6.396488845348358154e-02
6.442452967166900635e-02
6.879441440105438232e-02
6.866723299026489258e-02
6.334035843610763550e-02
6.827344000339508057e-02
6.504457443952560425e-02
6.258440762758255005e-02
6.534954160451889038e-02
6.899088621139526367e-02
7.014113664627075195e-02
6.976994127035140991e-02
6.673578172922134399e-02
6.376458704471588135e-02
7.092302292585372925e-02
