1.915247887372970581e-01
1.906975507736206055e-01
1.903253793716430664e-01
1.899976730346679688e-01
1.897130161523818970e-01
1.894688457250595093e-01
1.892606914043426514e-01
1.890846639871597290e-01
1.889356821775436401e-01
1.888096332550048828e-01
1.887020915746688843e-01
1.886100471019744873e-01
1.885306090116500854e-01
1.884613037109375000e-01
1.884002834558486938e-01
1.883463710546493530e-01
1.882977932691574097e-01
1.882538348436355591e-01
1.882136613130569458e-01
1.881766915321350098e-01
1.881419718265533447e-01
1.881092637777328491e-01
1.880780309438705444e-01
1.880477964878082275e-01
1.880180388689041138e-01
1.879885196685791016e-01
1.879587769508361816e-01
1.879283934831619263e-01
1.878967285156250000e-01
1.878634989261627197e-01
1.878281831741333008e-01
1.877897381782531738e-01
1.877476572990417480e-01
1.877005845308303833e-01
1.876472830772399902e-01
1.875862628221511841e-01
1.875152587890625000e-01
1.874314397573471069e-01
1.873313784599304199e-01
1.872105449438095093e-01
1.870623975992202759e-01
1.868792176246643066e-01
1.866497844457626343e-01
1.863597035408020020e-01
1.859898418188095093e-01
1.855164319276809692e-01
1.849121451377868652e-01
1.841498911380767822e-01
1.832168996334075928e-01
1.821282505989074707e-01
1.809368431568145752e-01
1.797179430723190308e-01
1.785351783037185669e-01
1.774196028709411621e-01
1.763717085123062134e-01
1.753734052181243896e-01
1.743994802236557007e-01
1.734231412410736084e-01
1.724221557378768921e-01
1.713776886463165283e-01
1.702765822410583496e-01
1.691093593835830688e-01
1.678703278303146362e-01
1.665566861629486084e-01
1.651682406663894653e-01
1.637070029973983765e-01
1.621777713298797607e-01
1.605860739946365356e-01
1.589387804269790649e-01
1.572446227073669434e-01
1.555176526308059692e-01
1.537814885377883911e-01
1.520653516054153442e-01
1.503929793834686279e-01
1.487805843353271484e-01
1.472368836402893066e-01
1.457631736993789673e-01
1.443491131067276001e-01
1.429748088121414185e-01
1.416219174861907959e-01
1.402717232704162598e-01
1.388974189758300781e-01
1.374761462211608887e-01
1.360115706920623779e-01
1.345358937978744507e-01
1.330910176038742065e-01
1.317054182291030884e-01
1.303778141736984253e-01
1.290780454874038696e-01
1.277617961168289185e-01
1.263922005891799927e-01
1.249458193778991699e-01
1.233849525451660156e-01
1.216569393873214722e-01
1.197691857814788818e-01
1.179401725530624390e-01
1.164143308997154236e-01
1.147832646965980530e-01
1.129186674952507019e-01
1.109643578529357910e-01
1.090842783451080322e-01
1.073732823133468628e-01
1.058390885591506958e-01
1.044237539172172546e-01
1.029896959662437439e-01
1.015722602605819702e-01
1.002411022782325745e-01
9.898383915424346924e-02
9.772508591413497925e-02
9.660278260707855225e-02
9.571005403995513916e-02
9.490083158016204834e-02
9.407506883144378662e-02
9.324575960636138916e-02
9.265266358852386475e-02
9.189673513174057007e-02
9.119623899459838867e-02
9.058375656604766846e-02
8.996852487325668335e-02
8.942484855651855469e-02
8.904679864645004272e-02
8.861629664897918701e-02
8.792910724878311157e-02
8.710201829671859741e-02
8.668949455022811890e-02
8.558702468872070312e-02
8.503761142492294312e-02
8.477161824703216553e-02
8.449321985244750977e-02
8.419017493724822998e-02
8.387743681669235229e-02
8.356325328350067139e-02
8.324762433767318726e-02
8.292677253484725952e-02
8.259618282318115234e-02
8.225251734256744385e-02
8.189433813095092773e-02
8.152304589748382568e-02
8.114287257194519043e-02
8.076019585132598877e-02
8.038237690925598145e-02
8.001551032066345215e-02
7.966149598360061646e-02
7.931651175022125244e-02
7.897374778985977173e-02
7.863134145736694336e-02
7.829453051090240479e-02
7.796369493007659912e-02
7.763213664293289185e-02
7.729957252740859985e-02
7.696852087974548340e-02
7.663528621196746826e-02
7.629118114709854126e-02
7.592792063951492310e-02
7.554280012845993042e-02
7.514042407274246216e-02
7.472915202379226685e-02
7.431700825691223145e-02
7.391221821308135986e-02
7.352396845817565918e-02
7.316771894693374634e-02
7.287444919347763062e-02
7.266427576541900635e-02
7.252301275730133057e-02
7.243732362985610962e-02
7.241706550121307373e-02
7.249358296394348145e-02
7.234084606170654297e-02
7.198671251535415649e-02
7.181663066148757935e-02
7.159571349620819092e-02
7.176250219345092773e-02
7.111828029155731201e-02
7.063727825880050659e-02
7.030667364597320557e-02
7.012611627578735352e-02
6.994396448135375977e-02
6.975167244672775269e-02
6.954450160264968872e-02
6.932952255010604858e-02
6.911325454711914062e-02
6.889575719833374023e-02
6.867206841707229614e-02
6.843658536672592163e-02
6.818591803312301636e-02
6.792104989290237427e-02
6.764196604490280151e-02
6.734214723110198975e-02
6.701261550188064575e-02
6.664768606424331665e-02
6.624984741210937500e-02
6.582526117563247681e-02
6.539608538150787354e-02
6.500755250453948975e-02
6.467682123184204102e-02
6.438960134983062744e-02
6.414526700973510742e-02
6.394879519939422607e-02
6.379122287034988403e-02
6.362778693437576294e-02
6.342039257287979126e-02
6.316316127777099609e-02
6.289397925138473511e-02
6.268601864576339722e-02
6.245851144194602966e-02
6.216578930616378784e-02
6.185020133852958679e-02
6.150817126035690308e-02
6.121776998043060303e-02
6.109206005930900574e-02
6.082497537136077881e-02
6.051023676991462708e-02
6.339483708143234253e-02
6.203049048781394958e-02
6.270541250705718994e-02
6.165976077318191528e-02
6.190552189946174622e-02
6.404569000005722046e-02
6.134614348411560059e-02
6.079475954174995422e-02
6.092231348156929016e-02
6.048121303319931030e-02
6.243651360273361206e-02
6.239696219563484192e-02
6.257063895463943481e-02
6.114809960126876831e-02
6.246147677302360535e-02
6.029904633760452271e-02
6.047904118895530701e-02
6.189955398440361023e-02
6.129653006792068481e-02
5.892169475555419922e-02
5.909834057092666626e-02
6.028401851654052734e-02
6.160594895482063293e-02
5.867413058876991272e-02
5.922839045524597168e-02
5.963081493973731995e-02
5.963053554296493530e-02
6.323726475238800049e-02
5.922192707657814026e-02
5.925722420215606689e-02
5.933687090873718262e-02
5.803034454584121704e-02
5.899806320667266846e-02
5.836637318134307861e-02
6.123156100511550903e-02
5.733173713088035583e-02
5.799105390906333923e-02
5.944779142737388611e-02
5.880780518054962158e-02
5.862752348184585571e-02
6.183462962508201599e-02
5.780890956521034241e-02
5.911019071936607361e-02
5.895520374178886414e-02
5.799167230725288391e-02
6.169609725475311279e-02
5.920491367578506470e-02
5.996410921216011047e-02
5.715913698077201843e-02
5.694576352834701538e-02
5.672327429056167603e-02
5.842246860265731812e-02
5.613002553582191467e-02
5.622281506657600403e-02
5.591766536235809326e-02
5.731532722711563110e-02
5.675307661294937134e-02
5.565509945154190063e-02
5.634110048413276672e-02
5.540912225842475891e-02
5.549593269824981689e-02
5.561551079154014587e-02
5.577679350972175598e-02
5.706088989973068237e-02
5.505173280835151672e-02
5.465509742498397827e-02
5.841001868247985840e-02
5.850227177143096924e-02
5.436014756560325623e-02
5.451690405607223511e-02
5.431175976991653442e-02
5.461565777659416199e-02
5.422513186931610107e-02
5.439775064587593079e-02
5.401907861232757568e-02
5.362201109528541565e-02
5.394101142883300781e-02
5.520397424697875977e-02
5.312074720859527588e-02
5.317500978708267212e-02
5.404486879706382751e-02
5.449272319674491882e-02
5.682740733027458191e-02
5.383945629000663757e-02
5.424932017922401428e-02
5.342647433280944824e-02
5.311815068125724792e-02
5.374568700790405273e-02
5.244905501604080200e-02
5.311645194888114929e-02
5.333545804023742676e-02
5.311540886759757996e-02
5.653829127550125122e-02
5.526095256209373474e-02
5.384454503655433655e-02
5.341501161456108093e-02
5.279956385493278503e-02
5.419102683663368225e-02
5.538129433989524841e-02
5.347530543804168701e-02
5.344138294458389282e-02
5.256561562418937683e-02
5.252822488546371460e-02
5.226502195000648499e-02
5.180566012859344482e-02
5.254166573286056519e-02
5.182195082306861877e-02
5.226417258381843567e-02
5.394336208701133728e-02
5.209488421678543091e-02
5.315482988953590393e-02
5.253247916698455811e-02
5.362976714968681335e-02
5.320436134934425354e-02
5.191572010517120361e-02
5.152622237801551819e-02
5.111942440271377563e-02
5.166698992252349854e-02
5.184380337595939636e-02
5.483907461166381836e-02
5.155423656105995178e-02
5.054235830903053284e-02
5.142959207296371460e-02
5.138964205980300903e-02
5.094378441572189331e-02
5.232814326882362366e-02
5.133276805281639099e-02
5.026976764202117920e-02
5.165402218699455261e-02
5.131687596440315247e-02
5.055034160614013672e-02
5.098943039774894714e-02
5.081542208790779114e-02
5.010839179158210754e-02
5.008158460259437561e-02
5.349213257431983948e-02
5.138342082500457764e-02
5.015866830945014954e-02
5.015450343489646912e-02
4.990643635392189026e-02
4.983435943722724915e-02
4.992690682411193848e-02
5.052484571933746338e-02
5.001153424382209778e-02
4.993675276637077332e-02
4.986028000712394714e-02
4.998768121004104614e-02
4.968012124300003052e-02
4.950749874114990234e-02
4.958400875329971313e-02
4.999293014407157898e-02
4.930702224373817444e-02
5.219981074333190918e-02
5.067045614123344421e-02
5.017212033271789551e-02
4.901857674121856689e-02
4.923113808035850525e-02
4.868902266025543213e-02
4.847136139869689941e-02
4.845340549945831299e-02
4.866730421781539917e-02
4.919844120740890503e-02
4.843698814511299133e-02
5.244592204689979553e-02
5.228939279913902283e-02
4.820010438561439514e-02
4.902321100234985352e-02
5.058822408318519592e-02
4.817024618387222290e-02
4.911389574408531189e-02
4.899675026535987854e-02
4.874371364712715149e-02
5.476367846131324768e-02
5.095800384879112244e-02
4.870423302054405212e-02
4.939651861786842346e-02
4.830267652869224548e-02
4.994946718215942383e-02
4.821201413869857788e-02
5.128723755478858948e-02
4.823233187198638916e-02
4.771673306822776794e-02
5.159347131848335266e-02
4.795429110527038574e-02
4.926011711359024048e-02
5.001689121127128601e-02
4.801362380385398865e-02
4.759948328137397766e-02
4.751590266823768616e-02
4.791731387376785278e-02
4.727869853377342224e-02
4.730175063014030457e-02
4.714608564972877502e-02
4.720035195350646973e-02
4.698562249541282654e-02
4.763253405690193176e-02
4.688496515154838562e-02
4.703250527381896973e-02
4.654403775930404663e-02
4.690668731927871704e-02
4.992164298892021179e-02
4.936977475881576538e-02
4.813211038708686829e-02
4.650565609335899353e-02
4.639857262372970581e-02
4.734553024172782898e-02
4.931552708148956299e-02
5.107816308736801147e-02
4.713987931609153748e-02
4.589933529496192932e-02
4.622200876474380493e-02
4.549315944314002991e-02
5.004875734448432922e-02
4.868843778967857361e-02
4.692408442497253418e-02
4.965445399284362793e-02
4.903822764754295349e-02
4.842505604028701782e-02
4.750537499785423279e-02
4.748128354549407959e-02
4.854623973369598389e-02
4.760632291436195374e-02
5.012084171175956726e-02
4.727822542190551758e-02
4.674455523490905762e-02
4.714974015951156616e-02
4.971641674637794495e-02
4.680261015892028809e-02
4.603888094425201416e-02
4.648148640990257263e-02
4.583184421062469482e-02
4.566679894924163818e-02
4.576782882213592529e-02
4.753867164254188538e-02
4.637252539396286011e-02
4.641076177358627319e-02
4.736947640776634216e-02
4.703243076801300049e-02
4.592118039727210999e-02
4.657381400465965271e-02
4.620940610766410828e-02
4.596066102385520935e-02
4.590835794806480408e-02
4.613327980041503906e-02
4.657873883843421936e-02
4.625596851110458374e-02
4.758269712328910828e-02
4.603094235062599182e-02
4.602653160691261292e-02
4.818090796470642090e-02
4.683998972177505493e-02
4.565860703587532043e-02
4.561255499720573425e-02
4.624006897211074829e-02
4.650601744651794434e-02
4.641170427203178406e-02
4.573354870080947876e-02
4.639884456992149353e-02
4.677579924464225769e-02
4.583612829446792603e-02
4.498009756207466125e-02
4.536929354071617126e-02
4.559134319424629211e-02
4.460578411817550659e-02
4.519666358828544617e-02
4.545344039797782898e-02
4.578615725040435791e-02
4.506987333297729492e-02
4.622433334589004517e-02
4.681520536541938782e-02
4.633268713951110840e-02
4.657695069909095764e-02
4.626861214637756348e-02
4.456364735960960388e-02
4.597062617540359497e-02
4.464286565780639648e-02
4.560222476720809937e-02
4.456024244427680969e-02
4.472395777702331543e-02
4.440465196967124939e-02
4.479044303297996521e-02
4.626143723726272583e-02
4.437363147735595703e-02
4.405653849244117737e-02
4.391705617308616638e-02
4.384322836995124817e-02
4.443055391311645508e-02
4.568315669894218445e-02
