2.300885021686553955e-01
2.300885021686553955e-01
2.300885021686553955e-01
2.300885021686553955e-01
2.300885021686553955e-01
2.300885021686553955e-01
2.300885021686553955e-01
2.300885021686553955e-01
2.300885021686553955e-01
2.300885021686553955e-01
2.300885021686553955e-01
2.300885021686553955e-01
2.300885021686553955e-01
2.300885021686553955e-01
2.300885021686553955e-01
2.300885021686553955e-01
2.300885021686553955e-01
2.300885021686553955e-01
2.300885021686553955e-01
2.300885021686553955e-01
2.300885021686553955e-01
2.300885021686553955e-01
2.300885021686553955e-01
2.300885021686553955e-01
2.300885021686553955e-01
2.300885021686553955e-01
2.300885021686553955e-01
2.300885021686553955e-01
2.300885021686553955e-01
2.300885021686553955e-01
2.300885021686553955e-01
2.300885021686553955e-01
2.300885021686553955e-01
2.300885021686553955e-01
2.300885021686553955e-01
2.300885021686553955e-01
2.300885021686553955e-01
2.300885021686553955e-01
2.300885021686553955e-01
2.300885021686553955e-01
2.300885021686553955e-01
2.300885021686553955e-01
2.300885021686553955e-01
2.300885021686553955e-01
2.300885021686553955e-01
2.300885021686553955e-01
2.300885021686553955e-01
2.300885021686553955e-01
2.212389409542083740e-01
2.300885021686553955e-01
3.539822995662689209e-01
3.716814219951629639e-01
3.805309832096099854e-01
3.805309832096099854e-01
3.893805444240570068e-01
4.070796370506286621e-01
4.247787594795227051e-01
4.424778819084167480e-01
4.424778819084167480e-01
4.513274431228637695e-01
4.513274431228637695e-01
4.690265357494354248e-01
4.778760969638824463e-01
4.778760969638824463e-01
4.778760969638824463e-01
4.778760969638824463e-01
5.221238732337951660e-01
5.132743120193481445e-01
5.132743120193481445e-01
5.221238732337951660e-01
5.309734344482421875e-01
4.955752193927764893e-01
4.867256581783294678e-01
4.513274431228637695e-01
4.601770043373107910e-01
4.778760969638824463e-01
4.778760969638824463e-01
4.867256581783294678e-01
4.867256581783294678e-01
4.867256581783294678e-01
4.955752193927764893e-01
5.044247508049011230e-01
5.132743120193481445e-01
5.132743120193481445e-01
5.486725568771362305e-01
5.663716793060302734e-01
6.017699241638183594e-01
6.106194853782653809e-01
6.283186078071594238e-01
6.194690465927124023e-01
6.017699241638183594e-01
6.106194853782653809e-01
6.106194853782653809e-01
6.106194853782653809e-01
6.194690465927124023e-01
6.194690465927124023e-01
6.371681690216064453e-01
6.637167930603027344e-01
6.725663542747497559e-01
6.725663542747497559e-01
6.725663542747497559e-01
6.991150379180908203e-01
7.079645991325378418e-01
7.168141603469848633e-01
7.256637215614318848e-01
7.345132827758789062e-01
7.345132827758789062e-01
7.168141603469848633e-01
7.079645991325378418e-01
7.168141603469848633e-01
7.256637215614318848e-01
7.256637215614318848e-01
7.256637215614318848e-01
7.256637215614318848e-01
7.256637215614318848e-01
7.345132827758789062e-01
7.345132827758789062e-01
7.433628439903259277e-01
7.522124052047729492e-01
7.522124052047729492e-01
7.610619664192199707e-01
7.522124052047729492e-01
7.610619664192199707e-01
7.787610888481140137e-01
7.699115276336669922e-01
7.610619664192199707e-01
7.610619664192199707e-01
7.610619664192199707e-01
7.699115276336669922e-01
7.610619664192199707e-01
7.699115276336669922e-01
7.522124052047729492e-01
7.522124052047729492e-01
7.699115276336669922e-01
7.787610888481140137e-01
7.787610888481140137e-01
7.787610888481140137e-01
7.787610888481140137e-01
7.787610888481140137e-01
7.787610888481140137e-01
7.787610888481140137e-01
7.787610888481140137e-01
7.787610888481140137e-01
7.787610888481140137e-01
7.787610888481140137e-01
7.787610888481140137e-01
7.787610888481140137e-01
7.787610888481140137e-01
7.787610888481140137e-01
7.699115276336669922e-01
7.699115276336669922e-01
7.787610888481140137e-01
7.787610888481140137e-01
7.787610888481140137e-01
7.787610888481140137e-01
7.787610888481140137e-01
7.787610888481140137e-01
7.787610888481140137e-01
7.787610888481140137e-01
7.876105904579162598e-01
7.876105904579162598e-01
7.876105904579162598e-01
7.876105904579162598e-01
7.876105904579162598e-01
7.876105904579162598e-01
7.876105904579162598e-01
7.876105904579162598e-01
7.876105904579162598e-01
7.876105904579162598e-01
7.876105904579162598e-01
7.876105904579162598e-01
7.876105904579162598e-01
7.964601516723632812e-01
7.964601516723632812e-01
7.876105904579162598e-01
7.876105904579162598e-01
7.876105904579162598e-01
7.787610888481140137e-01
7.787610888481140137e-01
7.787610888481140137e-01
7.787610888481140137e-01
7.787610888481140137e-01
7.787610888481140137e-01
7.787610888481140137e-01
7.787610888481140137e-01
7.787610888481140137e-01
7.699115276336669922e-01
7.787610888481140137e-01
7.876105904579162598e-01
7.876105904579162598e-01
7.964601516723632812e-01
8.053097128868103027e-01
7.964601516723632812e-01
7.964601516723632812e-01
7.876105904579162598e-01
7.876105904579162598e-01
7.787610888481140137e-01
7.876105904579162598e-01
7.876105904579162598e-01
7.876105904579162598e-01
7.964601516723632812e-01
8.053097128868103027e-01
7.964601516723632812e-01
7.964601516723632812e-01
7.876105904579162598e-01
7.876105904579162598e-01
7.876105904579162598e-01
7.876105904579162598e-01
7.964601516723632812e-01
7.964601516723632812e-01
7.964601516723632812e-01
7.787610888481140137e-01
8.141592741012573242e-01
7.699115276336669922e-01
7.787610888481140137e-01
7.876105904579162598e-01
7.964601516723632812e-01
7.876105904579162598e-01
7.787610888481140137e-01
7.787610888481140137e-01
7.964601516723632812e-01
7.787610888481140137e-01
7.787610888481140137e-01
7.787610888481140137e-01
7.610619664192199707e-01
8.053097128868103027e-01
8.141592741012573242e-01
7.876105904579162598e-01
7.610619664192199707e-01
7.522124052047729492e-01
7.787610888481140137e-01
7.610619664192199707e-01
7.876105904579162598e-01
7.876105904579162598e-01
7.610619664192199707e-01
7.699115276336669922e-01
7.787610888481140137e-01
7.787610888481140137e-01
7.787610888481140137e-01
7.964601516723632812e-01
7.964601516723632812e-01
7.876105904579162598e-01
7.876105904579162598e-01
7.787610888481140137e-01
7.787610888481140137e-01
7.610619664192199707e-01
8.230088353157043457e-01
7.699115276336669922e-01
7.787610888481140137e-01
7.787610888481140137e-01
7.699115276336669922e-01
7.787610888481140137e-01
7.699115276336669922e-01
7.787610888481140137e-01
7.787610888481140137e-01
7.699115276336669922e-01
7.876105904579162598e-01
8.230088353157043457e-01
7.699115276336669922e-01
7.787610888481140137e-01
7.787610888481140137e-01
7.787610888481140137e-01
7.787610888481140137e-01
7.699115276336669922e-01
7.787610888481140137e-01
7.787610888481140137e-01
7.787610888481140137e-01
7.876105904579162598e-01
7.787610888481140137e-01
7.876105904579162598e-01
7.787610888481140137e-01
7.876105904579162598e-01
7.787610888481140137e-01
7.876105904579162598e-01
7.876105904579162598e-01
7.876105904579162598e-01
7.876105904579162598e-01
7.876105904579162598e-01
7.964601516723632812e-01
7.787610888481140137e-01
7.787610888481140137e-01
7.876105904579162598e-01
7.876105904579162598e-01
7.787610888481140137e-01
7.876105904579162598e-01
7.876105904579162598e-01
7.876105904579162598e-01
8.053097128868103027e-01
8.141592741012573242e-01
8.053097128868103027e-01
8.141592741012573242e-01
8.141592741012573242e-01
8.230088353157043457e-01
8.230088353157043457e-01
7.876105904579162598e-01
7.964601516723632812e-01
8.141592741012573242e-01
8.053097128868103027e-01
8.141592741012573242e-01
7.964601516723632812e-01
8.053097128868103027e-01
7.964601516723632812e-01
7.787610888481140137e-01
7.876105904579162598e-01
8.230088353157043457e-01
7.876105904579162598e-01
7.964601516723632812e-01
8.053097128868103027e-01
7.964601516723632812e-01
8.053097128868103027e-01
7.787610888481140137e-01
7.876105904579162598e-01
7.876105904579162598e-01
7.876105904579162598e-01
7.876105904579162598e-01
7.787610888481140137e-01
7.787610888481140137e-01
7.699115276336669922e-01
7.787610888481140137e-01
7.787610888481140137e-01
7.699115276336669922e-01
7.787610888481140137e-01
7.787610888481140137e-01
7.699115276336669922e-01
7.876105904579162598e-01
7.610619664192199707e-01
7.699115276336669922e-01
7.699115276336669922e-01
7.699115276336669922e-01
7.787610888481140137e-01
7.610619664192199707e-01
7.964601516723632812e-01
7.610619664192199707e-01
7.699115276336669922e-01
7.699115276336669922e-01
7.787610888481140137e-01
7.787610888481140137e-01
7.787610888481140137e-01
7.699115276336669922e-01
7.787610888481140137e-01
7.876105904579162598e-01
7.787610888481140137e-01
7.876105904579162598e-01
7.876105904579162598e-01
7.787610888481140137e-01
7.699115276336669922e-01
7.876105904579162598e-01
7.876105904579162598e-01
7.787610888481140137e-01
7.699115276336669922e-01
7.699115276336669922e-01
7.787610888481140137e-01
7.964601516723632812e-01
7.876105904579162598e-01
7.787610888481140137e-01
7.787610888481140137e-01
7.876105904579162598e-01
7.964601516723632812e-01
7.964601516723632812e-01
7.964601516723632812e-01
7.876105904579162598e-01
7.876105904579162598e-01
7.787610888481140137e-01
7.876105904579162598e-01
8.053097128868103027e-01
7.699115276336669922e-01
7.876105904579162598e-01
7.876105904579162598e-01
7.876105904579162598e-01
7.876105904579162598e-01
7.876105904579162598e-01
7.787610888481140137e-01
7.876105904579162598e-01
7.876105904579162598e-01
7.876105904579162598e-01
7.787610888481140137e-01
7.876105904579162598e-01
7.787610888481140137e-01
7.787610888481140137e-01
7.876105904579162598e-01
7.787610888481140137e-01
7.610619664192199707e-01
7.876105904579162598e-01
7.610619664192199707e-01
7.787610888481140137e-01
7.787610888481140137e-01
7.787610888481140137e-01
7.699115276336669922e-01
7.699115276336669922e-01
7.610619664192199707e-01
7.699115276336669922e-01
7.787610888481140137e-01
7.699115276336669922e-01
7.787610888481140137e-01
7.964601516723632812e-01
7.787610888481140137e-01
7.787610888481140137e-01
7.964601516723632812e-01
7.699115276336669922e-01
7.699115276336669922e-01
7.787610888481140137e-01
7.699115276336669922e-01
7.699115276336669922e-01
7.787610888481140137e-01
7.610619664192199707e-01
7.699115276336669922e-01
7.699115276336669922e-01
7.699115276336669922e-01
7.699115276336669922e-01
7.699115276336669922e-01
7.610619664192199707e-01
7.699115276336669922e-01
7.876105904579162598e-01
7.610619664192199707e-01
7.787610888481140137e-01
7.699115276336669922e-01
7.610619664192199707e-01
7.522124052047729492e-01
7.876105904579162598e-01
7.699115276336669922e-01
7.699115276336669922e-01
7.610619664192199707e-01
7.610619664192199707e-01
7.610619664192199707e-01
7.787610888481140137e-01
7.876105904579162598e-01
7.699115276336669922e-01
7.699115276336669922e-01
7.787610888481140137e-01
7.787610888481140137e-01
7.699115276336669922e-01
7.787610888481140137e-01
7.699115276336669922e-01
8.053097128868103027e-01
7.787610888481140137e-01
7.610619664192199707e-01
7.964601516723632812e-01
7.964601516723632812e-01
7.787610888481140137e-01
7.699115276336669922e-01
7.610619664192199707e-01
7.610619664192199707e-01
7.610619664192199707e-01
7.610619664192199707e-01
7.699115276336669922e-01
7.964601516723632812e-01
7.787610888481140137e-01
8.053097128868103027e-01
7.787610888481140137e-01
7.964601516723632812e-01
7.699115276336669922e-01
7.876105904579162598e-01
7.699115276336669922e-01
7.876105904579162598e-01
8.053097128868103027e-01
8.053097128868103027e-01
7.964601516723632812e-01
8.053097128868103027e-01
7.699115276336669922e-01
7.964601516723632812e-01
7.610619664192199707e-01
7.964601516723632812e-01
7.876105904579162598e-01
7.699115276336669922e-01
7.787610888481140137e-01
8.053097128868103027e-01
7.787610888481140137e-01
7.787610888481140137e-01
7.964601516723632812e-01
8.053097128868103027e-01
8.053097128868103027e-01
7.699115276336669922e-01
7.964601516723632812e-01
7.876105904579162598e-01
7.699115276336669922e-01
7.699115276336669922e-01
7.876105904579162598e-01
7.964601516723632812e-01
7.787610888481140137e-01
7.876105904579162598e-01
7.787610888481140137e-01
7.787610888481140137e-01
8.053097128868103027e-01
7.787610888481140137e-01
7.964601516723632812e-01
7.787610888481140137e-01
7.964601516723632812e-01
8.053097128868103027e-01
7.699115276336669922e-01
7.876105904579162598e-01
7.964601516723632812e-01
7.964601516723632812e-01
7.964601516723632812e-01
7.876105904579162598e-01
7.964601516723632812e-01
7.876105904579162598e-01
7.876105904579162598e-01
7.964601516723632812e-01
7.964601516723632812e-01
7.787610888481140137e-01
