2.010105997323989868e-01
1.990606784820556641e-01
1.974422037601470947e-01
1.961279213428497314e-01
1.950770467519760132e-01
1.942428052425384521e-01
1.935800164937973022e-01
1.930500119924545288e-01
1.926215291023254395e-01
1.922706663608551025e-01
1.919800043106079102e-01
1.917362362146377563e-01
1.915297210216522217e-01
1.913531869649887085e-01
1.912009865045547485e-01
1.910688132047653198e-01
1.909533590078353882e-01
1.908515989780426025e-01
1.907615512609481812e-01
1.906814277172088623e-01
1.906096190214157104e-01
1.905449181795120239e-01
1.904863566160202026e-01
1.904329806566238403e-01
1.903840005397796631e-01
1.903387904167175293e-01
1.902968436479568481e-01
1.902575343847274780e-01
1.902204751968383789e-01
1.901850849390029907e-01
1.901509910821914673e-01
1.901176273822784424e-01
1.900844722986221313e-01
1.900507360696792603e-01
1.900156587362289429e-01
1.899779886007308960e-01
1.899361610412597656e-01
1.898878663778305054e-01
1.898294687271118164e-01
1.897558122873306274e-01
1.896596401929855347e-01
1.895293891429901123e-01
1.893488466739654541e-01
1.890940666198730469e-01
1.887315660715103149e-01
1.882156431674957275e-01
1.874892413616180420e-01
1.864942759275436401e-01
1.851958930492401123e-01
1.836196929216384888e-01
1.818684488534927368e-01
1.800858378410339355e-01
1.783887147903442383e-01
1.768281310796737671e-01
1.753971874713897705e-01
1.740579903125762939e-01
1.727639883756637573e-01
1.714708805084228516e-01
1.701422929763793945e-01
1.687526255846023560e-01
1.672875732183456421e-01
1.657438874244689941e-01
1.641267389059066772e-01
1.624472588300704956e-01
1.607210636138916016e-01
1.589701622724533081e-01
1.572257578372955322e-01
1.555254161357879639e-01
1.538985073566436768e-01
1.523418277502059937e-01
1.508040279150009155e-01
1.491977274417877197e-01
1.474446803331375122e-01
1.455225497484207153e-01
1.434770077466964722e-01
1.414005905389785767e-01
1.393984258174896240e-01
1.375684589147567749e-01
1.359645426273345947e-01
1.345353871583938599e-01
1.331793665885925293e-01
1.318052709102630615e-01
1.303450018167495728e-01
1.287760883569717407e-01
1.271460950374603271e-01
1.255549341440200806e-01
1.240903139114379883e-01
1.227774322032928467e-01
1.215852946043014526e-01
1.204652413725852966e-01
1.193864643573760986e-01
1.183340623974800110e-01
1.172489598393440247e-01
1.160214915871620178e-01
1.146141961216926575e-01
1.131675839424133301e-01
1.117915511131286621e-01
1.102198809385299683e-01
1.084866821765899658e-01
1.066644117236137390e-01
1.047048568725585938e-01
1.026376932859420776e-01
1.008164137601852417e-01
9.952661395072937012e-02
9.844385832548141479e-02
9.745246171951293945e-02
9.686752408742904663e-02
9.685066342353820801e-02
9.694697707891464233e-02
9.695798158645629883e-02
9.684197604656219482e-02
9.653669595718383789e-02
9.606201946735382080e-02
9.564884752035140991e-02
9.495197236537933350e-02
9.385800361633300781e-02
9.263977408409118652e-02
9.132158011198043823e-02
8.972256630659103394e-02
8.814947307109832764e-02
8.682855963706970215e-02
8.553466945886611938e-02
8.425483852624893188e-02
8.330187946557998657e-02
8.302149176597595215e-02
8.242764323949813843e-02
8.187083899974822998e-02
8.149681985378265381e-02
8.120685815811157227e-02
8.097465336322784424e-02
8.078295737504959106e-02
8.061779290437698364e-02
8.046690374612808228e-02
8.031900972127914429e-02
8.016537129878997803e-02
8.000037819147109985e-02
7.982180267572402954e-02
7.962919771671295166e-02
7.942319661378860474e-02
7.920500636100769043e-02
7.897495478391647339e-02
7.873049378395080566e-02
7.846543937921524048e-02
7.817238569259643555e-02
7.784678041934967041e-02
7.748967409133911133e-02
7.710774242877960205e-02
7.670417428016662598e-02
7.626724988222122192e-02
7.577900588512420654e-02
7.523543387651443481e-02
7.464702427387237549e-02
7.402759790420532227e-02
7.338830083608627319e-02
7.273652404546737671e-02
7.207564264535903931e-02
7.140558212995529175e-02
7.072900980710983276e-02
7.005514949560165405e-02
6.938394904136657715e-02
6.870470196008682251e-02
6.805843859910964966e-02
6.753537803888320923e-02
6.715045869350433350e-02
6.686993688344955444e-02
6.671195477247238159e-02
6.668617576360702515e-02
6.632243841886520386e-02
6.560466438531875610e-02
6.517469882965087891e-02
6.449474394321441650e-02
6.453347951173782349e-02
6.383161991834640503e-02
6.366384774446487427e-02
6.413177400827407837e-02
6.467005610466003418e-02
6.526923179626464844e-02
6.591954082250595093e-02
6.651560962200164795e-02
6.694753468036651611e-02
6.722724437713623047e-02
6.742866337299346924e-02
6.757439672946929932e-02
6.759598851203918457e-02
6.738518178462982178e-02
6.692902743816375732e-02
6.634432822465896606e-02
6.575135141611099243e-02
6.517129391431808472e-02
6.457141786813735962e-02
6.396362185478210449e-02
6.348173320293426514e-02
6.325466185808181763e-02
6.324464082717895508e-02
6.333915889263153076e-02
6.346511095762252808e-02
6.355448812246322632e-02
6.354523450136184692e-02
6.343062222003936768e-02
6.335041671991348267e-02
6.329500675201416016e-02
6.300867348909378052e-02
6.248285993933677673e-02
6.217790767550468445e-02
6.156289950013160706e-02
6.143003702163696289e-02
6.130594387650489807e-02
6.096825376152992249e-02
6.014519929885864258e-02
5.990837886929512024e-02
5.960783362388610840e-02
6.089967861771583557e-02
6.190421804785728455e-02
6.123345345258712769e-02
6.090624630451202393e-02
5.974625796079635620e-02
6.913150846958160400e-02
6.266293674707412720e-02
6.164666265249252319e-02
6.307522952556610107e-02
6.285296380519866943e-02
6.208018586039543152e-02
6.077091395854949951e-02
6.248437985777854919e-02
6.318645924329757690e-02
6.620878726243972778e-02
6.161521375179290771e-02
6.117778643965721130e-02
6.588496267795562744e-02
6.938333064317703247e-02
6.463719904422760010e-02
6.651630252599716187e-02
6.341119855642318726e-02
6.021839007735252380e-02
6.389918178319931030e-02
6.408026069402694702e-02
6.157540529966354370e-02
6.053650006651878357e-02
6.169068068265914917e-02
5.940590426325798035e-02
5.999258905649185181e-02
6.035142391920089722e-02
6.595622003078460693e-02
6.363973021507263184e-02
6.601753830909729004e-02
5.955659970641136169e-02
6.595237553119659424e-02
6.995969265699386597e-02
6.414847820997238159e-02
6.384768337011337280e-02
6.866476684808731079e-02
6.676913797855377197e-02
6.844989955425262451e-02
6.639997661113739014e-02
6.593040376901626587e-02
7.021491229534149170e-02
6.589241325855255127e-02
5.651335045695304871e-02
6.619956344366073608e-02
6.703302264213562012e-02
7.034839689731597900e-02
6.996393203735351562e-02
6.850457936525344849e-02
7.063496857881546021e-02
6.913627684116363525e-02
6.858034431934356689e-02
6.775123625993728638e-02
6.594389677047729492e-02
7.022753357887268066e-02
6.778778880834579468e-02
7.039374113082885742e-02
6.810990720987319946e-02
6.768764555454254150e-02
6.722476333379745483e-02
6.524421274662017822e-02
6.890922039747238159e-02
6.591137498617172241e-02
6.586329638957977295e-02
5.953492596745491028e-02
6.277870386838912964e-02
6.518657505512237549e-02
6.120214983820915222e-02
6.467472016811370850e-02
6.268884241580963135e-02
6.621599197387695312e-02
6.861433386802673340e-02
6.939394026994705200e-02
5.952438339591026306e-02
5.760129913687705994e-02
5.772445350885391235e-02
5.748492106795310974e-02
5.824098363518714905e-02
5.701637268066406250e-02
6.889586895704269409e-02
6.952901929616928101e-02
6.399231404066085815e-02
5.835733562707901001e-02
6.059334799647331238e-02
5.882361158728599548e-02
5.889488384127616882e-02
5.987185984849929810e-02
6.510085612535476685e-02
6.763761490583419800e-02
6.585550308227539062e-02
5.944886431097984314e-02
6.532663851976394653e-02
6.156545132398605347e-02
5.995481088757514954e-02
6.949588656425476074e-02
6.642623245716094971e-02
6.800860911607742310e-02
6.766940653324127197e-02
6.964378803968429565e-02
7.075287401676177979e-02
7.026786357164382935e-02
6.989888101816177368e-02
7.016393542289733887e-02
7.028890401124954224e-02
6.991506367921829224e-02
6.711715459823608398e-02
6.973811239004135132e-02
7.014039158821105957e-02
6.896267831325531006e-02
7.294410467147827148e-02
6.690323352813720703e-02
7.229246944189071655e-02
7.311592251062393188e-02
7.269199937582015991e-02
6.898262351751327515e-02
7.211994379758834839e-02
7.444426417350769043e-02
5.950146168470382690e-02
7.119128108024597168e-02
7.052409648895263672e-02
7.253744453191757202e-02
7.178759574890136719e-02
7.147890329360961914e-02
6.321724504232406616e-02
7.129430025815963745e-02
7.085441797971725464e-02
7.187663018703460693e-02
7.100594043731689453e-02
7.074080407619476318e-02
7.130001485347747803e-02
7.076285034418106079e-02
7.280118763446807861e-02
7.214959710836410522e-02
6.924177706241607666e-02
7.210280001163482666e-02
7.234515249729156494e-02
7.199577242136001587e-02
7.142002135515213013e-02
7.126449793577194214e-02
6.973280012607574463e-02
7.104326039552688599e-02
7.070726901292800903e-02
7.114729285240173340e-02
7.149700075387954712e-02
7.078085094690322876e-02
7.044535130262374878e-02
6.995060294866561890e-02
6.811125576496124268e-02
7.059274613857269287e-02
6.785090267658233643e-02
5.999838188290596008e-02
7.253349572420120239e-02
6.844449043273925781e-02
6.990934908390045166e-02
6.993188709020614624e-02
7.090273499488830566e-02
7.101379334926605225e-02
7.103469222784042358e-02
6.886348128318786621e-02
7.048001885414123535e-02
7.075816392898559570e-02
6.700564920902252197e-02
7.121364772319793701e-02
7.220338284969329834e-02
7.111894339323043823e-02
7.268442213535308838e-02
7.117883861064910889e-02
7.389888167381286621e-02
6.692131608724594116e-02
7.367962598800659180e-02
6.828317046165466309e-02
7.028960436582565308e-02
6.943211704492568970e-02
7.229660451412200928e-02
7.236123830080032349e-02
7.170891761779785156e-02
7.151576131582260132e-02
6.469251215457916260e-02
7.140345871448516846e-02
7.150292396545410156e-02
6.612531840801239014e-02
7.035235315561294556e-02
7.140576839447021484e-02
6.672765314579010010e-02
7.100711762905120850e-02
7.208546251058578491e-02
7.269729673862457275e-02
7.389849424362182617e-02
7.424759119749069214e-02
7.353972643613815308e-02
7.471949607133865356e-02
7.448388636112213135e-02
7.572203129529953003e-02
7.581192255020141602e-02
7.521994411945343018e-02
7.464741915464401245e-02
7.663635909557342529e-02
7.487188279628753662e-02
6.506790220737457275e-02
7.316323369741439819e-02
6.973868608474731445e-02
7.098603993654251099e-02
7.517999410629272461e-02
7.735131680965423584e-02
6.747372448444366455e-02
7.281851768493652344e-02
7.320189476013183594e-02
7.596366107463836670e-02
7.716800272464752197e-02
7.576752454042434692e-02
6.985354423522949219e-02
6.855416297912597656e-02
7.445252686738967896e-02
7.210806757211685181e-02
7.290440052747726440e-02
7.156829535961151123e-02
7.247564941644668579e-02
6.528776884078979492e-02
7.104969024658203125e-02
6.183042004704475403e-02
7.206127792596817017e-02
7.148306071758270264e-02
6.278303265571594238e-02
6.252554059028625488e-02
7.091307640075683594e-02
7.031649351119995117e-02
7.296620309352874756e-02
7.413897663354873657e-02
7.299146056175231934e-02
7.303168624639511108e-02
7.045941054821014404e-02
6.290104240179061890e-02
6.867519021034240723e-02
6.395614147186279297e-02
7.172055542469024658e-02
6.580904126167297363e-02
6.960275024175643921e-02
6.947697699069976807e-02
6.944263726472854614e-02
6.888467818498611450e-02
6.385989487171173096e-02
6.442710012197494507e-02
6.279313564300537109e-02
6.115948781371116638e-02
7.208019495010375977e-02
6.638655811548233032e-02
7.191850244998931885e-02
6.403886526823043823e-02
6.713776290416717529e-02
7.518926262855529785e-02
6.960467249155044556e-02
6.545998156070709229e-02
7.176848500967025757e-02
7.146379351615905762e-02
6.326006352901458740e-02
6.653489172458648682e-02
6.301541626453399658e-02
7.506228983402252197e-02
6.527487933635711670e-02
6.272225081920623779e-02
7.344806194305419922e-02
7.366924732923507690e-02
7.176083326339721680e-02
6.464286148548126221e-02
6.405615806579589844e-02
6.184371560811996460e-02
7.304208725690841675e-02
6.873294711112976074e-02
6.632973253726959229e-02
6.944119185209274292e-02
6.483762711286544800e-02
6.847709417343139648e-02
6.384235620498657227e-02
6.566349416971206665e-02
6.975504755973815918e-02
7.034068554639816284e-02
6.522808969020843506e-02
6.552363187074661255e-02
6.478105485439300537e-02
6.680528819561004639e-02
6.247811764478683472e-02
6.382160633802413940e-02
6.401336938142776489e-02
6.499215215444564819e-02
6.456102430820465088e-02
7.151081413030624390e-02
