1.911048293113708496e-01
1.874069720506668091e-01
1.858282983303070068e-01
1.840859353542327881e-01
1.821101605892181396e-01
1.798927038908004761e-01
1.774682700634002686e-01
1.748566329479217529e-01
1.720336973667144775e-01
1.689732372760772705e-01
1.657152175903320312e-01
1.623831689357757568e-01
1.591221541166305542e-01
1.560230404138565063e-01
1.530964225530624390e-01
1.502962708473205566e-01
1.475539505481719971e-01
1.448026448488235474e-01
1.419916152954101562e-01
1.390960663557052612e-01
1.361217200756072998e-01
1.331034004688262939e-01
1.300912499427795410e-01
1.271334141492843628e-01
1.242672652006149292e-01
1.215186342597007751e-01
1.189044117927551270e-01
1.164326742291450500e-01
1.141049340367317200e-01
1.119186133146286011e-01
1.098685190081596375e-01
1.079482659697532654e-01
1.061508804559707642e-01
1.044685691595077515e-01
1.028935164213180542e-01
1.014179959893226624e-01
1.000342220067977905e-01
9.873499721288681030e-02
9.751349687576293945e-02
9.636334329843521118e-02
9.527870267629623413e-02
9.425412863492965698e-02
9.328487515449523926e-02
9.236656874418258667e-02
9.149493277072906494e-02
9.066628664731979370e-02
8.987744897603988647e-02
8.912529796361923218e-02
8.840685337781906128e-02
8.771963417530059814e-02
8.706144988536834717e-02
8.643002808094024658e-02
8.582346141338348389e-02
8.524001389741897583e-02
8.467806875705718994e-02
8.413621783256530762e-02
8.361330628395080566e-02
8.310788124799728394e-02
8.261904120445251465e-02
8.214586973190307617e-02
8.168748021125793457e-02
8.124298602342605591e-02
8.081189543008804321e-02
8.039330691099166870e-02
7.998687773942947388e-02
7.959189265966415405e-02
7.920804619789123535e-02
7.883477210998535156e-02
7.847175747156143188e-02
7.811851799488067627e-02
7.777482271194458008e-02
7.744021713733673096e-02
7.711444050073623657e-02
7.679729163646697998e-02
7.648843526840209961e-02
7.618758082389831543e-02
7.589445263147354126e-02
7.560881972312927246e-02
7.533044368028640747e-02
7.505915313959121704e-02
7.479456067085266113e-02
7.453659921884536743e-02
7.428503781557083130e-02
7.403962314128875732e-02
7.380017638206481934e-02
7.356633245944976807e-02
7.333824783563613892e-02
7.311540096998214722e-02
7.289771735668182373e-02
7.268503308296203613e-02
7.247717678546905518e-02
7.227389514446258545e-02
7.207509875297546387e-02
7.188061624765396118e-02
7.169023156166076660e-02
7.150384783744812012e-02
7.132127881050109863e-02
7.114234566688537598e-02
7.096687704324722290e-02
7.079477608203887939e-02
7.062592357397079468e-02
7.046020030975341797e-02
7.029734551906585693e-02
7.013735920190811157e-02
6.998006254434585571e-02
6.982529163360595703e-02
6.967302411794662476e-02
6.952305138111114502e-02
6.937528401613235474e-02
6.922966986894607544e-02
6.908600777387619019e-02
6.894434243440628052e-02
6.880439072847366333e-02
6.866626441478729248e-02
6.852966547012329102e-02
6.839466840028762817e-02
6.826114654541015625e-02
6.812896579504013062e-02
6.799808144569396973e-02
6.786851584911346436e-02
6.774003803730010986e-02
6.761275231838226318e-02
6.748653948307037354e-02
6.736131012439727783e-02
6.723701953887939453e-02
6.711366027593612671e-02
6.699120253324508667e-02
6.686957180500030518e-02
6.674879789352416992e-02
6.662880629301071167e-02
6.650959700345993042e-02
6.639116257429122925e-02
6.627345085144042969e-02
6.615651398897171021e-02
6.604029983282089233e-02
6.592480093240737915e-02
6.581007689237594604e-02
6.569603085517883301e-02
6.558275967836380005e-02
6.547026336193084717e-02
6.535854190587997437e-02
6.524759531021118164e-02
6.513746827840805054e-02
6.502812355756759644e-02
6.491962075233459473e-02
6.481193006038665771e-02
6.470511853694915771e-02
6.459917128086090088e-02
6.449411064386367798e-02
6.438990682363510132e-02
6.428667902946472168e-02
6.418432295322418213e-02
6.408288329839706421e-02
6.398244202136993408e-02
6.388290971517562866e-02
6.378435343503952026e-02
6.368669122457504272e-02
6.359001249074935913e-02
6.349424272775650024e-02
6.339952349662780762e-02
6.330569088459014893e-02
6.321279704570770264e-02
6.312087178230285645e-02
6.302981823682785034e-02
6.293977797031402588e-02
6.285060197114944458e-02
6.276232749223709106e-02
6.267499178647994995e-02
6.258852034807205200e-02
6.250291317701339722e-02
6.241818144917488098e-02
6.233430653810501099e-02
6.225120276212692261e-02
6.216898560523986816e-02
6.208764016628265381e-02
6.200700998306274414e-02
6.192716211080551147e-02
6.184808537364006042e-02
6.176976859569549561e-02
6.169224902987480164e-02
6.161542609333992004e-02
6.153930351138114929e-02
6.146392226219177246e-02
6.138923391699790955e-02
6.131520494818687439e-02
6.124190986156463623e-02
6.116913259029388428e-02
6.109712645411491394e-02
6.102569401264190674e-02
6.095491349697113037e-02
6.088467314839363098e-02
6.081504747271537781e-02
6.074603274464607239e-02
6.067757681012153625e-02
6.060968711972236633e-02
6.054231896996498108e-02
6.047553196549415588e-02
6.040923669934272766e-02
6.034344062209129333e-02
6.027819588780403137e-02
6.021342426538467407e-02
6.014917418360710144e-02
6.008534878492355347e-02
6.002201139926910400e-02
5.995906144380569458e-02
5.989662930369377136e-02
5.983463302254676819e-02
5.977310612797737122e-02
5.971194803714752197e-02
5.965119600296020508e-02
5.959086120128631592e-02
5.953088402748107910e-02
5.947133153676986694e-02
5.941214039921760559e-02
5.935336276888847351e-02
5.929490923881530762e-02
5.923687294125556946e-02
5.917914211750030518e-02
5.912173539400100708e-02
5.906474217772483826e-02
5.900803953409194946e-02
5.895168334245681763e-02
5.889564007520675659e-02
5.883992835879325867e-02
5.878452956676483154e-02
5.872943252325057983e-02
5.867463722825050354e-02
5.862020328640937805e-02
5.856603756546974182e-02
5.851214751601219177e-02
5.845860764384269714e-02
5.840530619025230408e-02
5.835234746336936951e-02
5.829963833093643188e-02
5.824727192521095276e-02
5.819512158632278442e-02
5.814329907298088074e-02
5.809171497821807861e-02
5.804044008255004883e-02
5.798945575952529907e-02
5.793872848153114319e-02
5.788831412792205811e-02
5.783811584115028381e-02
5.778817459940910339e-02
5.773856118321418762e-02
5.768919736146926880e-02
5.764015018939971924e-02
5.759131908416748047e-02
5.754270777106285095e-02
5.749442800879478455e-02
5.744643881916999817e-02
5.739868059754371643e-02
5.735116824507713318e-02
5.730394646525382996e-02
5.725703760981559753e-02
5.721027776598930359e-02
5.716385319828987122e-02
5.711767822504043579e-02
5.707179009914398193e-02
5.702611804008483887e-02
5.698069185018539429e-02
5.693557485938072205e-02
5.689067021012306213e-02
5.684603378176689148e-02
5.680161714553833008e-02
5.675748363137245178e-02
5.671353638172149658e-02
5.666992440819740295e-02
5.662650987505912781e-02
5.658336728811264038e-02
5.654044449329376221e-02
5.649778619408607483e-02
5.645529180765151978e-02
5.641311407089233398e-02
5.637110769748687744e-02
5.632934719324111938e-02
5.628777667880058289e-02
5.624649301171302795e-02
5.620536580681800842e-02
5.616445466876029968e-02
5.612380430102348328e-02
5.608330667018890381e-02
5.604306235909461975e-02
5.600297078490257263e-02
5.596313998103141785e-02
5.592349171638488770e-02
5.588397756218910217e-02
5.584467947483062744e-02
5.580555275082588196e-02
5.576660111546516418e-02
5.572785437107086182e-02
5.568928271532058716e-02
5.565084889531135559e-02
5.561256036162376404e-02
5.557449162006378174e-02
5.553654581308364868e-02
5.549874156713485718e-02
5.546109005808830261e-02
5.542357265949249268e-02
5.538618937134742737e-02
5.534897372126579285e-02
5.531185865402221680e-02
5.527487397193908691e-02
5.523802340030670166e-02
5.520129203796386719e-02
5.516467615962028503e-02
5.512813478708267212e-02
5.509175360202789307e-02
5.505543947219848633e-02
5.501924827694892883e-02
5.498312786221504211e-02
5.494717136025428772e-02
5.491122975945472717e-02
5.487541481852531433e-02
5.483968555927276611e-02
5.480407550930976868e-02
5.476854369044303894e-02
5.473305657505989075e-02
5.469761043787002563e-02
5.466233193874359131e-02
5.462710931897163391e-02
5.459192022681236267e-02
5.455685034394264221e-02
5.452186986804008484e-02
5.448693409562110901e-02
5.445209145545959473e-02
5.441730096936225891e-02
5.438259989023208618e-02
5.434796586632728577e-02
5.431343987584114075e-02
5.427900701761245728e-02
5.424463748931884766e-02
5.421034246683120728e-02
5.417611077427864075e-02
5.414199084043502808e-02
5.410794168710708618e-02
5.407401546835899353e-02
5.404012650251388550e-02
5.400635302066802979e-02
5.397270619869232178e-02
5.393907055258750916e-02
5.390557646751403809e-02
5.387217923998832703e-02
5.383888259530067444e-02
5.380573496222496033e-02
5.377262085676193237e-02
5.373967811465263367e-02
5.370678007602691650e-02
5.367404967546463013e-02
5.364137515425682068e-02
5.360887944698333740e-02
5.357650294899940491e-02
5.354418605566024780e-02
5.351202934980392456e-02
5.347993597388267517e-02
5.344804748892784119e-02
5.341623350977897644e-02
5.338458344340324402e-02
5.335304513573646545e-02
5.332158878445625305e-02
5.329027771949768066e-02
5.325911194086074829e-02
5.322808399796485901e-02
5.319716408848762512e-02
5.316637828946113586e-02
5.313570052385330200e-02
5.310514941811561584e-02
5.307478085160255432e-02
5.304447934031486511e-02
5.301433056592941284e-02
5.298428982496261597e-02
5.295438319444656372e-02
5.292462930083274841e-02
5.289502441883087158e-02
5.286546424031257629e-02
5.283607915043830872e-02
5.280679464340209961e-02
5.277764424681663513e-02
5.274859815835952759e-02
5.271965265274047852e-02
5.269086360931396484e-02
5.266223475337028503e-02
5.263360962271690369e-02
5.260520428419113159e-02
5.257684737443923950e-02
5.254862457513809204e-02
5.252051353454589844e-02
5.249249935150146484e-02
5.246458947658538818e-02
5.243683606386184692e-02
5.240914970636367798e-02
5.238161608576774597e-02
5.235411226749420166e-02
5.232675373554229736e-02
5.229947715997695923e-02
5.227227136492729187e-02
5.224522575736045837e-02
5.221826583147048950e-02
5.219136178493499756e-02
5.216460302472114563e-02
5.213785171508789062e-02
5.211126059293746948e-02
5.208475887775421143e-02
5.205830186605453491e-02
5.203197523951530457e-02
5.200573429465293884e-02
5.197951197624206543e-02
5.195343494415283203e-02
5.192738771438598633e-02
5.190144851803779602e-02
5.187559872865676880e-02
5.184980109333992004e-02
5.182411149144172668e-02
5.179850012063980103e-02
5.177293345332145691e-02
5.174742639064788818e-02
5.172204226255416870e-02
5.169666558504104614e-02
5.167141556739807129e-02
5.164621397852897644e-02
5.162109807133674622e-02
5.159598961472511292e-02
5.157099664211273193e-02
5.154607817530632019e-02
5.152120068669319153e-02
5.149641633033752441e-02
5.147165805101394653e-02
5.144697055220603943e-02
5.142233893275260925e-02
5.139774084091186523e-02
5.137322470545768738e-02
5.134876444935798645e-02
5.132436379790306091e-02
5.130004510283470154e-02
5.127573385834693909e-02
5.125151202082633972e-02
5.122733861207962036e-02
5.120318382978439331e-02
5.117915943264961243e-02
5.115512013435363770e-02
5.113114789128303528e-02
5.110723897814750671e-02
5.108339712023735046e-02
5.105954781174659729e-02
5.103578418493270874e-02
5.101214349269866943e-02
5.098845064640045166e-02
5.096481740474700928e-02
5.094121024012565613e-02
5.091772601008415222e-02
5.089419707655906677e-02
5.087072774767875671e-02
5.084736272692680359e-02
5.082401260733604431e-02
5.080077052116394043e-02
5.077746137976646423e-02
5.075424537062644958e-02
5.073107779026031494e-02
5.070798471570014954e-02
5.068487673997879028e-02
5.066186189651489258e-02
5.063884705305099487e-02
5.061589926481246948e-02
5.059298127889633179e-02
5.057009682059288025e-02
5.054728314280509949e-02
5.052445828914642334e-02
5.050171166658401489e-02
5.047900602221488953e-02
5.045632645487785339e-02
5.043371766805648804e-02
5.041110888123512268e-02
5.038852989673614502e-02
5.036604404449462891e-02
5.034354701638221741e-02
5.032107234001159668e-02
5.029870197176933289e-02
5.027631297707557678e-02
5.025396868586540222e-02
5.023168027400970459e-02
5.020942166447639465e-02
5.018718540668487549e-02
5.016503855586051941e-02
5.014289170503616333e-02
5.012071505188941956e-02
5.009867995977401733e-02
5.007662624120712280e-02
5.005457624793052673e-02
5.003263428807258606e-02
5.001066252589225769e-02
4.998874291777610779e-02
4.996691271662712097e-02
4.994502291083335876e-02
4.992322251200675964e-02
4.990141838788986206e-02
4.987966269254684448e-02
4.985797405242919922e-02
4.983627051115036011e-02
4.981458932161331177e-02
4.979296028614044189e-02
