1.940862238407135010e-01
1.937018334865570068e-01
1.933321654796600342e-01
1.929774433374404907e-01
1.926346868276596069e-01
1.923010945320129395e-01
1.919736415147781372e-01
1.916493177413940430e-01
1.913249790668487549e-01
1.909970045089721680e-01
1.906618326902389526e-01
1.903154253959655762e-01
1.899532079696655273e-01
1.895699948072433472e-01
1.891603022813796997e-01
1.887178868055343628e-01
1.882365942001342773e-01
1.877100616693496704e-01
1.871329545974731445e-01
1.865015327930450439e-01
1.858144849538803101e-01
1.850742548704147339e-01
1.842870265245437622e-01
1.834616214036941528e-01
1.826068758964538574e-01
1.817267984151840210e-01
1.808143705129623413e-01
1.798471063375473022e-01
1.787849962711334229e-01
1.775753051042556763e-01
1.761651486158370972e-01
1.745188385248184204e-01
1.726323515176773071e-01
1.705360710620880127e-01
1.682854443788528442e-01
1.659447997808456421e-01
1.635726094245910645e-01
1.612129062414169312e-01
1.588920503854751587e-01
1.566211879253387451e-01
1.543991863727569580e-01
1.522164642810821533e-01
1.500584036111831665e-01
1.479073613882064819e-01
1.457451730966567993e-01
1.435540765523910522e-01
1.413189321756362915e-01
1.390286684036254883e-01
1.366773396730422974e-01
1.342652738094329834e-01
1.317990571260452271e-01
1.292925179004669189e-01
1.267662346363067627e-01
1.242467314004898071e-01
1.217635720968246460e-01
1.193457841873168945e-01
1.170186176896095276e-01
1.148014590144157410e-01
1.127074956893920898e-01
1.107439920306205750e-01
1.089137643575668335e-01
1.072160825133323669e-01
1.056477427482604980e-01
1.042036116123199463e-01
1.028768047690391541e-01
1.016588434576988220e-01
1.005404219031333923e-01
9.951157867908477783e-02
9.856226295232772827e-02
9.768272191286087036e-02
9.686380624771118164e-02
9.609742462635040283e-02
9.537620097398757935e-02
9.469392895698547363e-02
9.404527395963668823e-02
9.342602640390396118e-02
9.283251315355300903e-02
9.226180613040924072e-02
9.171131998300552368e-02
9.117913246154785156e-02
9.066329151391983032e-02
9.016223996877670288e-02
8.967471867799758911e-02
8.919953554868698120e-02
8.873578906059265137e-02
8.828277885913848877e-02
8.783973753452301025e-02
8.740620315074920654e-02
8.698170632123947144e-02
8.656589686870574951e-02
8.615843206644058228e-02
8.575909584760665894e-02
8.536762744188308716e-02
8.498386293649673462e-02
8.460771292448043823e-02
8.423904329538345337e-02
8.387773483991622925e-02
8.352376520633697510e-02
8.317700028419494629e-02
8.283754438161849976e-02
8.250526338815689087e-02
8.218011260032653809e-02
8.186209201812744141e-02
8.155111968517303467e-02
8.124711364507675171e-02
8.095001429319381714e-02
8.065962791442871094e-02
8.037594705820083618e-02
8.009874820709228516e-02
7.982779294252395630e-02
7.956289499998092651e-02
7.930384576320648193e-02
7.905031740665435791e-02
7.880206406116485596e-02
7.855870574712753296e-02
7.831995189189910889e-02
7.808547466993331909e-02
7.785489410161972046e-02
7.762790471315383911e-02
7.740400731563568115e-02
7.718297839164733887e-02
7.696446031332015991e-02
7.674810290336608887e-02
7.653357833623886108e-02
7.632064074277877808e-02
7.610902190208435059e-02
7.589846104383468628e-02
7.568878680467605591e-02
7.547980546951293945e-02
7.527141273021697998e-02
7.506348937749862671e-02
7.485597580671310425e-02
7.464889436960220337e-02
7.444221526384353638e-02
7.423599064350128174e-02
7.403033971786499023e-02
7.382534444332122803e-02
7.362117618322372437e-02
7.341799139976501465e-02
7.321600615978240967e-02
7.301534712314605713e-02
7.281628251075744629e-02
7.261894643306732178e-02
7.242348045110702515e-02
7.223010808229446411e-02
7.203891128301620483e-02
7.185005396604537964e-02
7.166360318660736084e-02
7.147967815399169922e-02
7.129836827516555786e-02
7.111977040767669678e-02
7.094395160675048828e-02
7.077097892761230469e-02
7.060093432664871216e-02
7.043383270502090454e-02
7.026973366737365723e-02
7.010871917009353638e-02
6.995080411434173584e-02
6.979593634605407715e-02
6.964419782161712646e-02
6.949554383754730225e-02
6.934998929500579834e-02
6.920749694108963013e-02
6.906808912754058838e-02
6.893167644739151001e-02
6.879828125238418579e-02
6.866782158613204956e-02
6.854030489921569824e-02
6.841563433408737183e-02
6.829380989074707031e-02
6.817476451396942139e-02
6.805849820375442505e-02
6.794486194849014282e-02
6.783391535282135010e-02
6.772557646036148071e-02
6.761977076530456543e-02
6.751644611358642578e-02
6.741560250520706177e-02
6.731718033552169800e-02
6.722111254930496216e-02
6.712739914655685425e-02
6.703598797321319580e-02
6.694684922695159912e-02
6.685993820428848267e-02
6.677524000406265259e-02
6.669272482395172119e-02
6.661237776279449463e-02
6.653410196304321289e-02
6.645799428224563599e-02
6.638389825820922852e-02
6.631182879209518433e-02
6.624177843332290649e-02
6.617367267608642578e-02
6.610753387212753296e-02
6.604323536157608032e-02
6.598082929849624634e-02
6.592019647359848022e-02
6.586134433746337891e-02
6.580420583486557007e-02
6.574870645999908447e-02
6.569482386112213135e-02
6.564252078533172607e-02
6.559172272682189941e-02
6.554242968559265137e-02
6.549458950757980347e-02
6.544817239046096802e-02
6.540309637784957886e-02
6.535940617322921753e-02
6.531703472137451172e-02
6.527593731880187988e-02
6.523623317480087280e-02
6.519773602485656738e-02
6.516055017709732056e-02
6.512463837862014771e-02
6.508997827768325806e-02
6.505662202835083008e-02
6.502451747655868530e-02
6.499369442462921143e-02
6.496416777372360229e-02
6.493587791919708252e-02
6.490887701511383057e-02
6.488311290740966797e-02
6.485856324434280396e-02
6.483525782823562622e-02
6.481315195560455322e-02
6.479217112064361572e-02
6.477233767509460449e-02
6.475355476140975952e-02
6.473579257726669312e-02
6.471899151802062988e-02
6.470309942960739136e-02
6.468808650970458984e-02
6.467381119728088379e-02
6.466034054756164551e-02
6.464748829603195190e-02
6.463529914617538452e-02
6.462369114160537720e-02
6.461263447999954224e-02
6.460203975439071655e-02
6.459190696477890015e-02
6.458221375942230225e-02
6.457293033599853516e-02
6.456409394741058350e-02
6.455560773611068726e-02
6.454752385616302490e-02
6.453981995582580566e-02
6.453252583742141724e-02
6.452558934688568115e-02
6.451910734176635742e-02
6.451307237148284912e-02
6.450746953487396240e-02
6.450233608484268188e-02
6.449773162603378296e-02
6.449360400438308716e-02
6.448999047279357910e-02
6.448706984519958496e-02
6.448470056056976318e-02
6.448293477296829224e-02
6.448182463645935059e-02
6.448142230510711670e-02
6.448170542716979980e-02
6.448273360729217529e-02
6.448447704315185547e-02
6.448699533939361572e-02
6.449025869369506836e-02
6.449432671070098877e-02
6.449913978576660156e-02
6.450475752353668213e-02
6.451116502285003662e-02
6.451833993196487427e-02
6.452630460262298584e-02
6.453499943017959595e-02
6.454446166753768921e-02
6.455459445714950562e-02
6.456541270017623901e-02
6.457687169313430786e-02
6.458894163370132446e-02
6.460153311491012573e-02
6.461466103792190552e-02
6.462830305099487305e-02
6.464233249425888062e-02
6.465669721364974976e-02
6.467138975858688354e-02
6.468629091978073120e-02
6.470145285129547119e-02
6.471658498048782349e-02
6.473181396722793579e-02
6.474707275629043579e-02
6.476219743490219116e-02
6.477711349725723267e-02
6.479186564683914185e-02
6.480628252029418945e-02
6.482040882110595703e-02
6.483407318592071533e-02
6.484726816415786743e-02
6.485994905233383179e-02
6.487196683883666992e-02
6.488341838121414185e-02
6.489416211843490601e-02
6.490410864353179932e-02
6.491342186927795410e-02
6.492180377244949341e-02
6.492935121059417725e-02
6.493604928255081177e-02
6.494187563657760620e-02
6.494673341512680054e-02
6.495066732168197632e-02
6.495366245508193970e-02
6.495571136474609375e-02
6.495676934719085693e-02
6.495685875415802002e-02
6.495597213506698608e-02
6.495415419340133667e-02
6.495137512683868408e-02
6.494766473770141602e-02
6.494300812482833862e-02
6.493736058473587036e-02
6.493084132671356201e-02
6.492345780134201050e-02
6.491514295339584351e-02
6.490597873926162720e-02
6.489592790603637695e-02
6.488508731126785278e-02
6.487344950437545776e-02
6.486093997955322266e-02
6.484770029783248901e-02
6.483363360166549683e-02
6.481877714395523071e-02
6.480325013399124146e-02
6.478693336248397827e-02
6.476988643407821655e-02
6.475211679935455322e-02
6.473362445831298828e-02
6.471438705921173096e-02
6.469450145959854126e-02
6.467387825250625610e-02
6.465259194374084473e-02
6.463057547807693481e-02
6.460789591073989868e-02
6.458455324172973633e-02
6.456053256988525391e-02
6.453578174114227295e-02
6.451044976711273193e-02
6.448444724082946777e-02
6.445781141519546509e-02
6.443048268556594849e-02
6.440254300832748413e-02
6.437402218580245972e-02
6.434492021799087524e-02
6.431524455547332764e-02
6.428496539592742920e-02
6.425414234399795532e-02
6.422279775142669678e-02
6.419098377227783203e-02
6.415867060422897339e-02
6.412588059902191162e-02
6.409265846014022827e-02
6.405901163816452026e-02
6.402500718832015991e-02
6.399061530828475952e-02
6.395587325096130371e-02
6.392078101634979248e-02
6.388536095619201660e-02
6.384965032339096069e-02
6.381370127201080322e-02
6.377752870321273804e-02
6.374107301235198975e-02
6.370442360639572144e-02
6.366759538650512695e-02
6.363052129745483398e-02
6.359337270259857178e-02
6.355596333742141724e-02
6.351844221353530884e-02
6.348081678152084351e-02
6.344300508499145508e-02
6.340508162975311279e-02
6.336702406406402588e-02
6.332887709140777588e-02
6.329057365655899048e-02
6.325215101242065430e-02
6.321366876363754272e-02
6.317503750324249268e-02
6.313630193471908569e-02
6.309743225574493408e-02
6.305848062038421631e-02
6.301936507225036621e-02
6.298011541366577148e-02
6.294076889753341675e-02
6.290122121572494507e-02
6.286152452230453491e-02
6.282168626785278320e-02
6.278160214424133301e-02
6.274136900901794434e-02
6.270098686218261719e-02
6.266033649444580078e-02
6.261949241161346436e-02
6.257838755846023560e-02
6.253708153963088989e-02
6.249547749757766724e-02
6.245357543230056763e-02
6.241137906908988953e-02
6.236889213323593140e-02
6.232605129480361938e-02
6.228285655379295349e-02
6.223939731717109680e-02
6.219549849629402161e-02
6.215123087167739868e-02
6.210650131106376648e-02
6.206141784787178040e-02
6.201589107513427734e-02
6.196988001465797424e-02
6.192340701818466187e-02
6.187648326158523560e-02
6.182909011840820312e-02
6.178118661046028137e-02
6.173277273774147034e-02
6.168383732438087463e-02
6.163434684276580811e-02
6.158438697457313538e-02
6.153383851051330566e-02
6.148280575871467590e-02
6.143121048808097839e-02
6.137908622622489929e-02
6.132639572024345398e-02
6.127328425645828247e-02
6.121965497732162476e-02
6.116548553109169006e-02
6.111079454421997070e-02
6.105571612715721130e-02
6.100019067525863647e-02
6.094425171613693237e-02
6.088793277740478516e-02
6.083127856254577637e-02
6.077434867620468140e-02
6.071704998612403870e-02
6.065959855914115906e-02
6.060197949409484863e-02
6.054416671395301819e-02
6.048625707626342773e-02
6.042833998799324036e-02
6.037040799856185913e-02
6.031253188848495483e-02
6.025471910834312439e-02
6.019705906510353088e-02
6.013959646224975586e-02
6.008233875036239624e-02
6.002535298466682434e-02
5.996873229742050171e-02
5.991240590810775757e-02
5.985647812485694885e-02
5.980100855231285095e-02
5.974592268466949463e-02
5.969139188528060913e-02
5.963737890124320984e-02
5.958385020494461060e-02
5.953087285161018372e-02
5.947849527001380920e-02
5.942668393254280090e-02
5.937541648745536804e-02
5.932487174868583679e-02
5.927488207817077637e-02
5.922551453113555908e-02
5.917680263519287109e-02
5.912875384092330933e-02
5.908138677477836609e-02
5.903466418385505676e-02
5.898860096931457520e-02
5.894323438405990601e-02
5.889855325222015381e-02
5.885456874966621399e-02
5.881127715110778809e-02
5.876871198415756226e-02
5.872684717178344727e-02
5.868569016456604004e-02
5.864530056715011597e-02
5.860553681850433350e-02
5.856651812791824341e-02
5.852829664945602417e-02
5.849082767963409424e-02
5.845403298735618591e-02
5.841801688075065613e-02
5.838276445865631104e-02
5.834823474287986755e-02
5.831450223922729492e-02
5.828150734305381775e-02
5.824929103255271912e-02
5.821782350540161133e-02
5.818714201450347900e-02
5.815723165869712830e-02
5.812807753682136536e-02
5.809973552823066711e-02
5.807211995124816895e-02
5.804532393813133240e-02
5.801928043365478516e-02
5.799408257007598877e-02
5.796958878636360168e-02
5.794593691825866699e-02
5.792300403118133545e-02
5.790086835622787476e-02
5.787954106926918030e-02
5.785891413688659668e-02
5.783906579017639160e-02
5.782010033726692200e-02
5.780178308486938477e-02
5.778422951698303223e-02
5.776743590831756592e-02
5.775139480829238892e-02
5.773605406284332275e-02
5.772146955132484436e-02
5.770760029554367065e-02
5.769445374608039856e-02
5.768196657299995422e-02
5.767022445797920227e-02
5.765918269753456116e-02
5.764874443411827087e-02
5.763896927237510681e-02
5.762983858585357666e-02
5.762135237455368042e-02
5.761345848441123962e-02
5.760616436600685120e-02
5.759944394230842590e-02
5.759317427873611450e-02
5.758754163980484009e-02
5.758232623338699341e-02
5.757766216993331909e-02
5.757341906428337097e-02
5.756962671875953674e-02
5.756621807813644409e-02
5.756313353776931763e-02
5.756048485636711121e-02
5.755812302231788635e-02
5.755594000220298767e-02
5.755415558815002441e-02
5.755243822932243347e-02
5.755093693733215332e-02
5.754954367876052856e-02
5.754831060767173767e-02
5.754709988832473755e-02
5.754593759775161743e-02
5.754469707608222961e-02
5.754346400499343872e-02
5.754213780164718628e-02
5.754060670733451843e-02
5.753886327147483826e-02
5.753694474697113037e-02
5.753466486930847168e-02
5.753210932016372681e-02
5.752922594547271729e-02
5.752586945891380310e-02
5.752218887209892273e-02
5.751794949173927307e-02
5.751323699951171875e-02
5.750795826315879822e-02
5.750213563442230225e-02
5.749572440981864929e-02
5.748863890767097473e-02
5.748094990849494934e-02
5.747256055474281311e-02
5.746346712112426758e-02
5.745373293757438660e-02
5.744317546486854553e-02
5.743192508816719055e-02
5.741994455456733704e-02
5.740719661116600037e-02
5.739369615912437439e-02
5.737950280308723450e-02
5.736456066370010376e-02
5.734885856509208679e-02
5.733244866132736206e-02
5.731538310647010803e-02
5.729761719703674316e-02
5.727913230657577515e-02
5.726006999611854553e-02
5.724036321043968201e-02
5.722016468644142151e-02
5.719932541251182556e-02
5.717802047729492188e-02
5.715617537498474121e-02
5.713393539190292358e-02
5.711127072572708130e-02
5.708824470639228821e-02
5.706490203738212585e-02
5.704122036695480347e-02
5.701730772852897644e-02
5.699316412210464478e-02
5.696879699826240540e-02
5.694433674216270447e-02
5.691975727677345276e-02
5.689504742622375488e-02
5.687031522393226624e-02
5.684561282396316528e-02
5.682089179754257202e-02
5.679622665047645569e-02
5.677162855863571167e-02
5.674706399440765381e-02
5.672270059585571289e-02
5.669829621911048889e-02
5.667413771152496338e-02
5.665005370974540710e-02
5.662610754370689392e-02
5.660232156515121460e-02
5.657861754298210144e-02
5.655511841177940369e-02
5.653173848986625671e-02
5.650847777724266052e-02
5.648534744977951050e-02
5.646241828799247742e-02
5.643969029188156128e-02
5.641716718673706055e-02
5.639497935771942139e-02
5.637308210134506226e-02
5.635168030858039856e-02
5.633070319890975952e-02
5.631029605865478516e-02
5.629055947065353394e-02
5.627149716019630432e-02
5.625330656766891479e-02
5.623604729771614075e-02
5.621980875730514526e-02
5.620459467172622681e-02
5.619049072265625000e-02
5.617761611938476562e-02
5.616594851016998291e-02
5.615548789501190186e-02
5.614634230732917786e-02
5.613834410905838013e-02
5.613162741065025330e-02
5.612608417868614197e-02
5.612175911664962769e-02
5.611854791641235352e-02
5.611645430326461792e-02
5.611535161733627319e-02
5.611528828740119934e-02
5.611620098352432251e-02
5.611805245280265808e-02
5.612074211239814758e-02
5.612426623702049255e-02
5.612855404615402222e-02
5.613366141915321350e-02
5.613948032259941101e-02
5.614594742655754089e-02
5.615307018160820007e-02
5.616078898310661316e-02
5.616916343569755554e-02
5.617808550596237183e-02
5.618756264448165894e-02
5.619761720299720764e-02
5.620815977454185486e-02
5.621923133730888367e-02
5.623077228665351868e-02
5.624277517199516296e-02
5.625529959797859192e-02
5.626827478408813477e-02
5.628176778554916382e-02
5.629565566778182983e-02
5.630994588136672974e-02
5.632468312978744507e-02
5.633995309472084045e-02
5.635561048984527588e-02
5.637165904045104980e-02
5.638815090060234070e-02
5.640496313571929932e-02
5.642228573560714722e-02
5.644002556800842285e-02
5.645804852247238159e-02
5.647649243474006653e-02
5.649536103010177612e-02
5.651456117630004883e-02
5.653420090675354004e-02
5.655414983630180359e-02
5.657449364662170410e-02
5.659521743655204773e-02
5.661628022789955139e-02
5.663770064711570740e-02
5.665948614478111267e-02
5.668158829212188721e-02
5.670402571558952332e-02
5.672684684395790100e-02
5.675000324845314026e-02
5.677347630262374878e-02
5.679731070995330811e-02
5.682143941521644592e-02
5.684582889080047607e-02
5.687063187360763550e-02
5.689573660492897034e-02
5.692110583186149597e-02
5.694683641195297241e-02
5.697280913591384888e-02
5.699911713600158691e-02
5.702571198344230652e-02
5.705256760120391846e-02
5.707979574799537659e-02
5.710722878575325012e-02
5.713494867086410522e-02
5.716297030448913574e-02
5.719130858778953552e-02
5.721988156437873840e-02
5.724867433309555054e-02
5.727772414684295654e-02
5.730707198381423950e-02
5.733666196465492249e-02
5.736646056175231934e-02
5.739644914865493774e-02
5.742674693465232849e-02
5.745731666684150696e-02
5.748806893825531006e-02
5.751902610063552856e-02
5.755013599991798401e-02
5.758152157068252563e-02
5.761309340596199036e-02
5.764484405517578125e-02
5.767676234245300293e-02
5.770887061953544617e-02
5.774107202887535095e-02
5.777355283498764038e-02
5.780613794922828674e-02
5.783880874514579773e-02
5.787169560790061951e-02
5.790475755929946899e-02
5.793786421418190002e-02
5.797107517719268799e-02
5.800448730587959290e-02
5.803797021508216858e-02
5.807151272892951965e-02
5.810527130961418152e-02
5.813901498913764954e-02
5.817284807562828064e-02
5.820687115192413330e-02
5.824078992009162903e-02
5.827485397458076477e-02
5.830898508429527283e-02
5.834316462278366089e-02
5.837742611765861511e-02
5.841176211833953857e-02
5.844609066843986511e-02
5.848051235079765320e-02
5.851495265960693359e-02
5.854941532015800476e-02
5.858395993709564209e-02
5.861853435635566711e-02
5.865306407213211060e-02
5.868761241436004639e-02
5.872226506471633911e-02
5.875683203339576721e-02
5.879145488142967224e-02
5.882612615823745728e-02
5.886068940162658691e-02
5.889536812901496887e-02
5.892998352646827698e-02
5.896459892392158508e-02
5.899919942021369934e-02
5.903384089469909668e-02
5.906841158866882324e-02
5.910290405154228210e-02
5.913743004202842712e-02
5.917190387845039368e-02
5.920637026429176331e-02
5.924072861671447754e-02
5.927511304616928101e-02
5.930936709046363831e-02
5.934359133243560791e-02
5.937775224447250366e-02
5.941184982657432556e-02
5.944582074880599976e-02
5.947976559400558472e-02
5.951363593339920044e-02
5.954741314053535461e-02
5.958102270960807800e-02
5.961456894874572754e-02
5.964799225330352783e-02
5.968132615089416504e-02
5.971447005867958069e-02
5.974750593304634094e-02
5.978036299347877502e-02
5.981309339404106140e-02
5.984567478299140930e-02
5.987799912691116333e-02
5.991019681096076965e-02
5.994212627410888672e-02
5.997382104396820068e-02
6.000530719757080078e-02
6.003655865788459778e-02
6.006753072142601013e-02
6.009827926754951477e-02
6.012878939509391785e-02
6.015900522470474243e-02
6.018885970115661621e-02
6.021833047270774841e-02
6.024752929806709290e-02
6.027644500136375427e-02
6.030496209859848022e-02
6.033309921622276306e-02
6.036087125539779663e-02
6.038834527134895325e-02
6.041540205478668213e-02
6.044223532080650330e-02
6.046872958540916443e-02
6.049476563930511475e-02
6.052053347229957581e-02
6.054602935910224915e-02
6.057121977210044861e-02
6.059613823890686035e-02
6.062076613306999207e-02
6.064516678452491760e-02
6.066944077610969543e-02
6.069343164563179016e-02
6.071727350354194641e-02
6.074099242687225342e-02
6.076469644904136658e-02
6.078818440437316895e-02
6.081170216202735901e-02
6.083524227142333984e-02
6.085876375436782837e-02
6.088235974311828613e-02
6.090604886412620544e-02
6.092981249094009399e-02
6.095369160175323486e-02
6.097783520817756653e-02
6.100209057331085205e-02
6.102658063173294067e-02
6.105139106512069702e-02
6.107642129063606262e-02
6.110175326466560364e-02
6.112740561366081238e-02
6.115332990884780884e-02
6.117964908480644226e-02
6.120631471276283264e-02
6.123338267207145691e-02
6.126078590750694275e-02
6.128840893507003784e-02
6.131657212972640991e-02
6.134509667754173279e-02
6.137399002909660339e-02
6.140317022800445557e-02
6.143280118703842163e-02
6.146262958645820618e-02
6.149293854832649231e-02
6.152341514825820923e-02
6.155417859554290771e-02
6.158536672592163086e-02
6.161672994494438171e-02
6.164823845028877258e-02
6.167997792363166809e-02
6.171195954084396362e-02
6.174398586153984070e-02
6.177616119384765625e-02
6.180839240550994873e-02
6.184068694710731506e-02
6.187304109334945679e-02
6.190523877739906311e-02
6.193759292364120483e-02
6.196979433298110962e-02
6.200184300541877747e-02
6.203372031450271606e-02
6.206557899713516235e-02
6.209717690944671631e-02
6.212869659066200256e-02
6.215983629226684570e-02
6.219073012471199036e-02
6.222141161561012268e-02
6.225177645683288574e-02
6.228176504373550415e-02
6.231144070625305176e-02
6.234074383974075317e-02
6.236968562006950378e-02
6.239831075072288513e-02
6.242659315466880798e-02
6.245443969964981079e-02
6.248188018798828125e-02
6.250894069671630859e-02
6.253557652235031128e-02
6.256172806024551392e-02
6.258755177259445190e-02
6.261295080184936523e-02
6.263801455497741699e-02
6.266262382268905640e-02
6.268677860498428345e-02
6.271052360534667969e-02
6.273392587900161743e-02
6.275698542594909668e-02
6.277956813573837280e-02
6.280184537172317505e-02
6.282369792461395264e-02
6.284523755311965942e-02
6.286635994911193848e-02
6.288722157478332520e-02
6.290773302316665649e-02
6.292792409658432007e-02
6.294764578342437744e-02
6.296718120574951172e-02
6.298641860485076904e-02
6.300538033246994019e-02
6.302400678396224976e-02
6.304237246513366699e-02
6.306049972772598267e-02
6.307836621999740601e-02
6.309591233730316162e-02
6.311330199241638184e-02
6.313043087720870972e-02
6.314721703529357910e-02
6.316387653350830078e-02
6.318031251430511475e-02
6.319645792245864868e-02
6.321241706609725952e-02
6.322829425334930420e-02
6.324385851621627808e-02
6.325918436050415039e-02
6.327449530363082886e-02
6.328943371772766113e-02
6.330421566963195801e-02
6.331881880760192871e-02
6.333318352699279785e-02
6.334736198186874390e-02
6.336143612861633301e-02
6.337507069110870361e-02
6.338869035243988037e-02
6.340207904577255249e-02
6.341530382633209229e-02
6.342821568250656128e-02
6.344094872474670410e-02
6.345346570014953613e-02
6.346581876277923584e-02
6.347790360450744629e-02
6.348978728055953979e-02
6.350132822990417480e-02
6.351272761821746826e-02
6.352380663156509399e-02
6.353453546762466431e-02
6.354508548974990845e-02
6.355524063110351562e-02
6.356526911258697510e-02
6.357493251562118530e-02
6.358433514833450317e-02
6.359338760375976562e-02
6.360211968421936035e-02
6.361045688390731812e-02
6.361852586269378662e-02
6.362626701593399048e-02
6.363370269536972046e-02
6.364074349403381348e-02
6.364738941192626953e-02
6.365374475717544556e-02
6.365966051816940308e-02
6.366521120071411133e-02
6.367032974958419800e-02
6.367509812116622925e-02
6.367946416139602661e-02
6.368343532085418701e-02
6.368700414896011353e-02
6.369017809629440308e-02
6.369291245937347412e-02
6.369525939226150513e-02
6.369718909263610840e-02
6.369876861572265625e-02
6.369984149932861328e-02
6.370051205158233643e-02
6.370080262422561646e-02
6.370055675506591797e-02
6.370003521442413330e-02
6.369912624359130859e-02
6.369774043560028076e-02
6.369595974683761597e-02
6.369386613368988037e-02
6.369129568338394165e-02
6.368841975927352905e-02
6.368514150381088257e-02
6.368152052164077759e-02
6.367759406566619873e-02
6.367328017950057983e-02
6.366859376430511475e-02
6.366376578807830811e-02
6.365854293107986450e-02
6.365320831537246704e-02
6.364756077527999878e-02
6.364160031080245972e-02
6.363553553819656372e-02
6.362926214933395386e-02
6.362291425466537476e-02
6.361638754606246948e-02
6.360965222120285034e-02
6.360296159982681274e-02
6.359624117612838745e-02
6.358945369720458984e-02
6.358269602060317993e-02
6.357610970735549927e-02
6.356956809759140015e-02
6.356329470872879028e-02
6.355702877044677734e-02
6.355106085538864136e-02
6.354537606239318848e-02
6.354003399610519409e-02
6.353498250246047974e-02
6.353037059307098389e-02
6.352620571851730347e-02
6.352259218692779541e-02
6.351942569017410278e-02
6.351687014102935791e-02
6.351491063833236694e-02
6.351383775472640991e-02
6.351332366466522217e-02
