2.505543231964111328e-01
2.638580799102783203e-01
2.705099880695343018e-01
2.727272808551788330e-01
2.727272808551788330e-01
2.749445736408233643e-01
2.727272808551788330e-01
2.771618664264678955e-01
2.793791592121124268e-01
2.838137447834014893e-01
2.926829159259796143e-01
2.926829159259796143e-01
2.993348240852355957e-01
3.015521168708801270e-01
3.059867024421691895e-01
3.059867024421691895e-01
3.104212880134582520e-01
3.148558735847473145e-01
3.192904591560363770e-01
3.325942456722259521e-01
3.503325879573822021e-01
3.614190816879272461e-01
3.769401311874389648e-01
3.968957960605621338e-01
3.968957960605621338e-01
4.190687239170074463e-01
4.279379248619079590e-01
4.456762671470642090e-01
4.589800536632537842e-01
4.611973464488983154e-01
4.700665175914764404e-01
4.722838103771209717e-01
4.700665175914764404e-01
4.789356887340545654e-01
4.833702743053436279e-01
4.811529815196990967e-01
4.878048896789550781e-01
4.900221824645996094e-01
4.944567680358886719e-01
5.033259391784667969e-01
5.188469886779785156e-01
5.210642814636230469e-01
5.277161598205566406e-01
5.388026833534240723e-01
5.521064400672912598e-01
5.521064400672912598e-01
5.676274895668029785e-01
5.875831246376037598e-01
5.964523553848266602e-01
5.986696481704711914e-01
6.053215265274047852e-01
6.053215265274047852e-01
6.141906976699829102e-01
6.186252832412719727e-01
6.230598688125610352e-01
6.363636255264282227e-01
6.407982110977172852e-01
6.407982110977172852e-01
6.541019678115844727e-01
6.629711985588073730e-01
6.607539057731628418e-01
6.651884913444519043e-01
6.762749552726745605e-01
6.762749552726745605e-01
6.784922480583190918e-01
6.807095408439636230e-01
6.762749552726745605e-01
6.762749552726745605e-01
6.851441264152526855e-01
6.917960047721862793e-01
7.050997614860534668e-01
7.073170542716979980e-01
7.139689326286315918e-01
7.184035181999206543e-01
7.228381633758544922e-01
7.250554561614990234e-01
7.339246273040771484e-01
7.361419200897216797e-01
7.361419200897216797e-01
7.361419200897216797e-01
7.383592128753662109e-01
7.383592128753662109e-01
7.405765056610107422e-01
7.450110912322998047e-01
7.472283840179443359e-01
7.450110912322998047e-01
7.450110912322998047e-01
7.472283840179443359e-01
7.472283840179443359e-01
7.494456768035888672e-01
7.472283840179443359e-01
7.472283840179443359e-01
7.516629695892333984e-01
7.516629695892333984e-01
7.538802623748779297e-01
7.538802623748779297e-01
7.560975551605224609e-01
7.560975551605224609e-01
7.560975551605224609e-01
7.538802623748779297e-01
7.538802623748779297e-01
7.560975551605224609e-01
7.560975551605224609e-01
7.560975551605224609e-01
7.627494335174560547e-01
7.605321407318115234e-01
7.583148479461669922e-01
7.583148479461669922e-01
7.605321407318115234e-01
7.583148479461669922e-01
7.583148479461669922e-01
7.560975551605224609e-01
7.583148479461669922e-01
7.605321407318115234e-01
7.649667263031005859e-01
7.649667263031005859e-01
7.627494335174560547e-01
7.605321407318115234e-01
7.649667263031005859e-01
7.649667263031005859e-01
7.671840190887451172e-01
7.671840190887451172e-01
7.671840190887451172e-01
7.671840190887451172e-01
7.649667263031005859e-01
7.671840190887451172e-01
7.694013118743896484e-01
7.738358974456787109e-01
7.738358974456787109e-01
7.738358974456787109e-01
7.738358974456787109e-01
7.738358974456787109e-01
7.760531902313232422e-01
7.760531902313232422e-01
7.760531902313232422e-01
7.760531902313232422e-01
7.782704830169677734e-01
7.782704830169677734e-01
7.804877758026123047e-01
7.804877758026123047e-01
7.804877758026123047e-01
7.804877758026123047e-01
7.827051281929016113e-01
7.827051281929016113e-01
7.827051281929016113e-01
7.827051281929016113e-01
7.827051281929016113e-01
7.827051281929016113e-01
7.827051281929016113e-01
7.849224209785461426e-01
7.871397137641906738e-01
7.871397137641906738e-01
7.893570065498352051e-01
7.893570065498352051e-01
7.893570065498352051e-01
7.893570065498352051e-01
7.893570065498352051e-01
7.849224209785461426e-01
7.849224209785461426e-01
7.849224209785461426e-01
7.893570065498352051e-01
7.871397137641906738e-01
7.893570065498352051e-01
7.893570065498352051e-01
7.937915921211242676e-01
7.937915921211242676e-01
7.960088849067687988e-01
7.960088849067687988e-01
7.960088849067687988e-01
7.982261776924133301e-01
7.982261776924133301e-01
8.004434704780578613e-01
8.004434704780578613e-01
8.004434704780578613e-01
8.004434704780578613e-01
8.026607632637023926e-01
8.048780560493469238e-01
8.026607632637023926e-01
8.026607632637023926e-01
8.026607632637023926e-01
8.026607632637023926e-01
8.026607632637023926e-01
8.026607632637023926e-01
8.004434704780578613e-01
8.004434704780578613e-01
8.004434704780578613e-01
7.982261776924133301e-01
8.004434704780578613e-01
8.004434704780578613e-01
7.982261776924133301e-01
7.982261776924133301e-01
7.982261776924133301e-01
7.982261776924133301e-01
7.960088849067687988e-01
7.960088849067687988e-01
8.004434704780578613e-01
8.004434704780578613e-01
7.982261776924133301e-01
7.982261776924133301e-01
7.982261776924133301e-01
7.982261776924133301e-01
7.982261776924133301e-01
8.004434704780578613e-01
8.004434704780578613e-01
8.004434704780578613e-01
8.004434704780578613e-01
8.004434704780578613e-01
8.004434704780578613e-01
8.004434704780578613e-01
8.004434704780578613e-01
8.004434704780578613e-01
8.004434704780578613e-01
8.026607632637023926e-01
8.026607632637023926e-01
8.026607632637023926e-01
8.026607632637023926e-01
8.026607632637023926e-01
8.026607632637023926e-01
8.026607632637023926e-01
8.048780560493469238e-01
8.070953488349914551e-01
8.070953488349914551e-01
8.070953488349914551e-01
8.093126416206359863e-01
8.093126416206359863e-01
8.093126416206359863e-01
8.093126416206359863e-01
8.093126416206359863e-01
8.115299344062805176e-01
8.115299344062805176e-01
8.115299344062805176e-01
8.137472271919250488e-01
8.137472271919250488e-01
8.137472271919250488e-01
8.159645199775695801e-01
8.137472271919250488e-01
8.137472271919250488e-01
8.137472271919250488e-01
8.159645199775695801e-01
8.159645199775695801e-01
8.159645199775695801e-01
8.159645199775695801e-01
8.203991055488586426e-01
8.203991055488586426e-01
8.203991055488586426e-01
8.203991055488586426e-01
8.203991055488586426e-01
8.226163983345031738e-01
8.203991055488586426e-01
8.203991055488586426e-01
8.203991055488586426e-01
8.203991055488586426e-01
8.203991055488586426e-01
8.203991055488586426e-01
8.203991055488586426e-01
8.203991055488586426e-01
8.203991055488586426e-01
8.203991055488586426e-01
8.203991055488586426e-01
8.203991055488586426e-01
8.203991055488586426e-01
8.226163983345031738e-01
8.203991055488586426e-01
8.226163983345031738e-01
8.226163983345031738e-01
8.226163983345031738e-01
8.226163983345031738e-01
8.226163983345031738e-01
8.181818127632141113e-01
8.181818127632141113e-01
8.159645199775695801e-01
8.159645199775695801e-01
8.181818127632141113e-01
8.181818127632141113e-01
8.181818127632141113e-01
8.181818127632141113e-01
8.181818127632141113e-01
8.159645199775695801e-01
8.159645199775695801e-01
8.181818127632141113e-01
8.203991055488586426e-01
8.203991055488586426e-01
8.203991055488586426e-01
8.203991055488586426e-01
8.203991055488586426e-01
8.203991055488586426e-01
8.203991055488586426e-01
8.203991055488586426e-01
8.226163983345031738e-01
8.226163983345031738e-01
8.226163983345031738e-01
8.226163983345031738e-01
8.226163983345031738e-01
8.226163983345031738e-01
8.248336911201477051e-01
8.248336911201477051e-01
8.248336911201477051e-01
8.248336911201477051e-01
8.248336911201477051e-01
8.270509839057922363e-01
8.270509839057922363e-01
8.292682766914367676e-01
8.270509839057922363e-01
8.270509839057922363e-01
8.248336911201477051e-01
8.248336911201477051e-01
8.248336911201477051e-01
8.248336911201477051e-01
8.248336911201477051e-01
8.248336911201477051e-01
8.270509839057922363e-01
8.270509839057922363e-01
8.270509839057922363e-01
8.292682766914367676e-01
8.292682766914367676e-01
8.292682766914367676e-01
8.292682766914367676e-01
8.292682766914367676e-01
8.292682766914367676e-01
8.292682766914367676e-01
8.292682766914367676e-01
8.292682766914367676e-01
8.292682766914367676e-01
8.292682766914367676e-01
8.292682766914367676e-01
8.292682766914367676e-01
8.270509839057922363e-01
8.270509839057922363e-01
8.270509839057922363e-01
8.270509839057922363e-01
8.270509839057922363e-01
8.270509839057922363e-01
8.270509839057922363e-01
8.270509839057922363e-01
8.270509839057922363e-01
8.270509839057922363e-01
8.270509839057922363e-01
8.270509839057922363e-01
8.270509839057922363e-01
8.270509839057922363e-01
8.248336911201477051e-01
8.270509839057922363e-01
8.270509839057922363e-01
8.270509839057922363e-01
8.270509839057922363e-01
8.270509839057922363e-01
8.270509839057922363e-01
8.292682766914367676e-01
8.292682766914367676e-01
8.292682766914367676e-01
8.292682766914367676e-01
8.292682766914367676e-01
8.292682766914367676e-01
8.292682766914367676e-01
8.292682766914367676e-01
8.292682766914367676e-01
8.292682766914367676e-01
8.337028622627258301e-01
8.359201550483703613e-01
8.381374478340148926e-01
8.381374478340148926e-01
8.381374478340148926e-01
8.381374478340148926e-01
8.381374478340148926e-01
8.381374478340148926e-01
8.381374478340148926e-01
8.403547406196594238e-01
8.425720334053039551e-01
8.425720334053039551e-01
8.425720334053039551e-01
8.425720334053039551e-01
8.425720334053039551e-01
8.425720334053039551e-01
8.425720334053039551e-01
8.425720334053039551e-01
8.425720334053039551e-01
8.425720334053039551e-01
8.425720334053039551e-01
8.425720334053039551e-01
8.425720334053039551e-01
8.425720334053039551e-01
8.425720334053039551e-01
8.425720334053039551e-01
8.425720334053039551e-01
8.425720334053039551e-01
8.425720334053039551e-01
8.425720334053039551e-01
8.425720334053039551e-01
8.425720334053039551e-01
8.425720334053039551e-01
8.425720334053039551e-01
8.425720334053039551e-01
8.425720334053039551e-01
8.425720334053039551e-01
8.425720334053039551e-01
8.425720334053039551e-01
8.425720334053039551e-01
8.425720334053039551e-01
8.425720334053039551e-01
8.447893857955932617e-01
8.447893857955932617e-01
8.447893857955932617e-01
8.447893857955932617e-01
8.447893857955932617e-01
8.447893857955932617e-01
8.492239713668823242e-01
8.492239713668823242e-01
8.470066785812377930e-01
8.470066785812377930e-01
8.470066785812377930e-01
8.470066785812377930e-01
8.470066785812377930e-01
8.470066785812377930e-01
8.470066785812377930e-01
8.470066785812377930e-01
8.492239713668823242e-01
8.492239713668823242e-01
8.492239713668823242e-01
8.492239713668823242e-01
8.492239713668823242e-01
8.492239713668823242e-01
8.492239713668823242e-01
8.492239713668823242e-01
8.514412641525268555e-01
8.536585569381713867e-01
8.536585569381713867e-01
8.558758497238159180e-01
8.580931425094604492e-01
8.580931425094604492e-01
8.580931425094604492e-01
8.580931425094604492e-01
8.580931425094604492e-01
8.580931425094604492e-01
8.580931425094604492e-01
8.580931425094604492e-01
8.580931425094604492e-01
8.580931425094604492e-01
8.603104352951049805e-01
8.603104352951049805e-01
8.603104352951049805e-01
8.603104352951049805e-01
8.603104352951049805e-01
8.603104352951049805e-01
8.603104352951049805e-01
8.603104352951049805e-01
8.603104352951049805e-01
8.603104352951049805e-01
8.603104352951049805e-01
8.603104352951049805e-01
8.603104352951049805e-01
8.603104352951049805e-01
8.603104352951049805e-01
8.603104352951049805e-01
8.603104352951049805e-01
8.603104352951049805e-01
8.603104352951049805e-01
8.603104352951049805e-01
8.603104352951049805e-01
8.603104352951049805e-01
8.603104352951049805e-01
8.603104352951049805e-01
8.603104352951049805e-01
8.603104352951049805e-01
8.603104352951049805e-01
8.603104352951049805e-01
8.603104352951049805e-01
8.625277280807495117e-01
8.625277280807495117e-01
8.647450208663940430e-01
8.669623136520385742e-01
8.669623136520385742e-01
8.669623136520385742e-01
8.669623136520385742e-01
8.669623136520385742e-01
8.669623136520385742e-01
8.669623136520385742e-01
8.647450208663940430e-01
8.647450208663940430e-01
8.647450208663940430e-01
8.647450208663940430e-01
8.647450208663940430e-01
8.647450208663940430e-01
8.647450208663940430e-01
8.647450208663940430e-01
8.647450208663940430e-01
8.647450208663940430e-01
8.647450208663940430e-01
8.647450208663940430e-01
8.647450208663940430e-01
8.669623136520385742e-01
8.669623136520385742e-01
8.691796064376831055e-01
8.691796064376831055e-01
8.691796064376831055e-01
8.691796064376831055e-01
8.713968992233276367e-01
8.713968992233276367e-01
8.713968992233276367e-01
8.713968992233276367e-01
8.713968992233276367e-01
8.713968992233276367e-01
8.713968992233276367e-01
8.713968992233276367e-01
8.713968992233276367e-01
8.713968992233276367e-01
8.713968992233276367e-01
8.736141920089721680e-01
8.736141920089721680e-01
8.736141920089721680e-01
8.736141920089721680e-01
8.736141920089721680e-01
8.736141920089721680e-01
8.736141920089721680e-01
8.736141920089721680e-01
8.758314847946166992e-01
8.758314847946166992e-01
8.758314847946166992e-01
8.758314847946166992e-01
8.758314847946166992e-01
8.758314847946166992e-01
8.758314847946166992e-01
8.758314847946166992e-01
8.758314847946166992e-01
8.758314847946166992e-01
8.758314847946166992e-01
8.758314847946166992e-01
8.758314847946166992e-01
8.758314847946166992e-01
8.758314847946166992e-01
8.758314847946166992e-01
8.758314847946166992e-01
8.758314847946166992e-01
8.780487775802612305e-01
8.780487775802612305e-01
8.780487775802612305e-01
8.780487775802612305e-01
8.780487775802612305e-01
8.780487775802612305e-01
8.780487775802612305e-01
8.780487775802612305e-01
8.802660703659057617e-01
8.802660703659057617e-01
8.802660703659057617e-01
8.802660703659057617e-01
8.802660703659057617e-01
8.802660703659057617e-01
8.802660703659057617e-01
8.802660703659057617e-01
8.802660703659057617e-01
8.802660703659057617e-01
8.824833631515502930e-01
8.847006559371948242e-01
8.847006559371948242e-01
8.847006559371948242e-01
8.824833631515502930e-01
8.824833631515502930e-01
8.824833631515502930e-01
8.824833631515502930e-01
8.824833631515502930e-01
8.824833631515502930e-01
8.824833631515502930e-01
8.824833631515502930e-01
8.824833631515502930e-01
8.824833631515502930e-01
8.824833631515502930e-01
8.824833631515502930e-01
8.847006559371948242e-01
8.847006559371948242e-01
8.847006559371948242e-01
8.869179487228393555e-01
8.869179487228393555e-01
8.869179487228393555e-01
8.847006559371948242e-01
8.824833631515502930e-01
8.824833631515502930e-01
8.824833631515502930e-01
8.824833631515502930e-01
8.824833631515502930e-01
8.824833631515502930e-01
8.824833631515502930e-01
8.824833631515502930e-01
8.824833631515502930e-01
8.824833631515502930e-01
8.824833631515502930e-01
8.824833631515502930e-01
8.824833631515502930e-01
8.824833631515502930e-01
8.824833631515502930e-01
8.802660703659057617e-01
8.802660703659057617e-01
8.802660703659057617e-01
8.802660703659057617e-01
8.802660703659057617e-01
8.802660703659057617e-01
8.824833631515502930e-01
8.824833631515502930e-01
8.824833631515502930e-01
8.824833631515502930e-01
8.824833631515502930e-01
8.802660703659057617e-01
8.802660703659057617e-01
8.802660703659057617e-01
8.802660703659057617e-01
8.802660703659057617e-01
8.802660703659057617e-01
8.802660703659057617e-01
8.802660703659057617e-01
8.802660703659057617e-01
8.802660703659057617e-01
8.824833631515502930e-01
8.847006559371948242e-01
8.847006559371948242e-01
8.847006559371948242e-01
8.847006559371948242e-01
8.847006559371948242e-01
8.824833631515502930e-01
8.824833631515502930e-01
8.824833631515502930e-01
8.802660703659057617e-01
8.802660703659057617e-01
8.802660703659057617e-01
8.802660703659057617e-01
8.802660703659057617e-01
8.802660703659057617e-01
8.802660703659057617e-01
8.802660703659057617e-01
8.802660703659057617e-01
8.802660703659057617e-01
8.802660703659057617e-01
8.802660703659057617e-01
8.802660703659057617e-01
8.802660703659057617e-01
8.802660703659057617e-01
8.802660703659057617e-01
8.802660703659057617e-01
8.802660703659057617e-01
8.802660703659057617e-01
8.802660703659057617e-01
8.802660703659057617e-01
8.802660703659057617e-01
8.802660703659057617e-01
8.802660703659057617e-01
8.802660703659057617e-01
8.802660703659057617e-01
8.802660703659057617e-01
8.802660703659057617e-01
8.802660703659057617e-01
8.802660703659057617e-01
8.802660703659057617e-01
8.802660703659057617e-01
8.802660703659057617e-01
8.802660703659057617e-01
8.802660703659057617e-01
8.802660703659057617e-01
8.802660703659057617e-01
8.824833631515502930e-01
8.824833631515502930e-01
8.824833631515502930e-01
8.824833631515502930e-01
8.824833631515502930e-01
8.824833631515502930e-01
8.824833631515502930e-01
8.824833631515502930e-01
8.847006559371948242e-01
8.847006559371948242e-01
8.869179487228393555e-01
8.869179487228393555e-01
8.869179487228393555e-01
8.869179487228393555e-01
8.891352415084838867e-01
8.891352415084838867e-01
8.891352415084838867e-01
8.891352415084838867e-01
8.891352415084838867e-01
8.891352415084838867e-01
8.913525342941284180e-01
8.913525342941284180e-01
8.935698270797729492e-01
8.913525342941284180e-01
8.913525342941284180e-01
8.913525342941284180e-01
8.913525342941284180e-01
8.913525342941284180e-01
8.913525342941284180e-01
8.913525342941284180e-01
8.913525342941284180e-01
8.913525342941284180e-01
8.913525342941284180e-01
8.913525342941284180e-01
8.913525342941284180e-01
8.891352415084838867e-01
8.913525342941284180e-01
8.935698270797729492e-01
8.935698270797729492e-01
8.935698270797729492e-01
8.935698270797729492e-01
8.935698270797729492e-01
8.935698270797729492e-01
8.935698270797729492e-01
8.935698270797729492e-01
8.935698270797729492e-01
8.935698270797729492e-01
8.935698270797729492e-01
8.935698270797729492e-01
8.935698270797729492e-01
8.935698270797729492e-01
8.935698270797729492e-01
8.935698270797729492e-01
8.957871198654174805e-01
8.957871198654174805e-01
8.957871198654174805e-01
8.957871198654174805e-01
8.957871198654174805e-01
8.957871198654174805e-01
8.957871198654174805e-01
8.980044126510620117e-01
8.980044126510620117e-01
8.980044126510620117e-01
8.980044126510620117e-01
8.980044126510620117e-01
8.957871198654174805e-01
8.957871198654174805e-01
8.957871198654174805e-01
8.957871198654174805e-01
8.957871198654174805e-01
8.957871198654174805e-01
8.957871198654174805e-01
8.957871198654174805e-01
8.957871198654174805e-01
8.957871198654174805e-01
8.957871198654174805e-01
8.980044126510620117e-01
8.980044126510620117e-01
8.980044126510620117e-01
8.980044126510620117e-01
8.980044126510620117e-01
8.980044126510620117e-01
8.980044126510620117e-01
8.980044126510620117e-01
8.980044126510620117e-01
8.980044126510620117e-01
8.980044126510620117e-01
8.980044126510620117e-01
8.980044126510620117e-01
9.002217054367065430e-01
9.002217054367065430e-01
9.002217054367065430e-01
9.002217054367065430e-01
9.002217054367065430e-01
9.002217054367065430e-01
9.002217054367065430e-01
9.002217054367065430e-01
9.002217054367065430e-01
9.024389982223510742e-01
9.024389982223510742e-01
9.024389982223510742e-01
9.024389982223510742e-01
9.024389982223510742e-01
9.024389982223510742e-01
9.024389982223510742e-01
9.024389982223510742e-01
9.024389982223510742e-01
9.024389982223510742e-01
9.024389982223510742e-01
9.024389982223510742e-01
9.024389982223510742e-01
9.024389982223510742e-01
9.024389982223510742e-01
9.024389982223510742e-01
9.024389982223510742e-01
9.024389982223510742e-01
9.024389982223510742e-01
9.024389982223510742e-01
9.024389982223510742e-01
9.024389982223510742e-01
9.024389982223510742e-01
9.024389982223510742e-01
9.024389982223510742e-01
9.002217054367065430e-01
9.002217054367065430e-01
9.024389982223510742e-01
9.024389982223510742e-01
9.024389982223510742e-01
9.024389982223510742e-01
9.024389982223510742e-01
9.024389982223510742e-01
9.024389982223510742e-01
9.024389982223510742e-01
9.024389982223510742e-01
9.024389982223510742e-01
9.024389982223510742e-01
9.024389982223510742e-01
9.024389982223510742e-01
9.024389982223510742e-01
9.024389982223510742e-01
9.024389982223510742e-01
9.024389982223510742e-01
9.024389982223510742e-01
9.024389982223510742e-01
9.024389982223510742e-01
9.024389982223510742e-01
9.024389982223510742e-01
9.024389982223510742e-01
9.024389982223510742e-01
9.024389982223510742e-01
9.024389982223510742e-01
9.024389982223510742e-01
9.024389982223510742e-01
9.024389982223510742e-01
9.024389982223510742e-01
9.024389982223510742e-01
9.046562910079956055e-01
9.046562910079956055e-01
9.046562910079956055e-01
9.046562910079956055e-01
9.046562910079956055e-01
9.046562910079956055e-01
9.046562910079956055e-01
9.046562910079956055e-01
9.046562910079956055e-01
9.046562910079956055e-01
9.046562910079956055e-01
9.046562910079956055e-01
9.046562910079956055e-01
9.046562910079956055e-01
9.046562910079956055e-01
9.046562910079956055e-01
9.046562910079956055e-01
9.046562910079956055e-01
9.046562910079956055e-01
9.046562910079956055e-01
9.046562910079956055e-01
9.046562910079956055e-01
9.046562910079956055e-01
9.046562910079956055e-01
9.046562910079956055e-01
9.046562910079956055e-01
9.046562910079956055e-01
9.046562910079956055e-01
9.046562910079956055e-01
9.046562910079956055e-01
9.046562910079956055e-01
9.046562910079956055e-01
9.068736433982849121e-01
9.068736433982849121e-01
9.068736433982849121e-01
9.068736433982849121e-01
9.068736433982849121e-01
9.068736433982849121e-01
9.068736433982849121e-01
9.068736433982849121e-01
9.068736433982849121e-01
9.068736433982849121e-01
9.068736433982849121e-01
9.068736433982849121e-01
9.068736433982849121e-01
9.068736433982849121e-01
9.068736433982849121e-01
9.068736433982849121e-01
9.068736433982849121e-01
9.090909361839294434e-01
9.090909361839294434e-01
9.090909361839294434e-01
9.090909361839294434e-01
9.090909361839294434e-01
9.090909361839294434e-01
9.090909361839294434e-01
9.090909361839294434e-01
9.090909361839294434e-01
9.090909361839294434e-01
9.090909361839294434e-01
9.090909361839294434e-01
9.113082289695739746e-01
9.113082289695739746e-01
9.113082289695739746e-01
9.135255217552185059e-01
9.135255217552185059e-01
9.135255217552185059e-01
9.135255217552185059e-01
9.135255217552185059e-01
9.135255217552185059e-01
9.135255217552185059e-01
9.135255217552185059e-01
9.135255217552185059e-01
9.135255217552185059e-01
9.135255217552185059e-01
9.135255217552185059e-01
9.135255217552185059e-01
9.135255217552185059e-01
9.135255217552185059e-01
9.135255217552185059e-01
9.135255217552185059e-01
9.135255217552185059e-01
9.135255217552185059e-01
9.135255217552185059e-01
9.135255217552185059e-01
9.135255217552185059e-01
9.135255217552185059e-01
9.135255217552185059e-01
9.135255217552185059e-01
9.135255217552185059e-01
9.135255217552185059e-01
9.135255217552185059e-01
9.157428145408630371e-01
9.157428145408630371e-01
9.157428145408630371e-01
9.157428145408630371e-01
9.157428145408630371e-01
9.157428145408630371e-01
9.157428145408630371e-01
9.157428145408630371e-01
9.157428145408630371e-01
9.157428145408630371e-01
9.157428145408630371e-01
9.157428145408630371e-01
9.179601073265075684e-01
9.179601073265075684e-01
9.179601073265075684e-01
9.179601073265075684e-01
9.179601073265075684e-01
9.179601073265075684e-01
9.157428145408630371e-01
9.157428145408630371e-01
9.157428145408630371e-01
9.157428145408630371e-01
9.157428145408630371e-01
9.157428145408630371e-01
9.157428145408630371e-01
9.157428145408630371e-01
9.157428145408630371e-01
9.157428145408630371e-01
9.157428145408630371e-01
9.157428145408630371e-01
9.157428145408630371e-01
9.157428145408630371e-01
9.157428145408630371e-01
9.157428145408630371e-01
9.157428145408630371e-01
9.157428145408630371e-01
9.157428145408630371e-01
9.157428145408630371e-01
9.157428145408630371e-01
9.157428145408630371e-01
9.157428145408630371e-01
9.157428145408630371e-01
9.157428145408630371e-01
9.179601073265075684e-01
9.179601073265075684e-01
9.201774001121520996e-01
9.201774001121520996e-01
9.201774001121520996e-01
9.201774001121520996e-01
9.201774001121520996e-01
9.201774001121520996e-01
9.201774001121520996e-01
9.201774001121520996e-01
9.201774001121520996e-01
9.223946928977966309e-01
9.223946928977966309e-01
9.223946928977966309e-01
9.223946928977966309e-01
9.223946928977966309e-01
9.223946928977966309e-01
9.223946928977966309e-01
9.223946928977966309e-01
9.223946928977966309e-01
9.223946928977966309e-01
9.223946928977966309e-01
9.223946928977966309e-01
9.223946928977966309e-01
9.223946928977966309e-01
9.223946928977966309e-01
9.223946928977966309e-01
9.223946928977966309e-01
9.223946928977966309e-01
9.223946928977966309e-01
9.223946928977966309e-01
9.223946928977966309e-01
9.223946928977966309e-01
9.223946928977966309e-01
9.223946928977966309e-01
9.223946928977966309e-01
9.223946928977966309e-01
9.223946928977966309e-01
9.223946928977966309e-01
9.223946928977966309e-01
9.223946928977966309e-01
9.223946928977966309e-01
9.223946928977966309e-01
9.223946928977966309e-01
9.223946928977966309e-01
9.246119856834411621e-01
9.246119856834411621e-01
9.246119856834411621e-01
9.246119856834411621e-01
9.246119856834411621e-01
9.223946928977966309e-01
9.223946928977966309e-01
9.223946928977966309e-01
9.223946928977966309e-01
