1.898522377014160156e-01
1.887850016355514526e-01
1.885509043931961060e-01
1.883202344179153442e-01
1.880900412797927856e-01
1.878583729267120361e-01
1.876218020915985107e-01
1.873772293329238892e-01
1.871215850114822388e-01
1.868511438369750977e-01
1.865617036819458008e-01
1.862487047910690308e-01
1.859065443277359009e-01
1.855291575193405151e-01
1.851096600294113159e-01
1.846393793821334839e-01
1.841097176074981689e-01
1.835106909275054932e-01
1.828317195177078247e-01
1.820626258850097656e-01
1.811939030885696411e-01
1.802180856466293335e-01
1.791305989027023315e-01
1.779305189847946167e-01
1.766201257705688477e-01
1.752045899629592896e-01
1.736899465322494507e-01
1.720824688673019409e-01
1.703892797231674194e-01
1.686206161975860596e-01
1.667916923761367798e-01
1.649247854948043823e-01
1.630464047193527222e-01
1.611828505992889404e-01
1.593553274869918823e-01
1.575758159160614014e-01
1.558477133512496948e-01
1.541654020547866821e-01
1.525172442197799683e-01
1.508874893188476562e-01
1.492579877376556396e-01
1.476103514432907104e-01
1.459269076585769653e-01
1.441913843154907227e-01
1.423905491828918457e-01
1.405145078897476196e-01
1.385591775178909302e-01
1.365261226892471313e-01
1.344240456819534302e-01
1.322665214538574219e-01
1.300704032182693481e-01
1.278534680604934692e-01
1.256328970193862915e-01
1.234258189797401428e-01
1.212498545646667480e-01
1.191233769059181213e-01
1.170645579695701599e-01
1.150904670357704163e-01
1.132154762744903564e-01
1.114494279026985168e-01
1.097972691059112549e-01
1.082590222358703613e-01
1.068307012319564819e-01
1.055055856704711914e-01
1.042752414941787720e-01
1.031304523348808289e-01
1.020626202225685120e-01
1.010632812976837158e-01
1.001252159476280212e-01
9.924159198999404907e-02
9.840673953294754028e-02
9.761555492877960205e-02
9.686350822448730469e-02
9.614692628383636475e-02
9.546240419149398804e-02
9.480759501457214355e-02
9.418052434921264648e-02
9.357990324497222900e-02
9.300481528043746948e-02
9.245418757200241089e-02
9.192726761102676392e-02
9.142280369997024536e-02
9.093968570232391357e-02
9.047627449035644531e-02
9.003116935491561890e-02
8.960296958684921265e-02
8.919025957584381104e-02
8.879169076681137085e-02
8.840612322092056274e-02
8.803228288888931274e-02
8.766917884349822998e-02
8.731586486101150513e-02
8.697144687175750732e-02
8.663503825664520264e-02
8.630594611167907715e-02
8.598353713750839233e-02
8.566728979349136353e-02
8.535648137331008911e-02
8.505079150199890137e-02
8.474980294704437256e-02
8.445318788290023804e-02
8.416061848402023315e-02
8.387189358472824097e-02
8.358675241470336914e-02
8.330513536930084229e-02
8.302678167819976807e-02
8.275176584720611572e-02
8.247982710599899292e-02
8.221099525690078735e-02
8.194522559642791748e-02
8.168250322341918945e-02
8.142279088497161865e-02
8.116611093282699585e-02
8.091242611408233643e-02
8.066173642873764038e-02
8.041404932737350464e-02
8.016935735940933228e-02
7.992767542600631714e-02
7.968886196613311768e-02
7.945317775011062622e-02
7.922025024890899658e-02
7.899025827646255493e-02
7.876319438219070435e-02
7.853890955448150635e-02
7.831732183694839478e-02
7.809857279062271118e-02
7.788241654634475708e-02
7.766890525817871094e-02
7.745787501335144043e-02
7.724913209676742554e-02
7.704273611307144165e-02
7.683840394020080566e-02
7.663599401712417603e-02
7.643529027700424194e-02
7.623605430126190186e-02
7.603799551725387573e-02
7.584097981452941895e-02
7.564454525709152222e-02
7.544860988855361938e-02
7.525280863046646118e-02
7.505708187818527222e-02
7.486124336719512939e-02
7.466531544923782349e-02
7.446952164173126221e-02
7.427399605512619019e-02
7.407899200916290283e-02
7.388489693403244019e-02
7.369198650121688843e-02
7.350064069032669067e-02
7.331109791994094849e-02
7.312352955341339111e-02
7.293830811977386475e-02
7.275534421205520630e-02
7.257488369941711426e-02
7.239695638418197632e-02
7.222153991460800171e-02
7.204882800579071045e-02
7.187860459089279175e-02
7.171100378036499023e-02
7.154595851898193359e-02
7.138341665267944336e-02
7.122332602739334106e-02
7.106560468673706055e-02
7.091015577316284180e-02
7.075696438550949097e-02
7.060578465461730957e-02
7.045669108629226685e-02
7.030950486660003662e-02
7.016413658857345581e-02
7.002042979001998901e-02
6.987832486629486084e-02
6.973767280578613281e-02
6.959826499223709106e-02
6.946019083261489868e-02
6.932317465543746948e-02
6.918714195489883423e-02
6.905196607112884521e-02
6.891747564077377319e-02
6.878369301557540894e-02
6.865049153566360474e-02
6.851767003536224365e-02
6.838530302047729492e-02
6.825324147939682007e-02
6.812147051095962524e-02
6.798986345529556274e-02
6.785844266414642334e-02
6.772721558809280396e-02
6.759610027074813843e-02
6.746508926153182983e-02
6.733424961566925049e-02
6.720358878374099731e-02
6.707300990819931030e-02
6.694260984659194946e-02
6.681242585182189941e-02
6.668239831924438477e-02
6.655260920524597168e-02
6.642311066389083862e-02
6.629373878240585327e-02
6.616471707820892334e-02
6.603594869375228882e-02
6.590742617845535278e-02
6.577926129102706909e-02
6.565131992101669312e-02
6.552370637655258179e-02
6.539641320705413818e-02
6.526937335729598999e-02
6.514266133308410645e-02
6.501618027687072754e-02
6.489001214504241943e-02
6.476405262947082520e-02
6.463838368654251099e-02
6.451291590929031372e-02
6.438765674829483032e-02
6.426266580820083618e-02
6.413782387971878052e-02
6.401319801807403564e-02
6.388878822326660156e-02
6.376452744007110596e-02
6.364047527313232422e-02
6.351662427186965942e-02
6.339302659034729004e-02
6.326973438262939453e-02
6.314661353826522827e-02
6.302388757467269897e-02
6.290151178836822510e-02
6.277961283922195435e-02
6.265823543071746826e-02
6.253746896982192993e-02
6.241733953356742859e-02
6.229802966117858887e-02
6.217953190207481384e-02
6.206201761960983276e-02
6.194540858268737793e-02
6.182995811104774475e-02
6.171566247940063477e-02
6.160261482000350952e-02
6.149087846279144287e-02
6.138040497899055481e-02
6.127138808369636536e-02
6.116382777690887451e-02
6.105773895978927612e-02
6.095311790704727173e-02
6.084996089339256287e-02
6.074832752346992493e-02
6.064823642373085022e-02
6.054966151714324951e-02
6.045256182551383972e-02
6.035699322819709778e-02
6.026287749409675598e-02
6.017022952437400818e-02
6.007905676960945129e-02
5.998925119638442993e-02
5.990089848637580872e-02
5.981383472681045532e-02
5.972816422581672668e-02
5.964381620287895203e-02
5.956073477864265442e-02
5.947889760136604309e-02
5.939833819866180420e-02
5.931896716356277466e-02
5.924078449606895447e-02
5.916371196508407593e-02
5.908782035112380981e-02
5.901302024722099304e-02
5.893925577402114868e-02
5.886658281087875366e-02
5.879487842321395874e-02
5.872420594096183777e-02
5.865456163883209229e-02
5.858584120869636536e-02
5.851800739765167236e-02
5.845113843679428101e-02
5.838519334793090820e-02
5.832006409764289856e-02
5.825579166412353516e-02
5.819236859679222107e-02
5.812972038984298706e-02
5.806785449385643005e-02
5.800680816173553467e-02
5.794641748070716858e-02
5.788677930831909180e-02
5.782787874341011047e-02
5.776968225836753845e-02
5.771206691861152649e-02
5.765513330698013306e-02
5.759881064295768738e-02
5.754308402538299561e-02
5.748790502548217773e-02
5.743329972028732300e-02
5.737921223044395447e-02
5.732563883066177368e-02
5.727252364158630371e-02
5.721988901495933533e-02
5.716770142316818237e-02
5.711591243743896484e-02
5.706452578306198120e-02
5.701347813010215759e-02
5.696281045675277710e-02
5.691242963075637817e-02
5.686232820153236389e-02
5.681255832314491272e-02
5.676300451159477234e-02
5.671367794275283813e-02
5.666451901197433472e-02
5.661563202738761902e-02
5.656685680150985718e-02
5.651821941137313843e-02
5.646974220871925354e-02
5.642134696245193481e-02
5.637303739786148071e-02
5.632475763559341431e-02
5.627656728029251099e-02
5.622841417789459229e-02
5.618026480078697205e-02
5.613215640187263489e-02
5.608393996953964233e-02
5.603580549359321594e-02
5.598758161067962646e-02
5.593930929899215698e-02
5.589101091027259827e-02
5.584259703755378723e-02
5.579412728548049927e-02
5.574557930231094360e-02
5.569696426391601562e-02
5.564822256565093994e-02
5.559939891099929810e-02
5.555047839879989624e-02
5.550142005085945129e-02
5.545233935117721558e-02
5.540310591459274292e-02
5.535375699400901794e-02
5.530431866645812988e-02
5.525482073426246643e-02
5.520524457097053528e-02
5.515557900071144104e-02
5.510583147406578064e-02
5.505600199103355408e-02
5.500614270567893982e-02
5.495622009038925171e-02
5.490627512335777283e-02
5.485626310110092163e-02
5.480625480413436890e-02
5.475623533129692078e-02
5.470624938607215881e-02
5.465621873736381531e-02
5.460623279213905334e-02
5.455623567104339600e-02
5.450634658336639404e-02
5.445647984743118286e-02
5.440668389201164246e-02
5.435686931014060974e-02
5.430725961923599243e-02
5.425764620304107666e-02
5.420815572142601013e-02
5.415873974561691284e-02
5.410945042967796326e-02
5.406027659773826599e-02
5.401117727160453796e-02
5.396224930882453918e-02
5.391340330243110657e-02
5.386465787887573242e-02
5.381606519222259521e-02
5.376764759421348572e-02
5.371929332613945007e-02
5.367104709148406982e-02
5.362297594547271729e-02
5.357499048113822937e-02
5.352721363306045532e-02
5.347945541143417358e-02
5.343187227845191956e-02
5.338433012366294861e-02
5.333697423338890076e-02
5.328972265124320984e-02
5.324255302548408508e-02
5.319552868604660034e-02
5.314860492944717407e-02
5.310174822807312012e-02
5.305501073598861694e-02
5.300836637616157532e-02
5.296175181865692139e-02
5.291526764631271362e-02
5.286886915564537048e-02
5.282255634665489197e-02
5.277629196643829346e-02
5.273012816905975342e-02
5.268395319581031799e-02
5.263791233301162720e-02
5.259187519550323486e-02
5.254593119025230408e-02
5.249999091029167175e-02
5.245409533381462097e-02
5.240830779075622559e-02
5.236247554421424866e-02
5.231669545173645020e-02
5.227095261216163635e-02
5.222523212432861328e-02
5.217952653765678406e-02
5.213386192917823792e-02
5.208820104598999023e-02
5.204254388809204102e-02
5.199689418077468872e-02
5.195125564932823181e-02
5.190561711788177490e-02
5.185996741056442261e-02
5.181434378027915955e-02
5.176870152354240417e-02
5.172300338745117188e-02
5.167731642723083496e-02
5.163159593939781189e-02
5.158587172627449036e-02
5.154009908437728882e-02
5.149431899189949036e-02
5.144846439361572266e-02
5.140257999300956726e-02
5.135664716362953186e-02
5.131066963076591492e-02
5.126462504267692566e-02
5.121855065226554871e-02
5.117233842611312866e-02
5.112612247467041016e-02
5.107974633574485779e-02
5.103335902094841003e-02
5.098686367273330688e-02
5.094024166464805603e-02
5.089351162314414978e-02
5.084668099880218506e-02
5.079973489046096802e-02
5.075266212224960327e-02
5.070545896887779236e-02
5.065813660621643066e-02
5.061064288020133972e-02
5.056303367018699646e-02
5.051526054739952087e-02
5.046734213829040527e-02
5.041929334402084351e-02
5.037106573581695557e-02
5.032266676425933838e-02
5.027408525347709656e-02
5.022540688514709473e-02
5.017653107643127441e-02
5.012749880552291870e-02
5.007829144597053528e-02
5.002896487712860107e-02
4.997946321964263916e-02
4.992982000112533569e-02
4.988002032041549683e-02
4.983008280396461487e-02
4.978001862764358521e-02
4.972982034087181091e-02
4.967949539422988892e-02
4.962908104062080383e-02
4.957850277423858643e-02
4.952784255146980286e-02
4.947711899876594543e-02
4.942624643445014954e-02
4.937535896897315979e-02
4.932431876659393311e-02
4.927325248718261719e-02
4.922210052609443665e-02
4.917090386152267456e-02
4.911968111991882324e-02
4.906835407018661499e-02
4.901701211929321289e-02
4.896564781665802002e-02
4.891420155763626099e-02
4.886279627680778503e-02
4.881133511662483215e-02
4.875988885760307312e-02
4.870842397212982178e-02
4.865696653723716736e-02
4.860550537705421448e-02
4.855407401919364929e-02
4.850259423255920410e-02
4.845116659998893738e-02
4.839975014328956604e-02
4.834838584065437317e-02
4.829699546098709106e-02
4.824566096067428589e-02
4.819436743855476379e-02
4.814314842224121094e-02
4.809194058179855347e-02
4.804076254367828369e-02
4.798964411020278931e-02
4.793855175375938416e-02
4.788755625486373901e-02
4.783657938241958618e-02
4.778565838932991028e-02
4.773480072617530823e-02
4.768400266766548157e-02
4.763330146670341492e-02
4.758264869451522827e-02
4.753204807639122009e-02
4.748152941465377808e-02
4.743104800581932068e-02
4.738066717982292175e-02
4.733035340905189514e-02
4.728011414408683777e-02
4.722995311021804810e-02
4.717987030744552612e-02
4.712980613112449646e-02
4.707987606525421143e-02
4.703000187873840332e-02
4.698022827506065369e-02
4.693050682544708252e-02
4.688088223338127136e-02
4.683137685060501099e-02
4.678189009428024292e-02
4.673248156905174255e-02
4.668320342898368835e-02
4.663399606943130493e-02
4.658488556742668152e-02
4.653580859303474426e-02
4.648686945438385010e-02
4.643800109624862671e-02
4.638921096920967102e-02
4.634049162268638611e-02
4.629187658429145813e-02
4.624338820576667786e-02
4.619495198130607605e-02
4.614659398794174194e-02
4.609835520386695862e-02
4.605018347501754761e-02
4.600214213132858276e-02
4.595420137047767639e-02
4.590634256601333618e-02
4.585855081677436829e-02
4.581092298030853271e-02
4.576339200139045715e-02
4.571592807769775391e-02
4.566857963800430298e-02
4.562138020992279053e-02
4.557421803474426270e-02
4.552727565169334412e-02
4.548037424683570862e-02
4.543364793062210083e-02
4.538699612021446228e-02
4.534052312374114990e-02
4.529412835836410522e-02
4.524790123105049133e-02
4.520177468657493591e-02
4.515580460429191589e-02
4.510999470949172974e-02
4.506433755159378052e-02
4.501876607537269592e-02
4.497342556715011597e-02
4.492819309234619141e-02
4.488313570618629456e-02
4.483824223279953003e-02
4.479349404573440552e-02
4.474892467260360718e-02
4.470451921224594116e-02
4.466032236814498901e-02
4.461626335978507996e-02
4.457239061594009399e-02
4.452870413661003113e-02
4.448520764708518982e-02
4.444189742207527161e-02
4.439875856041908264e-02
4.435581713914871216e-02
4.431306570768356323e-02
4.427051916718482971e-02
4.422816261649131775e-02
4.418597370386123657e-02
4.414403438568115234e-02
4.410227388143539429e-02
4.406063258647918701e-02
4.401928186416625977e-02
4.397806152701377869e-02
4.393707960844039917e-02
4.389624297618865967e-02
4.385561496019363403e-02
4.381520301103591919e-02
4.377496987581253052e-02
4.373492300510406494e-02
4.369501397013664246e-02
4.365533217787742615e-02
4.361583665013313293e-02
4.357650130987167358e-02
4.353733360767364502e-02
4.349832981824874878e-02
4.345950484275817871e-02
4.342083632946014404e-02
4.338233917951583862e-02
4.334405809640884399e-02
4.330584779381752014e-02
4.326776415109634399e-02
4.322990402579307556e-02
4.319216683506965637e-02
4.315460845828056335e-02
4.311715811491012573e-02
4.307983443140983582e-02
4.304262995719909668e-02
4.300559312105178833e-02
4.296867921948432922e-02
4.293183609843254089e-02
4.289520531892776489e-02
4.285863414406776428e-02
4.282215237617492676e-02
4.278577491641044617e-02
4.274945706129074097e-02
4.271328449249267578e-02
4.267712682485580444e-02
4.264107346534729004e-02
4.260504618287086487e-02
4.256905242800712585e-02
4.253314808011054993e-02
4.249718785285949707e-02
4.246127232909202576e-02
4.242533817887306213e-02
4.238940775394439697e-02
4.235342890024185181e-02
4.231742769479751587e-02
4.228134825825691223e-02
4.224523901939392090e-02
4.220900312066078186e-02
4.217272624373435974e-02
4.213635250926017761e-02
4.209989309310913086e-02
4.206331819295883179e-02
4.202660918235778809e-02
4.198982194066047668e-02
4.195296764373779297e-02
4.191596060991287231e-02
4.187890514731407166e-02
4.184177890419960022e-02
4.180445149540901184e-02
4.176714643836021423e-02
4.172974452376365662e-02
4.169228672981262207e-02
4.165471345186233521e-02
4.161712899804115295e-02
4.157951474189758301e-02
4.154182597994804382e-02
4.150411859154701233e-02
4.146643728017807007e-02
4.142873734235763550e-02
4.139100760221481323e-02
4.135330766439437866e-02
4.131561517715454102e-02
4.127795249223709106e-02
4.124033451080322266e-02
4.120273888111114502e-02
4.116522148251533508e-02
4.112774878740310669e-02
4.109033569693565369e-02
4.105299711227416992e-02
4.101569578051567078e-02
4.097848758101463318e-02
4.094137251377105713e-02
4.090434312820434570e-02
4.086738079786300659e-02
4.083056747913360596e-02
4.079381376504898071e-02
4.075713455677032471e-02
4.072058945894241333e-02
4.068413376808166504e-02
4.064778238534927368e-02
4.061152786016464233e-02
4.057541489601135254e-02
4.053938016295433044e-02
4.050346091389656067e-02
4.046764969825744629e-02
4.043191298842430115e-02
4.039629176259040833e-02
4.036080092191696167e-02
4.032536223530769348e-02
4.029004648327827454e-02
4.025483503937721252e-02
4.021972790360450745e-02
4.018468037247657776e-02
4.014974832534790039e-02
4.011491313576698303e-02
4.008011892437934875e-02
4.004541039466857910e-02
4.001085460186004639e-02
3.997632861137390137e-02
3.994187340140342712e-02
3.990745544433593750e-02
3.987312316894531250e-02
3.983889520168304443e-02
3.980468958616256714e-02
3.977052867412567139e-02
3.973645716905593872e-02
3.970240429043769836e-02
3.966840356588363647e-02
3.963442891836166382e-02
3.960049897432327271e-02
3.956659510731697083e-02
3.953276202082633972e-02
3.949893638491630554e-02
3.946509584784507751e-02
3.943131119012832642e-02
3.939750790596008301e-02
3.936376795172691345e-02
3.932997956871986389e-02
3.929621726274490356e-02
3.926246613264083862e-02
3.922872245311737061e-02
3.919496014714241028e-02
3.916117921471595764e-02
3.912738338112831116e-02
3.909360989928245544e-02
3.905978798866271973e-02
3.902597725391387939e-02
3.899211809039115906e-02
3.895821422338485718e-02
3.892435878515243530e-02
3.889041393995285034e-02
3.885646909475326538e-02
3.882248327136039734e-02
3.878842294216156006e-02
3.875438123941421509e-02
3.872029110789299011e-02
3.868616372346878052e-02
3.865202143788337708e-02
3.861783817410469055e-02
3.858361765742301941e-02
3.854933381080627441e-02
3.851506859064102173e-02
3.848072513937950134e-02
3.844638541340827942e-02
3.841199725866317749e-02
3.837757930159568787e-02
3.834315016865730286e-02
3.830869495868682861e-02
3.827422112226486206e-02
3.823973610997200012e-02
3.820525109767913818e-02
3.817072510719299316e-02
3.813621401786804199e-02
3.810170292854309082e-02
3.806721046566963196e-02
3.803272172808647156e-02
3.799821063876152039e-02
3.796374052762985229e-02
3.792933747172355652e-02
3.789491578936576843e-02
3.786059096455574036e-02
3.782627731561660767e-02
3.779201582074165344e-02
3.775784000754356384e-02
3.772372379899024963e-02
3.768962621688842773e-02
3.765564784407615662e-02
3.762176260352134705e-02
3.758793324232101440e-02
3.755426034331321716e-02
3.752064332365989685e-02
3.748714551329612732e-02
3.745376691222190857e-02
3.742051497101783752e-02
3.738738968968391418e-02
3.735443577170372009e-02
3.732155263423919678e-02
3.728881105780601501e-02
3.725624457001686096e-02
3.722380846738815308e-02
3.719149529933929443e-02
3.715937212109565735e-02
3.712734952569007874e-02
3.709550201892852783e-02
3.706377744674682617e-02
3.703221306204795837e-02
3.700076788663864136e-02
3.696946054697036743e-02
3.693830594420433044e-02
3.690724819898605347e-02
3.687633946537971497e-02
3.684556856751441956e-02
3.681489825248718262e-02
3.678433597087860107e-02
3.675384819507598877e-02
3.672349452972412109e-02
3.669317811727523804e-02
3.666298091411590576e-02
3.663283213973045349e-02
3.660275787115097046e-02
3.657269105315208435e-02
3.654270619153976440e-02
3.651274368166923523e-02
3.648282960057258606e-02
3.645285964012145996e-02
3.642291575670242310e-02
3.639295697212219238e-02
3.636301308870315552e-02
3.633301332592964172e-02
3.630300983786582947e-02
3.627292439341545105e-02
3.624280542135238647e-02
3.621258214116096497e-02
3.618228062987327576e-02
3.615191206336021423e-02
3.612143173813819885e-02
3.609083965420722961e-02
3.606014326214790344e-02
3.602932766079902649e-02
3.599840030074119568e-02
3.596733883023262024e-02
3.593614324927330017e-02
3.590483590960502625e-02
3.587337583303451538e-02
3.584178164601325989e-02
3.581004217267036438e-02
3.577816858887672424e-02
3.574615344405174255e-02
3.571398556232452393e-02
3.568168357014656067e-02
3.564924374222755432e-02
3.561667352914810181e-02
3.558395802974700928e-02
3.555117174983024597e-02
3.551826626062393188e-02
3.548524156212806702e-02
3.545210137963294983e-02
3.541885688900947571e-02
3.538551181554794312e-02
3.535207733511924744e-02
3.531851992011070251e-02
3.528490662574768066e-02
3.525123745203018188e-02
3.521748259663581848e-02
3.518364578485488892e-02
3.514975681900978088e-02
3.511580079793930054e-02
3.508180007338523865e-02
3.504776209592819214e-02
3.501365706324577332e-02
3.497954085469245911e-02
3.494540229439735413e-02
3.491124510765075684e-02
3.487709164619445801e-02
3.484290465712547302e-02
3.480869531631469727e-02
3.477448970079421997e-02
3.474034368991851807e-02
3.470611199736595154e-02
3.467195853590965271e-02
3.463777154684066772e-02
3.460365533828735352e-02
3.456955403089523315e-02
3.453541919589042664e-02
3.450139611959457397e-02
3.446736559271812439e-02
3.443336114287376404e-02
3.439941629767417908e-02
3.436547517776489258e-02
3.433161601424217224e-02
3.429777920246124268e-02
3.426398709416389465e-02
3.423023968935012817e-02
3.419654816389083862e-02
3.416287899017333984e-02
3.412927314639091492e-02
3.409572318196296692e-02
3.406219556927680969e-02
3.402871638536453247e-02
3.399530798196792603e-02
3.396195173263549805e-02
3.392863273620605469e-02
3.389534726738929749e-02
3.386211022734642029e-02
3.382890671491622925e-02
3.379574790596961975e-02
3.376263752579689026e-02
3.372954204678535461e-02
3.369649499654769897e-02
3.366350755095481873e-02
3.363056108355522156e-02
3.359762206673622131e-02
3.356470167636871338e-02
3.353186324238777161e-02
3.349902108311653137e-02
3.346620500087738037e-02
3.343341872096061707e-02
3.340065851807594299e-02
3.336793929338455200e-02
3.333516418933868408e-02
3.330245614051818848e-02
3.326974809169769287e-02
3.323708102107048035e-02
3.320442885160446167e-02
3.317171335220336914e-02
3.313906118273735046e-02
3.310638666152954102e-02
3.307373449206352234e-02
3.304104506969451904e-02
3.300835192203521729e-02
3.297567740082740784e-02
3.294298052787780762e-02
3.291029483079910278e-02
3.287751600146293640e-02
3.284479677677154541e-02
3.281202167272567749e-02
3.277923539280891418e-02
3.274641558527946472e-02
3.271353617310523987e-02
3.268064931035041809e-02
3.264774009585380554e-02
3.261474519968032837e-02
3.258175030350685120e-02
3.254872560501098633e-02
3.251563012599945068e-02
3.248251974582672119e-02
3.244933113455772400e-02
3.241609781980514526e-02
3.238280862569808960e-02
3.234951943159103394e-02
3.231612592935562134e-02
3.228266164660453796e-02
3.224919363856315613e-02
3.221563249826431274e-02
3.218201175332069397e-02
3.214834257960319519e-02
3.211453557014465332e-02
3.208075091242790222e-02
3.204686567187309265e-02
3.201290592551231384e-02
3.197889775037765503e-02
3.194483742117881775e-02
3.191068023443222046e-02
3.187647461891174316e-02
3.184218332171440125e-02
3.180781006813049316e-02
3.177336975932121277e-02
3.173889592289924622e-02
3.170431777834892273e-02
3.166965767741203308e-02
3.163496032357215881e-02
3.160018101334571838e-02
3.156534582376480103e-02
3.153040632605552673e-02
3.149542957544326782e-02
3.146036714315414429e-02
3.142523020505905151e-02
3.139007091522216797e-02
3.135479241609573364e-02
3.131942823529243469e-02
3.128405287861824036e-02
3.124856576323509216e-02
3.121301531791687012e-02
3.117738664150238037e-02
3.114170767366886139e-02
3.110597282648086548e-02
3.107014298439025879e-02
3.103425726294517517e-02
3.099831938743591309e-02
3.096230514347553253e-02
3.092615492641925812e-02
3.089004382491111755e-02
3.085379302501678467e-02
3.081749007105827332e-02
3.078113310039043427e-02
3.074465878307819366e-02
3.070818819105625153e-02
3.067160584032535553e-02
3.063492476940155029e-02
3.059823811054229736e-02
3.056143224239349365e-02
3.052451461553573608e-02
3.048757091164588928e-02
3.045055083930492401e-02
3.041345253586769104e-02
3.037626855075359344e-02
3.033901751041412354e-02
3.030165471136569977e-02
3.026424348354339600e-02
3.022676706314086914e-02
3.018918633460998535e-02
3.015150129795074463e-02
3.011376224458217621e-02
3.007595427334308624e-02
3.003808483481407166e-02
3.000013902783393860e-02
2.996201813220977783e-02
2.992393262684345245e-02
2.988567389547824860e-02
2.984742075204849243e-02
2.980900928378105164e-02
2.977053634822368622e-02
2.973201125860214233e-02
2.969339489936828613e-02
2.965465374290943146e-02
2.961584180593490601e-02
2.957701124250888824e-02
2.953805774450302124e-02
2.949902787804603577e-02
2.945984713733196259e-02
2.942067012190818787e-02
2.938139438629150391e-02
2.934202179312705994e-02
2.930253744125366211e-02
2.926295064389705658e-02
2.922332286834716797e-02
2.918361686170101166e-02
2.914381213486194611e-02
2.910390868782997131e-02
2.906398475170135498e-02
2.902393043041229248e-02
2.898376807570457458e-02
2.894357591867446899e-02
