2.032800018787384033e-01
2.523800134658813477e-01
2.700600028038024902e-01
2.793799936771392822e-01
2.851999998092651367e-01
2.899999916553497314e-01
2.922799885272979736e-01
2.935000061988830566e-01
2.963399887084960938e-01
2.965599894523620605e-01
3.009400069713592529e-01
3.018600046634674072e-01
3.024199903011322021e-01
3.034400045871734619e-01
3.065800070762634277e-01
3.116999864578247070e-01
3.091799914836883545e-01
3.077999949455261230e-01
3.075799942016601562e-01
3.106000125408172607e-01
3.122600018978118896e-01
3.139199912548065186e-01
3.182199895381927490e-01
3.158200085163116455e-01
3.147799968719482422e-01
3.160200119018554688e-01
3.167999982833862305e-01
3.207800090312957764e-01
3.233000040054321289e-01
3.210200071334838867e-01
3.231599926948547363e-01
3.200600147247314453e-01
3.212999999523162842e-01
3.250800073146820068e-01
3.228600025177001953e-01
3.239800035953521729e-01
3.254800140857696533e-01
3.240799903869628906e-01
3.233000040054321289e-01
3.284200131893157959e-01
3.279800117015838623e-01
3.298999965190887451e-01
3.285000026226043701e-01
3.309000134468078613e-01
3.292399942874908447e-01
3.312599956989288330e-01
3.335199952125549316e-01
3.370999991893768311e-01
3.329200148582458496e-01
3.370000123977661133e-01
3.346599936485290527e-01
3.331800103187561035e-01
3.391399979591369629e-01
3.377400040626525879e-01
3.370000123977661133e-01
3.380599915981292725e-01
3.393200039863586426e-01
3.375000059604644775e-01
3.428399860858917236e-01
3.382200002670288086e-01
3.419399857521057129e-01
3.429200053215026855e-01
3.455800116062164307e-01
3.416599929332733154e-01
3.460800051689147949e-01
3.408600091934204102e-01
3.475799858570098877e-01
3.480600118637084961e-01
3.457599878311157227e-01
3.470799922943115234e-01
3.501800000667572021e-01
3.475199937820434570e-01
3.482800126075744629e-01
3.491599857807159424e-01
3.506799936294555664e-01
3.492999970912933350e-01
3.492000102996826172e-01
3.487800061702728271e-01
3.507600128650665283e-01
3.483600020408630371e-01
3.491800129413604736e-01
3.541199862957000732e-01
3.497200012207031250e-01
3.515200018882751465e-01
3.510600030422210693e-01
3.546000123023986816e-01
3.556999862194061279e-01
3.517400026321411133e-01
3.501800000667572021e-01
3.513399958610534668e-01
3.529399931430816650e-01
3.525399863719940186e-01
3.529599905014038086e-01
3.565799891948699951e-01
3.563599884510040283e-01
3.556999862194061279e-01
3.556199967861175537e-01
3.562200069427490234e-01
3.553400039672851562e-01
3.532400131225585938e-01
3.544000089168548584e-01
3.546400070190429688e-01
3.564999997615814209e-01
3.517799973487854004e-01
3.564999997615814209e-01
3.553999960422515869e-01
3.570199906826019287e-01
3.574199974536895752e-01
3.549599945545196533e-01
3.578400015830993652e-01
3.585399985313415527e-01
3.557800054550170898e-01
3.614000082015991211e-01
3.574799895286560059e-01
3.584400117397308350e-01
3.597399890422821045e-01
3.598800003528594971e-01
3.595600128173828125e-01
3.624599874019622803e-01
3.605000078678131104e-01
3.612000048160552979e-01
3.619799911975860596e-01
3.643400073051452637e-01
3.623999953269958496e-01
3.608199954032897949e-01
3.624399900436401367e-01
3.602400124073028564e-01
3.632000088691711426e-01
3.603799939155578613e-01
3.611400127410888672e-01
3.589800000190734863e-01
3.623400032520294189e-01
3.627600073814392090e-01
3.637599945068359375e-01
3.630200028419494629e-01
3.609400093555450439e-01
3.610000014305114746e-01
3.640600144863128662e-01
3.658800125122070312e-01
3.660599887371063232e-01
3.618800044059753418e-01
3.639799952507019043e-01
3.642199933528900146e-01
3.670800030231475830e-01
3.658399879932403564e-01
3.671399950981140137e-01
3.659400045871734619e-01
3.641799986362457275e-01
3.675599992275238037e-01
3.632200062274932861e-01
3.656400144100189209e-01
3.643400073051452637e-01
3.655599951744079590e-01
3.661200106143951416e-01
3.683800101280212402e-01
3.666599988937377930e-01
3.691200017929077148e-01
3.682000041007995605e-01
3.678399920463562012e-01
3.644199967384338379e-01
3.650200068950653076e-01
3.662199974060058594e-01
3.661800026893615723e-01
3.666799962520599365e-01
3.662999868392944336e-01
3.659799993038177490e-01
3.638800084590911865e-01
3.646399974822998047e-01
3.672800064086914062e-01
3.662799894809722900e-01
3.675599992275238037e-01
3.679000139236450195e-01
3.663200139999389648e-01
3.664999902248382568e-01
3.675799965858459473e-01
3.674399852752685547e-01
3.704200088977813721e-01
3.697800040245056152e-01
3.707199990749359131e-01
3.689999878406524658e-01
3.662799894809722900e-01
3.656400144100189209e-01
3.689000010490417480e-01
3.712599873542785645e-01
3.698000013828277588e-01
3.663400113582611084e-01
3.671799898147583008e-01
3.720999956130981445e-01
3.698000013828277588e-01
3.689999878406524658e-01
3.692399859428405762e-01
3.704999983310699463e-01
3.717199862003326416e-01
3.680599927902221680e-01
3.715600073337554932e-01
3.709999918937683105e-01
3.710199892520904541e-01
3.698199987411499023e-01
3.702200055122375488e-01
3.711600005626678467e-01
3.718400001525878906e-01
3.707599937915802002e-01
3.704200088977813721e-01
3.735199868679046631e-01
3.732599914073944092e-01
3.711000084877014160e-01
3.728399872779846191e-01
3.734399974346160889e-01
3.724200129508972168e-01
3.742400109767913818e-01
3.714799880981445312e-01
3.740200102329254150e-01
3.729799985885620117e-01
3.727599978446960449e-01
3.721599876880645752e-01
3.738000094890594482e-01
3.711600005626678467e-01
3.736999928951263428e-01
3.767400085926055908e-01
3.752399981021881104e-01
3.709200024604797363e-01
3.742600083351135254e-01
3.732599914073944092e-01
3.719199895858764648e-01
3.731200098991394043e-01
3.760200142860412598e-01
3.757199943065643311e-01
3.750799894332885742e-01
3.727799952030181885e-01
3.726400136947631836e-01
3.726400136947631836e-01
3.748599886894226074e-01
3.774600028991699219e-01
3.769400119781494141e-01
3.791399896144866943e-01
3.736000061035156250e-01
3.729600012302398682e-01
3.750399947166442871e-01
3.768199980258941650e-01
3.744400143623352051e-01
3.736000061035156250e-01
3.777399957180023193e-01
3.733400106430053711e-01
3.738999962806701660e-01
3.756799995899200439e-01
3.727200031280517578e-01
3.752000033855438232e-01
3.754400014877319336e-01
3.792600035667419434e-01
3.752799928188323975e-01
3.761999905109405518e-01
3.781000077724456787e-01
3.767400085926055908e-01
3.756600022315979004e-01
3.776000142097473145e-01
3.792000114917755127e-01
3.763999938964843750e-01
3.773599863052368164e-01
3.783999979496002197e-01
3.796600103378295898e-01
3.759000003337860107e-01
3.731600046157836914e-01
3.749400079250335693e-01
3.763799965381622314e-01
3.765999972820281982e-01
3.773800134658813477e-01
3.783600032329559326e-01
3.787600100040435791e-01
3.774999976158142090e-01
3.797799944877624512e-01
3.738999962806701660e-01
3.806599974632263184e-01
3.784399926662445068e-01
3.788000047206878662e-01
3.785800039768218994e-01
3.813000023365020752e-01
3.808200061321258545e-01
3.772400021553039551e-01
3.794600069522857666e-01
3.775799870491027832e-01
3.762399852275848389e-01
3.792800009250640869e-01
3.794000148773193359e-01
3.765799999237060547e-01
3.831200003623962402e-01
3.794400095939636230e-01
3.780399858951568604e-01
3.790799975395202637e-01
3.810600042343139648e-01
3.756000101566314697e-01
3.814600110054016113e-01
3.761799931526184082e-01
3.788200020790100098e-01
3.728399872779846191e-01
3.806599974632263184e-01
3.807600140571594238e-01
3.804199993610382080e-01
3.800800144672393799e-01
3.812800049781799316e-01
3.804199993610382080e-01
3.785800039768218994e-01
3.806400001049041748e-01
3.808600008487701416e-01
3.775199949741363525e-01
3.790799975395202637e-01
3.768399953842163086e-01
3.832199871540069580e-01
3.799400031566619873e-01
3.818799853324890137e-01
3.786000013351440430e-01
3.822599947452545166e-01
3.837600052356719971e-01
3.819000124931335449e-01
3.839600086212158203e-01
3.840000033378601074e-01
3.793599903583526611e-01
3.816600143909454346e-01
3.781999945640563965e-01
3.800399899482727051e-01
3.812400102615356445e-01
3.829799890518188477e-01
3.792800009250640869e-01
3.799400031566619873e-01
3.821400105953216553e-01
3.822000026702880859e-01
3.781400024890899658e-01
3.828200101852416992e-01
3.811799883842468262e-01
3.817999958992004395e-01
3.850199878215789795e-01
3.799799978733062744e-01
3.812400102615356445e-01
3.828200101852416992e-01
3.845799863338470459e-01
3.814600110054016113e-01
3.809199929237365723e-01
3.833200037479400635e-01
3.823800086975097656e-01
3.831799924373626709e-01
3.821200132369995117e-01
3.832600116729736328e-01
3.787199854850769043e-01
3.830600082874298096e-01
3.813000023365020752e-01
3.818199932575225830e-01
3.830600082874298096e-01
3.828600049018859863e-01
3.788999915122985840e-01
3.838399946689605713e-01
3.832199871540069580e-01
3.832199871540069580e-01
3.802799880504608154e-01
3.804000020027160645e-01
3.831799924373626709e-01
3.856199979782104492e-01
3.835400044918060303e-01
3.866600096225738525e-01
3.810800015926361084e-01
3.855000138282775879e-01
3.814199864864349365e-01
3.816399872303009033e-01
3.830400109291076660e-01
3.829799890518188477e-01
3.865799903869628906e-01
3.869599997997283936e-01
3.817799985408782959e-01
3.835799992084503174e-01
3.851999938488006592e-01
3.813999891281127930e-01
3.837800025939941406e-01
3.818799853324890137e-01
3.835999965667724609e-01
3.818399906158447266e-01
3.892000019550323486e-01
3.834800124168395996e-01
3.848400115966796875e-01
3.854399919509887695e-01
3.811999857425689697e-01
3.822200000286102295e-01
3.833999931812286377e-01
3.860999941825866699e-01
3.835400044918060303e-01
3.855600059032440186e-01
3.853200078010559082e-01
3.870199918746948242e-01
3.829799890518188477e-01
3.819200098514556885e-01
3.846800029277801514e-01
3.851200044155120850e-01
3.843599855899810791e-01
3.827599883079528809e-01
3.823600113391876221e-01
3.831399977207183838e-01
3.816399872303009033e-01
3.842999935150146484e-01
3.857800066471099854e-01
3.837800025939941406e-01
3.862200081348419189e-01
3.809599876403808594e-01
3.850399851799011230e-01
3.835999965667724609e-01
3.836599886417388916e-01
3.857600092887878418e-01
3.862400054931640625e-01
3.844400048255920410e-01
3.869400024414062500e-01
3.873800039291381836e-01
3.841600120067596436e-01
3.847000002861022949e-01
3.868800103664398193e-01
3.835799992084503174e-01
3.850199878215789795e-01
3.843800127506256104e-01
3.862200081348419189e-01
3.827599883079528809e-01
3.870800137519836426e-01
3.883000016212463379e-01
3.876200020313262939e-01
3.834199905395507812e-01
3.859199881553649902e-01
3.882400095462799072e-01
3.858599960803985596e-01
3.882000148296356201e-01
3.884600102901458740e-01
3.858200013637542725e-01
3.871800005435943604e-01
3.880999982357025146e-01
3.890999853610992432e-01
3.885799944400787354e-01
3.867799937725067139e-01
3.832800090312957764e-01
3.891800045967102051e-01
3.861399888992309570e-01
3.872399926185607910e-01
3.873200118541717529e-01
3.873800039291381836e-01
3.859600126743316650e-01
3.897800147533416748e-01
3.877399861812591553e-01
3.864800035953521729e-01
3.867999911308288574e-01
3.873000144958496094e-01
3.890999853610992432e-01
3.898999989032745361e-01
3.862000107765197754e-01
3.884600102901458740e-01
3.900800049304962158e-01
3.868600130081176758e-01
3.884199857711791992e-01
3.849399983882904053e-01
3.851000070571899414e-01
3.856399953365325928e-01
3.874000012874603271e-01
3.874999880790710449e-01
3.875199854373931885e-01
3.865599930286407471e-01
3.872799873352050781e-01
3.885799944400787354e-01
3.840999901294708252e-01
3.858200013637542725e-01
3.860999941825866699e-01
3.880000114440917969e-01
3.871999979019165039e-01
3.821800053119659424e-01
3.890799880027770996e-01
3.889999985694885254e-01
3.867000043392181396e-01
3.891400098800659180e-01
3.869599997997283936e-01
3.908599913120269775e-01
3.884600102901458740e-01
3.885999917984008789e-01
3.896000087261199951e-01
3.859800100326538086e-01
3.875800073146820068e-01
3.867000043392181396e-01
3.877800107002258301e-01
3.879199922084808350e-01
3.883799910545349121e-01
3.887400031089782715e-01
3.886800110340118408e-01
3.878000080585479736e-01
3.868399858474731445e-01
3.859800100326538086e-01
3.892399966716766357e-01
3.901999890804290771e-01
3.883799910545349121e-01
3.893800079822540283e-01
3.872399926185607910e-01
3.885799944400787354e-01
3.870800137519836426e-01
3.896000087261199951e-01
3.895199894905090332e-01
3.882800042629241943e-01
3.898400068283081055e-01
3.894400000572204590e-01
3.889800012111663818e-01
3.866600096225738525e-01
3.903000056743621826e-01
3.869200050830841064e-01
