1.934987753629684448e-01
1.930957436561584473e-01
1.926979124546051025e-01
1.923070549964904785e-01
1.919196844100952148e-01
1.915318369865417480e-01
1.911396086215972900e-01
1.907387077808380127e-01
1.903240382671356201e-01
1.898903697729110718e-01
1.894315630197525024e-01
1.889411658048629761e-01
1.884118467569351196e-01
1.878363490104675293e-01
1.872075200080871582e-01
1.865191161632537842e-01
1.857668012380599976e-01
1.849495470523834229e-01
1.840707361698150635e-01
1.831394731998443604e-01
1.821699440479278564e-01
1.811809092760086060e-01
1.801925152540206909e-01
1.792230904102325439e-01
1.782860606908798218e-01
1.773874461650848389e-01
1.765271127223968506e-01
1.756987124681472778e-01
1.748917847871780396e-01
1.740921437740325928e-01
1.732815504074096680e-01
1.724349707365036011e-01
1.715186238288879395e-01
1.704891920089721680e-01
1.692993938922882080e-01
1.679105013608932495e-01
1.663064211606979370e-01
1.645009219646453857e-01
1.625337898731231689e-01
1.604584902524948120e-01
1.583294272422790527e-01
1.561924517154693604e-01
1.540800184011459351e-01
1.520108133554458618e-01
1.499912142753601074e-01
1.480185389518737793e-01
1.460836529731750488e-01
1.441732496023178101e-01
1.422718465328216553e-01
1.403631418943405151e-01
1.384310871362686157e-01
1.364613771438598633e-01
1.344422996044158936e-01
1.323661804199218750e-01
1.302304565906524658e-01
1.280390322208404541e-01
1.258030682802200317e-01
1.235409006476402283e-01
1.212762221693992615e-01
1.190348416566848755e-01
1.168420240283012390e-01
1.147198528051376343e-01
1.126865893602371216e-01
1.107560098171234131e-01
1.089375168085098267e-01
1.072364971041679382e-01
1.056545302271842957e-01
1.041894480586051941e-01
1.028364896774291992e-01
1.015883088111877441e-01
1.004363000392913818e-01
9.937113523483276367e-02
9.838345646858215332e-02
9.746432304382324219e-02
9.660540521144866943e-02
9.579920768737792969e-02
9.503910690546035767e-02
9.431947022676467896e-02
9.363532066345214844e-02
9.298256039619445801e-02
9.235788881778717041e-02
9.175828099250793457e-02
9.118147939443588257e-02
9.062530845403671265e-02
9.008791297674179077e-02
8.956757932901382446e-02
8.906288444995880127e-02
8.857242763042449951e-02
8.809527754783630371e-02
8.763039112091064453e-02
8.717704564332962036e-02
8.673464506864547729e-02
8.630251884460449219e-02
8.588025718927383423e-02
8.546746522188186646e-02
8.506374806165695190e-02
8.466882258653640747e-02
8.428245782852172852e-02
8.390439301729202271e-02
8.353450894355773926e-02
8.317249268293380737e-02
8.281832933425903320e-02
8.247178047895431519e-02
8.213276416063308716e-02
8.180113881826400757e-02
8.147672563791275024e-02
8.115944266319274902e-02
8.084911108016967773e-02
8.054556697607040405e-02
8.024869859218597412e-02
7.995826750993728638e-02
7.967405766248703003e-02
7.939591258764266968e-02
7.912360876798629761e-02
7.885688543319702148e-02
7.859545201063156128e-02
7.833914458751678467e-02
7.808769494295120239e-02
7.784084230661392212e-02
7.759828120470046997e-02
7.735984772443771362e-02
7.712529599666595459e-02
7.689431309700012207e-02
7.666685432195663452e-02
7.644264400005340576e-02
7.622159272432327271e-02
7.600356638431549072e-02
7.578847557306289673e-02
7.557621598243713379e-02
7.536685466766357422e-02
7.516032457351684570e-02
7.495661824941635132e-02
7.475581020116806030e-02
7.455787807703018188e-02
7.436294108629226685e-02
7.417099922895431519e-02
7.398211956024169922e-02
7.379639148712158203e-02
7.361378520727157593e-02
7.343448698520660400e-02
7.325841486454010010e-02
7.308584451675415039e-02
7.291664928197860718e-02
7.275102287530899048e-02
7.258892804384231567e-02
7.243053615093231201e-02
7.227585464715957642e-02
7.212492078542709351e-02
7.197776436805725098e-02
7.183444499969482422e-02
7.169499248266220093e-02
7.155938446521759033e-02
7.142771780490875244e-02
7.129989564418792725e-02
7.117600739002227783e-02
7.105600088834762573e-02
7.093989104032516479e-02
7.082771509885787964e-02
7.071942836046218872e-02
7.061503827571868896e-02
7.051452249288558960e-02
7.041791081428527832e-02
7.032521069049835205e-02
7.023634761571884155e-02
7.015137374401092529e-02
7.007025927305221558e-02
6.999294459819793701e-02
6.991944462060928345e-02
6.984971463680267334e-02
6.978369504213333130e-02
6.972140818834304810e-02
6.966271996498107910e-02
6.960768252611160278e-02
6.955618411302566528e-02
6.950815021991729736e-02
6.946352869272232056e-02
6.942230463027954102e-02
6.938435882329940796e-02
6.934968382120132446e-02
6.931818276643753052e-02
6.928978115320205688e-02
6.926443427801132202e-02
6.924204528331756592e-02
6.922256201505661011e-02
6.920585036277770996e-02
6.919188052415847778e-02
6.918057054281234741e-02
6.917175650596618652e-02
6.916546076536178589e-02
6.916148960590362549e-02
6.915978342294692993e-02
6.916034221649169922e-02
6.916289776563644409e-02
6.916748732328414917e-02
6.917399168014526367e-02
6.918223947286605835e-02
6.919223815202713013e-02
6.920385360717773438e-02
6.921704858541488647e-02
6.923168152570724487e-02
6.924770772457122803e-02
6.926499307155609131e-02
6.928350776433944702e-02
6.930321455001831055e-02
6.932400912046432495e-02
6.934580206871032715e-02
6.936853379011154175e-02
6.939215958118438721e-02
6.941662728786468506e-02
6.944185495376586914e-02
6.946776062250137329e-02
6.949429214000701904e-02
6.952141225337982178e-02
6.954902410507202148e-02
6.957706809043884277e-02
6.960540264844894409e-02
6.963402032852172852e-02
6.966283172369003296e-02
6.969171017408370972e-02
6.972059607505798340e-02
6.974937766790390015e-02
6.977798044681549072e-02
6.980620324611663818e-02
6.983402371406555176e-02
6.986124068498611450e-02
6.988781690597534180e-02
6.991364806890487671e-02
6.993848830461502075e-02
6.996236741542816162e-02
6.998507678508758545e-02
7.000654935836791992e-02
7.002671808004379272e-02
7.004544883966445923e-02
7.006259262561798096e-02
7.007816433906555176e-02
7.009203732013702393e-02
7.010419666767120361e-02
7.011457532644271851e-02
7.012311369180679321e-02
7.012982666492462158e-02
7.013463228940963745e-02
7.013758271932601929e-02
7.013861835002899170e-02
7.013776153326034546e-02
7.013506442308425903e-02
7.013047486543655396e-02
7.012407481670379639e-02
7.011587172746658325e-02
7.010591030120849609e-02
7.009424269199371338e-02
7.008087635040283203e-02
7.006593793630599976e-02
7.004935294389724731e-02
7.003127038478851318e-02
7.001172006130218506e-02
6.999075412750244141e-02
6.996838003396987915e-02
6.994468718767166138e-02
6.991973519325256348e-02
6.989358365535736084e-02
6.986625492572784424e-02
6.983779370784759521e-02
6.980825215578079224e-02
6.977768987417221069e-02
6.974615156650543213e-02
6.971367448568344116e-02
6.968023627996444702e-02
6.964597851037979126e-02
6.961092352867126465e-02
6.957508623600006104e-02
6.953842192888259888e-02
6.950107961893081665e-02
6.946299225091934204e-02
6.942424178123474121e-02
6.938482075929641724e-02
6.934472918510437012e-02
6.930402666330337524e-02
6.926270574331283569e-02
6.922078132629394531e-02
6.917827576398849487e-02
6.913514435291290283e-02
6.909150630235671997e-02
6.904724985361099243e-02
6.900246441364288330e-02
6.895709782838821411e-02
6.891115009784698486e-02
6.886463612318038940e-02
6.881757825613021851e-02
6.876995414495468140e-02
6.872177869081497192e-02
6.867302209138870239e-02
6.862368434667587280e-02
6.857380270957946777e-02
6.852339208126068115e-02
6.847234815359115601e-02
6.842076033353805542e-02
6.836859136819839478e-02
6.831587851047515869e-02
6.826256960630416870e-02
6.820870935916900635e-02
6.815426051616668701e-02
6.809926033020019531e-02
6.804373860359191895e-02
6.798760592937469482e-02
6.793098151683807373e-02
6.787381321191787720e-02
6.781611591577529907e-02
6.775791198015213013e-02
6.769923120737075806e-02
6.764005124568939209e-02
6.758040189743041992e-02
6.752029806375503540e-02
6.745975464582443237e-02
6.739879399538040161e-02
6.733744591474533081e-02
6.727571785449981689e-02
6.721365451812744141e-02
6.715123355388641357e-02
6.708849221467971802e-02
6.702549755573272705e-02
6.696221232414245605e-02
6.689870357513427734e-02
6.683495640754699707e-02
6.677100807428359985e-02
6.670692563056945801e-02
6.664274632930755615e-02
6.657835841178894043e-02
6.651395559310913086e-02
6.644952297210693359e-02
6.638500839471817017e-02
6.632054597139358521e-02
6.625604629516601562e-02
6.619165837764739990e-02
6.612732261419296265e-02
6.606314331293106079e-02
6.599906831979751587e-02
6.593514233827590942e-02
6.587145477533340454e-02
6.580802798271179199e-02
6.574483960866928101e-02
6.568194180727005005e-02
6.561940163373947144e-02
6.555716693401336670e-02
6.549535691738128662e-02
6.543402373790740967e-02
6.537310779094696045e-02
6.531264632940292358e-02
6.525269895792007446e-02
6.519328802824020386e-02
6.513448059558868408e-02
6.507627665996551514e-02
6.501866132020950317e-02
6.496168673038482666e-02
6.490538269281387329e-02
6.484976410865783691e-02
6.479483842849731445e-02
6.474064290523529053e-02
6.468714028596878052e-02
6.463440507650375366e-02
6.458239257335662842e-02
6.453114002943038940e-02
6.448069214820861816e-02
6.443098932504653931e-02
6.438206136226654053e-02
6.433387845754623413e-02
6.428649276494979858e-02
6.423988938331604004e-02
6.419402360916137695e-02
6.414896249771118164e-02
6.410466879606246948e-02
6.406112015247344971e-02
6.401838362216949463e-02
6.397626549005508423e-02
6.393494457006454468e-02
6.389434635639190674e-02
6.385450810194015503e-02
6.381535530090332031e-02
6.377689540386199951e-02
6.373915821313858032e-02
6.370212882757186890e-02
6.366572529077529907e-02
6.363000720739364624e-02
6.359495222568511963e-02
6.356047093868255615e-02
6.352666020393371582e-02
6.349346786737442017e-02
6.346088647842407227e-02
6.342888623476028442e-02
6.339744478464126587e-02
6.336657702922821045e-02
6.333622336387634277e-02
6.330649554729461670e-02
6.327732652425765991e-02
6.324857473373413086e-02
6.322038173675537109e-02
6.319271028041839600e-02
6.316546350717544556e-02
6.313870102167129517e-02
6.311240047216415405e-02
6.308650225400924683e-02
6.306108832359313965e-02
6.303606927394866943e-02
6.301146745681762695e-02
6.298726052045822144e-02
6.296345591545104980e-02
6.294000148773193359e-02
6.291691958904266357e-02
6.289418041706085205e-02
6.287182122468948364e-02
6.284976005554199219e-02
6.282802671194076538e-02
6.280662119388580322e-02
6.278552114963531494e-02
6.276469677686691284e-02
6.274416297674179077e-02
6.272386759519577026e-02
6.270392239093780518e-02
6.268417090177536011e-02
6.266470998525619507e-02
6.264548748731613159e-02
6.262651085853576660e-02
6.260776519775390625e-02
6.258927285671234131e-02
6.257103383541107178e-02
6.255300343036651611e-02
6.253518909215927124e-02
6.251759082078933716e-02
6.250020861625671387e-02
6.248302012681961060e-02
6.246606260538101196e-02
6.244927272200584412e-02
6.243273243308067322e-02
6.241632252931594849e-02
6.240015849471092224e-02
6.238418817520141602e-02
6.236843392252922058e-02
6.235283613204956055e-02
6.233748421072959900e-02
6.232226639986038208e-02
6.230725720524787903e-02
6.229242309927940369e-02
6.227779760956764221e-02
6.226333975791931152e-02
6.224912405014038086e-02
6.223507225513458252e-02
6.222121417522430420e-02
6.220752745866775513e-02
6.219409033656120300e-02
6.218079850077629089e-02
6.216773390769958496e-02
6.215493008494377136e-02
6.214230135083198547e-02
6.212985888123512268e-02
6.211766600608825684e-02
6.210570037364959717e-02
6.209390610456466675e-02
6.208247318863868713e-02
6.207117810845375061e-02
6.206017732620239258e-02
6.204942613840103149e-02
6.203894317150115967e-02
6.202882528305053711e-02
6.201890110969543457e-02
6.200928986072540283e-02
6.200005114078521729e-02
6.199110671877861023e-02
6.198246777057647705e-02
6.197425723075866699e-02
6.196636334061622620e-02
6.195885688066482544e-02
6.195173040032386780e-02
6.194501742720603943e-02
6.193878501653671265e-02
6.193298846483230591e-02
6.192759424448013306e-02
6.192263588309288025e-02
6.191815808415412903e-02
6.191419810056686401e-02
6.191073730587959290e-02
6.190774962306022644e-02
6.190525367856025696e-02
6.190327554941177368e-02
6.190183758735656738e-02
6.190088018774986267e-02
6.190048530697822571e-02
6.190058216452598572e-02
6.190123781561851501e-02
6.190242245793342590e-02
6.190404295921325684e-02
6.190624088048934937e-02
6.190889328718185425e-02
6.191203370690345764e-02
6.191562116146087646e-02
6.191970035433769226e-02
6.192420050501823425e-02
6.192913278937339783e-02
6.193444877862930298e-02
6.194015219807624817e-02
6.194618344306945801e-02
6.195259094238281250e-02
6.195935979485511780e-02
6.196639686822891235e-02
6.197370961308479309e-02
6.198132410645484924e-02
6.198909878730773926e-02
6.199710443615913391e-02
6.200530380010604858e-02
6.201371178030967712e-02
6.202219799160957336e-02
6.203083693981170654e-02
6.203963980078697205e-02
6.204844266176223755e-02
6.205739080905914307e-02
6.206632778048515320e-02
6.207536906003952026e-02
6.208439543843269348e-02
6.209351867437362671e-02
6.210255995392799377e-02
6.211171671748161316e-02
6.212079524993896484e-02
6.212985515594482422e-02
6.213899329304695129e-02
6.214808300137519836e-02
6.215710192918777466e-02
6.216619163751602173e-02
6.217535957694053650e-02
6.218438595533370972e-02
6.219350174069404602e-02
6.220263615250587463e-02
6.221182271838188171e-02
6.222099438309669495e-02
6.223021075129508972e-02
6.223949044942855835e-02
6.224884465336799622e-02
6.225828453898429871e-02
6.226780638098716736e-02
6.227736920118331909e-02
6.228704378008842468e-02
6.229685992002487183e-02
6.230677664279937744e-02
6.231687590479850769e-02
6.232710182666778564e-02
6.233750283718109131e-02
6.234814599156379700e-02
6.235888227820396423e-02
6.236992031335830688e-02
6.238118186593055725e-02
6.239260360598564148e-02
6.240437552332878113e-02
6.241638958454132080e-02
6.242865324020385742e-02
6.244122982025146484e-02
6.245413422584533691e-02
6.246729567646980286e-02
6.248081848025321960e-02
6.249478086829185486e-02
6.250901520252227783e-02
6.252365559339523315e-02
6.253874301910400391e-02
6.255414336919784546e-02
6.257002055644989014e-02
6.258630007505416870e-02
6.260307133197784424e-02
6.262034922838211060e-02
6.263800710439682007e-02
6.265619397163391113e-02
6.267488747835159302e-02
6.269412487745285034e-02
6.271382421255111694e-02
6.273408979177474976e-02
6.275495886802673340e-02
6.277627497911453247e-02
6.279823929071426392e-02
6.282073259353637695e-02
6.284382939338684082e-02
6.286756694316864014e-02
6.289181858301162720e-02
6.291670352220535278e-02
6.294213235378265381e-02
6.296816468238830566e-02
6.299474090337753296e-02
6.302192807197570801e-02
6.304979324340820312e-02
6.307818740606307983e-02
6.310716271400451660e-02
6.313674151897430420e-02
6.316686421632766724e-02
6.319753825664520264e-02
6.322877109050750732e-02
6.326056271791458130e-02
6.329286098480224609e-02
6.332570314407348633e-02
6.335901468992233276e-02
6.339279562234878540e-02
6.342710554599761963e-02
6.346184760332107544e-02
6.349700689315795898e-02
6.353258341550827026e-02
6.356857717037200928e-02
6.360495090484619141e-02
6.364168971776962280e-02
6.367881596088409424e-02
6.371626257896423340e-02
6.375399231910705566e-02
6.379202753305435181e-02
6.383033841848373413e-02
6.386891007423400879e-02
6.390776485204696655e-02
6.394676119089126587e-02
6.398601084947586060e-02
6.402540206909179688e-02
6.406494975090026855e-02
6.410466134548187256e-02
6.414452195167541504e-02
6.418449431657791138e-02
6.422448903322219849e-02
6.426461040973663330e-02
6.430482119321823120e-02
6.434506922960281372e-02
6.438522785902023315e-02
6.442549824714660645e-02
6.446573138236999512e-02
6.450586020946502686e-02
6.454604119062423706e-02
6.458618491888046265e-02
6.462622433900833130e-02
6.466619670391082764e-02
6.470602005720138550e-02
6.474575400352478027e-02
6.478536874055862427e-02
6.482478976249694824e-02
6.486409902572631836e-02
6.490319967269897461e-02
6.494211405515670776e-02
6.498080492019653320e-02
6.501936167478561401e-02
6.505769491195678711e-02
6.509573757648468018e-02
6.513357907533645630e-02
6.517115980386734009e-02
6.520847976207733154e-02
6.524549424648284912e-02
6.528232991695404053e-02
6.531875580549240112e-02
6.535497307777404785e-02
6.539076566696166992e-02
6.542631238698959351e-02
6.546151638031005859e-02
6.549637019634246826e-02
6.553094834089279175e-02
6.556513160467147827e-02
6.559900194406509399e-02
6.563242524862289429e-02
6.566552072763442993e-02
6.569828093051910400e-02
6.573063135147094727e-02
6.576265394687652588e-02
6.579425185918807983e-02
6.582541018724441528e-02
6.585625559091567993e-02
6.588661670684814453e-02
6.591661274433135986e-02
6.594617664813995361e-02
6.597542017698287964e-02
6.600419431924819946e-02
6.603250652551651001e-02
6.606049835681915283e-02
6.608811765909194946e-02
6.611528992652893066e-02
6.614203751087188721e-02
6.616838276386260986e-02
6.619436293840408325e-02
6.621982902288436890e-02
6.624488532543182373e-02
6.626957654953002930e-02
6.629394739866256714e-02
6.631785631179809570e-02
6.634139269590377808e-02
6.636449694633483887e-02
6.638715416193008423e-02
6.640943139791488647e-02
6.643135100603103638e-02
6.645300239324569702e-02
6.647419929504394531e-02
6.649500876665115356e-02
6.651549786329269409e-02
6.653546541929244995e-02
6.655512750148773193e-02
6.657449156045913696e-02
6.659350544214248657e-02
6.661216169595718384e-02
6.663048267364501953e-02
6.664854288101196289e-02
6.666623800992965698e-02
6.668369472026824951e-02
6.670076400041580200e-02
6.671750545501708984e-02
6.673412024974822998e-02
6.675036251544952393e-02
6.676636636257171631e-02
6.678218394517898560e-02
6.679774075746536255e-02
6.681305170059204102e-02
6.682814657688140869e-02
6.684301048517227173e-02
6.685776263475418091e-02
6.687237322330474854e-02
6.688676774501800537e-02
6.690104305744171143e-02
6.691510975360870361e-02
6.692915409803390503e-02
6.694306433200836182e-02
6.695684790611267090e-02
6.697056442499160767e-02
6.698434799909591675e-02
6.699804216623306274e-02
6.701171398162841797e-02
6.702541559934616089e-02
6.703913211822509766e-02
6.705287843942642212e-02
6.706675887107849121e-02
6.708070635795593262e-02
6.709475070238113403e-02
6.710892915725708008e-02
6.712324172258377075e-02
6.713777780532836914e-02
6.715247780084609985e-02
6.716742366552352905e-02
6.718254834413528442e-02
6.719795614480972290e-02
6.721367686986923218e-02
6.722971796989440918e-02
6.724610924720764160e-02
6.726279854774475098e-02
6.727986782789230347e-02
6.729733198881149292e-02
6.731534749269485474e-02
6.733372062444686890e-02
6.735260784626007080e-02
6.737192720174789429e-02
6.739186495542526245e-02
6.741231679916381836e-02
6.743325293064117432e-02
6.745495647192001343e-02
6.747721135616302490e-02
6.750009208917617798e-02
6.752361357212066650e-02
6.754784286022186279e-02
6.757279485464096069e-02
6.759852916002273560e-02
6.762498617172241211e-02
6.765219569206237793e-02
6.768029183149337769e-02
6.770907342433929443e-02
6.773868203163146973e-02
6.776915490627288818e-02
6.780048459768295288e-02
6.783262640237808228e-02
6.786567717790603638e-02
6.789947301149368286e-02
6.793411076068878174e-02
6.796964257955551147e-02
6.800599396228790283e-02
6.804323196411132812e-02
6.808120012283325195e-02
6.811996549367904663e-02
6.815939396619796753e-02
6.819966435432434082e-02
6.824052333831787109e-02
6.828205287456512451e-02
6.832408159971237183e-02
6.836663186550140381e-02
6.840972602367401123e-02
6.845323741436004639e-02
6.849699467420578003e-02
6.854100525379180908e-02
6.858516484498977661e-02
6.862946599721908569e-02
6.867373734712600708e-02
6.871789693832397461e-02
6.876184791326522827e-02
6.880553811788558960e-02
6.884890794754028320e-02
6.889181584119796753e-02
6.893414258956909180e-02
6.897581368684768677e-02
6.901685893535614014e-02
6.905702501535415649e-02
6.909631192684173584e-02
6.913471221923828125e-02
6.917204707860946655e-02
6.920818984508514404e-02
6.924340128898620605e-02
6.927734613418579102e-02
6.930994987487792969e-02
6.934145092964172363e-02
6.937143951654434204e-02
6.940010935068130493e-02
6.942750513553619385e-02
6.945347785949707031e-02
6.947804987430572510e-02
6.950125098228454590e-02
6.952309608459472656e-02
6.954342871904373169e-02
6.956238299608230591e-02
6.957995146512985229e-02
6.959618628025054932e-02
6.961105018854141235e-02
6.962460279464721680e-02
6.963684409856796265e-02
6.964780390262603760e-02
6.965749710798263550e-02
6.966601312160491943e-02
6.967332959175109863e-02
6.967935711145401001e-02
6.968430429697036743e-02
6.968805938959121704e-02
6.969083845615386963e-02
6.969250738620758057e-02
6.969314813613891602e-02
6.969291716814041138e-02
6.969173252582550049e-02
6.968962401151657104e-02
6.968662142753601074e-02
6.968285888433456421e-02
6.967829167842864990e-02
6.967299431562423706e-02
6.966692209243774414e-02
6.966029107570648193e-02
6.965295225381851196e-02
6.964507699012756348e-02
6.963653862476348877e-02
6.962753832340240479e-02
6.961794942617416382e-02
6.960796564817428589e-02
6.959749013185501099e-02
6.958658993244171143e-02
6.957536190748214722e-02
6.956375390291213989e-02
6.955183297395706177e-02
6.953951716423034668e-02
6.952692568302154541e-02
6.951411068439483643e-02
6.950108706951141357e-02
6.948776543140411377e-02
6.947416812181472778e-02
6.946044415235519409e-02
6.944642215967178345e-02
6.943230330944061279e-02
6.941794604063034058e-02
6.940338760614395142e-02
6.938869506120681763e-02
6.937374919652938843e-02
6.935869902372360229e-02
6.934344023466110229e-02
6.932795792818069458e-02
6.931231170892715454e-02
6.929647922515869141e-02
6.928044557571411133e-02
6.926419585943222046e-02
6.924776732921600342e-02
6.923114508390426636e-02
6.921426951885223389e-02
6.919710338115692139e-02
6.917984038591384888e-02
6.916227936744689941e-02
6.914463639259338379e-02
6.912677735090255737e-02
6.910873204469680786e-02
6.909057497978210449e-02
6.907227635383605957e-02
6.905383616685867310e-02
6.903544813394546509e-02
6.901692599058151245e-02
6.899846345186233521e-02
6.897997856140136719e-02
6.896167248487472534e-02
6.894353032112121582e-02
6.892552226781845093e-02
6.890781223773956299e-02
6.889053434133529663e-02
6.887356191873550415e-02
6.885710358619689941e-02
6.884128600358963013e-02
6.882608681917190552e-02
6.881164759397506714e-02
6.879811733961105347e-02
6.878541409969329834e-02
6.877380609512329102e-02
6.876347213983535767e-02
6.875430047512054443e-02
6.874657422304153442e-02
6.874030828475952148e-02
6.873553246259689331e-02
6.873264163732528687e-02
6.873143464326858521e-02
6.873201578855514526e-02
6.873464584350585938e-02
6.873923540115356445e-02
6.874592602252960205e-02
6.875473260879516602e-02
6.876573711633682251e-02
6.877899914979934692e-02
6.879457831382751465e-02
6.881232559680938721e-02
6.883218139410018921e-02
6.885440647602081299e-02
6.887870281934738159e-02
6.890489906072616577e-02
6.893297284841537476e-02
6.896281242370605469e-02
6.899428367614746094e-02
6.902711838483810425e-02
6.906116008758544922e-02
6.909603625535964966e-02
6.913174688816070557e-02
6.916784495115280151e-02
6.920403242111206055e-02
6.924019008874893188e-02
6.927586346864700317e-02
6.931096315383911133e-02
6.934501975774765015e-02
6.937784701585769653e-02
6.940924376249313354e-02
6.943883001804351807e-02
6.946648657321929932e-02
6.949214637279510498e-02
6.951550394296646118e-02
6.953629851341247559e-02
6.955461949110031128e-02
6.957015395164489746e-02
6.958302110433578491e-02
6.959305703639984131e-02
6.960016489028930664e-02
6.960424780845642090e-02
6.960549205541610718e-02
6.960383057594299316e-02
6.959926337003707886e-02
6.959190219640731812e-02
6.958159804344177246e-02
6.956864893436431885e-02
6.955297291278839111e-02
6.953461468219757080e-02
6.951384246349334717e-02
6.949051469564437866e-02
6.946489214897155762e-02
6.943701207637786865e-02
6.940683722496032715e-02
6.937459856271743774e-02
6.934044510126113892e-02
6.930440664291381836e-02
6.926658004522323608e-02
6.922720372676849365e-02
6.918604671955108643e-02
6.914368271827697754e-02
6.909981369972229004e-02
6.905472278594970703e-02
6.900845468044281006e-02
6.896121054887771606e-02
6.891310214996337891e-02
6.886414438486099243e-02
6.881447881460189819e-02
6.876407563686370850e-02
6.871330738067626953e-02
6.866206228733062744e-02
6.861065328121185303e-02
6.855896860361099243e-02
6.850717216730117798e-02
6.845532357692718506e-02
6.840357184410095215e-02
6.835214048624038696e-02
6.830088049173355103e-02
6.825001537799835205e-02
6.819964945316314697e-02
6.814971566200256348e-02
6.810040771961212158e-02
6.805176287889480591e-02
6.800387799739837646e-02
6.795687228441238403e-02
6.791074573993682861e-02
6.786561757326126099e-02
6.782144308090209961e-02
6.777828931808471680e-02
6.773632019758224487e-02
6.769551336765289307e-02
6.765589118003845215e-02
6.761745363473892212e-02
6.758036464452743530e-02
6.754448264837265015e-02
6.750994920730590820e-02
6.747683882713317871e-02
6.744500249624252319e-02
6.741458922624588013e-02
6.738548725843429565e-02
6.735788285732269287e-02
6.733154505491256714e-02
6.730674952268600464e-02
6.728316098451614380e-02
6.726093590259552002e-02
6.724010407924652100e-02
