2.483370304107666016e-01
2.682926952838897705e-01
2.727272808551788330e-01
2.771618664264678955e-01
2.949002087116241455e-01
3.059867024421691895e-01
3.148558735847473145e-01
3.237250447273254395e-01
3.569844663143157959e-01
3.547671735286712646e-01
3.569844663143157959e-01
3.614190816879272461e-01
3.592017590999603271e-01
3.858093023300170898e-01
3.902438879013061523e-01
4.212860167026519775e-01
4.434589743614196777e-01
4.523281455039978027e-01
4.567627608776092529e-01
4.700665175914764404e-01
4.922394752502441406e-01
5.055432319641113281e-01
5.365853905677795410e-01
5.432372689247131348e-01
5.609756112098693848e-01
5.720620751380920410e-01
5.809312462806701660e-01
5.831485390663146973e-01
5.920177102088928223e-01
5.986696481704711914e-01
6.031042337417602539e-01
6.164079904556274414e-01
6.341463327407836914e-01
6.430155038833618164e-01
6.585366129875183105e-01
6.585366129875183105e-01
6.629711985588073730e-01
6.718403697013854980e-01
6.873614192008972168e-01
6.917960047721862793e-01
6.984478831291198730e-01
7.028824687004089355e-01
7.050997614860534668e-01
7.139689326286315918e-01
7.250554561614990234e-01
7.339246273040771484e-01
7.339246273040771484e-01
7.472283840179443359e-01
7.494456768035888672e-01
7.516629695892333984e-01
7.494456768035888672e-01
7.516629695892333984e-01
7.560975551605224609e-01
7.560975551605224609e-01
7.538802623748779297e-01
7.583148479461669922e-01
7.605321407318115234e-01
7.671840190887451172e-01
7.694013118743896484e-01
7.671840190887451172e-01
7.738358974456787109e-01
7.694013118743896484e-01
7.694013118743896484e-01
7.694013118743896484e-01
7.716186046600341797e-01
7.716186046600341797e-01
7.694013118743896484e-01
7.671840190887451172e-01
7.671840190887451172e-01
7.671840190887451172e-01
7.694013118743896484e-01
7.694013118743896484e-01
7.716186046600341797e-01
7.738358974456787109e-01
7.716186046600341797e-01
7.760531902313232422e-01
7.782704830169677734e-01
7.804877758026123047e-01
7.782704830169677734e-01
7.827051281929016113e-01
7.782704830169677734e-01
7.782704830169677734e-01
7.760531902313232422e-01
7.760531902313232422e-01
7.760531902313232422e-01
7.804877758026123047e-01
7.782704830169677734e-01
7.782704830169677734e-01
7.804877758026123047e-01
7.827051281929016113e-01
7.827051281929016113e-01
7.849224209785461426e-01
7.849224209785461426e-01
7.849224209785461426e-01
7.827051281929016113e-01
7.827051281929016113e-01
7.827051281929016113e-01
7.827051281929016113e-01
7.827051281929016113e-01
7.827051281929016113e-01
7.849224209785461426e-01
7.849224209785461426e-01
7.849224209785461426e-01
7.827051281929016113e-01
7.827051281929016113e-01
7.804877758026123047e-01
7.804877758026123047e-01
7.849224209785461426e-01
7.871397137641906738e-01
7.849224209785461426e-01
7.871397137641906738e-01
7.849224209785461426e-01
7.849224209785461426e-01
7.827051281929016113e-01
7.827051281929016113e-01
7.827051281929016113e-01
7.849224209785461426e-01
7.871397137641906738e-01
7.871397137641906738e-01
7.893570065498352051e-01
7.915742993354797363e-01
7.893570065498352051e-01
7.871397137641906738e-01
7.893570065498352051e-01
7.937915921211242676e-01
7.915742993354797363e-01
7.915742993354797363e-01
7.937915921211242676e-01
7.937915921211242676e-01
7.937915921211242676e-01
7.960088849067687988e-01
7.982261776924133301e-01
7.982261776924133301e-01
7.982261776924133301e-01
8.004434704780578613e-01
8.026607632637023926e-01
8.026607632637023926e-01
8.026607632637023926e-01
8.026607632637023926e-01
8.070953488349914551e-01
8.070953488349914551e-01
8.048780560493469238e-01
8.048780560493469238e-01
8.048780560493469238e-01
8.070953488349914551e-01
8.070953488349914551e-01
8.048780560493469238e-01
8.048780560493469238e-01
8.070953488349914551e-01
8.093126416206359863e-01
8.093126416206359863e-01
8.137472271919250488e-01
8.115299344062805176e-01
8.115299344062805176e-01
8.115299344062805176e-01
8.115299344062805176e-01
8.093126416206359863e-01
8.093126416206359863e-01
8.093126416206359863e-01
8.093126416206359863e-01
8.093126416206359863e-01
8.093126416206359863e-01
8.093126416206359863e-01
8.093126416206359863e-01
8.070953488349914551e-01
8.115299344062805176e-01
8.093126416206359863e-01
8.115299344062805176e-01
8.137472271919250488e-01
8.137472271919250488e-01
8.137472271919250488e-01
8.159645199775695801e-01
8.159645199775695801e-01
8.181818127632141113e-01
8.181818127632141113e-01
8.181818127632141113e-01
8.181818127632141113e-01
8.203991055488586426e-01
8.203991055488586426e-01
8.203991055488586426e-01
8.248336911201477051e-01
8.248336911201477051e-01
8.248336911201477051e-01
8.248336911201477051e-01
8.270509839057922363e-01
8.270509839057922363e-01
8.270509839057922363e-01
8.270509839057922363e-01
8.270509839057922363e-01
8.270509839057922363e-01
8.292682766914367676e-01
8.292682766914367676e-01
8.292682766914367676e-01
8.270509839057922363e-01
8.270509839057922363e-01
8.270509839057922363e-01
8.270509839057922363e-01
8.314855694770812988e-01
8.314855694770812988e-01
8.314855694770812988e-01
8.314855694770812988e-01
8.314855694770812988e-01
8.314855694770812988e-01
8.314855694770812988e-01
8.337028622627258301e-01
8.359201550483703613e-01
8.359201550483703613e-01
8.337028622627258301e-01
8.314855694770812988e-01
8.337028622627258301e-01
8.292682766914367676e-01
8.359201550483703613e-01
8.359201550483703613e-01
8.381374478340148926e-01
8.381374478340148926e-01
8.381374478340148926e-01
8.381374478340148926e-01
8.359201550483703613e-01
8.359201550483703613e-01
8.381374478340148926e-01
8.381374478340148926e-01
8.403547406196594238e-01
8.403547406196594238e-01
8.425720334053039551e-01
8.403547406196594238e-01
8.403547406196594238e-01
8.403547406196594238e-01
8.403547406196594238e-01
8.381374478340148926e-01
8.381374478340148926e-01
8.381374478340148926e-01
8.381374478340148926e-01
8.381374478340148926e-01
8.381374478340148926e-01
8.381374478340148926e-01
8.403547406196594238e-01
8.403547406196594238e-01
8.425720334053039551e-01
8.425720334053039551e-01
8.447893857955932617e-01
8.447893857955932617e-01
8.447893857955932617e-01
8.447893857955932617e-01
8.470066785812377930e-01
8.470066785812377930e-01
8.470066785812377930e-01
8.470066785812377930e-01
8.492239713668823242e-01
8.492239713668823242e-01
8.492239713668823242e-01
8.514412641525268555e-01
8.492239713668823242e-01
8.470066785812377930e-01
8.470066785812377930e-01
8.447893857955932617e-01
8.470066785812377930e-01
8.470066785812377930e-01
8.470066785812377930e-01
8.470066785812377930e-01
8.470066785812377930e-01
8.492239713668823242e-01
8.514412641525268555e-01
8.514412641525268555e-01
8.514412641525268555e-01
8.492239713668823242e-01
8.514412641525268555e-01
8.514412641525268555e-01
8.536585569381713867e-01
8.536585569381713867e-01
8.536585569381713867e-01
8.536585569381713867e-01
8.536585569381713867e-01
8.514412641525268555e-01
8.514412641525268555e-01
8.558758497238159180e-01
8.536585569381713867e-01
8.514412641525268555e-01
8.514412641525268555e-01
8.514412641525268555e-01
8.514412641525268555e-01
8.514412641525268555e-01
8.492239713668823242e-01
8.492239713668823242e-01
8.514412641525268555e-01
8.514412641525268555e-01
8.492239713668823242e-01
8.514412641525268555e-01
8.536585569381713867e-01
8.536585569381713867e-01
8.536585569381713867e-01
8.514412641525268555e-01
8.558758497238159180e-01
8.558758497238159180e-01
8.558758497238159180e-01
8.558758497238159180e-01
8.536585569381713867e-01
8.536585569381713867e-01
8.536585569381713867e-01
8.536585569381713867e-01
8.536585569381713867e-01
8.558758497238159180e-01
8.580931425094604492e-01
8.603104352951049805e-01
8.603104352951049805e-01
8.603104352951049805e-01
8.625277280807495117e-01
8.625277280807495117e-01
8.603104352951049805e-01
8.603104352951049805e-01
8.580931425094604492e-01
8.558758497238159180e-01
8.558758497238159180e-01
8.558758497238159180e-01
8.580931425094604492e-01
8.536585569381713867e-01
8.580931425094604492e-01
8.580931425094604492e-01
8.603104352951049805e-01
8.603104352951049805e-01
8.625277280807495117e-01
8.603104352951049805e-01
8.580931425094604492e-01
8.603104352951049805e-01
8.603104352951049805e-01
8.603104352951049805e-01
8.603104352951049805e-01
8.603104352951049805e-01
8.625277280807495117e-01
8.647450208663940430e-01
8.647450208663940430e-01
8.625277280807495117e-01
8.625277280807495117e-01
8.625277280807495117e-01
8.647450208663940430e-01
8.603104352951049805e-01
8.625277280807495117e-01
8.647450208663940430e-01
8.647450208663940430e-01
8.625277280807495117e-01
8.625277280807495117e-01
8.625277280807495117e-01
8.647450208663940430e-01
8.713968992233276367e-01
8.691796064376831055e-01
8.691796064376831055e-01
8.713968992233276367e-01
8.625277280807495117e-01
8.647450208663940430e-01
8.580931425094604492e-01
8.580931425094604492e-01
8.647450208663940430e-01
8.736141920089721680e-01
8.691796064376831055e-01
8.580931425094604492e-01
8.580931425094604492e-01
8.691796064376831055e-01
8.647450208663940430e-01
8.713968992233276367e-01
8.691796064376831055e-01
8.713968992233276367e-01
8.736141920089721680e-01
8.758314847946166992e-01
8.758314847946166992e-01
8.758314847946166992e-01
8.758314847946166992e-01
8.758314847946166992e-01
8.780487775802612305e-01
8.758314847946166992e-01
8.713968992233276367e-01
8.736141920089721680e-01
8.691796064376831055e-01
8.691796064376831055e-01
8.736141920089721680e-01
8.691796064376831055e-01
8.603104352951049805e-01
8.758314847946166992e-01
8.758314847946166992e-01
8.647450208663940430e-01
8.558758497238159180e-01
8.758314847946166992e-01
8.736141920089721680e-01
8.736141920089721680e-01
8.758314847946166992e-01
8.625277280807495117e-01
8.713968992233276367e-01
8.802660703659057617e-01
8.758314847946166992e-01
8.647450208663940430e-01
8.780487775802612305e-01
8.625277280807495117e-01
8.625277280807495117e-01
8.780487775802612305e-01
8.824833631515502930e-01
8.802660703659057617e-01
8.802660703659057617e-01
8.713968992233276367e-01
8.824833631515502930e-01
8.847006559371948242e-01
8.824833631515502930e-01
8.824833631515502930e-01
8.713968992233276367e-01
8.758314847946166992e-01
8.758314847946166992e-01
8.758314847946166992e-01
8.802660703659057617e-01
8.824833631515502930e-01
8.847006559371948242e-01
8.869179487228393555e-01
8.758314847946166992e-01
8.869179487228393555e-01
8.847006559371948242e-01
8.802660703659057617e-01
8.824833631515502930e-01
8.802660703659057617e-01
8.736141920089721680e-01
8.824833631515502930e-01
8.824833631515502930e-01
8.802660703659057617e-01
8.802660703659057617e-01
8.824833631515502930e-01
8.824833631515502930e-01
8.824833631515502930e-01
8.847006559371948242e-01
8.824833631515502930e-01
8.847006559371948242e-01
8.847006559371948242e-01
8.869179487228393555e-01
8.891352415084838867e-01
8.847006559371948242e-01
8.802660703659057617e-01
8.847006559371948242e-01
8.824833631515502930e-01
8.824833631515502930e-01
8.824833631515502930e-01
8.780487775802612305e-01
8.824833631515502930e-01
8.847006559371948242e-01
8.891352415084838867e-01
8.869179487228393555e-01
8.891352415084838867e-01
8.869179487228393555e-01
8.869179487228393555e-01
8.891352415084838867e-01
8.891352415084838867e-01
8.824833631515502930e-01
8.891352415084838867e-01
8.869179487228393555e-01
8.891352415084838867e-01
8.847006559371948242e-01
8.847006559371948242e-01
8.891352415084838867e-01
8.869179487228393555e-01
8.869179487228393555e-01
8.869179487228393555e-01
8.913525342941284180e-01
8.913525342941284180e-01
8.913525342941284180e-01
8.913525342941284180e-01
8.891352415084838867e-01
8.913525342941284180e-01
8.891352415084838867e-01
8.891352415084838867e-01
8.869179487228393555e-01
8.869179487228393555e-01
8.869179487228393555e-01
8.869179487228393555e-01
8.869179487228393555e-01
8.891352415084838867e-01
8.891352415084838867e-01
8.891352415084838867e-01
8.891352415084838867e-01
8.891352415084838867e-01
8.891352415084838867e-01
8.891352415084838867e-01
8.891352415084838867e-01
8.891352415084838867e-01
8.891352415084838867e-01
8.802660703659057617e-01
8.869179487228393555e-01
8.913525342941284180e-01
8.891352415084838867e-01
8.891352415084838867e-01
8.869179487228393555e-01
8.913525342941284180e-01
8.869179487228393555e-01
8.869179487228393555e-01
8.935698270797729492e-01
8.891352415084838867e-01
8.847006559371948242e-01
8.913525342941284180e-01
8.824833631515502930e-01
8.913525342941284180e-01
8.957871198654174805e-01
8.891352415084838867e-01
8.913525342941284180e-01
8.891352415084838867e-01
8.869179487228393555e-01
8.869179487228393555e-01
8.869179487228393555e-01
8.869179487228393555e-01
