1.926342546939849854e-01
1.892242729663848877e-01
1.889434307813644409e-01
1.886636167764663696e-01
1.883802264928817749e-01
1.880879104137420654e-01
1.877821683883666992e-01
1.874573677778244019e-01
1.871078759431838989e-01
1.867281794548034668e-01
1.863117218017578125e-01
1.858526915311813354e-01
1.853446066379547119e-01
1.847821772098541260e-01
1.841612160205841064e-01
1.834804862737655640e-01
1.827419847249984741e-01
1.819520890712738037e-01
1.811222136020660400e-01
1.802662461996078491e-01
1.794006675481796265e-01
1.785397231578826904e-01
1.776937097311019897e-01
1.768682003021240234e-01
1.760632395744323730e-01
1.752743721008300781e-01
1.744938939809799194e-01
1.737121045589447021e-01
1.729176342487335205e-01
1.720984876155853271e-01
1.712420135736465454e-01
1.703354567289352417e-01
1.693659722805023193e-01
1.683205366134643555e-01
1.671869307756423950e-01
1.659541726112365723e-01
1.646137386560440063e-01
1.631610989570617676e-01
1.615971624851226807e-01
1.599297076463699341e-01
1.581741422414779663e-01
1.563519686460494995e-01
1.544890254735946655e-01
1.526098996400833130e-01
1.507360637187957764e-01
1.488811820745468140e-01
1.470519304275512695e-01
1.452474594116210938e-01
1.434624195098876953e-01
1.416873186826705933e-01
1.399123817682266235e-01
1.381274014711380005e-01
1.363236010074615479e-01
1.344945430755615234e-01
1.326356679201126099e-01
1.307453662157058716e-01
1.288253515958786011e-01
1.268801242113113403e-01
1.249177679419517517e-01
1.229503974318504333e-01
1.209960654377937317e-01
1.190761700272560120e-01
1.172096803784370422e-01
1.154108047485351562e-01
1.136905327439308167e-01
1.120552942156791687e-01
1.105073168873786926e-01
1.090466231107711792e-01
1.076711267232894897e-01
1.063781753182411194e-01
1.051632687449455261e-01
1.040220633149147034e-01
1.029488146305084229e-01
1.019379198551177979e-01
1.009836271405220032e-01
1.000801101326942444e-01
9.922167658805847168e-02
9.840332716703414917e-02
9.762059152126312256e-02
9.687012434005737305e-02
9.614981710910797119e-02
9.545866400003433228e-02
9.479622542858123779e-02
9.416187554597854614e-02
9.355461597442626953e-02
9.297307580709457397e-02
9.241550415754318237e-02
9.188052266836166382e-02
9.136626869440078735e-02
9.087136387825012207e-02
9.039452672004699707e-02
8.993449062108993530e-02
8.949005603790283203e-02
8.906005322933197021e-02
8.864347636699676514e-02
8.823923766613006592e-02
8.784642815589904785e-02
8.746408671140670776e-02
8.709141612052917480e-02
8.672769367694854736e-02
8.637204766273498535e-02
8.602397143840789795e-02
8.568283915519714355e-02
8.534824103116989136e-02
8.501971513032913208e-02
8.469678461551666260e-02
8.437921106815338135e-02
8.406665921211242676e-02
8.375900238752365112e-02
8.345600962638854980e-02
8.315753191709518433e-02
8.286353200674057007e-02
8.257392793893814087e-02
8.228859305381774902e-02
8.200753480195999146e-02
8.173075318336486816e-02
8.145843446254730225e-02
8.119030296802520752e-02
8.092651516199111938e-02
8.066706359386444092e-02
8.041203022003173828e-02
8.016136288642883301e-02
7.991501688957214355e-02
7.967305183410644531e-02
7.943539321422576904e-02
7.920204848051071167e-02
7.897303253412246704e-02
7.874810695648193359e-02
7.852737605571746826e-02
7.831067591905593872e-02
7.809793204069137573e-02
7.788918912410736084e-02
7.768420130014419556e-02
7.748295366764068604e-02
7.728528976440429688e-02
7.709117978811264038e-02
7.690048962831497192e-02
7.671321183443069458e-02
7.652913033962249756e-02
7.634824514389038086e-02
7.617048919200897217e-02
7.599568367004394531e-02
7.582375407218933105e-02
7.565482705831527710e-02
7.548860460519790649e-02
7.532507181167602539e-02
7.516424357891082764e-02
7.500594109296798706e-02
7.485018670558929443e-02
7.469686120748519897e-02
7.454589009284973145e-02
7.439722865819931030e-02
7.425078749656677246e-02
7.410646229982376099e-02
7.396423071622848511e-02
7.382387667894363403e-02
7.368542999029159546e-02
7.354872673749923706e-02
7.341374456882476807e-02
7.328023016452789307e-02
7.314822077751159668e-02
7.301748543977737427e-02
7.288796454668045044e-02
7.275954633951187134e-02
7.263207435607910156e-02
7.250543683767318726e-02
7.237943261861801147e-02
7.225403934717178345e-02
7.212905585765838623e-02
7.200442254543304443e-02
7.187998294830322266e-02
7.175572216510772705e-02
7.163152098655700684e-02
7.150730490684509277e-02
7.138302922248840332e-02
7.125875353813171387e-02
7.113441824913024902e-02
7.101004570722579956e-02
7.088568806648254395e-02
7.076138257980346680e-02
7.063715159893035889e-02
7.051319628953933716e-02
7.038944214582443237e-02
7.026605308055877686e-02
7.014297693967819214e-02
7.002042233943939209e-02
6.989846378564834595e-02
6.977707147598266602e-02
6.965637952089309692e-02
6.953634321689605713e-02
6.941708922386169434e-02
6.929863989353179932e-02
6.918103992938995361e-02
6.906428188085556030e-02
6.894837319850921631e-02
6.883334368467330933e-02
6.871922314167022705e-02
6.860598176717758179e-02
6.849358230829238892e-02
6.838206946849822998e-02
6.827140599489212036e-02
6.816158443689346313e-02
6.805259734392166138e-02
6.794438511133193970e-02
6.783697754144668579e-02
6.773033738136291504e-02
6.762442737817764282e-02
6.751925498247146606e-02
6.741476058959960938e-02
6.731091439723968506e-02
6.720782071352005005e-02
6.710536777973175049e-02
6.700348854064941406e-02
6.690221279859542847e-02
6.680158525705337524e-02
6.670156866312026978e-02
6.660208851099014282e-02
6.650321930646896362e-02
6.640493124723434448e-02
6.630715727806091309e-02
6.620993465185165405e-02
6.611329317092895508e-02
6.601717323064804077e-02
6.592167168855667114e-02
6.582667678594589233e-02
6.573226302862167358e-02
6.563843786716461182e-02
6.554511934518814087e-02
6.545242667198181152e-02
6.536038219928741455e-02
6.526889652013778687e-02
6.517806649208068848e-02
6.508788466453552246e-02
6.499835848808288574e-02
6.490954011678695679e-02
6.482142210006713867e-02
6.473401933908462524e-02
6.464739888906478882e-02
6.456150114536285400e-02
6.447642296552658081e-02
6.439211964607238770e-02
6.430863589048385620e-02
6.422603875398635864e-02
6.414423137903213501e-02
6.406325101852416992e-02
6.398321688175201416e-02
6.390395760536193848e-02
6.382559239864349365e-02
6.374809890985488892e-02
6.367140263319015503e-02
6.359563767910003662e-02
6.352066248655319214e-02
6.344649940729141235e-02
6.337316334247589111e-02
6.330066174268722534e-02
6.322891265153884888e-02
6.315796822309494019e-02
6.308774650096893311e-02
6.301823258399963379e-02
6.294948607683181763e-02
6.288133561611175537e-02
6.281391531229019165e-02
6.274708360433578491e-02
6.268087029457092285e-02
6.261525303125381470e-02
6.255025416612625122e-02
6.248570606112480164e-02
6.242176517844200134e-02
6.235825642943382263e-02
6.229527667164802551e-02
6.223272904753684998e-02
6.217056512832641602e-02
6.210884824395179749e-02
6.204744055867195129e-02
6.198643147945404053e-02
6.192574277520179749e-02
6.186534836888313293e-02
6.180525943636894226e-02
6.174544617533683777e-02
6.168585643172264099e-02
6.162653490900993347e-02
6.156733259558677673e-02
6.150836125016212463e-02
6.144955381751060486e-02
6.139086559414863586e-02
6.133233755826950073e-02
6.127388030290603638e-02
6.121550500392913818e-02
6.115728244185447693e-02
6.109907850623130798e-02
6.104085966944694519e-02
6.098268553614616394e-02
6.092456728219985962e-02
6.086644157767295837e-02
6.080828607082366943e-02
6.075007468461990356e-02
6.069182604551315308e-02
6.063350662589073181e-02
6.057517603039741516e-02
6.051675602793693542e-02
6.045825034379959106e-02
6.039962545037269592e-02
6.034096330404281616e-02
6.028218567371368408e-02
6.022325530648231506e-02
6.016424670815467834e-02
6.010507047176361084e-02
6.004580855369567871e-02
5.998644605278968811e-02
5.992694199085235596e-02
5.986725166440010071e-02
5.980741232633590698e-02
5.974751338362693787e-02
5.968742072582244873e-02
5.962716788053512573e-02
5.956686660647392273e-02
5.950631946325302124e-02
5.944568663835525513e-02
5.938492715358734131e-02
5.932395160198211670e-02
5.926289781928062439e-02
5.920168384909629822e-02
5.914038047194480896e-02
5.907886102795600891e-02
5.901728197932243347e-02
5.895552039146423340e-02
5.889367684721946716e-02
5.883170664310455322e-02
5.876959115266799927e-02
5.870738998055458069e-02
5.864508450031280518e-02
5.858267098665237427e-02
5.852017551660537720e-02
5.845754966139793396e-02
5.839492008090019226e-02
5.833213776350021362e-02
5.826927721500396729e-02
5.820638313889503479e-02
5.814340338110923767e-02
5.808036401867866516e-02
5.801732838153839111e-02
5.795420706272125244e-02
5.789112299680709839e-02
5.782796815037727356e-02
5.776478350162506104e-02
5.770161375403404236e-02
5.763847008347511292e-02
5.757538601756095886e-02
5.751229450106620789e-02
5.744923651218414307e-02
5.738625302910804749e-02
5.732334405183792114e-02
5.726049467921257019e-02
5.719772726297378540e-02
5.713504552841186523e-02
5.707255750894546509e-02
5.701017007231712341e-02
5.694788321852684021e-02
5.688580125570297241e-02
5.682388320565223694e-02
5.676212906837463379e-02
5.670059844851493835e-02
5.663928017020225525e-02
5.657818913459777832e-02
5.651730671525001526e-02
5.645671859383583069e-02
5.639635771512985229e-02
5.633627995848655701e-02
5.627653375267982483e-02
5.621705576777458191e-02
5.615788698196411133e-02
5.609901994466781616e-02
5.604053288698196411e-02
5.598231405019760132e-02
5.592448636889457703e-02
5.586698651313781738e-02
5.580979213118553162e-02
5.575305595993995667e-02
5.569666996598243713e-02
5.564061179757118225e-02
5.558498576283454895e-02
5.552970245480537415e-02
5.547483265399932861e-02
5.542036890983581543e-02
5.536621436476707458e-02
5.531248450279235840e-02
5.525914207100868225e-02
5.520621314644813538e-02
5.515364930033683777e-02
5.510146170854568481e-02
5.504969507455825806e-02
5.499827116727828979e-02
5.494722351431846619e-02
5.489654839038848877e-02
5.484621971845626831e-02
5.479628220200538635e-02
5.474672093987464905e-02
5.469743162393569946e-02
5.464857444167137146e-02
5.460001155734062195e-02
5.455178767442703247e-02
5.450390279293060303e-02
5.445628613233566284e-02
5.440903082489967346e-02
5.436204373836517334e-02
5.431537702679634094e-02
5.426897108554840088e-02
5.422279611229896545e-02
5.417696014046669006e-02
5.413134396076202393e-02
5.408603325486183167e-02
5.404087156057357788e-02
5.399594828486442566e-02
5.395129695534706116e-02
5.390682443976402283e-02
5.386258289217948914e-02
5.381853878498077393e-02
5.377467349171638489e-02
5.373099818825721741e-02
5.368747934699058533e-02
5.364410951733589172e-02
5.360095947980880737e-02
5.355789139866828918e-02
5.351498723030090332e-02
5.347217991948127747e-02
5.342955142259597778e-02
5.338697880506515503e-02
5.334454774856567383e-02
5.330217257142066956e-02
5.325996503233909607e-02
5.321780219674110413e-02
5.317574366927146912e-02
5.313372611999511719e-02
5.309180170297622681e-02
5.304991081357002258e-02
5.300806835293769836e-02
5.296628922224044800e-02
5.292455479502677917e-02
5.288285389542579651e-02
5.284120887517929077e-02
5.279953777790069580e-02
5.275794118642807007e-02
5.271631479263305664e-02
5.267472565174102783e-02
5.263315141201019287e-02
5.259155482053756714e-02
5.254997685551643372e-02
5.250839143991470337e-02
5.246682837605476379e-02
5.242519825696945190e-02
5.238359048962593079e-02
5.234193801879882812e-02
5.230028182268142700e-02
5.225863307714462280e-02
5.221692472696304321e-02
5.217521265149116516e-02
5.213344469666481018e-02
5.209166929125785828e-02
5.204983055591583252e-02
5.200798064470291138e-02
5.196610838174819946e-02
5.192416161298751831e-02
5.188224092125892639e-02
5.184024572372436523e-02
5.179819837212562561e-02
5.175615474581718445e-02
5.171402916312217712e-02
5.167188495397567749e-02
5.162966996431350708e-02
5.158741027116775513e-02
5.154515057802200317e-02
5.150285363197326660e-02
5.146051198244094849e-02
5.141811817884445190e-02
5.137570574879646301e-02
5.133322998881340027e-02
5.129072442650794983e-02
5.124819278717041016e-02
5.120562016963958740e-02
5.116300284862518311e-02
5.112036317586898804e-02
5.107772350311279297e-02
5.103496834635734558e-02
5.099226906895637512e-02
5.094947293400764465e-02
5.090666934847831726e-02
5.086388438940048218e-02
5.082096904516220093e-02
5.077809095382690430e-02
5.073519796133041382e-02
5.069224163889884949e-02
5.064929276704788208e-02
5.060629546642303467e-02
5.056331306695938110e-02
5.052030086517333984e-02
5.047725886106491089e-02
5.043416842818260193e-02
5.039106681942939758e-02
5.034799128770828247e-02
5.030485615134239197e-02
5.026175454258918762e-02
5.021858587861061096e-02
5.017542093992233276e-02
5.013223364949226379e-02
5.008904635906219482e-02
5.004583299160003662e-02
5.000260844826698303e-02
4.995938390493392944e-02
4.991611465811729431e-02
4.987290874123573303e-02
4.982962831854820251e-02
4.978638887405395508e-02
4.974309355020523071e-02
4.969981685280799866e-02
4.965649917721748352e-02
4.961322993040084839e-02
4.956994950771331787e-02
4.952663928270339966e-02
4.948334768414497375e-02
4.944000393152236938e-02
4.939672350883483887e-02
4.935340583324432373e-02
4.931008443236351013e-02
4.926678165793418884e-02
4.922346398234367371e-02
4.918017238378524780e-02
4.913687333464622498e-02
4.909357801079750061e-02
4.905028641223907471e-02
4.900702834129333496e-02
4.896377027034759521e-02
4.892050847411155701e-02
4.887725040316581726e-02
4.883404448628425598e-02
4.879082739353179932e-02
4.874762892723083496e-02
4.870450124144554138e-02
4.866131022572517395e-02
4.861819371581077576e-02
4.857510328292846680e-02
4.853205755352973938e-02
4.848901554942131042e-02
4.844599962234497070e-02
4.840303584933280945e-02
4.836011677980422974e-02
4.831724241375923157e-02
4.827437922358512878e-02
4.823159053921699524e-02
4.818883910775184631e-02
4.814613983035087585e-02
4.810351878404617310e-02
4.806093126535415649e-02
4.801841080188751221e-02
4.797596484422683716e-02
4.793354868888854980e-02
4.789122939109802246e-02
4.784895479679107666e-02
4.780679196119308472e-02
4.776470735669136047e-02
4.772271588444709778e-02
4.768075421452522278e-02
4.763892665505409241e-02
4.759713634848594666e-02
4.755545780062675476e-02
4.751386865973472595e-02
4.747240990400314331e-02
4.743101075291633606e-02
4.738973081111907959e-02
4.734854400157928467e-02
4.730747640132904053e-02
4.726647958159446716e-02
4.722558334469795227e-02
4.718482866883277893e-02
4.714415594935417175e-02
4.710361361503601074e-02
4.706313088536262512e-02
4.702277109026908875e-02
4.698250815272331238e-02
4.694232344627380371e-02
4.690226167440414429e-02
4.686227813363075256e-02
4.682238772511482239e-02
4.678259789943695068e-02
4.674284160137176514e-02
4.670318588614463806e-02
4.666357487440109253e-02
4.662406072020530701e-02
4.658457264304161072e-02
4.654510319232940674e-02
4.650571569800376892e-02
4.646630957722663879e-02
4.642697051167488098e-02
4.638761654496192932e-02
4.634823650121688843e-02
4.630889371037483215e-02
4.626952484250068665e-02
4.623013362288475037e-02
4.619072005152702332e-02
4.615126550197601318e-02
4.611175879836082458e-02
4.607222229242324829e-02
4.603263363242149353e-02
4.599296301603317261e-02
4.595319926738739014e-02
4.591342806816101074e-02
4.587354511022567749e-02
4.583358764648437500e-02
4.579354077577590942e-02
4.575344175100326538e-02
4.571324586868286133e-02
4.567293822765350342e-02
4.563263431191444397e-02
4.559215530753135681e-02
4.555159062147140503e-02
4.551099613308906555e-02
4.547031596302986145e-02
4.542954638600349426e-02
4.538867995142936707e-02
4.534777253866195679e-02
4.530673474073410034e-02
4.526569694280624390e-02
4.522457346320152283e-02
4.518336430191993713e-02
4.514209926128387451e-02
4.510078951716423035e-02
4.505938291549682617e-02
4.501796513795852661e-02
4.497647657990455627e-02
4.493494331836700439e-02
4.489338397979736328e-02
4.485173895955085754e-02
4.481011629104614258e-02
4.476842284202575684e-02
4.472669214010238647e-02
4.468495771288871765e-02
4.464318975806236267e-02
4.460138082504272461e-02
4.455957561731338501e-02
4.451775550842285156e-02
4.447587952017784119e-02
4.443405568599700928e-02
4.439215734601020813e-02
4.435029625892639160e-02
4.430842399597167969e-02
4.426656663417816162e-02
4.422471299767494202e-02
4.418281465768814087e-02
4.414102062582969666e-02
4.409918934106826782e-02
4.405737295746803284e-02
4.401560127735137939e-02
4.397381842136383057e-02
4.393207654356956482e-02
4.389034584164619446e-02
4.384862631559371948e-02
4.380701482295989990e-02
4.376537725329399109e-02
4.372378811240196228e-02
4.368223622441291809e-02
4.364072531461715698e-02
4.359929263591766357e-02
4.355789721012115479e-02
4.351653158664703369e-02
4.347520694136619568e-02
4.343397542834281921e-02
4.339276999235153198e-02
4.335162043571472168e-02
4.331056773662567139e-02
4.326954111456871033e-02
4.322862252593040466e-02
4.318771138787269592e-02
4.314690828323364258e-02
4.310616105794906616e-02
4.306551814079284668e-02
4.302491620182991028e-02
4.298441112041473389e-02
4.294400662183761597e-02
4.290364310145378113e-02
4.286340624094009399e-02
4.282321780920028687e-02
4.278311878442764282e-02
4.274312779307365417e-02
4.270322248339653015e-02
4.266341403126716614e-02
4.262371361255645752e-02
4.258410260081291199e-02
4.254458844661712646e-02
4.250513017177581787e-02
4.246582463383674622e-02
4.242659732699394226e-02
4.238746687769889832e-02
4.234847426414489746e-02
4.230959713459014893e-02
4.227081313729286194e-02
4.223213717341423035e-02
4.219356551766395569e-02
4.215512424707412720e-02
4.211675375699996948e-02
4.207851365208625793e-02
4.204039275646209717e-02
4.200241342186927795e-02
4.196450486779212952e-02
4.192673042416572571e-02
4.188907518982887268e-02
4.185151308774948120e-02
4.181414842605590820e-02
4.177680239081382751e-02
4.173962399363517761e-02
4.170255362987518311e-02
4.166561737656593323e-02
4.162879288196563721e-02
4.159211367368698120e-02
4.155552387237548828e-02
4.151907563209533691e-02
4.148271679878234863e-02
4.144649952650070190e-02
4.141040891408920288e-02
4.137444868683815002e-02
4.133858159184455872e-02
4.130287840962409973e-02
4.126725718379020691e-02
4.123175516724586487e-02
4.119643568992614746e-02
4.116118699312210083e-02
4.112606868147850037e-02
4.109108820557594299e-02
4.105618968605995178e-02
4.102146625518798828e-02
4.098683968186378479e-02
4.095232486724853516e-02
4.091793671250343323e-02
4.088367894291877747e-02
4.084954783320426941e-02
4.081549122929573059e-02
4.078159108757972717e-02
4.074782133102416992e-02
4.071413353085517883e-02
4.068056866526603699e-02
4.064714908599853516e-02
4.061379283666610718e-02
4.058061540126800537e-02
4.054753482341766357e-02
4.051452502608299255e-02
4.048166424036026001e-02
4.044886305928230286e-02
4.041620716452598572e-02
4.038367792963981628e-02
4.035121574997901917e-02
4.031888395547866821e-02
4.028664901852607727e-02
4.025451838970184326e-02
4.022245109081268311e-02
4.019052535295486450e-02
4.015866667032241821e-02
4.012692347168922424e-02
4.009525850415229797e-02
4.006373137235641479e-02
4.003222659230232239e-02
4.000084474682807922e-02
3.996951505541801453e-02
3.993829339742660522e-02
3.990715369582176208e-02
3.987608850002288818e-02
3.984507173299789429e-02
3.981414809823036194e-02
3.978330269455909729e-02
3.975252807140350342e-02
3.972179815173149109e-02
3.969114646315574646e-02
3.966054320335388184e-02
3.962997719645500183e-02
3.959950804710388184e-02
3.956904262304306030e-02
3.953869268298149109e-02
3.950833901762962341e-02
3.947804868221282959e-02
3.944780305027961731e-02
3.941761329770088196e-02
3.938742727041244507e-02
3.935731574892997742e-02
3.932717442512512207e-02
3.929710760712623596e-02
3.926704823970794678e-02
3.923702985048294067e-02
3.920704871416091919e-02
3.917705640196800232e-02
3.914707154035568237e-02
3.911712020635604858e-02
3.908716514706611633e-02
3.905723989009857178e-02
3.902731463313102722e-02
3.899742662906646729e-02
3.896747529506683350e-02
3.893756493926048279e-02
3.890766948461532593e-02
3.887771442532539368e-02
3.884778544306755066e-02
3.881786018610000610e-02
3.878790885210037231e-02
3.875795379281044006e-02
3.872795403003692627e-02
3.869798406958580017e-02
3.866795077919960022e-02
3.863791376352310181e-02
3.860787302255630493e-02
3.857779502868652344e-02
3.854767605662345886e-02
3.851753473281860352e-02
3.848738223314285278e-02
3.845718875527381897e-02
3.842694684863090515e-02
3.839668631553649902e-02
3.836636990308761597e-02
3.833602741360664368e-02
3.830564767122268677e-02
3.827520832419395447e-02
3.824472799897193909e-02
3.821422532200813293e-02
3.818361088633537292e-02
3.815301135182380676e-02
3.812237083911895752e-02
3.809163719415664673e-02
3.806082531809806824e-02
3.803002461791038513e-02
3.799911960959434509e-02
3.796817734837532043e-02
3.793714568018913269e-02
3.790609166026115417e-02
3.787494823336601257e-02
3.784377127885818481e-02
3.781249746680259705e-02
3.778114169836044312e-02
3.774975612759590149e-02
3.771825134754180908e-02
3.768674656748771667e-02
3.765509650111198425e-02
3.762340173125267029e-02
3.759162873029708862e-02
3.755976632237434387e-02
3.752783685922622681e-02
3.749582171440124512e-02
3.746374323964118958e-02
3.743156045675277710e-02
3.739928454160690308e-02
3.736696392297744751e-02
3.733450919389724731e-02
3.730198740959167480e-02
3.726934641599655151e-02
3.723663464188575745e-02
3.720385581254959106e-02
3.717093914747238159e-02
3.713791817426681519e-02
3.710481896996498108e-02
3.707163035869598389e-02
3.703833371400833130e-02
3.700491413474082947e-02
3.697141632437705994e-02
3.693780675530433655e-02
3.690407052636146545e-02
3.687024861574172974e-02
3.683632984757423401e-02
3.680229187011718750e-02
3.676811233162879944e-02
3.673382848501205444e-02
3.669944405555725098e-02
3.666494041681289673e-02
3.663033992052078247e-02
3.659559041261672974e-02
3.656075522303581238e-02
3.652578592300415039e-02
3.649068623781204224e-02
3.645549342036247253e-02
3.642017766833305359e-02
3.638475015759468079e-02
3.634916618466377258e-02
3.631346672773361206e-02
3.627768158912658691e-02
3.624173253774642944e-02
3.620567545294761658e-02
3.616954386234283447e-02
3.613324090838432312e-02
3.609683364629745483e-02
3.606027737259864807e-02
3.602363541722297668e-02
3.598688542842864990e-02
3.594999387860298157e-02
3.591294586658477783e-02
3.587578982114791870e-02
3.583855181932449341e-02
3.580117225646972656e-02
3.576370328664779663e-02
3.572606667876243591e-02
3.568835556507110596e-02
3.565049171447753906e-02
3.561253473162651062e-02
3.557444736361503601e-02
3.553625568747520447e-02
3.549795225262641907e-02
3.545954078435897827e-02
3.542101010680198669e-02
3.538237512111663818e-02
3.534362092614173889e-02
3.530476614832878113e-02
3.526579588651657104e-02
3.522673249244689941e-02
3.518755361437797546e-02
3.514827042818069458e-02
3.510891273617744446e-02
3.506939485669136047e-02
3.502983227372169495e-02
3.499012067914009094e-02
3.495033085346221924e-02
3.491043671965599060e-02
3.487042337656021118e-02
3.483033925294876099e-02
3.479010611772537231e-02
3.474983200430870056e-02
3.470940515398979187e-02
3.466893732547760010e-02
3.462828695774078369e-02
3.458761796355247498e-02
3.454680740833282471e-02
3.450591117143630981e-02
3.446489572525024414e-02
3.442375361919403076e-02
3.438255935907363892e-02
3.434123098850250244e-02
3.429979458451271057e-02
3.425825759768486023e-02
3.421662375330924988e-02
3.417486324906349182e-02
3.413300588726997375e-02
3.409102931618690491e-02
3.404892608523368835e-02
3.400672227144241333e-02
3.396441414952278137e-02
3.392199054360389709e-02
3.387943282723426819e-02
3.383677825331687927e-02
3.379397839307785034e-02
3.375107422471046448e-02
3.370802849531173706e-02
3.366483375430107117e-02
3.362155333161354065e-02
3.357809782028198242e-02
3.353452682495117188e-02
3.349083289504051208e-02
3.344698622822761536e-02
3.340299800038337708e-02
3.335889428853988647e-02
3.331461921334266663e-02
3.327021002769470215e-02
3.322564810514450073e-02
3.318095207214355469e-02
3.313608467578887939e-02
3.309107944369316101e-02
3.304599225521087646e-02
3.300073742866516113e-02
3.295534476637840271e-02
3.290988132357597351e-02
3.286426886916160583e-02
3.281859308481216431e-02
3.277279436588287354e-02
3.272690623998641968e-02
3.268095478415489197e-02
3.263496235013008118e-02
3.258891776204109192e-02
3.254281356930732727e-02
3.249671682715415955e-02
3.245059028267860413e-02
3.240445256233215332e-02
3.235830366611480713e-02
3.231218457221984863e-02
3.226611763238906860e-02
3.222007676959037781e-02
3.217406198382377625e-02
3.212811797857284546e-02
3.208224102854728699e-02
3.203646093606948853e-02
3.199077770113945007e-02
3.194518387317657471e-02
3.189975768327713013e-02
3.185442835092544556e-02
3.180927410721778870e-02
3.176430612802505493e-02
3.171949833631515503e-02
3.167492151260375977e-02
3.163055703043937683e-02
3.158646076917648315e-02
3.154264390468597412e-02
3.149907663464546204e-02
3.145583346486091614e-02
3.141295537352561951e-02
3.137037530541419983e-02
3.132821246981620789e-02
3.128637745976448059e-02
3.124490194022655487e-02
3.120390698313713074e-02
3.116326592862606049e-02
3.112302534282207489e-02
