1.896739602088928223e-01
1.882501393556594849e-01
1.882389783859252930e-01
1.882144212722778320e-01
1.881880760192871094e-01
1.881605535745620728e-01
1.881310343742370605e-01
1.880995482206344604e-01
1.880656927824020386e-01
1.880290955305099487e-01
1.879893839359283447e-01
1.879456341266632080e-01
1.878977268934249878e-01
1.878446638584136963e-01
1.877853125333786011e-01
1.877188682556152344e-01
1.876437366008758545e-01
1.875581890344619751e-01
1.874597817659378052e-01
1.873462945222854614e-01
1.872136592864990234e-01
1.870574057102203369e-01
1.868720501661300659e-01
1.866496801376342773e-01
1.863807290792465210e-01
1.860525757074356079e-01
1.856499761343002319e-01
1.851535588502883911e-01
1.845414042472839355e-01
1.837917417287826538e-01
1.828874349594116211e-01
1.818257719278335571e-01
1.806287467479705811e-01
1.793470829725265503e-01
1.780507862567901611e-01
1.768069267272949219e-01
1.756581664085388184e-01
1.746158152818679810e-01
1.736666858196258545e-01
1.727837622165679932e-01
1.719360500574111938e-01
1.710925251245498657e-01
1.702256500720977783e-01
1.693127006292343140e-01
1.683368384838104248e-01
1.672893464565277100e-01
1.661692857742309570e-01
1.649805158376693726e-01
1.637285798788070679e-01
1.624159216880798340e-01
1.610400229692459106e-01
1.595946997404098511e-01
1.580721735954284668e-01
1.564692258834838867e-01
1.547931581735610962e-01
1.530684977769851685e-01
1.513396948575973511e-01
1.496672630310058594e-01
1.481141448020935059e-01
1.467250436544418335e-01
1.455152332782745361e-01
1.444777995347976685e-01
1.435972601175308228e-01
1.428539603948593140e-01
1.422278285026550293e-01
1.417008936405181885e-01
1.412562727928161621e-01
1.408789455890655518e-01
1.405556797981262207e-01
1.402758955955505371e-01
1.400311738252639771e-01
1.398146599531173706e-01
1.396207511425018311e-01
1.394451856613159180e-01
1.392845213413238525e-01
1.391358673572540283e-01
1.389972269535064697e-01
1.388670057058334351e-01
1.387439817190170288e-01
1.386269927024841309e-01
1.385144293308258057e-01
1.384048312902450562e-01
1.382968872785568237e-01
1.381892114877700806e-01
1.380812674760818481e-01
1.379726380109786987e-01
1.378637552261352539e-01
1.377553194761276245e-01
1.376488953828811646e-01
1.375456303358078003e-01
1.374466568231582642e-01
1.373530030250549316e-01
1.372645348310470581e-01
1.371807456016540527e-01
1.371012330055236816e-01
1.370251327753067017e-01
1.369519233703613281e-01
1.368813812732696533e-01
1.368131190538406372e-01
1.367473006248474121e-01
1.366834640502929688e-01
1.366216093301773071e-01
1.365614235401153564e-01
1.365024894475936890e-01
1.364444494247436523e-01
1.363868266344070435e-01
1.363292634487152100e-01
1.362710893154144287e-01
1.362117826938629150e-01
1.361506581306457520e-01
1.360871642827987671e-01
1.360204666852951050e-01
1.359497159719467163e-01
1.358743906021118164e-01
1.357938051223754883e-01
1.357074379920959473e-01
1.356153190135955811e-01
1.355174183845520020e-01
1.354140192270278931e-01
1.353053599596023560e-01
1.351916640996932983e-01
1.350731402635574341e-01
1.349499970674514771e-01
1.348220854997634888e-01
1.346897333860397339e-01
1.345530450344085693e-01
1.344128251075744629e-01
1.342701017856597900e-01
1.341257840394973755e-01
1.339810341596603394e-01
1.338370591402053833e-01
1.336940824985504150e-01
1.335524618625640869e-01
1.334118992090225220e-01
1.332723796367645264e-01
1.331332772970199585e-01
1.329944878816604614e-01
1.328554302453994751e-01
1.327158361673355103e-01
1.325753778219223022e-01
1.324338465929031372e-01
1.322907656431198120e-01
1.321458816528320312e-01
1.319987475872039795e-01
1.318488866090774536e-01
1.316959261894226074e-01
1.315393745899200439e-01
1.313788443803787231e-01
1.312139034271240234e-01
1.310444474220275879e-01
1.308705657720565796e-01
1.306924968957901001e-01
1.305105686187744141e-01
1.303252428770065308e-01
1.301373839378356934e-01
1.299472600221633911e-01
1.297554969787597656e-01
1.295621991157531738e-01
1.293675154447555542e-01
1.291710287332534790e-01
1.289723366498947144e-01
1.287707090377807617e-01
1.285655945539474487e-01
1.283567398786544800e-01
1.281438320875167847e-01
1.279273480176925659e-01
1.277080774307250977e-01
1.274865418672561646e-01
1.272640675306320190e-01
1.270411610603332520e-01
1.268185377120971680e-01
1.265971511602401733e-01
1.263778060674667358e-01
1.261609941720962524e-01
1.259470283985137939e-01
1.257354319095611572e-01
1.255258768796920776e-01
1.253176927566528320e-01
1.251099854707717896e-01
1.249027326703071594e-01
1.246956810355186462e-01
1.244892030954360962e-01
1.242820993065834045e-01
1.240727901458740234e-01
1.238599419593811035e-01
1.236435249447822571e-01
1.234243661165237427e-01
1.232037171721458435e-01
1.229835078120231628e-01
1.227677166461944580e-01
1.225623190402984619e-01
1.223736852407455444e-01
1.221970766782760620e-01
1.219943165779113770e-01
1.217060387134552002e-01
1.213324442505836487e-01
1.209295764565467834e-01
1.205284371972084045e-01
1.201217025518417358e-01
1.196942552924156189e-01
1.192361414432525635e-01
1.187423393130302429e-01
1.182127594947814941e-01
1.176580935716629028e-01
1.171003133058547974e-01
1.165542975068092346e-01
1.160201579332351685e-01
1.154922097921371460e-01
1.149647161364555359e-01
1.144336014986038208e-01
1.138991415500640869e-01
1.133664697408676147e-01
1.128452271223068237e-01
1.123446002602577209e-01
1.118659898638725281e-01
1.114026829600334167e-01
1.109483689069747925e-01
1.105000004172325134e-01
1.100504323840141296e-01
1.095852255821228027e-01
1.090815439820289612e-01
1.084956824779510498e-01
1.077557131648063660e-01
1.069745942950248718e-01
1.061918437480926514e-01
1.055123582482337952e-01
1.045723855495452881e-01
1.036223843693733215e-01
1.029286831617355347e-01
1.024544462561607361e-01
1.014321744441986084e-01
1.004880815744400024e-01
9.982817620038986206e-02
9.912235289812088013e-02
9.888156503438949585e-02
9.819882363080978394e-02
9.866107255220413208e-02
9.769395738840103149e-02
9.644126147031784058e-02
9.597107768058776855e-02
9.480147808790206909e-02
9.530278295278549194e-02
9.460277855396270752e-02
9.341537207365036011e-02
9.242913872003555298e-02
9.067723155021667480e-02
8.952116221189498901e-02
8.869991451501846313e-02
8.905001729726791382e-02
8.756264299154281616e-02
8.497019112110137939e-02
8.457157760858535767e-02
8.519939333200454712e-02
8.317106962203979492e-02
8.329083025455474854e-02
8.207578212022781372e-02
8.208204805850982666e-02
8.189613372087478638e-02
8.342724293470382690e-02
8.227170258760452271e-02
8.296816051006317139e-02
8.083547651767730713e-02
8.077327907085418701e-02
7.978326082229614258e-02
7.861792296171188354e-02
7.992021739482879639e-02
8.026706427335739136e-02
8.051653951406478882e-02
7.783850282430648804e-02
8.016593009233474731e-02
7.673542946577072144e-02
7.938821613788604736e-02
8.227499574422836304e-02
7.904389500617980957e-02
7.731377333402633667e-02
7.522197812795639038e-02
7.619044929742813110e-02
7.934852689504623413e-02
7.538469135761260986e-02
7.815839350223541260e-02
7.486908137798309326e-02
7.816255837678909302e-02
7.618385553359985352e-02
7.498877495527267456e-02
7.484506815671920776e-02
7.443720847368240356e-02
7.520712912082672119e-02
7.609597593545913696e-02
7.698361575603485107e-02
7.530257105827331543e-02
7.411547750234603882e-02
7.837875932455062866e-02
7.817515730857849121e-02
7.339566946029663086e-02
7.515590637922286987e-02
7.712370902299880981e-02
7.520551979541778564e-02
7.448539137840270996e-02
7.483690977096557617e-02
7.804596424102783203e-02
7.428904622793197632e-02
7.306295633316040039e-02
7.660023123025894165e-02
7.267268747091293335e-02
7.719948142766952515e-02
7.297930866479873657e-02
7.281094044446945190e-02
7.404657453298568726e-02
7.518379390239715576e-02
7.121337950229644775e-02
7.459858804941177368e-02
7.509244978427886963e-02
7.222212105989456177e-02
7.286166399717330933e-02
7.489286363124847412e-02
7.349817454814910889e-02
7.298851758241653442e-02
7.298480719327926636e-02
7.672410458326339722e-02
7.308167219161987305e-02
7.324986904859542847e-02
7.261633127927780151e-02
7.333999127149581909e-02
7.127983123064041138e-02
7.255411893129348755e-02
7.338415831327438354e-02
7.240790873765945435e-02
7.209746539592742920e-02
7.214605808258056641e-02
7.196833193302154541e-02
7.384452968835830688e-02
7.406739145517349243e-02
7.458429038524627686e-02
7.115320861339569092e-02
7.074873149394989014e-02
7.148373872041702271e-02
7.348430901765823364e-02
7.399291545152664185e-02
7.342927157878875732e-02
7.328466325998306274e-02
7.597701996564865112e-02
7.236365973949432373e-02
7.350354641675949097e-02
7.091001421213150024e-02
7.292175292968750000e-02
7.222505658864974976e-02
7.391396909952163696e-02
7.705745100975036621e-02
7.265067100524902344e-02
7.303889840841293335e-02
7.256262004375457764e-02
7.284933328628540039e-02
7.001455873250961304e-02
7.222584635019302368e-02
7.441759854555130005e-02
7.309670746326446533e-02
7.380152493715286255e-02
7.301525771617889404e-02
7.492963224649429321e-02
7.250288873910903931e-02
7.226412743330001831e-02
7.158479094505310059e-02
7.260823249816894531e-02
7.490835338830947876e-02
7.417997717857360840e-02
7.090347260236740112e-02
7.215618342161178589e-02
7.121782749891281128e-02
7.419656217098236084e-02
7.463862001895904541e-02
7.395073026418685913e-02
7.137718051671981812e-02
7.074624300003051758e-02
7.291082292795181274e-02
7.212159037590026855e-02
7.115112245082855225e-02
7.235884666442871094e-02
7.140582799911499023e-02
7.020441442728042603e-02
7.113992422819137573e-02
7.080793380737304688e-02
7.142140716314315796e-02
7.629702240228652954e-02
7.020068168640136719e-02
7.104146480560302734e-02
7.106038928031921387e-02
7.046675682067871094e-02
6.954099982976913452e-02
7.192347198724746704e-02
6.957027316093444824e-02
6.964604556560516357e-02
7.178333401679992676e-02
7.061866670846939087e-02
7.401150465011596680e-02
6.895609945058822632e-02
7.128106057643890381e-02
6.862629204988479614e-02
6.755030155181884766e-02
6.776634603738784790e-02
6.908455491065979004e-02
6.890273839235305786e-02
7.235694676637649536e-02
6.968844681978225708e-02
6.805878132581710815e-02
6.929744035005569458e-02
6.806463003158569336e-02
6.717073917388916016e-02
7.066469639539718628e-02
6.763221323490142822e-02
6.809800863265991211e-02
6.755586713552474976e-02
6.764860451221466064e-02
7.102198898792266846e-02
7.018920034170150757e-02
6.870812177658081055e-02
7.022075355052947998e-02
6.965059787034988403e-02
6.875409930944442749e-02
7.146530598402023315e-02
7.430088520050048828e-02
6.880654394626617432e-02
7.082621753215789795e-02
7.434976100921630859e-02
6.819073855876922607e-02
6.905739754438400269e-02
6.894472241401672363e-02
6.943480670452117920e-02
6.978524476289749146e-02
6.865718960762023926e-02
7.219752669334411621e-02
6.930293887853622437e-02
6.834331899881362915e-02
6.961449235677719116e-02
6.982979178428649902e-02
6.826536357402801514e-02
6.672739982604980469e-02
7.220350950956344604e-02
6.996853649616241455e-02
6.899658590555191040e-02
6.756635010242462158e-02
7.093524932861328125e-02
6.660232692956924438e-02
6.991486996412277222e-02
6.835158169269561768e-02
7.165376842021942139e-02
6.893166899681091309e-02
7.026557624340057373e-02
6.813407689332962036e-02
6.818827986717224121e-02
6.705960631370544434e-02
6.640903651714324951e-02
6.636978685855865479e-02
6.567581743001937866e-02
6.535865366458892822e-02
6.495527178049087524e-02
6.513942778110504150e-02
6.877504289150238037e-02
7.111215591430664062e-02
7.178534567356109619e-02
6.797723472118377686e-02
6.777396053075790405e-02
6.617172062397003174e-02
6.821794062852859497e-02
6.645403057336807251e-02
6.670597195625305176e-02
6.973227113485336304e-02
7.041312009096145630e-02
6.929446011781692505e-02
6.656924635171890259e-02
7.127059996128082275e-02
6.850788742303848267e-02
7.198644429445266724e-02
6.825147569179534912e-02
6.653206050395965576e-02
6.813043355941772461e-02
7.188329845666885376e-02
6.736422330141067505e-02
6.634779274463653564e-02
6.822775304317474365e-02
6.997922062873840332e-02
7.176327705383300781e-02
6.739621609449386597e-02
6.524852663278579712e-02
6.552987545728683472e-02
6.836078315973281860e-02
6.525222957134246826e-02
6.458924710750579834e-02
6.434255838394165039e-02
6.566398590803146362e-02
6.857666373252868652e-02
6.591291725635528564e-02
6.701998412609100342e-02
6.438566744327545166e-02
6.430039554834365845e-02
6.424333155155181885e-02
6.359586119651794434e-02
6.522726267576217651e-02
6.505427509546279907e-02
6.597983092069625854e-02
6.496112048625946045e-02
