2.549889087677001953e-01
2.439024448394775391e-01
2.461197376251220703e-01
2.461197376251220703e-01
2.461197376251220703e-01
2.483370304107666016e-01
2.483370304107666016e-01
2.505543231964111328e-01
2.483370304107666016e-01
2.461197376251220703e-01
2.461197376251220703e-01
2.461197376251220703e-01
2.483370304107666016e-01
2.461197376251220703e-01
2.483370304107666016e-01
2.505543231964111328e-01
2.527716159820556641e-01
2.527716159820556641e-01
2.549889087677001953e-01
2.527716159820556641e-01
2.572062015533447266e-01
2.549889087677001953e-01
2.572062015533447266e-01
2.616407871246337891e-01
2.505543231964111328e-01
2.527716159820556641e-01
2.727272808551788330e-01
2.793791592121124268e-01
3.015521168708801270e-01
3.126385807991027832e-01
3.215077519416809082e-01
3.392461240291595459e-01
3.414634168148040771e-01
3.481152951717376709e-01
3.614190816879272461e-01
3.769401311874389648e-01
3.791574239730834961e-01
3.791574239730834961e-01
3.835920095443725586e-01
3.747228384017944336e-01
3.813747167587280273e-01
3.880265951156616211e-01
4.013303816318511963e-01
4.035476744174957275e-01
4.124168455600738525e-01
4.168514311313629150e-01
4.279379248619079590e-01
4.301552176475524902e-01
4.412416815757751465e-01
4.412416815757751465e-01
4.412416815757751465e-01
4.501108527183532715e-01
4.567627608776092529e-01
4.634146392345428467e-01
4.634146392345428467e-01
4.700665175914764404e-01
4.811529815196990967e-01
4.811529815196990967e-01
4.900221824645996094e-01
5.033259391784667969e-01
5.099778175354003906e-01
5.166296958923339844e-01
5.210642814636230469e-01
5.210642814636230469e-01
5.188469886779785156e-01
5.188469886779785156e-01
5.210642814636230469e-01
5.210642814636230469e-01
5.210642814636230469e-01
5.188469886779785156e-01
5.210642814636230469e-01
5.210642814636230469e-01
5.232815742492675781e-01
5.210642814636230469e-01
5.232815742492675781e-01
5.232815742492675781e-01
5.232815742492675781e-01
5.254988670349121094e-01
5.254988670349121094e-01
5.232815742492675781e-01
5.232815742492675781e-01
5.232815742492675781e-01
5.232815742492675781e-01
5.232815742492675781e-01
5.232815742492675781e-01
5.254988670349121094e-01
5.254988670349121094e-01
5.254988670349121094e-01
5.277161598205566406e-01
5.321508049964904785e-01
5.321508049964904785e-01
5.321508049964904785e-01
5.299334526062011719e-01
5.321508049964904785e-01
5.321508049964904785e-01
5.321508049964904785e-01
5.321508049964904785e-01
5.343680977821350098e-01
5.343680977821350098e-01
5.388026833534240723e-01
5.388026833534240723e-01
5.410199761390686035e-01
5.388026833534240723e-01
5.410199761390686035e-01
5.410199761390686035e-01
5.410199761390686035e-01
5.388026833534240723e-01
5.388026833534240723e-01
5.388026833534240723e-01
5.432372689247131348e-01
5.432372689247131348e-01
5.432372689247131348e-01
5.432372689247131348e-01
5.432372689247131348e-01
5.432372689247131348e-01
5.432372689247131348e-01
5.432372689247131348e-01
5.476718544960021973e-01
5.454545617103576660e-01
5.454545617103576660e-01
5.476718544960021973e-01
5.476718544960021973e-01
5.521064400672912598e-01
5.543237328529357910e-01
5.543237328529357910e-01
5.587583184242248535e-01
5.609756112098693848e-01
5.631929039955139160e-01
5.631929039955139160e-01
5.654101967811584473e-01
5.654101967811584473e-01
5.654101967811584473e-01
5.654101967811584473e-01
5.676274895668029785e-01
5.676274895668029785e-01
5.654101967811584473e-01
5.654101967811584473e-01
5.631929039955139160e-01
5.654101967811584473e-01
5.654101967811584473e-01
5.698447823524475098e-01
5.676274895668029785e-01
5.676274895668029785e-01
5.698447823524475098e-01
5.742793679237365723e-01
5.742793679237365723e-01
5.742793679237365723e-01
5.764966607093811035e-01
5.764966607093811035e-01
5.764966607093811035e-01
5.809312462806701660e-01
5.787139534950256348e-01
5.809312462806701660e-01
5.787139534950256348e-01
5.787139534950256348e-01
5.787139534950256348e-01
5.787139534950256348e-01
5.787139534950256348e-01
5.787139534950256348e-01
5.787139534950256348e-01
5.764966607093811035e-01
5.764966607093811035e-01
5.742793679237365723e-01
5.764966607093811035e-01
5.764966607093811035e-01
5.764966607093811035e-01
5.787139534950256348e-01
5.787139534950256348e-01
5.809312462806701660e-01
5.831485390663146973e-01
5.831485390663146973e-01
5.831485390663146973e-01
5.809312462806701660e-01
5.809312462806701660e-01
5.809312462806701660e-01
5.809312462806701660e-01
5.809312462806701660e-01
5.809312462806701660e-01
5.809312462806701660e-01
5.831485390663146973e-01
5.875831246376037598e-01
5.875831246376037598e-01
5.853658318519592285e-01
5.831485390663146973e-01
5.853658318519592285e-01
5.853658318519592285e-01
5.898004174232482910e-01
5.920177102088928223e-01
5.920177102088928223e-01
5.920177102088928223e-01
5.920177102088928223e-01
5.920177102088928223e-01
5.920177102088928223e-01
5.898004174232482910e-01
5.898004174232482910e-01
5.920177102088928223e-01
5.942350625991821289e-01
5.964523553848266602e-01
5.986696481704711914e-01
5.964523553848266602e-01
5.986696481704711914e-01
6.031042337417602539e-01
6.008869409561157227e-01
6.075388193130493164e-01
6.097561120986938477e-01
6.119734048843383789e-01
6.119734048843383789e-01
6.119734048843383789e-01
6.097561120986938477e-01
6.119734048843383789e-01
6.119734048843383789e-01
6.141906976699829102e-01
6.119734048843383789e-01
6.119734048843383789e-01
6.141906976699829102e-01
6.164079904556274414e-01
6.141906976699829102e-01
6.208425760269165039e-01
6.274944543838500977e-01
6.252771615982055664e-01
6.274944543838500977e-01
6.319290399551391602e-01
6.363636255264282227e-01
6.341463327407836914e-01
6.319290399551391602e-01
6.363636255264282227e-01
6.385809183120727539e-01
6.385809183120727539e-01
6.363636255264282227e-01
6.319290399551391602e-01
6.363636255264282227e-01
6.363636255264282227e-01
6.274944543838500977e-01
6.319290399551391602e-01
6.319290399551391602e-01
6.452327966690063477e-01
6.363636255264282227e-01
6.363636255264282227e-01
6.541019678115844727e-01
6.541019678115844727e-01
6.541019678115844727e-01
6.518846750259399414e-01
6.718403697013854980e-01
6.762749552726745605e-01
6.807095408439636230e-01
6.829268336296081543e-01
6.873614192008972168e-01
6.917960047721862793e-01
6.873614192008972168e-01
7.028824687004089355e-01
7.073170542716979980e-01
7.095343470573425293e-01
7.006651759147644043e-01
7.161862254142761230e-01
7.117516398429870605e-01
7.139689326286315918e-01
7.117516398429870605e-01
7.206208705902099609e-01
7.028824687004089355e-01
7.139689326286315918e-01
7.073170542716979980e-01
7.161862254142761230e-01
7.139689326286315918e-01
7.228381633758544922e-01
7.339246273040771484e-01
7.317073345184326172e-01
7.184035181999206543e-01
7.206208705902099609e-01
7.383592128753662109e-01
7.250554561614990234e-01
7.294900417327880859e-01
7.250554561614990234e-01
7.050997614860534668e-01
7.250554561614990234e-01
7.294900417327880859e-01
7.383592128753662109e-01
7.339246273040771484e-01
7.339246273040771484e-01
7.383592128753662109e-01
7.317073345184326172e-01
7.405765056610107422e-01
7.117516398429870605e-01
7.161862254142761230e-01
7.317073345184326172e-01
7.250554561614990234e-01
7.339246273040771484e-01
7.317073345184326172e-01
7.228381633758544922e-01
7.206208705902099609e-01
7.250554561614990234e-01
7.361419200897216797e-01
7.228381633758544922e-01
7.250554561614990234e-01
7.317073345184326172e-01
7.405765056610107422e-01
7.184035181999206543e-01
7.339246273040771484e-01
7.272727489471435547e-01
7.294900417327880859e-01
7.250554561614990234e-01
7.361419200897216797e-01
7.317073345184326172e-01
7.405765056610107422e-01
7.339246273040771484e-01
7.184035181999206543e-01
7.272727489471435547e-01
7.405765056610107422e-01
7.383592128753662109e-01
7.272727489471435547e-01
7.339246273040771484e-01
7.405765056610107422e-01
7.383592128753662109e-01
7.317073345184326172e-01
7.450110912322998047e-01
7.317073345184326172e-01
7.427937984466552734e-01
7.494456768035888672e-01
7.450110912322998047e-01
7.361419200897216797e-01
7.294900417327880859e-01
7.427937984466552734e-01
7.427937984466552734e-01
7.405765056610107422e-01
7.494456768035888672e-01
7.405765056610107422e-01
7.427937984466552734e-01
7.516629695892333984e-01
7.605321407318115234e-01
7.494456768035888672e-01
7.405765056610107422e-01
7.494456768035888672e-01
7.383592128753662109e-01
7.361419200897216797e-01
7.427937984466552734e-01
7.560975551605224609e-01
7.383592128753662109e-01
7.450110912322998047e-01
7.494456768035888672e-01
7.472283840179443359e-01
7.427937984466552734e-01
7.427937984466552734e-01
7.516629695892333984e-01
7.405765056610107422e-01
7.605321407318115234e-01
7.383592128753662109e-01
7.361419200897216797e-01
7.472283840179443359e-01
7.361419200897216797e-01
7.450110912322998047e-01
7.472283840179443359e-01
7.472283840179443359e-01
7.516629695892333984e-01
7.605321407318115234e-01
7.516629695892333984e-01
7.427937984466552734e-01
7.472283840179443359e-01
7.427937984466552734e-01
7.472283840179443359e-01
7.383592128753662109e-01
7.627494335174560547e-01
7.494456768035888672e-01
7.560975551605224609e-01
7.560975551605224609e-01
7.472283840179443359e-01
7.472283840179443359e-01
7.538802623748779297e-01
7.450110912322998047e-01
7.494456768035888672e-01
7.560975551605224609e-01
7.605321407318115234e-01
7.671840190887451172e-01
7.627494335174560547e-01
7.605321407318115234e-01
7.627494335174560547e-01
7.627494335174560547e-01
7.671840190887451172e-01
7.627494335174560547e-01
7.538802623748779297e-01
7.738358974456787109e-01
7.915742993354797363e-01
7.694013118743896484e-01
7.605321407318115234e-01
7.472283840179443359e-01
7.671840190887451172e-01
7.694013118743896484e-01
7.716186046600341797e-01
7.849224209785461426e-01
7.738358974456787109e-01
7.627494335174560547e-01
7.760531902313232422e-01
7.849224209785461426e-01
7.694013118743896484e-01
7.605321407318115234e-01
7.694013118743896484e-01
7.671840190887451172e-01
7.671840190887451172e-01
8.026607632637023926e-01
7.849224209785461426e-01
7.960088849067687988e-01
7.915742993354797363e-01
7.827051281929016113e-01
7.649667263031005859e-01
7.738358974456787109e-01
8.048780560493469238e-01
7.782704830169677734e-01
7.893570065498352051e-01
8.026607632637023926e-01
7.871397137641906738e-01
7.960088849067687988e-01
7.960088849067687988e-01
7.960088849067687988e-01
7.937915921211242676e-01
7.871397137641906738e-01
7.760531902313232422e-01
7.937915921211242676e-01
7.871397137641906738e-01
7.849224209785461426e-01
7.871397137641906738e-01
7.782704830169677734e-01
7.871397137641906738e-01
7.915742993354797363e-01
7.760531902313232422e-01
7.694013118743896484e-01
7.871397137641906738e-01
7.849224209785461426e-01
7.937915921211242676e-01
7.893570065498352051e-01
7.982261776924133301e-01
7.982261776924133301e-01
7.827051281929016113e-01
7.982261776924133301e-01
7.760531902313232422e-01
7.960088849067687988e-01
7.849224209785461426e-01
7.937915921211242676e-01
8.070953488349914551e-01
7.760531902313232422e-01
7.849224209785461426e-01
7.849224209785461426e-01
7.937915921211242676e-01
7.849224209785461426e-01
8.004434704780578613e-01
7.871397137641906738e-01
7.937915921211242676e-01
7.804877758026123047e-01
7.915742993354797363e-01
7.804877758026123047e-01
7.960088849067687988e-01
8.048780560493469238e-01
7.982261776924133301e-01
8.026607632637023926e-01
8.115299344062805176e-01
8.115299344062805176e-01
8.159645199775695801e-01
8.159645199775695801e-01
8.137472271919250488e-01
8.070953488349914551e-01
7.782704830169677734e-01
7.849224209785461426e-01
7.937915921211242676e-01
8.004434704780578613e-01
8.048780560493469238e-01
7.982261776924133301e-01
8.048780560493469238e-01
7.937915921211242676e-01
7.849224209785461426e-01
7.827051281929016113e-01
7.960088849067687988e-01
8.026607632637023926e-01
7.827051281929016113e-01
7.849224209785461426e-01
7.716186046600341797e-01
7.960088849067687988e-01
7.937915921211242676e-01
7.827051281929016113e-01
7.760531902313232422e-01
8.026607632637023926e-01
7.960088849067687988e-01
7.960088849067687988e-01
7.915742993354797363e-01
7.960088849067687988e-01
8.070953488349914551e-01
8.181818127632141113e-01
8.115299344062805176e-01
7.937915921211242676e-01
8.115299344062805176e-01
8.115299344062805176e-01
8.181818127632141113e-01
8.137472271919250488e-01
8.026607632637023926e-01
8.137472271919250488e-01
8.070953488349914551e-01
8.203991055488586426e-01
8.093126416206359863e-01
8.181818127632141113e-01
8.159645199775695801e-01
8.159645199775695801e-01
8.203991055488586426e-01
7.982261776924133301e-01
8.159645199775695801e-01
