0 33870.6286414 76.40303914919853 -114.44549077745346 125.02222771927165 -11.66055722081212
2 33870.6286414 76.40303914919853 -114.44549077745346 125.02222771927165 -11.66055722081212
4 33870.6286414 76.40303914919853 -114.44549077745346 125.02222771927165 -11.66055722081212
6 27451.720457 56.107966666395924 -113.15848101758277 108.87593633670514 -4.861221066064777
8 27451.720457 56.107966666395924 -113.15848101758277 108.87593633670514 -4.861221066064777
10 27451.720457 56.107966666395924 -113.15848101758277 108.87593633670514 -4.861221066064777
12 26094.4671299 43.51497710677285 -114.9755314323977 105.0700157380356 5.4309618225345115
14 26094.4671299 43.51497710677285 -114.9755314323977 105.0700157380356 5.4309618225345115
16 22568.0602514 34.01719930865198 -117.88323554388462 84.4848883520329 11.35175251141756
18 22177.3562424 33.23297514078742 -118.62305227655915 78.40156285064272 23.96084659021126
20 22177.3562424 33.23297514078742 -118.62305227655915 78.40156285064272 23.96084659021126
22 21751.3728831 65.17207662777732 -116.07356766401018 62.3398693821586 20.32074405242242
24 21751.3728831 65.17207662777732 -116.07356766401018 62.3398693821586 20.32074405242242
26 21751.3728831 65.17207662777732 -116.07356766401018 62.3398693821586 20.32074405242242
28 21751.3728831 65.17207662777732 -116.07356766401018 62.3398693821586 20.32074405242242
30 21722.7687853 69.97764328941535 -117.61979176785741 55.4113179206489 13.25115752873722
32 21722.7687853 69.97764328941535 -117.61979176785741 55.4113179206489 13.25115752873722
34 21722.7687853 69.97764328941535 -117.61979176785741 55.4113179206489 13.25115752873722
36 21722.7687853 69.97764328941535 -117.61979176785741 55.4113179206489 13.25115752873722
38 21722.7687853 69.97764328941535 -117.61979176785741 55.4113179206489 13.25115752873722
40 21722.7687853 69.97764328941535 -117.61979176785741 55.4113179206489 13.25115752873722
42 21722.7687853 69.97764328941535 -117.61979176785741 55.4113179206489 13.25115752873722
44 20759.7803406 62.83860652251137 -119.04985713609648 47.859342736731314 20.95566192406092
46 20581.2451283 63.00182159838343 -123.69205235793706 18.190255935822304 28.234401802560633
48 20581.2451283 63.00182159838343 -123.69205235793706 18.190255935822304 28.234401802560633
50 20581.2451283 63.00182159838343 -123.69205235793706 18.190255935822304 28.234401802560633
52 20165.5450917 53.520580118887416 -125.66273106728151 8.35208392892629 31.14735752354495
54 20165.5450917 53.520580118887416 -125.66273106728151 8.35208392892629 31.14735752354495
56 20165.5450917 53.520580118887416 -125.66273106728151 8.35208392892629 31.14735752354495
58 20165.5450917 53.520580118887416 -125.66273106728151 8.35208392892629 31.14735752354495
60 20165.5450917 53.520580118887416 -125.66273106728151 8.35208392892629 31.14735752354495
62 20165.5450917 53.520580118887416 -125.66273106728151 8.35208392892629 31.14735752354495
64 20165.5450917 53.520580118887416 -125.66273106728151 8.35208392892629 31.14735752354495
66 19253.0261135 18.6796519543307 -128.90777043895514 20.664377135138157 27.660745125689893
68 19253.0261135 18.6796519543307 -128.90777043895514 20.664377135138157 27.660745125689893
70 18237.0605867 20.582287628316458 -122.50938439893473 28.183242556455394 32.44339491124092
72 18237.0605867 20.582287628316458 -122.50938439893473 28.183242556455394 32.44339491124092
74 18237.0605867 20.582287628316458 -122.50938439893473 28.183242556455394 32.44339491124092
76 17054.1981307 59.513438977037126 -106.08964222354922 20.405904376243598 43.28460074645365
78 17054.1981307 59.513438977037126 -106.08964222354922 20.405904376243598 43.28460074645365
80 15339.1943319 55.1811253751195 -101.56365679390635 17.38462829128142 40.770499706133634
82 15339.1943319 55.1811253751195 -101.56365679390635 17.38462829128142 40.770499706133634
84 14181.7525074 43.477058753552996 -98.51719993542747 33.245523349550396 36.592133817584
86 13202.7584952 40.01787686998591 -94.92652848166185 30.03413856822525 39.10750181150758
88 13202.7584952 40.01787686998591 -94.92652848166185 30.03413856822525 39.10750181150758
90 13202.7584952 40.01787686998591 -94.92652848166185 30.03413856822525 39.10750181150758
92 12259.3308606 40.76098789947562 -95.4830778113602 22.277934800483013 26.743661569596746
94 12259.3308606 40.76098789947562 -95.4830778113602 22.277934800483013 26.743661569596746
96 11841.4245039 30.885409652394642 -96.71760134230776 13.903342649789355 28.45894745896574
98 11841.4245039 30.885409652394642 -96.71760134230776 13.903342649789355 28.45894745896574
100 11841.4245039 30.885409652394642 -96.71760134230776 13.903342649789355 28.45894745896574
102 11841.4245039 30.885409652394642 -96.71760134230776 13.903342649789355 28.45894745896574
104 11243.3666588 -3.883981830851404 -98.24245637338093 13.638251180581303 9.211814404911781
106 11243.3666588 -3.883981830851404 -98.24245637338093 13.638251180581303 9.211814404911781
108 11243.3666588 -3.883981830851404 -98.24245637338093 13.638251180581303 9.211814404911781
110 11243.3666588 -3.883981830851404 -98.24245637338093 13.638251180581303 9.211814404911781
112 11243.3666588 -3.883981830851404 -98.24245637338093 13.638251180581303 9.211814404911781
114 11243.3666588 -3.883981830851404 -98.24245637338093 13.638251180581303 9.211814404911781
116 11243.3666588 -3.883981830851404 -98.24245637338093 13.638251180581303 9.211814404911781
118 11037.1327447 -27.37377093274938 -91.70952745313325 1.9337349063386 7.035364984955423
120 10785.6101766 -2.885768658514859 -96.49720641903522 -2.3226599488309034 -4.947792957067707
122 10785.6101766 -2.885768658514859 -96.49720641903522 -2.3226599488309034 -4.947792957067707
124 10785.6101766 -2.885768658514859 -96.49720641903522 -2.3226599488309034 -4.947792957067707
126 10785.6101766 -2.885768658514859 -96.49720641903522 -2.3226599488309034 -4.947792957067707
128 10211.422211 -18.314919172140456 -88.96603337029255 -5.757128823857346 17.48136358399971
130 10211.422211 -18.314919172140456 -88.96603337029255 -5.757128823857346 17.48136358399971
132 10211.422211 -18.314919172140456 -88.96603337029255 -5.757128823857346 17.48136358399971
134 10211.422211 -18.314919172140456 -88.96603337029255 -5.757128823857346 17.48136358399971
136 10211.422211 -18.314919172140456 -88.96603337029255 -5.757128823857346 17.48136358399971
138 10211.422211 -18.314919172140456 -88.96603337029255 -5.757128823857346 17.48136358399971
140 10211.422211 -18.314919172140456 -88.96603337029255 -5.757128823857346 17.48136358399971
142 10211.422211 -18.314919172140456 -88.96603337029255 -5.757128823857346 17.48136358399971
144 10211.422211 -18.314919172140456 -88.96603337029255 -5.757128823857346 17.48136358399971
146 10211.422211 -18.314919172140456 -88.96603337029255 -5.757128823857346 17.48136358399971
148 10211.422211 -18.314919172140456 -88.96603337029255 -5.757128823857346 17.48136358399971
150 10086.083962 -4.3464208198611765 -89.4242316302691 23.78691891863197 19.41511227320547
152 10086.083962 -4.3464208198611765 -89.4242316302691 23.78691891863197 19.41511227320547
154 10086.083962 -4.3464208198611765 -89.4242316302691 23.78691891863197 19.41511227320547
156 10086.083962 -4.3464208198611765 -89.4242316302691 23.78691891863197 19.41511227320547
158 10086.083962 -4.3464208198611765 -89.4242316302691 23.78691891863197 19.41511227320547
160 10086.083962 -4.3464208198611765 -89.4242316302691 23.78691891863197 19.41511227320547
162 10086.083962 -4.3464208198611765 -89.4242316302691 23.78691891863197 19.41511227320547
164 10086.083962 -4.3464208198611765 -89.4242316302691 23.78691891863197 19.41511227320547
166 10086.083962 -4.3464208198611765 -89.4242316302691 23.78691891863197 19.41511227320547
168 10086.083962 -4.3464208198611765 -89.4242316302691 23.78691891863197 19.41511227320547
170 10086.083962 -4.3464208198611765 -89.4242316302691 23.78691891863197 19.41511227320547
172 10086.083962 -4.3464208198611765 -89.4242316302691 23.78691891863197 19.41511227320547
174 10086.083962 -4.3464208198611765 -89.4242316302691 23.78691891863197 19.41511227320547
176 10086.083962 -4.3464208198611765 -89.4242316302691 23.78691891863197 19.41511227320547
178 10086.083962 -4.3464208198611765 -89.4242316302691 23.78691891863197 19.41511227320547
180 10086.083962 -4.3464208198611765 -89.4242316302691 23.78691891863197 19.41511227320547
182 10086.083962 -4.3464208198611765 -89.4242316302691 23.78691891863197 19.41511227320547
184 10086.083962 -4.3464208198611765 -89.4242316302691 23.78691891863197 19.41511227320547
186 10086.083962 -4.3464208198611765 -89.4242316302691 23.78691891863197 19.41511227320547
188 10086.083962 -4.3464208198611765 -89.4242316302691 23.78691891863197 19.41511227320547
190 10086.083962 -4.3464208198611765 -89.4242316302691 23.78691891863197 19.41511227320547
192 10086.083962 -4.3464208198611765 -89.4242316302691 23.78691891863197 19.41511227320547
194 10086.083962 -4.3464208198611765 -89.4242316302691 23.78691891863197 19.41511227320547
196 10086.083962 -4.3464208198611765 -89.4242316302691 23.78691891863197 19.41511227320547
198 10086.083962 -4.3464208198611765 -89.4242316302691 23.78691891863197 19.41511227320547
