0 80137.118573 -57.53913342120182 19.289373139697467 -165.3803511224155 218.01978106676432
2 80137.118573 -57.53913342120182 19.289373139697467 -165.3803511224155 218.01978106676432
4 80137.118573 -57.53913342120182 19.289373139697467 -165.3803511224155 218.01978106676432
6 80137.118573 -57.53913342120182 19.289373139697467 -165.3803511224155 218.01978106676432
8 76184.1839419 -25.95409296577957 16.5789831369769 -143.6412375497326 232.0395503640947
10 71591.492745 -45.058169131698705 36.02538584040698 -136.01027529281902 221.08241031984872
12 71396.0355175 -71.80582372290344 48.19948673822306 -134.36056256853388 211.11166933653462
14 71396.0355175 -71.80582372290344 48.19948673822306 -134.36056256853388 211.11166933653462
16 67789.9433681 -54.09570585700935 50.136164678530804 -126.98724328750878 212.97818687429805
18 57075.3438569 -73.76936323774702 23.690713534354167 -119.75724412612307 187.339030162296
20 57075.3438569 -73.76936323774702 23.690713534354167 -119.75724412612307 187.339030162296
22 57075.3438569 -73.76936323774702 23.690713534354167 -119.75724412612307 187.339030162296
24 57075.3438569 -73.76936323774702 23.690713534354167 -119.75724412612307 187.339030162296
26 57075.3438569 -73.76936323774702 23.690713534354167 -119.75724412612307 187.339030162296
28 57075.3438569 -73.76936323774702 23.690713534354167 -119.75724412612307 187.339030162296
30 48668.3102741 -81.33687739400715 42.81128786004053 -116.3473760677249 158.28631416172243
32 48668.3102741 -81.33687739400715 42.81128786004053 -116.3473760677249 158.28631416172243
34 39782.9080976 -80.47096778393974 51.160759353651024 -100.3810281029109 138.39689640428887
36 35249.2314062 -68.67004961580551 45.679749793661706 -107.39437681602399 124.67913014385869
38 35249.2314062 -68.67004961580551 45.679749793661706 -107.39437681602399 124.67913014385869
40 35249.2314062 -68.67004961580551 45.679749793661706 -107.39437681602399 124.67913014385869
42 34319.1318298 -51.95125454878271 45.805783561169385 -101.80659222497393 134.9025539188767
44 34319.1318298 -51.95125454878271 45.805783561169385 -101.80659222497393 134.9025539188767
46 34319.1318298 -51.95125454878271 45.805783561169385 -101.80659222497393 134.9025539188767
48 34319.1318298 -51.95125454878271 45.805783561169385 -101.80659222497393 134.9025539188767
50 34319.1318298 -51.95125454878271 45.805783561169385 -101.80659222497393 134.9025539188767
52 27016.4535169 -62.599632312223086 54.477694493861165 -92.85948889532561 101.80254545985882
54 26369.6850262 -80.0316777790291 72.07948960884758 -72.4293603844509 91.60037719177059
56 26369.6850262 -80.0316777790291 72.07948960884758 -72.4293603844509 91.60037719177059
58 26369.6850262 -80.0316777790291 72.07948960884758 -72.4293603844509 91.60037719177059
60 26369.6850262 -80.0316777790291 72.07948960884758 -72.4293603844509 91.60037719177059
62 26369.6850262 -80.0316777790291 72.07948960884758 -72.4293603844509 91.60037719177059
64 23984.3103836 -77.18382929248956 66.55722880246523 -73.44854563401645 83.67868097263016
66 19506.2571592 -66.26996614933608 69.76435225508098 -68.80246282366673 67.22803073112404
68 19506.2571592 -66.26996614933608 69.76435225508098 -68.80246282366673 67.22803073112404
70 16074.2131336 -46.01323012808857 71.78311740230535 -65.1800019199755 63.722474264253684
72 16074.2131336 -46.01323012808857 71.78311740230535 -65.1800019199755 63.722474264253684
74 16074.2131336 -46.01323012808857 71.78311740230535 -65.1800019199755 63.722474264253684
76 14136.2306487 -33.061720218479465 78.63853096375799 -51.27139193331475 64.58856904910105
78 14136.2306487 -33.061720218479465 78.63853096375799 -51.27139193331475 64.58856904910105
80 14136.2306487 -33.061720218479465 78.63853096375799 -51.27139193331475 64.58856904910105
82 14136.2306487 -33.061720218479465 78.63853096375799 -51.27139193331475 64.58856904910105
84 14136.2306487 -33.061720218479465 78.63853096375799 -51.27139193331475 64.58856904910105
86 11339.0969467 -9.860926134651685 61.90532990001057 -55.64097277019934 67.08372385210963
88 11339.0969467 -9.860926134651685 61.90532990001057 -55.64097277019934 67.08372385210963
90 11339.0969467 -9.860926134651685 61.90532990001057 -55.64097277019934 67.08372385210963
92 11339.0969467 -9.860926134651685 61.90532990001057 -55.64097277019934 67.08372385210963
94 11226.8036075 -29.032318976719235 22.85278101427165 -57.6047152906042 76.83212912831588
96 10895.3473957 -23.51607977995911 14.55403188522228 -59.73844484145597 76.70240532435345
98 10895.3473957 -23.51607977995911 14.55403188522228 -59.73844484145597 76.70240532435345
