2.012731730937957764e-01
1.995428651571273804e-01
1.980274468660354614e-01
1.967258155345916748e-01
1.956283599138259888e-01
1.947174370288848877e-01
1.939693987369537354e-01
1.933581531047821045e-01
1.928582191467285156e-01
1.924474984407424927e-01
1.921072304248809814e-01
1.918227672576904297e-01
1.915825754404067993e-01
1.913776695728302002e-01
1.912009865045547485e-01
1.910471320152282715e-01
1.909117400646209717e-01
1.907913386821746826e-01
1.906829923391342163e-01
1.905843913555145264e-01
1.904933452606201172e-01
1.904082298278808594e-01
1.903272718191146851e-01
1.902488470077514648e-01
1.901714503765106201e-01
1.900933235883712769e-01
1.900125294923782349e-01
1.899267435073852539e-01
1.898330897092819214e-01
1.897278279066085815e-01
1.896060556173324585e-01
1.894605159759521484e-01
1.892815083265304565e-01
1.890545338392257690e-01
1.887587308883666992e-01
1.883639544248580933e-01
1.878280788660049438e-01
1.870974004268646240e-01
1.861156374216079712e-01
1.848509460687637329e-01
1.833371669054031372e-01
1.816965490579605103e-01
1.800953745841979980e-01
1.786525696516036987e-01
1.773971766233444214e-01
1.762977838516235352e-01
1.753069311380386353e-01
1.743818670511245728e-01
1.734879761934280396e-01
1.725948452949523926e-01
1.716749519109725952e-01
1.707033067941665649e-01
1.696596443653106689e-01
1.685325652360916138e-01
1.673225015401840210e-01
1.660414040088653564e-01
1.647088825702667236e-01
1.633474826812744141e-01
1.619806438684463501e-01
1.606357842683792114e-01
1.593459546566009521e-01
1.581434756517410278e-01
1.570442020893096924e-01
1.560292392969131470e-01
1.550378203392028809e-01
1.539762616157531738e-01
1.527456790208816528e-01
1.512773782014846802e-01
1.495616137981414795e-01
1.476517021656036377e-01
1.456400901079177856e-01
1.436231136322021484e-01
1.416815072298049927e-01
1.398964524269104004e-01
1.382731497287750244e-01
1.366284340620040894e-01
1.347756236791610718e-01
1.326752454042434692e-01
1.304252147674560547e-01
1.282200962305068970e-01
1.262504905462265015e-01
1.246106028556823730e-01
1.232886686921119690e-01
1.222129985690116882e-01
1.212987229228019714e-01
1.204733997583389282e-01
1.196860745549201965e-01
1.189085841178894043e-01
1.181312575936317444e-01
1.173508837819099426e-01
1.165491640567779541e-01
1.156747788190841675e-01
1.146516203880310059e-01
1.134193688631057739e-01
1.119463965296745300e-01
1.101975962519645691e-01
1.081820577383041382e-01
1.060256808996200562e-01
1.039118319749832153e-01
1.019353941082954407e-01
1.001427546143531799e-01
9.859932214021682739e-02
9.729368239641189575e-02
9.615889936685562134e-02
9.524333477020263672e-02
9.456864744424819946e-02
9.412210434675216675e-02
9.389273822307586670e-02
9.395036101341247559e-02
9.409850835800170898e-02
9.402078390121459961e-02
9.371132403612136841e-02
9.317527711391448975e-02
9.235613048076629639e-02
9.133110940456390381e-02
9.024018049240112305e-02
8.916884660720825195e-02
8.811863511800765991e-02
8.705800771713256836e-02
8.600645512342453003e-02
8.498778939247131348e-02
8.400067687034606934e-02
8.303278684616088867e-02
8.208294957876205444e-02
8.117843419313430786e-02
8.035970479249954224e-02
7.962508499622344971e-02
7.893100380897521973e-02
7.847072184085845947e-02
7.813253998756408691e-02
7.780531793832778931e-02
7.749955356121063232e-02
7.721263915300369263e-02
7.694048434495925903e-02
7.667957246303558350e-02
7.642815262079238892e-02
7.618629187345504761e-02
7.595746219158172607e-02
7.575071603059768677e-02
7.557415962219238281e-02
7.541818171739578247e-02
7.525168359279632568e-02
7.504006475210189819e-02
7.476919144392013550e-02
7.445842027664184570e-02
7.409350574016571045e-02
7.360745221376419067e-02
7.301682233810424805e-02
7.240711152553558350e-02
7.185187935829162598e-02
7.133796811103820801e-02
7.067051529884338379e-02
7.016354799270629883e-02
6.976409256458282471e-02
6.938917934894561768e-02
6.902547180652618408e-02
6.866430491209030151e-02
6.830118596553802490e-02
6.793660670518875122e-02
6.757346540689468384e-02
6.721467524766921997e-02
6.686168909072875977e-02
6.651370972394943237e-02
6.616979837417602539e-02
6.583014130592346191e-02
6.549546122550964355e-02
6.516559422016143799e-02
6.483791023492813110e-02
6.450702250003814697e-02
6.416593492031097412e-02
6.381580978631973267e-02
6.349101662635803223e-02
6.326761096715927124e-02
6.309278309345245361e-02
6.284384429454803467e-02
6.260352581739425659e-02
6.239690259099006653e-02
6.222668662667274475e-02
6.208868697285652161e-02
6.197778135538101196e-02
6.189217790961265564e-02
6.183625012636184692e-02
6.182276085019111633e-02
6.187653169035911560e-02
6.202783063054084778e-02
6.227580457925796509e-02
6.257225573062896729e-02
6.287403404712677002e-02
6.316899508237838745e-02
6.346417218446731567e-02
6.377066671848297119e-02
6.409095972776412964e-02
6.441091746091842651e-02
6.470315903425216675e-02
6.494214385747909546e-02
6.515268981456756592e-02
6.544023007154464722e-02
6.547179818153381348e-02
6.484555453062057495e-02
6.477975845336914062e-02
6.412019580602645874e-02
6.322506070137023926e-02
6.255310773849487305e-02
6.266386806964874268e-02
6.272857636213302612e-02
6.320692598819732666e-02
6.329691410064697266e-02
6.313554197549819946e-02
6.157551333308219910e-02
5.981404334306716919e-02
5.997718870639801025e-02
5.934118852019309998e-02
5.972864851355552673e-02
5.928714200854301453e-02
5.953515693545341492e-02
5.939003080129623413e-02
5.987321957945823669e-02
6.202024593949317932e-02
6.167462468147277832e-02
6.329086422920227051e-02
6.030178442597389221e-02
6.033106520771980286e-02
5.978991836309432983e-02
5.912404507398605347e-02
5.884933099150657654e-02
6.120443716645240784e-02
6.121888384222984314e-02
6.494804471731185913e-02
6.395738571882247925e-02
5.995294451713562012e-02
6.408891826868057251e-02
5.987705662846565247e-02
6.472407281398773193e-02
6.024915724992752075e-02
6.731496751308441162e-02
6.427031755447387695e-02
6.501681357622146606e-02
6.340149790048599243e-02
6.410591304302215576e-02
6.040092930197715759e-02
5.819419398903846741e-02
6.115242466330528259e-02
5.873984843492507935e-02
5.897642672061920166e-02
6.391657143831253052e-02
5.798332765698432922e-02
6.566137820482254028e-02
6.573862582445144653e-02
6.334504485130310059e-02
6.729050725698471069e-02
6.274568289518356323e-02
6.306833773851394653e-02
6.523212045431137085e-02
6.304490566253662109e-02
6.483060121536254883e-02
6.207791343331336975e-02
6.213129684329032898e-02
6.751663237810134888e-02
6.321439146995544434e-02
6.620413064956665039e-02
6.247540190815925598e-02
6.440327316522598267e-02
6.227567791938781738e-02
6.310566514730453491e-02
6.514640897512435913e-02
5.565006285905838013e-02
6.564529985189437866e-02
6.396837532520294189e-02
6.511747092008590698e-02
6.018507480621337891e-02
6.667685508728027344e-02
6.809464842081069946e-02
6.571580469608306885e-02
6.667078286409378052e-02
6.627833843231201172e-02
6.688580662012100220e-02
6.641673296689987183e-02
6.675247102975845337e-02
6.876280158758163452e-02
6.881795823574066162e-02
6.784706562757492065e-02
6.471604108810424805e-02
6.677512079477310181e-02
6.363142281770706177e-02
6.662567704916000366e-02
6.723956018686294556e-02
6.714031845331192017e-02
6.774513423442840576e-02
6.781648844480514526e-02
6.620319932699203491e-02
6.757286936044692993e-02
6.638298183679580688e-02
6.601121276617050171e-02
6.752756983041763306e-02
6.767817586660385132e-02
6.714046001434326172e-02
6.762836128473281860e-02
6.678594648838043213e-02
6.655726581811904907e-02
6.640300899744033813e-02
6.681269407272338867e-02
6.595963984727859497e-02
6.731674075126647949e-02
6.595344096422195435e-02
6.719346344470977783e-02
6.616980582475662231e-02
6.651083379983901978e-02
6.651175767183303833e-02
6.673001497983932495e-02
6.516656279563903809e-02
6.575242429971694946e-02
6.558898836374282837e-02
6.517986953258514404e-02
6.525444984436035156e-02
6.486842781305313110e-02
6.480088084936141968e-02
6.484837830066680908e-02
6.539703160524368286e-02
6.553588807582855225e-02
6.621009856462478638e-02
6.695354729890823364e-02
6.482318788766860962e-02
6.720902770757675171e-02
6.549397110939025879e-02
6.686861813068389893e-02
6.480663269758224487e-02
6.508246064186096191e-02
6.395944952964782715e-02
6.533870100975036621e-02
6.544378399848937988e-02
6.205201894044876099e-02
6.515735387802124023e-02
6.545191258192062378e-02
6.377255916595458984e-02
6.554197520017623901e-02
6.548662483692169189e-02
6.592001765966415405e-02
6.377889961004257202e-02
6.427843123674392700e-02
6.511371582746505737e-02
6.688805669546127319e-02
6.603551656007766724e-02
6.660158187150955200e-02
6.273044645786285400e-02
6.464174389839172363e-02
6.764101982116699219e-02
6.706555187702178955e-02
6.542179733514785767e-02
6.430353224277496338e-02
6.539363414049148560e-02
6.410811096429824829e-02
6.364336609840393066e-02
6.324765831232070923e-02
6.597010791301727295e-02
6.448893994092941284e-02
6.483683735132217407e-02
6.431297212839126587e-02
6.695321202278137207e-02
6.611777096986770630e-02
6.680591404438018799e-02
6.549906730651855469e-02
6.617372483015060425e-02
6.633818149566650391e-02
6.514164805412292480e-02
6.585992127656936646e-02
6.498692184686660767e-02
6.582197546958923340e-02
6.313045322895050049e-02
6.273861974477767944e-02
6.328755617141723633e-02
6.225569918751716614e-02
6.279853731393814087e-02
6.629563868045806885e-02
6.575427949428558350e-02
6.568857282400131226e-02
6.599129736423492432e-02
6.254173815250396729e-02
6.485512852668762207e-02
6.668944656848907471e-02
6.418754905462265015e-02
6.687317788600921631e-02
6.744997203350067139e-02
6.330198049545288086e-02
6.790059804916381836e-02
6.776071339845657349e-02
6.814853847026824951e-02
6.832538545131683350e-02
6.789300590753555298e-02
6.610455363988876343e-02
6.910911202430725098e-02
6.685028970241546631e-02
6.985846161842346191e-02
7.020426541566848755e-02
7.018686085939407349e-02
7.060147821903228760e-02
7.105986773967742920e-02
7.041709870100021362e-02
7.036673277616500854e-02
7.113726437091827393e-02
7.147904485464096069e-02
7.045850902795791626e-02
6.813841313123703003e-02
6.939188390970230103e-02
6.980206817388534546e-02
7.033558189868927002e-02
6.488706916570663452e-02
6.629994511604309082e-02
6.583600491285324097e-02
6.756745278835296631e-02
6.715498864650726318e-02
6.761479377746582031e-02
6.956671923398971558e-02
6.946650892496109009e-02
6.890196353197097778e-02
6.849173456430435181e-02
6.824424862861633301e-02
6.783939898014068604e-02
6.774140894412994385e-02
6.941468268632888794e-02
7.316068559885025024e-02
7.323855906724929810e-02
7.318216562271118164e-02
7.273491472005844116e-02
7.159672677516937256e-02
6.978893280029296875e-02
7.419034838676452637e-02
7.375591248273849487e-02
7.298012077808380127e-02
7.283898442983627319e-02
7.213430851697921753e-02
7.128371298313140869e-02
7.205286622047424316e-02
6.561414152383804321e-02
7.307608425617218018e-02
7.360860705375671387e-02
6.987443566322326660e-02
7.351169735193252563e-02
7.319159060716629028e-02
7.345193624496459961e-02
7.226892560720443726e-02
7.363216578960418701e-02
7.430768758058547974e-02
7.457198947668075562e-02
7.472968101501464844e-02
7.491815090179443359e-02
7.466204464435577393e-02
7.370433956384658813e-02
7.428987324237823486e-02
7.580386847257614136e-02
7.311245054006576538e-02
7.391293346881866455e-02
7.484211027622222900e-02
7.408547401428222656e-02
7.518711686134338379e-02
7.500704377889633179e-02
7.525648176670074463e-02
8.065402507781982422e-02
7.964467257261276245e-02
7.690174132585525513e-02
7.544696331024169922e-02
7.688540220260620117e-02
7.569326460361480713e-02
8.020723611116409302e-02
8.114738762378692627e-02
8.549827337265014648e-02
8.208209276199340820e-02
8.721037954092025757e-02
8.004633337259292603e-02
8.150824159383773804e-02
8.046912401914596558e-02
8.107759058475494385e-02
7.726179063320159912e-02
7.886096090078353882e-02
7.987115532159805298e-02
7.942286878824234009e-02
8.129279315471649170e-02
8.188472688198089600e-02
8.182567358016967773e-02
8.243101090192794800e-02
8.335448801517486572e-02
8.225750923156738281e-02
8.340924233198165894e-02
8.030044287443161011e-02
8.024311810731887817e-02
8.149681985378265381e-02
8.333951234817504883e-02
8.090949058532714844e-02
7.871314883232116699e-02
7.723219692707061768e-02
8.363869041204452515e-02
8.024446666240692139e-02
8.745706826448440552e-02
7.861841470003128052e-02
8.119495213031768799e-02
8.876525610685348511e-02
8.007495850324630737e-02
8.392711728811264038e-02
7.998377829790115356e-02
8.356558531522750854e-02
8.122105896472930908e-02
