2.673400044441223145e-01
3.145399987697601318e-01
3.310000002384185791e-01
3.427799940109252930e-01
3.507199883460998535e-01
3.547399938106536865e-01
3.599799871444702148e-01
3.657200038433074951e-01
3.674399852752685547e-01
3.719399869441986084e-01
3.736799955368041992e-01
3.776800036430358887e-01
3.811199963092803955e-01
3.827799856662750244e-01
3.831000030040740967e-01
3.868199884891510010e-01
3.876399993896484375e-01
3.884400129318237305e-01
3.912400007247924805e-01
3.927400112152099609e-01
3.918200135231018066e-01
3.960199952125549316e-01
3.953399956226348877e-01
3.991400003433227539e-01
4.008400142192840576e-01
4.004000127315521240e-01
4.046199917793273926e-01
4.052200019359588623e-01
4.016999900341033936e-01
4.073399901390075684e-01
4.093399941921234131e-01
4.070399999618530273e-01
4.084199965000152588e-01
4.117600023746490479e-01
4.130400121212005615e-01
4.125800132751464844e-01
4.129199981689453125e-01
4.129599928855895996e-01
4.160799980163574219e-01
4.169000089168548584e-01
4.149999916553497314e-01
4.180600047111511230e-01
4.170399904251098633e-01
4.213399887084960938e-01
4.204800128936767578e-01
4.219999909400939941e-01
4.219999909400939941e-01
4.247199892997741699e-01
4.250999987125396729e-01
4.272600114345550537e-01
4.264599978923797607e-01
4.272400140762329102e-01
4.329800009727478027e-01
4.302200078964233398e-01
4.326600134372711182e-01
4.320000112056732178e-01
4.270800054073333740e-01
4.376400113105773926e-01
4.335199892520904541e-01
4.383400082588195801e-01
4.346399903297424316e-01
4.398399889469146729e-01
4.402999877929687500e-01
4.392200112342834473e-01
4.438799917697906494e-01
4.394800066947937012e-01
4.468399882316589355e-01
4.452399909496307373e-01
4.449400007724761963e-01
4.465599954128265381e-01
4.458799958229064941e-01
4.452399909496307373e-01
4.495800137519836426e-01
4.465200006961822510e-01
4.513800144195556641e-01
4.489800035953521729e-01
4.480800032615661621e-01
4.523400068283081055e-01
4.535999894142150879e-01
4.521400034427642822e-01
4.510999917984008789e-01
4.523200094699859619e-01
4.553999900817871094e-01
4.542999863624572754e-01
4.531199932098388672e-01
4.554199874401092529e-01
4.560599923133850098e-01
4.569199979305267334e-01
4.565599858760833740e-01
4.578799903392791748e-01
4.578999876976013184e-01
4.585199952125549316e-01
4.585199952125549316e-01
4.599199891090393066e-01
4.612399935722351074e-01
4.620600044727325439e-01
4.620000123977661133e-01
4.601399898529052734e-01
4.586600065231323242e-01
4.603399932384490967e-01
4.643000066280364990e-01
4.622400104999542236e-01
4.648799896240234375e-01
4.648999869823455811e-01
4.622400104999542236e-01
4.648399949073791504e-01
4.625999927520751953e-01
4.632000029087066650e-01
4.670200049877166748e-01
4.671399891376495361e-01
4.686000049114227295e-01
4.660800099372863770e-01
4.672800004482269287e-01
4.691399931907653809e-01
4.687399864196777344e-01
4.669199883937835693e-01
4.692400097846984863e-01
4.727799892425537109e-01
4.697799980640411377e-01
4.724400043487548828e-01
4.722799956798553467e-01
4.711399972438812256e-01
4.712600111961364746e-01
4.713400006294250488e-01
4.701400101184844971e-01
4.723800122737884521e-01
4.717000126838684082e-01
4.757600128650665283e-01
4.723199903964996338e-01
4.734599888324737549e-01
4.736199975013732910e-01
4.724200069904327393e-01
4.745199978351593018e-01
4.745399951934814453e-01
4.751800000667572021e-01
4.750800132751464844e-01
4.733799993991851807e-01
4.762000143527984619e-01
4.797399938106536865e-01
4.795399904251098633e-01
4.792200028896331787e-01
4.755600094795227051e-01
4.759399890899658203e-01
4.732800126075744629e-01
4.781799912452697754e-01
4.812999963760375977e-01
4.806399941444396973e-01
4.781000018119812012e-01
4.794799983501434326e-01
4.803400039672851562e-01
4.791400134563446045e-01
4.799799919128417969e-01
4.782800078392028809e-01
4.823000133037567139e-01
4.803200066089630127e-01
4.790000021457672119e-01
4.807600080966949463e-01
4.808999896049499512e-01
4.796000123023986816e-01
4.797199964523315430e-01
4.832800030708312988e-01
4.813799858093261719e-01
4.818800091743469238e-01
4.853999912738800049e-01
4.819599986076354980e-01
4.855400025844573975e-01
4.872199892997741699e-01
4.869199991226196289e-01
4.846000075340270996e-01
4.860399961471557617e-01
4.827400147914886475e-01
4.866999983787536621e-01
4.844000041484832764e-01
4.881600141525268555e-01
4.852600097656250000e-01
4.888400137424468994e-01
4.878000020980834961e-01
4.875400066375732422e-01
4.856199920177459717e-01
4.861199855804443359e-01
4.818199872970581055e-01
4.866200089454650879e-01
4.908599853515625000e-01
4.896399974822998047e-01
4.871799945831298828e-01
4.883399903774261475e-01
4.880200028419494629e-01
4.845600128173828125e-01
4.858199954032897949e-01
4.930199980735778809e-01
4.893000125885009766e-01
4.910599887371063232e-01
4.894799888134002686e-01
4.913600087165832520e-01
4.886400103569030762e-01
4.893999993801116943e-01
4.909799993038177490e-01
4.917599856853485107e-01
4.932599961757659912e-01
4.892799854278564453e-01
4.900200068950653076e-01
4.905399978160858154e-01
4.923200011253356934e-01
4.924199879169464111e-01
4.940400123596191406e-01
4.902999997138977051e-01
4.935199916362762451e-01
4.903799891471862793e-01
4.902999997138977051e-01
4.889400005340576172e-01
4.918000102043151855e-01
4.909999966621398926e-01
4.937799870967864990e-01
4.956800043582916260e-01
4.949600100517272949e-01
4.950599968433380127e-01
4.904800057411193848e-01
4.967199862003326416e-01
4.974600076675415039e-01
4.922600090503692627e-01
4.965400099754333496e-01
4.954800009727478027e-01
4.968400001525878906e-01
4.959399998188018799e-01
4.934599995613098145e-01
4.955599904060363770e-01
4.963600039482116699e-01
4.954000115394592285e-01
4.947400093078613281e-01
4.966199994087219238e-01
4.988400042057037354e-01
4.930599927902221680e-01
4.976199865341186523e-01
4.942800104618072510e-01
4.985199868679046631e-01
4.988799989223480225e-01
4.981000125408172607e-01
4.980799853801727295e-01
4.974400103092193604e-01
4.980199933052062988e-01
4.986999928951263428e-01
4.989399909973144531e-01
4.976800084114074707e-01
4.983600080013275146e-01
4.968799948692321777e-01
4.967600107192993164e-01
4.970600008964538574e-01
4.990800023078918457e-01
5.007399916648864746e-01
5.001400113105773926e-01
5.010600090026855469e-01
4.975000023841857910e-01
5.012199878692626953e-01
5.002400279045104980e-01
4.977000057697296143e-01
4.994800090789794922e-01
4.997400045394897461e-01
4.999000132083892822e-01
4.992600083351135254e-01
4.992600083351135254e-01
4.992600083351135254e-01
5.008000135421752930e-01
5.029799938201904297e-01
4.974600076675415039e-01
5.016000270843505859e-01
5.034800171852111816e-01
5.042399764060974121e-01
5.023400187492370605e-01
5.024999976158142090e-01
5.004600286483764648e-01
5.003600120544433594e-01
4.999000132083892822e-01
5.003200173377990723e-01
5.011799931526184082e-01
5.010399818420410156e-01
5.029600262641906738e-01
5.032200217247009277e-01
5.029399991035461426e-01
5.006200075149536133e-01
5.036399960517883301e-01
5.031999945640563965e-01
5.030000209808349609e-01
5.037000179290771484e-01
5.049600005149841309e-01
5.049600005149841309e-01
5.037000179290771484e-01
5.027800202369689941e-01
5.036600232124328613e-01
5.060799717903137207e-01
5.046600103378295898e-01
5.042200088500976562e-01
5.060399770736694336e-01
5.034400224685668945e-01
5.073599815368652344e-01
5.056200027465820312e-01
5.069800019264221191e-01
5.067399740219116211e-01
5.036399960517883301e-01
5.027999877929687500e-01
5.060799717903137207e-01
5.105000138282775879e-01
5.033400058746337891e-01
5.050399899482727051e-01
5.054799914360046387e-01
5.077000260353088379e-01
5.101799964904785156e-01
5.091999769210815430e-01
5.084800124168395996e-01
5.059800148010253906e-01
5.050600171089172363e-01
5.056800246238708496e-01
5.087199807167053223e-01
5.081400275230407715e-01
5.077999830245971680e-01
5.084199905395507812e-01
5.106800198554992676e-01
5.082600116729736328e-01
5.035799741744995117e-01
5.065600275993347168e-01
5.067200064659118652e-01
5.069400072097778320e-01
5.085399746894836426e-01
5.095999836921691895e-01
5.072600245475769043e-01
5.089600086212158203e-01
5.084599852561950684e-01
5.108000040054321289e-01
5.076400041580200195e-01
5.088000297546386719e-01
5.081800222396850586e-01
5.118799805641174316e-01
5.081400275230407715e-01
5.090799927711486816e-01
5.134000182151794434e-01
5.131400227546691895e-01
5.098999738693237305e-01
5.103999972343444824e-01
5.059999823570251465e-01
5.097200274467468262e-01
5.114399790763854980e-01
5.119000077247619629e-01
5.077199935913085938e-01
5.082600116729736328e-01
5.127000212669372559e-01
5.133000016212463379e-01
5.138400197029113770e-01
5.093600153923034668e-01
5.117800235748291016e-01
5.118600130081176758e-01
5.106800198554992676e-01
5.093799829483032227e-01
5.126399993896484375e-01
5.142599940299987793e-01
5.099800229072570801e-01
5.131000280380249023e-01
5.067600011825561523e-01
5.136200189590454102e-01
5.096399784088134766e-01
5.124400258064270020e-01
5.093200206756591797e-01
5.134199857711791992e-01
5.126600265502929688e-01
5.128399729728698730e-01
5.092800259590148926e-01
5.117599964141845703e-01
5.136600136756896973e-01
5.159599781036376953e-01
5.130800008773803711e-01
5.109800100326538086e-01
5.105800032615661621e-01
5.155599713325500488e-01
5.116400122642517090e-01
5.115200281143188477e-01
5.130199790000915527e-01
5.163400173187255859e-01
5.171999931335449219e-01
5.129200220108032227e-01
5.160599946975708008e-01
5.159000158309936523e-01
5.133600234985351562e-01
5.180000066757202148e-01
5.127599835395812988e-01
5.146800279617309570e-01
5.125600099563598633e-01
5.144600272178649902e-01
5.161399841308593750e-01
5.159599781036376953e-01
5.171399712562561035e-01
5.157999992370605469e-01
5.132600069046020508e-01
5.181800127029418945e-01
5.142599940299987793e-01
5.195599794387817383e-01
5.157999992370605469e-01
5.174800157546997070e-01
5.188000202178955078e-01
5.185199975967407227e-01
5.188000202178955078e-01
5.152400135993957520e-01
5.189399719238281250e-01
5.181199908256530762e-01
5.148199796676635742e-01
5.166199803352355957e-01
5.207800269126892090e-01
5.139399766921997070e-01
5.136399865150451660e-01
5.165600180625915527e-01
5.157999992370605469e-01
5.195199847221374512e-01
5.178800225257873535e-01
5.184199810028076172e-01
5.178999900817871094e-01
5.182999968528747559e-01
5.153999924659729004e-01
5.188599824905395508e-01
5.178400278091430664e-01
5.187399983406066895e-01
5.172600150108337402e-01
5.171599984169006348e-01
5.179799795150756836e-01
5.167999863624572754e-01
5.143799781799316406e-01
5.158399939537048340e-01
5.172200202941894531e-01
5.198799967765808105e-01
5.182999968528747559e-01
5.200799703598022461e-01
5.200200080871582031e-01
5.192599892616271973e-01
5.192800164222717285e-01
5.182200074195861816e-01
5.195000171661376953e-01
5.202800035476684570e-01
5.212200284004211426e-01
5.200999975204467773e-01
5.190399885177612305e-01
5.184199810028076172e-01
5.196599960327148438e-01
5.178999900817871094e-01
5.181800127029418945e-01
5.165200233459472656e-01
5.190799832344055176e-01
5.173000097274780273e-01
5.207399725914001465e-01
5.207200050354003906e-01
5.192999839782714844e-01
5.215799808502197266e-01
5.198799967765808105e-01
5.195199847221374512e-01
5.212399959564208984e-01
5.189999938011169434e-01
5.170999765396118164e-01
5.205600261688232422e-01
5.196599960327148438e-01
5.203599929809570312e-01
5.195800065994262695e-01
5.221199989318847656e-01
5.196400284767150879e-01
5.205600261688232422e-01
5.214400291442871094e-01
5.160400271415710449e-01
5.185999870300292969e-01
5.213599801063537598e-01
5.224400162696838379e-01
5.209199786186218262e-01
5.210999846458435059e-01
5.202199816703796387e-01
5.241000056266784668e-01
5.162400007247924805e-01
5.245000123977661133e-01
5.195400118827819824e-01
5.237799882888793945e-01
5.199599862098693848e-01
5.268200039863586426e-01
5.224599838256835938e-01
5.225399732589721680e-01
5.236200094223022461e-01
5.241400003433227539e-01
5.209599733352661133e-01
5.227800011634826660e-01
5.199199914932250977e-01
5.234400033950805664e-01
5.223799943923950195e-01
5.233399868011474609e-01
5.267199873924255371e-01
5.217800140380859375e-01
5.210199952125549316e-01
5.221199989318847656e-01
5.235800147056579590e-01
5.231400132179260254e-01
5.215200185775756836e-01
5.226399898529052734e-01
5.224800109863281250e-01
5.225800275802612305e-01
5.209599733352661133e-01
5.229600071907043457e-01
5.238800048828125000e-01
5.232999920845031738e-01
5.246199965476989746e-01
5.199999809265136719e-01
