2.409978210926055908e-01
2.340282201766967773e-01
2.267130762338638306e-01
2.186863273382186890e-01
2.100939601659774780e-01
2.014283984899520874e-01
1.930500566959381104e-01
1.850211918354034424e-01
1.774225383996963501e-01
1.705001294612884521e-01
1.643979549407958984e-01
1.590536832809448242e-01
1.543109714984893799e-01
1.500137150287628174e-01
1.460379213094711304e-01
1.422950774431228638e-01
1.387294977903366089e-01
1.353160738945007324e-01
1.320544928312301636e-01
1.289615184068679810e-01
1.260600537061691284e-01
1.233695149421691895e-01
1.208997592329978943e-01
1.186501458287239075e-01
1.166118681430816650e-01
1.147714033722877502e-01
1.131126508116722107e-01
1.116186305880546570e-01
1.102721467614173889e-01
1.090566441416740417e-01
1.079561486840248108e-01
1.069554835557937622e-01
1.060406863689422607e-01
1.051987335085868835e-01
1.044179126620292664e-01
1.036879047751426697e-01
1.029995530843734741e-01
1.023451015353202820e-01
1.017179042100906372e-01
1.011124029755592346e-01
1.005240082740783691e-01
9.994880855083465576e-02
9.938372671604156494e-02
9.882628172636032104e-02
9.827469289302825928e-02
9.772750735282897949e-02
9.718377888202667236e-02
9.664291143417358398e-02
9.610467404127120972e-02
9.556899964809417725e-02
9.503597021102905273e-02
9.450592100620269775e-02
9.397920966148376465e-02
9.345635026693344116e-02
9.293784201145172119e-02
9.242424368858337402e-02
9.191615134477615356e-02
9.141410887241363525e-02
9.091868996620178223e-02
9.043042361736297607e-02
8.994979411363601685e-02
8.947721123695373535e-02
8.901308476924896240e-02
8.855780214071273804e-02
8.811158686876296997e-02
8.767472207546234131e-02
8.724739402532577515e-02
8.682973682880401611e-02
8.642185479402542114e-02
8.602381497621536255e-02
8.563557267189025879e-02
8.525723218917846680e-02
8.488862961530685425e-02
8.452980965375900269e-02
8.418060094118118286e-02
8.384088426828384399e-02
8.351056277751922607e-02
8.318949490785598755e-02
8.287746459245681763e-02
8.257435262203216553e-02
8.228000998497009277e-02
8.199419081211090088e-02
8.171676844358444214e-02
8.144746720790863037e-02
8.118612319231033325e-02
8.093257993459701538e-02
8.068657666444778442e-02
8.044800162315368652e-02
8.021657913923263550e-02
7.999216020107269287e-02
7.977453619241714478e-02
7.956354320049285889e-02
7.935895025730133057e-02
7.916060090065002441e-02
7.896837592124938965e-02
7.878204435110092163e-02
7.860147953033447266e-02
7.842648029327392578e-02
7.825693488121032715e-02
7.809264212846755981e-02
7.793356478214263916e-02
7.777938246726989746e-02
7.763012498617172241e-02
7.748553901910781860e-02
7.734557241201400757e-02
7.720992714166641235e-02
7.707858830690383911e-02
7.695132493972778320e-02
7.682792097330093384e-02
7.670822739601135254e-02
7.659196108579635620e-02
7.647892087697982788e-02
7.636877149343490601e-02
7.626125961542129517e-02
7.615599036216735840e-02
7.605266571044921875e-02
7.595095038414001465e-02
7.585047185420989990e-02
7.575092464685440063e-02
7.565195113420486450e-02
7.555338740348815918e-02
7.545501738786697388e-02
7.535661011934280396e-02
7.525812089443206787e-02
7.515938580036163330e-02
7.506038248538970947e-02
7.496098428964614868e-02
7.486119866371154785e-02
7.476096600294113159e-02
7.466024905443191528e-02
7.455917447805404663e-02
7.445768266916275024e-02
7.435595989227294922e-02
7.425408810377120972e-02
7.415218651294708252e-02
7.405051589012145996e-02
7.394925504922866821e-02
7.384853810071945190e-02
7.374860346317291260e-02
7.364961504936218262e-02
7.355175912380218506e-02
7.345506548881530762e-02
7.335970550775527954e-02
7.326572388410568237e-02
7.317315787076950073e-02
7.308204472064971924e-02
7.299232482910156250e-02
7.290409505367279053e-02
7.281728088855743408e-02
7.273182272911071777e-02
7.264771312475204468e-02
7.256488502025604248e-02
7.248329371213912964e-02
7.240296900272369385e-02
7.232381403446197510e-02
7.224580645561218262e-02
7.216897606849670410e-02
7.209314405918121338e-02
7.201840728521347046e-02
7.194474339485168457e-02
7.187206298112869263e-02
7.180038094520568848e-02
7.172969728708267212e-02
7.165998220443725586e-02
7.159119844436645508e-02
7.152341306209564209e-02
7.145652920007705688e-02
7.139059901237487793e-02
7.132559269666671753e-02
7.126147300004959106e-02
7.119821757078170776e-02
7.113590836524963379e-02
7.107444852590560913e-02
7.101389765739440918e-02
7.095418125391006470e-02
7.089528441429138184e-02
7.083727419376373291e-02
7.078009098768234253e-02
7.072366029024124146e-02
7.066801190376281738e-02
7.061318308115005493e-02
7.055906206369400024e-02
7.050567120313644409e-02
7.045300304889678955e-02
7.040105760097503662e-02
7.034970074892044067e-02
7.029905170202255249e-02
7.024899870157241821e-02
7.019954919815063477e-02
7.015067338943481445e-02
7.010233402252197266e-02
7.005456835031509399e-02
7.000726461410522461e-02
6.996043771505355835e-02
6.991405040025711060e-02
6.986812502145767212e-02
6.982258707284927368e-02
6.977744400501251221e-02
6.973262876272201538e-02
6.968814879655838013e-02
6.964394450187683105e-02
6.960008293390274048e-02
6.955647468566894531e-02
6.951304525136947632e-02
6.946983933448791504e-02
6.942686438560485840e-02
6.938404589891433716e-02
6.934138387441635132e-02
6.929884105920791626e-02
6.925643980503082275e-02
6.921411305665969849e-02
6.917186081409454346e-02
6.912970542907714844e-02
6.908756494522094727e-02
6.904548406600952148e-02
6.900340318679809570e-02
6.896132230758666992e-02
6.891923397779464722e-02
6.887716054916381836e-02
6.883503496646881104e-02
6.879285722970962524e-02
6.875067204236984253e-02
6.870842725038528442e-02
6.866608560085296631e-02
6.862369179725646973e-02
6.858124583959579468e-02
6.853867322206497192e-02
6.849604099988937378e-02
6.845332682132720947e-02
6.841051578521728516e-02
6.836761534214019775e-02
6.832459568977355957e-02
6.828150153160095215e-02
6.823830306529998779e-02
6.819501519203186035e-02
6.815161556005477905e-02
6.810811161994934082e-02
6.806456297636032104e-02
6.802087277173995972e-02
6.797710806131362915e-02
6.793325394392013550e-02
6.788932532072067261e-02
6.784530729055404663e-02
6.780117005109786987e-02
6.775701791048049927e-02
6.771276891231536865e-02
6.766846776008605957e-02
6.762405484914779663e-02
6.757964193820953369e-02
6.753518432378768921e-02
6.749065220355987549e-02
6.744610518217086792e-02
6.740152090787887573e-02
6.735689193010330200e-02
6.731225550174713135e-02
6.726762652397155762e-02
6.722294539213180542e-02
6.717826426029205322e-02
6.713361293077468872e-02
6.708893924951553345e-02
6.704431027173995972e-02
6.699969619512557983e-02
6.695511937141418457e-02
6.691052764654159546e-02
6.686602532863616943e-02
6.682154536247253418e-02
6.677709519863128662e-02
6.673275679349899292e-02
6.668846309185028076e-02
6.664426624774932861e-02
6.660011410713195801e-02
6.655604392290115356e-02
6.651203334331512451e-02
6.646814197301864624e-02
6.642436236143112183e-02
6.638068705797195435e-02
6.633705645799636841e-02
6.629358977079391479e-02
6.625024229288101196e-02
6.620700657367706299e-02
6.616391986608505249e-02
6.612092256546020508e-02
6.607810407876968384e-02
6.603544205427169800e-02
6.599292904138565063e-02
6.595055758953094482e-02
6.590832769870758057e-02
6.586627662181854248e-02
6.582439690828323364e-02
6.578267365694046021e-02
6.574115157127380371e-02
6.569980829954147339e-02
6.565862149000167847e-02
6.561765819787979126e-02
6.557685881853103638e-02
6.553624570369720459e-02
6.549586355686187744e-02
6.545563787221908569e-02
6.541562080383300781e-02
6.537590175867080688e-02
6.533631682395935059e-02
6.529696285724639893e-02
6.525784730911254883e-02
6.521891057491302490e-02
6.518022716045379639e-02
6.514179706573486328e-02
6.510357558727264404e-02
6.506559997797012329e-02
6.502788513898849487e-02
6.499037891626358032e-02
6.495312601327896118e-02
6.491609662771224976e-02
6.487934291362762451e-02
6.484283506870269775e-02
6.480657309293746948e-02
6.477057188749313354e-02
6.473484635353088379e-02
6.469936668872833252e-02
6.466414034366607666e-02
6.462916731834411621e-02
6.459446996450424194e-02
6.456007063388824463e-02
6.452590227127075195e-02
6.449199467897415161e-02
6.445836275815963745e-02
6.442501395940780640e-02
6.439193338155746460e-02
6.435911357402801514e-02
6.432662159204483032e-02
6.429435312747955322e-02
6.426235288381576538e-02
6.423066556453704834e-02
6.419921666383743286e-02
6.416809558868408203e-02
6.413719803094863892e-02
6.410662829875946045e-02
6.407630443572998047e-02
6.404624134302139282e-02
6.401642411947250366e-02
6.398694962263107300e-02
6.395772844552993774e-02
6.392877548933029175e-02
6.390010565519332886e-02
6.387168914079666138e-02
6.384357064962387085e-02
6.381569802761077881e-02
6.378813832998275757e-02
6.376082450151443481e-02
6.373375654220581055e-02
6.370697915554046631e-02
6.368045508861541748e-02
6.365419179201126099e-02
6.362818926572799683e-02
6.360249221324920654e-02
6.357700377702713013e-02
6.355179101228713989e-02
6.352683156728744507e-02
6.350211799144744873e-02
6.347765773534774780e-02
6.345346570014953613e-02
6.342951953411102295e-02
6.340581178665161133e-02
6.338234245777130127e-02
6.335911899805068970e-02
6.333613395690917969e-02
6.331340223550796509e-02
6.329092383384704590e-02
6.326863914728164673e-02
6.324657797813415527e-02
6.322477012872695923e-02
6.320316344499588013e-02
6.318180263042449951e-02
6.316067278385162354e-02
6.313978880643844604e-02
6.311908364295959473e-02
6.309861689805984497e-02
6.307835131883621216e-02
6.305827200412750244e-02
6.303842365741729736e-02
6.301878392696380615e-02
6.299936026334762573e-02
6.298013031482696533e-02
6.296107918024063110e-02
6.294221431016921997e-02
6.292361766099929810e-02
6.290516257286071777e-02
6.288691610097885132e-02
6.286885589361190796e-02
6.285098940134048462e-02
6.283332407474517822e-02
6.281580775976181030e-02
6.279850751161575317e-02
6.278135627508163452e-02
6.276438385248184204e-02
6.274763494729995728e-02
6.273101270198822021e-02
6.271456182003021240e-02
6.269831210374832153e-02
6.268221884965896606e-02
6.266628205776214600e-02
6.265051662921905518e-02
6.263493746519088745e-02
6.261951476335525513e-02
6.260428577661514282e-02
6.258916109800338745e-02
6.257421523332595825e-02
6.255939602851867676e-02
6.254476308822631836e-02
6.253027915954589844e-02
6.251595169305801392e-02
6.250178813934326172e-02
6.248775124549865723e-02
6.247390806674957275e-02
6.246019154787063599e-02
6.244659423828125000e-02
6.243320181965827942e-02
6.241989880800247192e-02
6.240673735737800598e-02
6.239375472068786621e-02
6.238090991973876953e-02
6.236819922924041748e-02
6.235566362738609314e-02
6.234322488307952881e-02
6.233094632625579834e-02
6.231875717639923096e-02
6.230675429105758667e-02
6.229482591152191162e-02
6.228308007121086121e-02
6.227146834135055542e-02
6.225998327136039734e-02
6.224867701530456543e-02
6.223741173744201660e-02
6.222636252641677856e-02
6.221539527177810669e-02
6.220457330346107483e-02
6.219390034675598145e-02
6.218334287405014038e-02
6.217293441295623779e-02
6.216257810592651367e-02
6.215241551399230957e-02
6.214231997728347778e-02
6.213240325450897217e-02
6.212261319160461426e-02
6.211293488740921021e-02
6.210339069366455078e-02
6.209396943449974060e-02
6.208468601107597351e-02
6.207552924752235413e-02
6.206648424267768860e-02
6.205755099654197693e-02
6.204874068498611450e-02
6.204007193446159363e-02
6.203155964612960815e-02
6.202315166592597961e-02
6.201486662030220032e-02
6.200669333338737488e-02
6.199867278337478638e-02
6.199068576097488403e-02
6.198288127779960632e-02
6.197519972920417786e-02
6.196767836809158325e-02
6.196023896336555481e-02
6.195291876792907715e-02
6.194575130939483643e-02
6.193869560956954956e-02
6.193177774548530579e-02
6.192496791481971741e-02
6.191829219460487366e-02
6.191177293658256531e-02
6.190532445907592773e-02
6.189902871847152710e-02
6.189282983541488647e-02
6.188682466745376587e-02
6.188088655471801758e-02
6.187511235475540161e-02
6.186946108937263489e-02
6.186389550566673279e-02
6.185847520828247070e-02
6.185319274663925171e-02
6.184804812073707581e-02
6.184301897883415222e-02
6.183808669447898865e-02
6.183337420225143433e-02
6.182868778705596924e-02
6.182417646050453186e-02
6.181981042027473450e-02
6.181556731462478638e-02
6.181141734123229980e-02
6.180744618177413940e-02
6.180359050631523132e-02
6.179988011717796326e-02
6.179628893733024597e-02
6.179283931851387024e-02
6.178948283195495605e-02
6.178626790642738342e-02
6.178322434425354004e-02
6.178026273846626282e-02
6.177746132016181946e-02
6.177480518817901611e-02
6.177223846316337585e-02
