1.996696293354034424e-01
1.943846940994262695e-01
1.896903365850448608e-01
1.850710660219192505e-01
1.804824769496917725e-01
1.758739501237869263e-01
1.713343262672424316e-01
1.670337319374084473e-01
1.630735695362091064e-01
1.594378054141998291e-01
1.560470908880233765e-01
1.528107523918151855e-01
1.496556550264358521e-01
1.465327590703964233e-01
1.434189975261688232e-01
1.403120905160903931e-01
1.372248828411102295e-01
1.341774612665176392e-01
1.311928629875183105e-01
1.282941848039627075e-01
1.255043148994445801e-01
1.228432804346084595e-01
1.203269064426422119e-01
1.179654076695442200e-01
1.157624647021293640e-01
1.137161627411842346e-01
1.118201091885566711e-01
1.100650802254676819e-01
1.084397360682487488e-01
1.069323793053627014e-01
1.055316403508186340e-01
1.042266711592674255e-01
1.030077561736106873e-01
1.018656566739082336e-01
1.007926464080810547e-01
9.978141635656356812e-02
9.882575273513793945e-02
9.792016446590423584e-02
9.706007689237594604e-02
9.624145179986953735e-02
9.546124935150146484e-02
9.471663832664489746e-02
9.400518238544464111e-02
9.332477301359176636e-02
9.267330914735794067e-02
9.204881638288497925e-02
9.144946932792663574e-02
9.087345749139785767e-02
9.031894057989120483e-02
8.978445827960968018e-02
8.926849067211151123e-02
8.876968175172805786e-02
8.828693628311157227e-02
8.781902492046356201e-02
8.736503124237060547e-02
8.692403137683868408e-02
8.649518340826034546e-02
8.607769012451171875e-02
8.567097038030624390e-02
8.527438342571258545e-02
8.488728106021881104e-02
8.450924605131149292e-02
8.413982391357421875e-02
8.377858251333236694e-02
8.342517167329788208e-02
8.307909965515136719e-02
8.274020999670028687e-02
8.240810781717300415e-02
8.208259195089340210e-02
8.176345378160476685e-02
8.145040273666381836e-02
8.114312589168548584e-02
8.084165304899215698e-02
8.054575324058532715e-02
8.025509119033813477e-02
7.996969670057296753e-02
7.968936115503311157e-02
7.941392809152603149e-02
7.914328575134277344e-02
7.887732982635498047e-02
7.861596345901489258e-02
7.835906744003295898e-02
7.810647785663604736e-02
7.785815745592117310e-02
7.761406153440475464e-02
7.737398147583007812e-02
7.713787257671356201e-02
7.690578699111938477e-02
7.667742669582366943e-02
7.645291835069656372e-02
7.623202353715896606e-02
7.601469755172729492e-02
7.580089569091796875e-02
7.559058815240859985e-02
7.538361102342605591e-02
7.517997920513153076e-02
7.497950643301010132e-02
7.478216290473937988e-02
7.458791136741638184e-02
7.439667731523513794e-02
7.420835644006729126e-02
7.402287423610687256e-02
7.384007424116134644e-02
7.365996390581130981e-02
7.348245382308959961e-02
7.330735772848129272e-02
7.313470542430877686e-02
7.296423614025115967e-02
7.279594987630844116e-02
7.262953370809555054e-02
7.246496528387069702e-02
7.230193912982940674e-02
7.214022427797317505e-02
7.197953760623931885e-02
7.181951403617858887e-02
7.165970653295516968e-02
7.149967551231384277e-02
7.133887708187103271e-02
7.117670774459838867e-02
7.101269066333770752e-02
7.084625214338302612e-02
7.067707926034927368e-02
7.050491124391555786e-02
7.032975554466247559e-02
7.015182077884674072e-02
6.997156143188476562e-02
6.978955864906311035e-02
6.960651278495788574e-02
6.942303478717803955e-02
6.923989951610565186e-02
6.905760616064071655e-02
6.887682527303695679e-02
6.869798898696899414e-02
6.852138042449951172e-02
6.834747642278671265e-02
6.817628443241119385e-02
6.800796091556549072e-02
6.784261018037796021e-02
6.768012791872024536e-02
6.752060353755950928e-02
6.736382842063903809e-02
6.720979511737823486e-02
6.705843657255172729e-02
6.690958142280578613e-02
6.676319986581802368e-02
6.661917269229888916e-02
6.647739559412002563e-02
6.633783131837844849e-02
6.620040535926818848e-02
6.606497615575790405e-02
6.593163311481475830e-02
6.580018997192382812e-02
6.567068397998809814e-02
6.554304063320159912e-02
6.541719287633895874e-02
6.529314815998077393e-02
6.517077982425689697e-02
6.505017727613449097e-02
6.493120640516281128e-02
6.481387466192245483e-02
6.469816714525222778e-02
6.458400934934616089e-02
6.447146087884902954e-02
6.436037272214889526e-02
6.425077468156814575e-02
6.414260715246200562e-02
6.403589993715286255e-02
6.393064558506011963e-02
6.382670253515243530e-02
6.372408568859100342e-02
6.362281739711761475e-02
6.352281570434570312e-02
6.342407315969467163e-02
6.332660466432571411e-02
6.323035061359405518e-02
6.313522905111312866e-02
6.304125487804412842e-02
6.294848769903182983e-02
6.285681575536727905e-02
6.276619434356689453e-02
6.267666816711425781e-02
6.258813291788101196e-02
6.250061094760894775e-02
6.241408362984657288e-02
6.232849508523941040e-02
6.224390491843223572e-02
6.216019019484519958e-02
6.207739934325218201e-02
6.199546903371810913e-02
6.191441044211387634e-02
6.183416768908500671e-02
6.175469607114791870e-02
6.167605519294738770e-02
6.159813329577445984e-02
6.152103468775749207e-02
6.144459918141365051e-02
6.136895343661308289e-02
6.129390373826026917e-02
6.121956557035446167e-02
6.114586442708969116e-02
6.107285991311073303e-02
6.100041419267654419e-02
6.092850863933563232e-02
6.085726991295814514e-02
6.078656390309333801e-02
6.071637943387031555e-02
6.064675748348236084e-02
6.057768687605857849e-02
6.050905212759971619e-02
6.044093519449234009e-02
6.037327647209167480e-02
6.030608713626861572e-02
6.023935601115226746e-02
6.017299741506576538e-02
6.010708212852478027e-02
6.004155427217483521e-02
5.997645109891891479e-02
5.991168320178985596e-02
5.984725058078765869e-02
5.978325009346008301e-02
5.971955135464668274e-02
5.965622514486312866e-02
5.959312617778778076e-02
5.953038111329078674e-02
5.946797505021095276e-02
5.940583348274230957e-02
5.934396013617515564e-02
5.928235873579978943e-02
5.922102555632591248e-02
5.915997549891471863e-02
5.909913778305053711e-02
5.903850123286247253e-02
5.897811800241470337e-02
5.891798809170722961e-02
5.885804072022438049e-02
5.879827961325645447e-02
5.873879790306091309e-02
5.867948010563850403e-02
5.862030386924743652e-02
5.856136232614517212e-02
5.850260332226753235e-02
5.844403058290481567e-02
5.838558077812194824e-02
5.832725390791893005e-02
5.826915055513381958e-02
5.821117386221885681e-02
5.815336853265762329e-02
5.809570103883743286e-02
5.803817883133888245e-02
5.798079445958137512e-02
5.792353302240371704e-02
5.786640569567680359e-02
5.780939385294914246e-02
5.775251984596252441e-02
5.769575759768486023e-02
5.763911455869674683e-02
5.758260563015937805e-02
5.752616375684738159e-02
5.746984481811523438e-02
5.741363018751144409e-02
5.735753476619720459e-02
5.730153620243072510e-02
5.724564939737319946e-02
5.718979611992835999e-02
5.713414028286933899e-02
5.707849189639091492e-02
5.702295899391174316e-02
5.696752294898033142e-02
5.691216140985488892e-02
5.685688555240631104e-02
5.680172517895698547e-02
5.674663186073303223e-02
5.669159814715385437e-02
5.663665756583213806e-02
5.658177286386489868e-02
5.652697384357452393e-02
5.647224932909011841e-02
5.641761794686317444e-02
5.636307969689369202e-02
5.630853027105331421e-02
5.625411123037338257e-02
5.619972199201583862e-02
5.614544078707695007e-02
5.609118565917015076e-02
5.603702366352081299e-02
5.598289147019386292e-02
5.592888221144676208e-02
5.587486550211906433e-02
5.582092329859733582e-02
5.576706305146217346e-02
5.571325123310089111e-02
5.565955117344856262e-02
5.560579150915145874e-02
5.555216223001480103e-02
5.549858510494232178e-02
5.544505640864372253e-02
5.539152771234512329e-02
5.533815175294876099e-02
5.528475716710090637e-02
5.523142963647842407e-02
5.517818406224250793e-02
5.512499064207077026e-02
5.507177487015724182e-02
5.501865595579147339e-02
5.496554821729660034e-02
5.491250753402709961e-02
5.485952645540237427e-02
5.480657517910003662e-02
5.475369095802307129e-02
5.470085144042968750e-02
5.464804545044898987e-02
5.459525808691978455e-02
5.454257875680923462e-02
5.448988452553749084e-02
5.443729460239410400e-02
5.438465997576713562e-02
5.433210730552673340e-02
5.427960306406021118e-02
5.422715097665786743e-02
5.417475476861000061e-02
5.412231758236885071e-02
5.407001078128814697e-02
5.401770025491714478e-02
5.396543443202972412e-02
5.391326919198036194e-02
5.386111140251159668e-02
5.380894988775253296e-02
5.375685915350914001e-02
5.370481312274932861e-02
5.365275219082832336e-02
5.360080674290657043e-02
5.354889482259750366e-02
5.349696427583694458e-02
5.344510823488235474e-02
5.339335650205612183e-02
5.334150791168212891e-02
5.328982323408126831e-02
5.323809012770652771e-02
5.318642035126686096e-02
5.313483625650405884e-02
5.308322980999946594e-02
5.303169786930084229e-02
5.298022925853729248e-02
5.292876809835433960e-02
5.287730321288108826e-02
5.282596126198768616e-02
5.277464538812637329e-02
5.272335559129714966e-02
5.267211422324180603e-02
5.262086912989616394e-02
5.256972089409828186e-02
5.251858383417129517e-02
5.246752500534057617e-02
5.241645127534866333e-02
5.236542224884033203e-02
5.231447517871856689e-02
5.226349830627441406e-02
5.221264809370040894e-02
5.216183513402938843e-02
5.211102217435836792e-02
5.206025019288063049e-02
5.200954526662826538e-02
5.195890367031097412e-02
5.190824717283248901e-02
5.185772106051445007e-02
5.180715769529342651e-02
5.175666883587837219e-02
5.170622840523719788e-02
5.165584757924079895e-02
5.160546675324440002e-02
5.155516788363456726e-02
5.150488764047622681e-02
5.145464092493057251e-02
5.140451714396476746e-02
5.135437473654747009e-02
5.130431056022644043e-02
5.125426873564720154e-02
5.120427161455154419e-02
5.115433037281036377e-02
5.110444128513336182e-02
5.105461925268173218e-02
5.100485309958457947e-02
5.095504596829414368e-02
5.090536177158355713e-02
5.085573345422744751e-02
5.080612748861312866e-02
5.075662210583686829e-02
5.070711672306060791e-02
5.065767094492912292e-02
5.060829594731330872e-02
5.055896565318107605e-02
5.050964280962944031e-02
5.046042054891586304e-02
5.041123554110527039e-02
5.036208406090736389e-02
5.031304061412811279e-02
5.026404187083244324e-02
5.021502450108528137e-02
5.016611889004707336e-02
5.011725053191184998e-02
5.006841942667961121e-02
5.001969635486602783e-02
4.997096955776214600e-02
4.992229491472244263e-02
4.987372830510139465e-02
4.982514306902885437e-02
4.977666214108467102e-02
4.972820729017257690e-02
4.967987537384033203e-02
4.963156580924987793e-02
4.958324879407882690e-02
4.953507333993911743e-02
4.948689788579940796e-02
4.943884164094924927e-02
4.939077049493789673e-02
4.934277758002281189e-02
4.929487034678459167e-02
4.924699664115905762e-02
4.919916018843650818e-02
4.915143176913261414e-02
4.910369217395782471e-02
4.905606061220169067e-02
4.900847002863883972e-02
4.896092787384986877e-02
4.891343787312507629e-02
4.886598885059356689e-02
4.881862923502922058e-02
4.877131432294845581e-02
4.872406646609306335e-02
4.867685213685035706e-02
4.862968623638153076e-02
4.858258366584777832e-02
4.853555932641029358e-02
4.848855361342430115e-02
4.844161868095397949e-02
4.839472845196723938e-02
4.834790155291557312e-02
4.830110818147659302e-02
4.825436323881149292e-02
4.820771515369415283e-02
4.816110804677009583e-02
4.811451584100723267e-02
4.806798696517944336e-02
4.802151396870613098e-02
4.797509685158729553e-02
4.792871326208114624e-02
4.788238182663917542e-02
4.783610999584197998e-02
4.778986796736717224e-02
4.774367809295654297e-02
4.769755527377128601e-02
4.765145480632781982e-02
4.760541766881942749e-02
4.755938798189163208e-02
4.751344397664070129e-02
4.746755212545394897e-02
4.742169007658958435e-02
4.737585037946701050e-02
4.733004420995712280e-02
4.728434979915618896e-02
4.723862558603286743e-02
4.719293490052223206e-02
4.714734852313995361e-02
4.710177332162857056e-02
4.705622792243957520e-02
4.701069742441177368e-02
4.696524143218994141e-02
4.691984504461288452e-02
4.687444865703582764e-02
4.682906717061996460e-02
4.678376391530036926e-02
4.673847183585166931e-02
4.669327288866043091e-02
4.664805531501770020e-02
4.660287126898765564e-02
4.655774310231208801e-02
4.651266708970069885e-02
4.646760597825050354e-02
4.642255976796150208e-02
4.637756198644638062e-02
4.633261635899543762e-02
4.628767445683479309e-02
4.624279215931892395e-02
4.619794338941574097e-02
4.615311697125434875e-02
4.610828682780265808e-02
4.606358706951141357e-02
4.601881653070449829e-02
4.597416520118713379e-02
4.592949524521827698e-02
4.588486626744270325e-02
4.584025964140892029e-02
4.579572007060050964e-02
4.575120285153388977e-02
4.570669680833816528e-02
4.566225782036781311e-02
4.561783745884895325e-02
4.557345062494277954e-02
4.552911221981048584e-02
4.548476636409759521e-02
