1.992563605308532715e-01
1.976873874664306641e-01
1.964128315448760986e-01
1.953020244836807251e-01
1.943361461162567139e-01
1.934974640607833862e-01
1.927706301212310791e-01
1.921427100896835327e-01
1.916022747755050659e-01
1.911381930112838745e-01
1.907413452863693237e-01
1.904020160436630249e-01
1.901120096445083618e-01
1.898635178804397583e-01
1.896500587463378906e-01
1.894659996032714844e-01
1.893059164285659790e-01
1.891662478446960449e-01
1.890428811311721802e-01
1.889335513114929199e-01
1.888355463743209839e-01
1.887467652559280396e-01
1.886659115552902222e-01
1.885910481214523315e-01
1.885213255882263184e-01
1.884557008743286133e-01
1.883932203054428101e-01
1.883329898118972778e-01
1.882740259170532227e-01
1.882162392139434814e-01
1.881582289934158325e-01
1.880993694067001343e-01
1.880391538143157959e-01
1.879763156175613403e-01
1.879100799560546875e-01
1.878389865159988403e-01
1.877618283033370972e-01
1.876764446496963501e-01
1.875808984041213989e-01
1.874719709157943726e-01
1.873457878828048706e-01
1.871972829103469849e-01
1.870191395282745361e-01
1.868016868829727173e-01
1.865318715572357178e-01
1.861909776926040649e-01
1.857536435127258301e-01
1.851868033409118652e-01
1.844508945941925049e-01
1.835094988346099854e-01
1.823524981737136841e-01
1.810300201177597046e-01
1.796628683805465698e-01
1.783923804759979248e-01
1.773007661104202271e-01
1.763885617256164551e-01
1.756112277507781982e-01
1.749197989702224731e-01
1.742768883705139160e-01
1.736575365066528320e-01
1.730459332466125488e-01
1.724303960800170898e-01
1.718020886182785034e-01
1.711538136005401611e-01
1.704790890216827393e-01
1.697724461555480957e-01
1.690293401479721069e-01
1.682475507259368896e-01
1.674262732267379761e-01
1.665665507316589355e-01
1.656708866357803345e-01
1.647416800260543823e-01
1.637803614139556885e-01
1.627871096134185791e-01
1.617602109909057617e-01
1.606979519128799438e-01
1.595993041992187500e-01
1.584652513265609741e-01
1.572990268468856812e-01
1.561062932014465332e-01
1.548958271741867065e-01
1.536808460950851440e-01
1.524804085493087769e-01
1.513198614120483398e-01
1.502238810062408447e-01
1.492105275392532349e-01
1.482836753129959106e-01
1.474351584911346436e-01
1.466528028249740601e-01
1.459245085716247559e-01
1.452387422323226929e-01
1.445871144533157349e-01
1.439613848924636841e-01
1.433512121438980103e-01
1.427428126335144043e-01
1.421191394329071045e-01
1.414587050676345825e-01
1.407351791858673096e-01
1.399170756340026855e-01
1.389672160148620605e-01
1.378431320190429688e-01
1.364999860525131226e-01
1.348948627710342407e-01
1.330031901597976685e-01
1.308536678552627563e-01
1.285531818866729736e-01
1.262194216251373291e-01
1.239600926637649536e-01
1.218604966998100281e-01
1.199107915163040161e-01
1.180400550365447998e-01
1.161723583936691284e-01
1.142561361193656921e-01
1.122783794999122620e-01
1.102625727653503418e-01
1.082506403326988220e-01
1.062810271978378296e-01
1.043734773993492126e-01
1.025236845016479492e-01
1.007051691412925720e-01
9.890393167734146118e-02
9.719245880842208862e-02
9.560993313789367676e-02
9.409234672784805298e-02
9.262993186712265015e-02
9.124551713466644287e-02
8.995186537504196167e-02
8.875817805528640747e-02
8.767119795083999634e-02
8.669687062501907349e-02
8.583373576402664185e-02
8.507147431373596191e-02
8.439429849386215210e-02
8.378305286169052124e-02
8.321986347436904907e-02
8.268970251083374023e-02
8.217792212963104248e-02
8.166360110044479370e-02
8.112012594938278198e-02
8.053240180015563965e-02
7.991727441549301147e-02
7.931700348854064941e-02
7.876241207122802734e-02
7.825302332639694214e-02
7.777871191501617432e-02
7.733442634344100952e-02
7.691628485918045044e-02
7.651833444833755493e-02
7.613879442214965820e-02
7.578739523887634277e-02
7.548742741346359253e-02
7.523681968450546265e-02
7.495275139808654785e-02
7.500576227903366089e-02
7.475657761096954346e-02
7.452985644340515137e-02
7.424954324960708618e-02
7.395484298467636108e-02
7.367145270109176636e-02
7.341922074556350708e-02
7.300262153148651123e-02
7.257199287414550781e-02
7.223435491323471069e-02
7.195176184177398682e-02
7.169944792985916138e-02
7.146366685628890991e-02
7.123549282550811768e-02
7.100754976272583008e-02
7.077671587467193604e-02
7.054584473371505737e-02
7.032345980405807495e-02
7.011826336383819580e-02
6.993348151445388794e-02
6.976554542779922485e-02
6.960721313953399658e-02
6.945084035396575928e-02
6.929077953100204468e-02
6.912454962730407715e-02
6.895231455564498901e-02
6.877341866493225098e-02
6.858321279287338257e-02
6.837679445743560791e-02
6.815692782402038574e-02
6.793503463268280029e-02
6.772071868181228638e-02
6.751695275306701660e-02
6.732844561338424683e-02
6.716536730527877808e-02
6.703124940395355225e-02
6.690495461225509644e-02
6.677757948637008667e-02
6.664403527975082397e-02
6.649295240640640259e-02
6.630755215883255005e-02
6.611149758100509644e-02
6.611002981662750244e-02
6.571601331233978271e-02
6.548808515071868896e-02
6.494076550006866455e-02
6.501862406730651855e-02
6.452549248933792114e-02
6.450560688972473145e-02
6.444148719310760498e-02
6.436610221862792969e-02
6.579115986824035645e-02
6.650009751319885254e-02
6.473939865827560425e-02
6.555536389350891113e-02
6.455511599779129028e-02
6.469915062189102173e-02
6.507327407598495483e-02
6.568820029497146606e-02
6.521052122116088867e-02
6.560296565294265747e-02
6.547386199235916138e-02
6.404753029346466064e-02
6.448755413293838501e-02
6.496661901473999023e-02
6.459036469459533691e-02
6.309216469526290894e-02
6.377997994422912598e-02
6.440921872854232788e-02
6.398870795965194702e-02
6.264260411262512207e-02
6.360898166894912720e-02
6.296371668577194214e-02
6.285277009010314941e-02
6.232104822993278503e-02
6.216700002551078796e-02
6.237749382853507996e-02
6.211571767926216125e-02
6.207377836108207703e-02
6.163761764764785767e-02
6.146683916449546814e-02
6.130085885524749756e-02
6.082092970609664917e-02
6.044621765613555908e-02
6.006541475653648376e-02
5.988720059394836426e-02
6.012570858001708984e-02
6.073605269193649292e-02
5.991617590188980103e-02
5.991077795624732971e-02
5.982401221990585327e-02
5.907896161079406738e-02
5.879890173673629761e-02
5.879256501793861389e-02
5.858615040779113770e-02
5.851406604051589966e-02
5.839163064956665039e-02
5.837963521480560303e-02
5.826303362846374512e-02
5.820994824171066284e-02
5.813103541731834412e-02
5.806675180792808533e-02
5.811219662427902222e-02
5.869062244892120361e-02
5.819816514849662781e-02
5.819011852145195007e-02
5.839017033576965332e-02
5.827812477946281433e-02
5.806295573711395264e-02
5.798409134149551392e-02
5.819293484091758728e-02
5.785076692700386047e-02
5.795548856258392334e-02
5.789968743920326233e-02
5.792264640331268311e-02
5.814215168356895447e-02
5.833724886178970337e-02
5.753223970532417297e-02
5.741592869162559509e-02
5.810485407710075378e-02
5.724199488759040833e-02
5.765393376350402832e-02
5.682239308953285217e-02
5.715751647949218750e-02
5.734454095363616943e-02
5.727857723832130432e-02
5.754711851477622986e-02
5.810394883155822754e-02
5.648704618215560913e-02
5.652219057083129883e-02
5.652470886707305908e-02
5.832835286855697632e-02
5.802500620484352112e-02
5.631830170750617981e-02
5.820452049374580383e-02
5.696114525198936462e-02
5.595744401216506958e-02
5.623732134699821472e-02
5.669752880930900574e-02
5.483613908290863037e-02
5.652118474245071411e-02
5.508158355951309204e-02
5.678254738450050354e-02
5.804415419697761536e-02
5.641320347785949707e-02
5.411621555685997009e-02
5.428759008646011353e-02
5.550209432840347290e-02
5.536456406116485596e-02
5.454163998365402222e-02
5.403622239828109741e-02
5.595919489860534668e-02
5.533549562096595764e-02
5.510715395212173462e-02
5.368573591113090515e-02
5.545344203710556030e-02
5.458033084869384766e-02
5.491697043180465698e-02
5.360314622521400452e-02
5.450908094644546509e-02
5.328686162829399109e-02
5.332470685243606567e-02
5.319139361381530762e-02
5.308217927813529968e-02
5.304935947060585022e-02
5.303350836038589478e-02
5.295630916953086853e-02
5.286769568920135498e-02
5.280824378132820129e-02
5.273663997650146484e-02
5.259072035551071167e-02
5.260732024908065796e-02
5.313611030578613281e-02
5.368771031498908997e-02
5.262323841452598572e-02
5.223945900797843933e-02
5.227612331509590149e-02
5.214571207761764526e-02
5.199499055743217468e-02
5.206467956304550171e-02
5.224734544754028320e-02
5.254900828003883362e-02
5.252815783023834229e-02
5.270247533917427063e-02
5.162952467799186707e-02
5.239215865731239319e-02
5.186584964394569397e-02
5.144090577960014343e-02
5.123866349458694458e-02
5.176493152976036072e-02
5.125276371836662292e-02
5.225415155291557312e-02
5.135427415370941162e-02
5.114949122071266174e-02
5.132045596837997437e-02
5.148499459028244019e-02
5.216090753674507141e-02
5.202880129218101501e-02
5.114068090915679932e-02
5.204477906227111816e-02
5.264528468251228333e-02
5.066860467195510864e-02
5.156920105218887329e-02
5.123785138130187988e-02
5.139914527535438538e-02
5.114831402897834778e-02
5.276493728160858154e-02
5.133846402168273926e-02
5.080424249172210693e-02
5.122034996747970581e-02
5.145835131406784058e-02
5.098851770162582397e-02
5.226855352520942688e-02
5.064552277326583862e-02
5.145329609513282776e-02
5.064520612359046936e-02
5.094231292605400085e-02
5.153199285268783569e-02
5.187243223190307617e-02
5.064557492733001709e-02
5.043337494134902954e-02
5.015727877616882324e-02
5.007006973028182983e-02
5.061073601245880127e-02
4.989170655608177185e-02
5.136359483003616333e-02
5.029150098562240601e-02
4.954095557332038879e-02
5.175971239805221558e-02
4.971410334110260010e-02
5.289552733302116394e-02
4.973012208938598633e-02
4.870932921767234802e-02
5.042796209454536438e-02
5.296854302287101746e-02
5.041420459747314453e-02
4.903196915984153748e-02
4.989724233746528625e-02
4.994894936680793762e-02
4.906928911805152893e-02
4.895363375544548035e-02
5.259989947080612183e-02
5.010577663779258728e-02
4.909841343760490417e-02
4.981390386819839478e-02
4.922748729586601257e-02
5.291875451803207397e-02
4.876380041241645813e-02
5.050627142190933228e-02
4.928545653820037842e-02
5.017993226647377014e-02
5.117196217179298401e-02
4.855905100703239441e-02
4.885371029376983643e-02
4.836738109588623047e-02
4.873388633131980896e-02
4.811041802167892456e-02
4.902533814311027527e-02
5.131823942065238953e-02
5.017119273543357849e-02
5.120036005973815918e-02
5.065417662262916565e-02
4.959401115775108337e-02
4.970242828130722046e-02
4.878315329551696777e-02
4.818088188767433167e-02
4.730805009603500366e-02
4.811802133917808533e-02
4.861624538898468018e-02
5.121626332402229309e-02
4.853167384862899780e-02
4.855190590023994446e-02
4.890995100140571594e-02
4.898473620414733887e-02
4.768108949065208435e-02
4.725947603583335876e-02
4.803607985377311707e-02
4.794806614518165588e-02
4.742151126265525818e-02
4.709035530686378479e-02
4.711932688951492310e-02
4.666822031140327454e-02
4.961407184600830078e-02
4.540760070085525513e-02
5.119321122765541077e-02
5.209140479564666748e-02
5.007978901267051697e-02
4.701893031597137451e-02
4.588820412755012512e-02
4.783303290605545044e-02
4.834087565541267395e-02
4.606943950057029724e-02
4.527397453784942627e-02
4.526549205183982849e-02
4.653271287679672241e-02
4.497125372290611267e-02
4.573918879032135010e-02
4.914312809705734253e-02
5.202500894665718079e-02
4.660210385918617249e-02
4.992913454771041870e-02
4.765170812606811523e-02
4.839233309030532837e-02
4.558196291327476501e-02
4.532491043210029602e-02
4.540437832474708557e-02
4.774463549256324768e-02
4.721350967884063721e-02
4.478886723518371582e-02
4.499168694019317627e-02
4.524846747517585754e-02
4.434114694595336914e-02
4.686459898948669434e-02
4.491547867655754089e-02
4.394926503300666809e-02
4.544429481029510498e-02
4.376392066478729248e-02
4.601449146866798401e-02
4.321270808577537537e-02
4.354796931147575378e-02
4.466881230473518372e-02
4.375594109296798706e-02
4.300674423575401306e-02
4.359617829322814941e-02
4.315882548689842224e-02
4.267930611968040466e-02
4.261543229222297668e-02
4.234108328819274902e-02
4.207932949066162109e-02
4.185287654399871826e-02
4.164071381092071533e-02
4.139551147818565369e-02
4.120416194200515747e-02
4.098777845501899719e-02
4.102910682559013367e-02
4.126893728971481323e-02
4.088876396417617798e-02
4.303953424096107483e-02
4.073644056916236877e-02
4.150560125708580017e-02
4.173976555466651917e-02
4.050272703170776367e-02
4.053268209099769592e-02
4.017345979809761047e-02
4.123382642865180969e-02
4.056982696056365967e-02
3.980931639671325684e-02
