1.888324022293090820e-01
1.852499395608901978e-01
1.820373684167861938e-01
1.792636513710021973e-01
1.767539680004119873e-01
1.742567420005798340e-01
1.715379357337951660e-01
1.684242188930511475e-01
1.648824810981750488e-01
1.610574275255203247e-01
1.571781039237976074e-01
1.534277200698852539e-01
1.498937457799911499e-01
1.465867459774017334e-01
1.434754282236099243e-01
1.405111402273178101e-01
1.376413106918334961e-01
1.348232030868530273e-01
1.320373713970184326e-01
1.292930692434310913e-01
1.266218423843383789e-01
1.240707263350486755e-01
1.216928511857986450e-01
1.195210888981819153e-01
1.175467669963836670e-01
1.157389357686042786e-01
1.140697523951530457e-01
1.125192865729331970e-01
1.110729202628135681e-01
1.097188368439674377e-01
1.084475144743919373e-01
1.072511449456214905e-01
1.061229854822158813e-01
1.050572693347930908e-01
1.040488108992576599e-01
1.030927002429962158e-01
1.021844074130058289e-01
1.013196557760238647e-01
1.004943847656250000e-01
9.970489144325256348e-02
9.894758462905883789e-02
9.821934252977371216e-02
9.751718491315841675e-02
9.683836996555328369e-02
9.618076682090759277e-02
9.554214030504226685e-02
9.492075443267822266e-02
9.431509673595428467e-02
9.372386336326599121e-02
9.314595907926559448e-02
9.258037805557250977e-02
9.202650189399719238e-02
9.148360788822174072e-02
9.095126390457153320e-02
9.042897075414657593e-02
8.991648256778717041e-02
8.941356092691421509e-02
8.891997486352920532e-02
8.843565732240676880e-02
8.796047419309616089e-02
8.749438077211380005e-02
8.703737705945968628e-02
8.658935129642486572e-02
8.615040779113769531e-02
8.572048693895339966e-02
8.529967069625854492e-02
8.488782495260238647e-02
8.448506146669387817e-02
8.409138768911361694e-02
8.370672911405563354e-02
8.333111554384231567e-02
8.296450227499008179e-02
8.260683715343475342e-02
8.225807547569274902e-02
8.191812038421630859e-02
8.158694952726364136e-02
8.126438409090042114e-02
8.095037192106246948e-02
8.064481616020202637e-02
8.034751564264297485e-02
8.005838841199874878e-02
7.977720350027084351e-02
7.950387150049209595e-02
7.923817634582519531e-02
7.897993922233581543e-02
7.872896641492843628e-02
7.848509401082992554e-02
7.824812829494476318e-02
7.801784574985504150e-02
7.779402285814285278e-02
7.757646590471267700e-02
7.736499607563018799e-02
7.715937495231628418e-02
7.695934176445007324e-02
7.676476240158081055e-02
7.657538354396820068e-02
7.639101147651672363e-02
7.621137052774429321e-02
7.603623718023300171e-02
7.586544007062911987e-02
7.569864392280578613e-02
7.553565502166748047e-02
7.537617534399032593e-02
7.521992921829223633e-02
7.506650686264038086e-02
7.491573691368103027e-02
7.476712018251419067e-02
7.462037354707717896e-02
7.447510957717895508e-02
7.433092594146728516e-02
7.418756932020187378e-02
7.404475659132003784e-02
7.390224188566207886e-02
7.375986129045486450e-02
7.361762225627899170e-02
7.347553968429565430e-02
7.333373278379440308e-02
7.319236546754837036e-02
7.305178046226501465e-02
7.291211187839508057e-02
7.277373224496841431e-02
7.263675332069396973e-02
7.250151038169860840e-02
7.236811518669128418e-02
7.223684340715408325e-02
7.210771739482879639e-02
7.198087871074676514e-02
7.185649871826171875e-02
7.173453271389007568e-02
7.161507010459899902e-02
7.149812579154968262e-02
7.138370722532272339e-02
7.127183675765991211e-02
7.116252183914184570e-02
7.105567306280136108e-02
7.095129787921905518e-02
7.084933668375015259e-02
7.074977457523345947e-02
7.065257430076599121e-02
7.055767625570297241e-02
7.046499103307723999e-02
7.037453353404998779e-02
7.028623670339584351e-02
7.020003348588943481e-02
7.011585682630538940e-02
7.003373652696609497e-02
6.995352357625961304e-02
6.987519562244415283e-02
6.979877501726150513e-02
6.972410529851913452e-02
6.965119391679763794e-02
6.958000361919403076e-02
6.951044499874114990e-02
6.944252550601959229e-02
6.937617063522338867e-02
6.931135058403015137e-02
6.924801319837570190e-02
6.918612867593765259e-02
6.912568211555480957e-02
6.906654685735702515e-02
6.900877505540847778e-02
6.895228475332260132e-02
6.889706104993820190e-02
6.884305924177169800e-02
6.879027187824249268e-02
6.873858720064163208e-02
6.868804246187210083e-02
6.863860040903091431e-02
6.859022378921508789e-02
6.854288280010223389e-02
6.849656254053115845e-02
6.845117360353469849e-02
6.840674579143524170e-02
6.836326420307159424e-02
6.832066923379898071e-02
6.827896833419799805e-02
6.823811680078506470e-02
6.819808483123779297e-02
6.815885007381439209e-02
6.812037527561187744e-02
6.808269768953323364e-02
6.804575771093368530e-02
6.800954043865203857e-02
6.797402352094650269e-02
6.793917715549468994e-02
6.790504604578018188e-02
6.787153333425521851e-02
6.783872097730636597e-02
6.780643761157989502e-02
6.777484714984893799e-02
6.774383783340454102e-02
6.771339476108551025e-02
6.768356263637542725e-02
6.765426695346832275e-02
6.762554496526718140e-02
6.759732961654663086e-02
6.756966561079025269e-02
6.754250079393386841e-02
6.751586496829986572e-02
6.748973578214645386e-02
6.746409088373184204e-02
6.743897497653961182e-02
6.741430610418319702e-02
6.739008426666259766e-02
6.736633926630020142e-02
6.734304875135421753e-02
6.732021272182464600e-02
6.729781627655029297e-02
6.727582961320877075e-02
6.725424528121948242e-02
6.723313033580780029e-02
6.721236556768417358e-02
6.719203293323516846e-02
6.717205792665481567e-02
6.715248525142669678e-02
6.713324040174484253e-02
6.711441278457641602e-02
6.709590554237365723e-02
6.707777827978134155e-02
6.705994158983230591e-02
6.704241037368774414e-02
6.702522188425064087e-02
6.700830161571502686e-02
6.699170172214508057e-02
6.697541475296020508e-02
6.695934385061264038e-02
6.694354116916656494e-02
6.692795455455780029e-02
6.691265851259231567e-02
6.689757108688354492e-02
6.688266247510910034e-02
6.686799228191375732e-02
6.685348600149154663e-02
6.683916598558425903e-02
6.682500243186950684e-02
6.681098788976669312e-02
6.679710745811462402e-02
6.678333878517150879e-02
6.676965951919555664e-02
6.675612926483154297e-02
6.674259901046752930e-02
6.672918051481246948e-02
6.671582162380218506e-02
6.670247018337249756e-02
6.668917089700698853e-02
6.667586416006088257e-02
6.666258722543716431e-02
6.664922088384628296e-02
6.663582473993301392e-02
6.662241369485855103e-02
6.660892814397811890e-02
6.659536808729171753e-02
6.658170372247695923e-02
6.656794250011444092e-02
6.655410677194595337e-02
6.654012203216552734e-02
6.652597337961196899e-02
6.651164591312408447e-02
6.649716198444366455e-02
6.648250669240951538e-02
6.646765023469924927e-02
6.645254790782928467e-02
6.643723696470260620e-02
6.642168015241622925e-02
6.640587747097015381e-02
6.638986617326736450e-02
6.637354940176010132e-02
6.635693460702896118e-02
6.634009629487991333e-02
6.632289290428161621e-02
6.630537658929824829e-02
6.628759205341339111e-02
6.626947969198226929e-02
6.625106185674667358e-02
6.623228639364242554e-02
6.621319055557250977e-02
6.619375944137573242e-02
6.617394089698791504e-02
6.615381687879562378e-02
6.613332033157348633e-02
6.611248105764389038e-02
6.609129905700683594e-02
6.606974452733993530e-02
6.604783236980438232e-02
6.602556258440017700e-02
6.600298732519149780e-02
6.598007678985595703e-02
6.595677882432937622e-02
6.593315303325653076e-02
6.590921431779861450e-02
6.588495522737503052e-02
6.586036086082458496e-02
6.583549082279205322e-02
6.581034511327743530e-02
6.578488647937774658e-02
6.575917452573776245e-02
6.573317199945449829e-02
6.570693105459213257e-02
6.568044424057006836e-02
6.565377116203308105e-02
6.562682241201400757e-02
6.559971719980239868e-02
6.557240337133407593e-02
6.554493308067321777e-02
6.551727652549743652e-02
6.548954546451568604e-02
6.546165049076080322e-02
6.543367356061935425e-02
6.540562212467193604e-02
6.537747383117675781e-02
6.534926593303680420e-02
6.532107293605804443e-02
6.529279798269271851e-02
6.526459008455276489e-02
6.523636728525161743e-02
6.520817428827285767e-02
6.518003344535827637e-02
6.515199691057205200e-02
6.512404233217239380e-02
6.509617716073989868e-02
6.506845355033874512e-02
6.504084169864654541e-02
6.501338630914688110e-02
6.498611718416213989e-02
6.495903432369232178e-02
6.493210792541503906e-02
6.490542739629745483e-02
6.487902253866195679e-02
6.485280394554138184e-02
6.482686102390289307e-02
6.480117142200469971e-02
6.477577239274978638e-02
6.475065648555755615e-02
6.472580134868621826e-02
6.470131874084472656e-02
6.467711925506591797e-02
6.465327739715576172e-02
6.462975591421127319e-02
6.460651755332946777e-02
6.458368897438049316e-02
6.456118822097778320e-02
6.453906744718551636e-02
6.451731920242309570e-02
6.449594348669052124e-02
6.447492539882659912e-02
6.445432454347610474e-02
6.443407386541366577e-02
6.441425532102584839e-02
6.439475715160369873e-02
6.437569856643676758e-02
6.435702741146087646e-02
6.433870643377304077e-02
6.432077288627624512e-02
6.430329382419586182e-02
6.428621709346771240e-02
6.426948308944702148e-02
6.425314396619796753e-02
6.423722207546234131e-02
6.422167271375656128e-02
6.420649588108062744e-02
6.419171392917633057e-02
6.417730450630187988e-02
6.416327506303787231e-02
6.414964795112609863e-02
6.413637846708297729e-02
6.412345170974731445e-02
6.411086022853851318e-02
6.409873068332672119e-02
6.408685445785522461e-02
6.407538056373596191e-02
6.406427174806594849e-02
6.405349075794219971e-02
6.404306739568710327e-02
6.403297930955886841e-02
6.402322649955749512e-02
6.401377916336059570e-02
6.400465220212936401e-02
6.399594247341156006e-02
6.398751586675643921e-02
6.397935748100280762e-02
6.397159397602081299e-02
6.396412104368209839e-02
6.395690888166427612e-02
6.395006924867630005e-02
6.394347548484802246e-02
6.393723189830780029e-02
6.393129378557205200e-02
6.392566114664077759e-02
6.392029672861099243e-02
6.391529738903045654e-02
6.391055136919021606e-02
6.390614807605743408e-02
6.390199065208435059e-02
6.389821320772171021e-02
6.389470398426055908e-02
6.389149278402328491e-02
6.388861685991287231e-02
6.388601660728454590e-02
6.388372182846069336e-02
6.388175487518310547e-02
6.388012319803237915e-02
6.387875229120254517e-02
6.387765705585479736e-02
6.387692689895629883e-02
6.387645751237869263e-02
6.387632340192794800e-02
6.387648731470108032e-02
6.387697905302047729e-02
6.387773901224136353e-02
6.387878209352493286e-02
6.388013809919357300e-02
6.388180702924728394e-02
6.388367712497711182e-02
6.388591974973678589e-02
6.388840079307556152e-02
6.389116495847702026e-02
6.389422714710235596e-02
6.389749795198440552e-02
6.390105932950973511e-02
6.390485167503356934e-02
6.390894204378128052e-02
6.391325592994689941e-02
6.391775608062744141e-02
6.392252445220947266e-02
6.392756849527359009e-02
6.393276900053024292e-02
6.393822282552719116e-02
6.394387036561965942e-02
6.394974887371063232e-02
6.395579874515533447e-02
6.396199762821197510e-02
6.396850198507308960e-02
6.397518515586853027e-02
6.398201733827590942e-02
6.398895382881164551e-02
6.399615108966827393e-02
6.400357931852340698e-02
6.401108950376510620e-02
6.401880830526351929e-02
6.402668356895446777e-02
6.403466314077377319e-02
6.404288113117218018e-02
6.405126303434371948e-02
6.405974924564361572e-02
6.406846642494201660e-02
6.407727301120758057e-02
6.408626586198806763e-02
6.409537792205810547e-02
6.410468369722366333e-02
6.411411613225936890e-02
6.412372738122940063e-02
6.413343548774719238e-02
6.414330005645751953e-02
6.415335834026336670e-02
6.416358053684234619e-02
6.417391449213027954e-02
6.418435275554656982e-02
6.419502198696136475e-02
6.420581042766571045e-02
6.421671807765960693e-02
6.422787159681320190e-02
6.423906236886978149e-02
6.425049901008605957e-02
6.426203250885009766e-02
6.427374482154846191e-02
6.428562104701995850e-02
6.429769843816757202e-02
6.430983543395996094e-02
6.432220339775085449e-02
6.433469057083129883e-02
6.434737145900726318e-02
6.436018645763397217e-02
6.437326222658157349e-02
6.438644230365753174e-02
6.439983099699020386e-02
6.441340595483779907e-02
6.442714482545852661e-02
6.444110721349716187e-02
6.445522606372833252e-02
6.446949392557144165e-02
6.448405981063842773e-02
6.449878960847854614e-02
6.451372802257537842e-02
6.452886760234832764e-02
6.454429775476455688e-02
6.455986201763153076e-02
6.457567960023880005e-02
6.459178030490875244e-02
6.460808217525482178e-02
6.462466716766357422e-02
6.464146822690963745e-02
6.465852260589599609e-02
6.467584520578384399e-02
6.469346582889556885e-02
6.471135467290878296e-02
6.472954899072647095e-02
6.474800407886505127e-02
6.476677954196929932e-02
6.478588283061981201e-02
6.480526924133300781e-02
