1.878585517406463623e-01
1.853340119123458862e-01
1.833131015300750732e-01
1.810213774442672729e-01
1.784423291683197021e-01
1.756076812744140625e-01
1.725686937570571899e-01
1.693742126226425171e-01
1.660739183425903320e-01
1.627340167760848999e-01
1.594384461641311646e-01
1.562670469284057617e-01
1.532684266567230225e-01
1.504487842321395874e-01
1.477800905704498291e-01
1.452138870954513550e-01
1.426948606967926025e-01
1.401700973510742188e-01
1.375963240861892700e-01
1.349446475505828857e-01
1.322075724601745605e-01
1.294021457433700562e-01
1.265665292739868164e-01
1.237485557794570923e-01
1.209933534264564514e-01
1.183373928070068359e-01
1.158087551593780518e-01
1.134266480803489685e-01
1.112007498741149902e-01
1.091311946511268616e-01
1.072122752666473389e-01
1.054343506693840027e-01
1.037863940000534058e-01
1.022569239139556885e-01
1.008344516158103943e-01
9.950853139162063599e-02
9.826923161745071411e-02
9.710764139890670776e-02
9.601595252752304077e-02
9.498727321624755859e-02
9.401539713144302368e-02
9.309499710798263550e-02
9.222134947776794434e-02
9.139044582843780518e-02
9.059844911098480225e-02
8.984234929084777832e-02
8.911913633346557617e-02
8.842626959085464478e-02
8.776137232780456543e-02
8.712258189916610718e-02
8.650796860456466675e-02
8.591582626104354858e-02
8.534472435712814331e-02
8.479326218366622925e-02
8.426018059253692627e-02
8.374454081058502197e-02
8.324525505304336548e-02
8.276136219501495361e-02
8.229198306798934937e-02
8.183665573596954346e-02
8.139446377754211426e-02
8.096494525671005249e-02
8.054735511541366577e-02
8.014143258333206177e-02
7.974655181169509888e-02
7.936238497495651245e-02
7.898849248886108398e-02
7.862449437379837036e-02
7.827021181583404541e-02
7.792518287897109985e-02
7.758915424346923828e-02
7.726187258958816528e-02
7.694317400455474854e-02
7.663268595933914185e-02
7.633025199174880981e-02
7.603559643030166626e-02
7.574857771396636963e-02
7.546891272068023682e-02
7.519640028476715088e-02
7.493089139461517334e-02
7.467212527990341187e-02
7.441997528076171875e-02
7.417415082454681396e-02
7.393457740545272827e-02
7.370101660490036011e-02
7.347325980663299561e-02
7.325116544961929321e-02
7.303451001644134521e-02
7.282318174839019775e-02
7.261696457862854004e-02
7.241571694612503052e-02
7.221927493810653687e-02
7.202746719121932983e-02
7.184012979269027710e-02
7.165709882974624634e-02
7.147831469774246216e-02
7.130350172519683838e-02
7.113258540630340576e-02
7.096549123525619507e-02
7.080201804637908936e-02
7.064203917980194092e-02
7.048545777797698975e-02
7.033218443393707275e-02
7.018202543258666992e-02
7.003492861986160278e-02
6.989081948995590210e-02
6.974959373474121094e-02
6.961107254028320312e-02
6.947525590658187866e-02
6.934203952550888062e-02
6.921131908893585205e-02
6.908299773931503296e-02
6.895708292722702026e-02
6.883340328931808472e-02
6.871195882558822632e-02
6.859266012907028198e-02
6.847538799047470093e-02
6.836014240980148315e-02
6.824684143066406250e-02
6.813541054725646973e-02
6.802574545145034790e-02
6.791776418685913086e-02
6.781142950057983398e-02
6.770650297403335571e-02
6.760293990373611450e-02
6.750063598155975342e-02
6.739927828311920166e-02
6.729882210493087769e-02
6.719887256622314453e-02
6.709919124841690063e-02
6.699953973293304443e-02
6.689944863319396973e-02
6.679856777191162109e-02
6.669659167528152466e-02
6.659299880266189575e-02
6.648764759302139282e-02
6.638012081384658813e-02
6.627034395933151245e-02
6.615827977657318115e-02
6.604389101266860962e-02
6.592745333909988403e-02
6.580932438373565674e-02
6.568975746631622314e-02
6.556922197341918945e-02
6.544819474220275879e-02
6.532706320285797119e-02
6.520636379718780518e-02
6.508643925189971924e-02
6.496755778789520264e-02
6.485012918710708618e-02
6.473427265882492065e-02
6.462018191814422607e-02
6.450797617435455322e-02
6.439763307571411133e-02
6.428926438093185425e-02
6.418279558420181274e-02
6.407821923494338989e-02
6.397540122270584106e-02
6.387429684400558472e-02
6.377484649419784546e-02
6.367696821689605713e-02
6.358049064874649048e-02
6.348541378974914551e-02
6.339158862829208374e-02
6.329899281263351440e-02
6.320753693580627441e-02
6.311715394258499146e-02
6.302769482135772705e-02
6.293925642967224121e-02
6.285160034894943237e-02
6.276483088731765747e-02
6.267883628606796265e-02
6.259360164403915405e-02
6.250903755426406860e-02
6.242521479725837708e-02
6.234200298786163330e-02
6.225943565368652344e-02
6.217743456363677979e-02
6.209598109126091003e-02
6.201516836881637573e-02
6.193484365940093994e-02
6.185498088598251343e-02
6.177570298314094543e-02
6.169692426919937134e-02
6.161857396364212036e-02
6.154078990221023560e-02
6.146339699625968933e-02
6.138647720217704773e-02
6.131001189351081848e-02
6.123396009206771851e-02
6.115836277604103088e-02
6.108318641781806946e-02
6.100845709443092346e-02
6.093410775065422058e-02
6.086020171642303467e-02
6.078667938709259033e-02
6.071357056498527527e-02
6.064090505242347717e-02
6.056860089302062988e-02
6.049672514200210571e-02
6.042516231536865234e-02
6.035405769944190979e-02
6.028329581022262573e-02
6.021290645003318787e-02
6.014290452003479004e-02
6.007331982254981995e-02
6.000407040119171143e-02
5.993518978357315063e-02
5.986668914556503296e-02
5.979850515723228455e-02
5.973070859909057617e-02
5.966325476765632629e-02
5.959622561931610107e-02
5.952944979071617126e-02
5.946305021643638611e-02
5.939698591828346252e-02
5.933123081922531128e-02
5.926585197448730469e-02
5.920076370239257812e-02
5.913607031106948853e-02
5.907163769006729126e-02
5.900755524635314941e-02
5.894379317760467529e-02
5.888031423091888428e-02
5.881713330745697021e-02
5.875430628657341003e-02
5.869175493717193604e-02
5.862952768802642822e-02
5.856760218739509583e-02
5.850592628121376038e-02
5.844460055232048035e-02
5.838353931903839111e-02
5.832272395491600037e-02
5.826219543814659119e-02
5.820197984576225281e-02
5.814203247427940369e-02
5.808231234550476074e-02
5.802290141582489014e-02
5.796374008059501648e-02
5.790485814213752747e-02
5.784623697400093079e-02
5.778782069683074951e-02
5.772970244288444519e-02
5.767181888222694397e-02
5.761421844363212585e-02
5.755677074193954468e-02
5.749963223934173584e-02
5.744276195764541626e-02
5.738607794046401978e-02
5.732964724302291870e-02
5.727345868945121765e-02
5.721744522452354431e-02
5.716170370578765869e-02
5.710623040795326233e-02
5.705090612173080444e-02
5.699585005640983582e-02
5.694098398089408875e-02
5.688633397221565247e-02
5.683191865682601929e-02
5.677771568298339844e-02
5.672369897365570068e-02
5.666994675993919373e-02
5.661636218428611755e-02
5.656299740076065063e-02
5.650987476110458374e-02
5.645690485835075378e-02
5.640415474772453308e-02
5.635160580277442932e-02
5.629922822117805481e-02
5.624711513519287109e-02
5.619513615965843201e-02
5.614339932799339294e-02
5.609182640910148621e-02
5.604048445820808411e-02
5.598933622241020203e-02
5.593834444880485535e-02
5.588757619261741638e-02
5.583700910210609436e-02
5.578666180372238159e-02
5.573644489049911499e-02
5.568642169237136841e-02
5.563659965991973877e-02
5.558695644140243530e-02
5.553752183914184570e-02
5.548828467726707458e-02
5.543920397758483887e-02
5.539033189415931702e-02
5.534169450402259827e-02
5.529316887259483337e-02
5.524484068155288696e-02
5.519665777683258057e-02
5.514874309301376343e-02
5.510096997022628784e-02
5.505341663956642151e-02
5.500602349638938904e-02
5.495879426598548889e-02
5.491180345416069031e-02
5.486492440104484558e-02
5.481826141476631165e-02
5.477179586887359619e-02
5.472549051046371460e-02
5.467937886714935303e-02
5.463344231247901917e-02
5.458768457174301147e-02
5.454209074378013611e-02
5.449670925736427307e-02
5.445148795843124390e-02
5.440646782517433167e-02
5.436164513230323792e-02
5.431698262691497803e-02
5.427246913313865662e-02
5.422819778323173523e-02
5.418406426906585693e-02
5.414014309644699097e-02
5.409637466073036194e-02
5.405278131365776062e-02
5.400937050580978394e-02
5.396612733602523804e-02
5.392308160662651062e-02
5.388024449348449707e-02
5.383753776550292969e-02
5.379505828022956848e-02
5.375270172953605652e-02
5.371059477329254150e-02
5.366857722401618958e-02
5.362683534622192383e-02
5.358518287539482117e-02
5.354372784495353699e-02
5.350244790315628052e-02
5.346136540174484253e-02
5.342046916484832764e-02
5.337967351078987122e-02
5.333909764885902405e-02
5.329870060086250305e-02
5.325845628976821899e-02
5.321833491325378418e-02
5.317844077944755554e-02
5.313873663544654846e-02
5.309916660189628601e-02
5.305974185466766357e-02
5.302051454782485962e-02
5.298144742846488953e-02
5.294249951839447021e-02
5.290377140045166016e-02
5.286519229412078857e-02
5.282676219940185547e-02
5.278845876455307007e-02
5.275039002299308777e-02
5.271237343549728394e-02
5.267457291483879089e-02
5.263694375753402710e-02
5.259938538074493408e-02
5.256207659840583801e-02
5.252482742071151733e-02
5.248778313398361206e-02
5.245084315538406372e-02
5.241404101252555847e-02
5.237741395831108093e-02
5.234089866280555725e-02
5.230453982949256897e-02
5.226831510663032532e-02
5.223222449421882629e-02
5.219625309109687805e-02
5.216045677661895752e-02
5.212473124265670776e-02
5.208914726972579956e-02
5.205373466014862061e-02
5.201841145753860474e-02
5.198320373892784119e-02
5.194813013076782227e-02
5.191318690776824951e-02
5.187835171818733215e-02
5.184361338615417480e-02
5.180898681282997131e-02
5.177450925111770630e-02
5.174015462398529053e-02
5.170587077736854553e-02
5.167169868946075439e-02
5.163758993148803711e-02
5.160365626215934753e-02
5.156975984573364258e-02
5.153600499033927917e-02
5.150234326720237732e-02
5.146876722574234009e-02
5.143532529473304749e-02
5.140192434191703796e-02
5.136861652135848999e-02
5.133542418479919434e-02
5.130231007933616638e-02
5.126928165555000305e-02
5.123632401227951050e-02
5.120345950126647949e-02
5.117066204547882080e-02
5.113796517252922058e-02
5.110529810190200806e-02
5.107275769114494324e-02
5.104028433561325073e-02
5.100788176059722900e-02
5.097552761435508728e-02
5.094325542449951172e-02
5.091105401515960693e-02
5.087891966104507446e-02
5.084685236215591431e-02
5.081480741500854492e-02
5.078287422657012939e-02
5.075097456574440002e-02
5.071919038891792297e-02
5.068738758563995361e-02
5.065565928816795349e-02
5.062397569417953491e-02
5.059237778186798096e-02
5.056079104542732239e-02
5.052929744124412537e-02
5.049780756235122681e-02
5.046640336513519287e-02
5.043502151966094971e-02
5.040365457534790039e-02
5.037236586213111877e-02
5.034117028117179871e-02
5.030992254614830017e-02
5.027873069047927856e-02
5.024760216474533081e-02
5.021649971604347229e-02
5.018542706966400146e-02
5.015441402792930603e-02
5.012339726090431213e-02
5.009245127439498901e-02
5.006150528788566589e-02
5.003057792782783508e-02
4.999971389770507812e-02
4.996885731816291809e-02
4.993804544210433960e-02
4.990724474191665649e-02
4.987649992108345032e-02
4.984573274850845337e-02
4.981498792767524719e-02
4.978428781032562256e-02
4.975362122058868408e-02
4.972295090556144714e-02
4.969228431582450867e-02
4.966167360544204712e-02
4.963107407093048096e-02
4.960050061345100403e-02
4.956991970539093018e-02
4.953937232494354248e-02
4.950883984565734863e-02
4.947832971811294556e-02
4.944783449172973633e-02
4.941735044121742249e-02
4.938688129186630249e-02
4.935640841722488403e-02
4.932595416903495789e-02
4.929552972316741943e-02
4.926509782671928406e-02
4.923470318317413330e-02
4.920431971549987793e-02
4.917392507195472717e-02
4.914353415369987488e-02
4.911319166421890259e-02
4.908283799886703491e-02
4.905249550938606262e-02
4.902214929461479187e-02
4.899184405803680420e-02
4.896154627203941345e-02
4.893127456307411194e-02
4.890097305178642273e-02
4.887064546346664429e-02
4.884038120508193970e-02
4.881012812256813049e-02
4.877986758947372437e-02
4.874961078166961670e-02
4.871940240263938904e-02
4.868916422128677368e-02
4.865894466638565063e-02
4.862870648503303528e-02
4.859852790832519531e-02
4.856831952929496765e-02
4.853816702961921692e-02
4.850798472762107849e-02
4.847780242562294006e-02
4.844762384891510010e-02
4.841748997569084167e-02
4.838733375072479248e-02
4.835721105337142944e-02
4.832708463072776794e-02
4.829699546098709106e-02
4.826683551073074341e-02
4.823671653866767883e-02
4.820666089653968811e-02
4.817654192447662354e-02
4.814646020531654358e-02
4.811639338731765747e-02
4.808631911873817444e-02
4.805626720190048218e-02
4.802623763680458069e-02
4.799621179699897766e-02
4.796615242958068848e-02
4.793611913919448853e-02
4.790613427758216858e-02
4.787610098719596863e-02
