2.109150290489196777e-01
2.062811851501464844e-01
2.017486393451690674e-01
1.971394866704940796e-01
1.920962780714035034e-01
1.863507181406021118e-01
1.800410747528076172e-01
1.736542284488677979e-01
1.676633059978485107e-01
1.622896790504455566e-01
1.575313359498977661e-01
1.532833129167556763e-01
1.494241505861282349e-01
1.458511501550674438e-01
1.424890309572219849e-01
1.392890512943267822e-01
1.362255364656448364e-01
1.332923024892807007e-01
1.304974853992462158e-01
1.278553456068038940e-01
1.253776997327804565e-01
1.230662614107131958e-01
1.209133118391036987e-01
1.189059615135192871e-01
1.170314103364944458e-01
1.152788698673248291e-01
1.136397719383239746e-01
1.121072024106979370e-01
1.106750592589378357e-01
1.093372404575347900e-01
1.080876812338829041e-01
1.069197580218315125e-01
1.058266684412956238e-01
1.048013940453529358e-01
1.038371846079826355e-01
1.029273420572280884e-01
1.020656004548072815e-01
1.012462973594665527e-01
1.004640832543373108e-01
9.971434623003005981e-02
9.899304807186126709e-02
9.829653054475784302e-02
9.762172400951385498e-02
9.696613252162933350e-02
9.632765501737594604e-02
9.570447355508804321e-02
9.509518742561340332e-02
9.449873864650726318e-02
9.391422569751739502e-02
9.334092587232589722e-02
9.277836978435516357e-02
9.222611784934997559e-02
9.168402850627899170e-02
9.115192294120788574e-02
9.062962234020233154e-02
9.011724591255187988e-02
8.961472660303115845e-02
8.912208676338195801e-02
8.863946795463562012e-02
8.816694468259811401e-02
8.770465850830078125e-02
8.725266903638839722e-02
8.681113272905349731e-02
8.638014644384384155e-02
8.595985919237136841e-02
8.555027097463607788e-02
8.515153825283050537e-02
8.476369827985763550e-02
8.438674360513687134e-02
8.402069658041000366e-02
8.366558700799942017e-02
8.332135528326034546e-02
8.298792690038681030e-02
8.266520500183105469e-02
8.235309273004531860e-02
8.205141872167587280e-02
8.176007121801376343e-02
8.147875964641571045e-02
8.120733499526977539e-02
8.094554394483566284e-02
8.069316297769546509e-02
8.044987171888351440e-02
8.021544665098190308e-02
7.998955994844436646e-02
7.977186143398284912e-02
7.956208288669586182e-02
7.935989648103713989e-02
7.916487008333206177e-02
7.897675782442092896e-02
7.879515737295150757e-02
7.861971110105514526e-02
7.845005393028259277e-02
7.828584313392639160e-02
7.812673598527908325e-02
7.797243446111679077e-02
7.782254368066787720e-02
7.767681777477264404e-02
7.753498107194900513e-02
7.739678770303726196e-02
7.726199924945831299e-02
7.713037729263305664e-02
7.700176537036895752e-02
7.687592506408691406e-02
7.675272226333618164e-02
7.663200795650482178e-02
7.651349902153015137e-02
7.639717310667037964e-02
7.628286629915237427e-02
7.617039233446121216e-02
7.605963945388793945e-02
7.595048844814300537e-02
7.584282010793685913e-02
7.573655992746353149e-02
7.563158869743347168e-02
7.552786916494369507e-02
7.542529702186584473e-02
7.532382011413574219e-02
7.522336393594741821e-02
7.512391358613967896e-02
7.502535730600357056e-02
7.492768764495849609e-02
7.483091950416564941e-02
7.473488152027130127e-02
7.463964819908142090e-02
7.454508543014526367e-02
7.445127516984939575e-02
7.435806095600128174e-02
7.426548004150390625e-02
7.417342811822891235e-02
7.408193498849868774e-02
7.399100065231323242e-02
7.390054315328598022e-02
7.381056249141693115e-02
7.372100651264190674e-02
7.363194227218627930e-02
7.354325056076049805e-02
7.345498353242874146e-02
7.336710393428802490e-02
7.327963411808013916e-02
7.319255173206329346e-02
7.310586422681808472e-02
7.301958650350570679e-02
7.293364405632019043e-02
7.284806668758392334e-02
7.276290655136108398e-02
7.267813384532928467e-02
7.259376347064971924e-02
7.250984013080596924e-02
7.242628186941146851e-02
7.234318554401397705e-02
7.226049154996871948e-02
7.217828929424285889e-02
7.209644466638565063e-02
7.201506942510604858e-02
7.193417847156524658e-02
7.185376435518264771e-02
7.177378237247467041e-02
7.169432193040847778e-02
7.161526381969451904e-02
7.153674960136413574e-02
7.145868986845016479e-02
7.138111442327499390e-02
7.130406051874160767e-02
7.122745364904403687e-02
7.115133851766586304e-02
7.107570022344589233e-02
7.100058346986770630e-02
7.092591375112533569e-02
7.085176557302474976e-02
7.077807933092117310e-02
7.070486992597579956e-02
7.063211500644683838e-02
7.055983692407608032e-02
7.048801332712173462e-02
7.041665166616439819e-02
7.034576684236526489e-02
7.027532160282135010e-02
7.020535320043563843e-02
7.013579457998275757e-02
7.006665319204330444e-02
6.999798864126205444e-02
6.992972642183303833e-02
6.986192613840103149e-02
6.979446858167648315e-02
6.972748041152954102e-02
6.966090947389602661e-02
6.959474831819534302e-02
6.952899694442749023e-02
6.946365535259246826e-02
6.939870864152908325e-02
6.933417171239852905e-02
6.927007436752319336e-02
6.920628994703292847e-02
6.914300471544265747e-02
6.908006221055984497e-02
6.901752203702926636e-02
6.895542144775390625e-02
6.889369338750839233e-02
6.883237510919570923e-02
6.877147406339645386e-02
6.871095299720764160e-02
6.865086406469345093e-02
6.859115511178970337e-02
6.853185594081878662e-02
6.847295165061950684e-02
6.841447949409484863e-02
6.835640221834182739e-02
6.829874962568283081e-02
6.824146211147308350e-02
6.818467378616333008e-02
6.812825798988342285e-02
6.807219982147216797e-02
6.801661849021911621e-02
6.796143203973770142e-02
6.790667027235031128e-02
6.785229593515396118e-02
6.779835373163223267e-02
6.774480640888214111e-02
6.769166886806488037e-02
6.763894855976104736e-02
6.758660078048706055e-02
6.753469258546829224e-02
6.748314946889877319e-02
6.743208318948745728e-02
6.738133728504180908e-02
6.733101606369018555e-02
6.728109717369079590e-02
6.723153591156005859e-02
6.718235462903976440e-02
6.713358312845230103e-02
6.708516180515289307e-02
6.703715771436691284e-02
6.698951125144958496e-02
6.694222986698150635e-02
6.689528375864028931e-02
6.684868037700653076e-02
6.680248677730560303e-02
6.675663590431213379e-02
6.671111285686492920e-02
6.666592508554458618e-02
6.662108749151229858e-02
6.657655537128448486e-02
6.653235107660293579e-02
6.648845970630645752e-02
6.644491851329803467e-02
6.640162318944931030e-02
6.635866314172744751e-02
6.631603837013244629e-02
6.627365201711654663e-02
6.623160094022750854e-02
6.618978083133697510e-02
6.614834070205688477e-02
6.610707193613052368e-02
6.606612354516983032e-02
6.602542847394943237e-02
6.598497182130813599e-02
6.594482064247131348e-02
6.590487807989120483e-02
6.586521863937377930e-02
6.582581251859664917e-02
6.578666716814041138e-02
6.574770063161849976e-02
6.570900976657867432e-02
6.567053496837615967e-02
6.563228368759155273e-02
6.559424102306365967e-02
6.555644422769546509e-02
6.551886349916458130e-02
6.548149883747100830e-02
6.544431298971176147e-02
6.540732085704803467e-02
6.537055224180221558e-02
6.533400714397430420e-02
6.529763340950012207e-02
6.526149809360504150e-02
6.522551923990249634e-02
6.518973410129547119e-02
6.515412777662277222e-02
6.511873751878738403e-02
6.508348882198333740e-02
6.504847854375839233e-02
6.501358747482299805e-02
6.497891992330551147e-02
6.494437903165817261e-02
6.491003930568695068e-02
6.487587839365005493e-02
6.484188139438629150e-02
6.480800360441207886e-02
6.477432698011398315e-02
6.474082916975021362e-02
6.470753997564315796e-02
6.467431783676147461e-02
6.464127451181411743e-02
6.460843235254287720e-02
6.457573175430297852e-02
6.454322487115859985e-02
6.451085954904556274e-02
6.447859853506088257e-02
6.444652378559112549e-02
6.441464275121688843e-02
6.438289582729339600e-02
6.435129046440124512e-02
6.431984156370162964e-02
6.428854912519454956e-02
6.425747275352478027e-02
6.422647833824157715e-02
6.419565528631210327e-02
6.416500359773635864e-02
6.413450837135314941e-02
6.410424411296844482e-02
6.407406926155090332e-02
6.404405087232589722e-02
6.401423364877700806e-02
6.398458033800125122e-02
6.395509839057922363e-02
6.392580270767211914e-02
6.389667838811874390e-02
6.386768817901611328e-02
6.383890658617019653e-02
6.381033360958099365e-02
6.378193199634552002e-02
6.375368684530258179e-02
6.372564285993576050e-02
6.369780004024505615e-02
6.367027014493942261e-02
6.364281475543975830e-02
6.361561268568038940e-02
6.358861178159713745e-02
6.356183439493179321e-02
6.353527307510375977e-02
6.350895017385482788e-02
6.348283588886260986e-02
6.345699727535247803e-02
6.343139708042144775e-02
6.340602040290832520e-02
6.338091194629669189e-02
6.335603445768356323e-02
6.333146244287490845e-02
6.330715119838714600e-02
6.328310072422027588e-02
6.325931847095489502e-02
6.323579698801040649e-02
6.321259588003158569e-02
6.318970024585723877e-02
6.316712498664855957e-02
6.314482539892196655e-02
6.312282383441925049e-02
6.310118734836578369e-02
6.307981908321380615e-02
6.305880099534988403e-02
6.303808838129043579e-02
6.301773339509963989e-02
6.299771368503570557e-02
6.297802925109863281e-02
6.295868754386901855e-02
6.293974816799163818e-02
6.292106956243515015e-02
6.290278583765029907e-02
6.288493424654006958e-02
6.286741793155670166e-02
6.285026669502258301e-02
6.283350288867950439e-02
6.281711906194686890e-02
6.280105561017990112e-02
6.278543919324874878e-02
6.277021765708923340e-02
6.275530904531478882e-02
6.274084001779556274e-02
6.272670626640319824e-02
6.271299719810485840e-02
6.269964575767517090e-02
6.268676370382308960e-02
6.267421692609786987e-02
6.266207247972488403e-02
6.265031546354293823e-02
6.263899058103561401e-02
6.262800842523574829e-02
6.261745095252990723e-02
6.260730326175689697e-02
6.259752810001373291e-02
6.258817017078399658e-02
6.257916241884231567e-02
6.257058680057525635e-02
6.256231665611267090e-02
6.255452334880828857e-02
6.254709511995315552e-02
6.254007667303085327e-02
6.253341585397720337e-02
6.252714246511459351e-02
6.252125650644302368e-02
6.251578032970428467e-02
6.251063942909240723e-02
6.250590085983276367e-02
6.250154227018356323e-02
6.249757111072540283e-02
6.249393522739410400e-02
6.249066442251205444e-02
6.248778477311134338e-02
6.248524412512779236e-02
6.248306110501289368e-02
6.248125433921813965e-02
6.247982382774353027e-02
6.247870996594429016e-02
6.247795745730400085e-02
6.247757747769355774e-02
6.247745454311370850e-02
6.247771158814430237e-02
6.247835233807563782e-02
6.247930973768234253e-02
6.248058378696441650e-02
6.248219311237335205e-02
6.248414516448974609e-02
6.248635053634643555e-02
6.248893588781356812e-02
6.249182671308517456e-02
6.249498575925827026e-02
6.249851360917091370e-02
6.250228732824325562e-02
6.250637769699096680e-02
6.251080334186553955e-02
6.251548975706100464e-02
6.252045184373855591e-02
6.252580881118774414e-02
6.253134459257125854e-02
6.253717839717864990e-02
6.254333257675170898e-02
6.254974007606506348e-02
6.255647540092468262e-02
6.256341189146041870e-02
6.257058680057525635e-02
6.257808208465576172e-02
6.258582323789596558e-02
6.259383261203765869e-02
6.260206550359725952e-02
6.261058896780014038e-02
6.261934340000152588e-02
6.262835115194320679e-02
6.263761967420578003e-02
6.264710426330566406e-02
6.265683472156524658e-02
6.266680359840393066e-02
6.267704814672470093e-02
6.268751621246337891e-02
6.269816309213638306e-02
6.270908564329147339e-02
6.272014975547790527e-02
6.273146718740463257e-02
6.274303793907165527e-02
6.275486946105957031e-02
6.276686489582061768e-02
6.277908384799957275e-02
6.279143691062927246e-02
6.280405819416046143e-02
6.281686574220657349e-02
6.282988935708999634e-02
6.284307688474655151e-02
6.285646557807922363e-02
6.287007033824920654e-02
6.288389116525650024e-02
6.289783865213394165e-02
6.291203945875167847e-02
6.292645633220672607e-02
6.294099986553192139e-02
6.295568495988845825e-02
6.297059357166290283e-02
6.298566609621047974e-02
6.300091743469238281e-02
6.301634013652801514e-02
6.303190439939498901e-02
6.304767727851867676e-02
6.306356191635131836e-02
6.307962536811828613e-02
6.309583038091659546e-02
6.311214715242385864e-02
6.312862783670425415e-02
6.314530223608016968e-02
6.316202133893966675e-02
6.317894905805587769e-02
6.319598853588104248e-02
6.321316957473754883e-02
6.323039531707763672e-02
6.324777007102966309e-02
6.326527148485183716e-02
6.328282505273818970e-02
6.330060958862304688e-02
6.331842392683029175e-02
6.333635002374649048e-02
6.335435807704925537e-02
6.337239593267440796e-02
6.339057534933090210e-02
6.340883672237396240e-02
6.342715770006179810e-02
6.344557553529739380e-02
6.346404552459716797e-02
6.348255276679992676e-02
6.350109726190567017e-02
6.351973116397857666e-02
6.353843957185745239e-02
6.355711072683334351e-02
6.357587873935699463e-02
