1.910959780216217041e-01
1.868627220392227173e-01
1.826016753911972046e-01
1.783593744039535522e-01
1.741376668214797974e-01
1.699469685554504395e-01
1.658561825752258301e-01
1.619666814804077148e-01
1.583362221717834473e-01
1.549514830112457275e-01
1.517500430345535278e-01
1.486565768718719482e-01
1.456067413091659546e-01
1.425597518682479858e-01
1.395004689693450928e-01
1.364365369081497192e-01
1.333903968334197998e-01
1.303896456956863403e-01
1.274598687887191772e-01
1.246232166886329651e-01
1.218998879194259644e-01
1.193070709705352783e-01
1.168582215905189514e-01
1.145605742931365967e-01
1.124152615666389465e-01
1.104185357689857483e-01
1.085633635520935059e-01
1.068406403064727783e-01
1.052403524518013000e-01
1.037521436810493469e-01
1.023657396435737610e-01
1.010714396834373474e-01
9.986022114753723145e-02
9.872365742921829224e-02
9.765438735485076904e-02
9.664605557918548584e-02
9.569241851568222046e-02
9.478849917650222778e-02
9.392996132373809814e-02
9.311264753341674805e-02
9.233336150646209717e-02
9.158882498741149902e-02
9.087642282247543335e-02
9.019371122121810913e-02
8.953857421875000000e-02
8.890874683856964111e-02
8.830258995294570923e-02
8.771830052137374878e-02
8.715456724166870117e-02
8.660983294248580933e-02
8.608297258615493774e-02
8.557278662919998169e-02
8.507829159498214722e-02
8.459860086441040039e-02
8.413268625736236572e-02
8.368008583784103394e-02
8.323971182107925415e-02
8.281134068965911865e-02
8.239421248435974121e-02
8.198784291744232178e-02
8.159176260232925415e-02
8.120553940534591675e-02
8.082878589630126953e-02
8.046120405197143555e-02
8.010241389274597168e-02
7.975217700004577637e-02
7.941015809774398804e-02
7.907614856958389282e-02
7.874991744756698608e-02
7.843123376369476318e-02
7.811986654996871948e-02
7.781567424535751343e-02
7.751837372779846191e-02
7.722780853509902954e-02
7.694383710622787476e-02
7.666610926389694214e-02
7.639469951391220093e-02
7.612920552492141724e-02
7.586942613124847412e-02
7.561527937650680542e-02
7.536649703979492188e-02
7.512290030717849731e-02
7.488421350717544556e-02
7.465022802352905273e-02
7.442085444927215576e-02
7.419561594724655151e-02
7.397443056106567383e-02
7.375696301460266113e-02
7.354287803173065186e-02
7.333203405141830444e-02
7.312396913766860962e-02
7.291839271783828735e-02
7.271512597799301147e-02
7.251360267400741577e-02
7.231363654136657715e-02
7.211489975452423096e-02
7.191718369722366333e-02
7.172022759914398193e-02
7.152389734983444214e-02
7.132815569639205933e-02
7.113292068243026733e-02
7.093834131956100464e-02
7.074443995952606201e-02
7.055143266916275024e-02
7.035939395427703857e-02
7.016864418983459473e-02
6.997921317815780640e-02
6.979134678840637207e-02
6.960519403219223022e-02
6.942081451416015625e-02
6.923841685056686401e-02
6.905797868967056274e-02
6.887960433959960938e-02
6.870330870151519775e-02
6.852911412715911865e-02
6.835705041885375977e-02
6.818707287311553955e-02
6.801911443471908569e-02
6.785324215888977051e-02
6.768931448459625244e-02
6.752722710371017456e-02
6.736706197261810303e-02
6.720866262912750244e-02
6.705206632614135742e-02
6.689719110727310181e-02
6.674394011497497559e-02
6.659238040447235107e-02
6.644237041473388672e-02
6.629383563995361328e-02
6.614685058593750000e-02
6.600135564804077148e-02
6.585720926523208618e-02
6.571456044912338257e-02
6.557325273752212524e-02
6.543327122926712036e-02
6.529454141855239868e-02
6.515727192163467407e-02
6.502121686935424805e-02
6.488645821809768677e-02
6.475291401147842407e-02
6.462066620588302612e-02
6.448962539434432983e-02
6.435974687337875366e-02
6.423114985227584839e-02
6.410369277000427246e-02
6.397743523120880127e-02
6.385228782892227173e-02
6.372835487127304077e-02
6.360553950071334839e-02
6.348391622304916382e-02
6.336336582899093628e-02
6.324390321969985962e-02
6.312558799982070923e-02
6.300836056470870972e-02
6.289227306842803955e-02
6.277721375226974487e-02
6.266324222087860107e-02
6.255038082599639893e-02
6.243854016065597534e-02
6.232772022485733032e-02
6.221795827150344849e-02
6.210929900407791138e-02
6.200157478451728821e-02
6.189496815204620361e-02
6.178928911685943604e-02
6.168458610773086548e-02
6.158094853162765503e-02
6.147825717926025391e-02
6.137648224830627441e-02
6.127570942044258118e-02
6.117586046457290649e-02
6.107697263360023499e-02
6.097900122404098511e-02
6.088192015886306763e-02
6.078574061393737793e-02
6.069040298461914062e-02
6.059600040316581726e-02
6.050240620970726013e-02
6.040966883301734924e-02
6.031776219606399536e-02
6.022668257355690002e-02
6.013633310794830322e-02
6.004683300852775574e-02
5.995807051658630371e-02
5.987005680799484253e-02
5.978272482752799988e-02
5.969618633389472961e-02
5.961032584309577942e-02
5.952519550919532776e-02
5.944064632058143616e-02
5.935679003596305847e-02
5.927358940243721008e-02
5.919096618890762329e-02
5.910898000001907349e-02
5.902751907706260681e-02
5.894672125577926636e-02
5.886640772223472595e-02
5.878664925694465637e-02
5.870738625526428223e-02
5.862866714596748352e-02
5.855039134621620178e-02
5.847264826297760010e-02
5.839538946747779846e-02
5.831847712397575378e-02
5.824207887053489685e-02
5.816604569554328918e-02
5.809044092893600464e-02
5.801523104310035706e-02
5.794038251042366028e-02
5.786590278148651123e-02
5.779175087809562683e-02
5.771799385547637939e-02
5.764451995491981506e-02
5.757137015461921692e-02
5.749850347638130188e-02
5.742595717310905457e-02
5.735365301370620728e-02
5.728165432810783386e-02
5.720990151166915894e-02
5.713835731148719788e-02
5.706713348627090454e-02
5.699610337615013123e-02
5.692523345351219177e-02
5.685463547706604004e-02
5.678423121571540833e-02
5.671402066946029663e-02
5.664394423365592957e-02
5.657412484288215637e-02
5.650440976023674011e-02
5.643488466739654541e-02
5.636553838849067688e-02
5.629625916481018066e-02
5.622716993093490601e-02
5.615821108222007751e-02
5.608938261866569519e-02
5.602066591382026672e-02
5.595206469297409058e-02
5.588353052735328674e-02
5.581516027450561523e-02
5.574687942862510681e-02
5.567869171500205994e-02
5.561058968305587769e-02
5.554251745343208313e-02
5.547460541129112244e-02
5.540668219327926636e-02
5.533890798687934875e-02
5.527112260460853577e-02
5.520342290401458740e-02
5.513582378625869751e-02
5.506823211908340454e-02
5.500071868300437927e-02
5.493327975273132324e-02
5.486585199832916260e-02
5.479849874973297119e-02
5.473118647933006287e-02
5.466385185718536377e-02
5.459660664200782776e-02
5.452938377857208252e-02
5.446220561861991882e-02
5.439505726099014282e-02
5.432793125510215759e-02
5.426084995269775391e-02
5.419378355145454407e-02
5.412670224905014038e-02
5.405975878238677979e-02
5.399275571107864380e-02
5.392584949731826782e-02
5.385890603065490723e-02
5.379200354218482971e-02
5.372516065835952759e-02
5.365827307105064392e-02
5.359145253896713257e-02
5.352472886443138123e-02
5.345792695879936218e-02
5.339122936129570007e-02
5.332446470856666565e-02
5.325783789157867432e-02
5.319115892052650452e-02
5.312456935644149780e-02
5.305793136358261108e-02
5.299143120646476746e-02
5.292489379644393921e-02
5.285843461751937866e-02
5.279197543859481812e-02
5.272557586431503296e-02
5.265919864177703857e-02
5.259286239743232727e-02
5.252659320831298828e-02
5.246035382151603699e-02
5.239415541291236877e-02
5.232801660895347595e-02
5.226193368434906006e-02
5.219588428735733032e-02
5.212989449501037598e-02
5.206396803259849548e-02
5.199807137250900269e-02
5.193225666880607605e-02
5.186647176742553711e-02
5.180078372359275818e-02
5.173514038324356079e-02
5.166955664753913879e-02
5.160406976938247681e-02
5.153861269354820251e-02
5.147327110171318054e-02
5.140795558691024780e-02
5.134272575378417969e-02
5.127758905291557312e-02
5.121250078082084656e-02
5.114752426743507385e-02
5.108261108398437500e-02
5.101775377988815308e-02
5.095302313566207886e-02
5.088834837079048157e-02
5.082372948527336121e-02
5.075928196310997009e-02
5.069486796855926514e-02
5.063058808445930481e-02
5.056634917855262756e-02
5.050222203135490417e-02
5.043817684054374695e-02
5.037425458431243896e-02
5.031041428446769714e-02
5.024665221571922302e-02
5.018301680684089661e-02
5.011948198080062866e-02
5.005604028701782227e-02
4.999267682433128357e-02
4.992942139506340027e-02
4.986629262566566467e-02
4.980326071381568909e-02
4.974032938480377197e-02
4.967749491333961487e-02
4.961476475000381470e-02
4.955217242240905762e-02
4.948963224887847900e-02
4.942724481225013733e-02
4.936498403549194336e-02
4.930278658866882324e-02
4.924068599939346313e-02
4.917870834469795227e-02
4.911688342690467834e-02
4.905512556433677673e-02
4.899349436163902283e-02
4.893194139003753662e-02
4.887052252888679504e-02
4.880918934941291809e-02
4.874802753329277039e-02
4.868689179420471191e-02
4.862590506672859192e-02
4.856503754854202271e-02
4.850425571203231812e-02
4.844362661242485046e-02
4.838305711746215820e-02
4.832260310649871826e-02
4.826228693127632141e-02
4.820206761360168457e-02
4.814195632934570312e-02
4.808194562792778015e-02
4.802209511399269104e-02
4.796229302883148193e-02
4.790256917476654053e-02
4.784302040934562683e-02
4.778354614973068237e-02
4.772415384650230408e-02
4.766493290662765503e-02
4.760580509901046753e-02
4.754675552248954773e-02
4.748779907822608948e-02
4.742898046970367432e-02
4.737024381756782532e-02
4.731159284710884094e-02
4.725309461355209351e-02
4.719468206167221069e-02
4.713636636734008789e-02
4.707812890410423279e-02
4.701998457312583923e-02
4.696199670433998108e-02
4.690409079194068909e-02
4.684625938534736633e-02
4.678848385810852051e-02
4.673090949654579163e-02
4.667337238788604736e-02
4.661593586206436157e-02
4.655861109495162964e-02
4.650136828422546387e-02
4.644423350691795349e-02
4.638718813657760620e-02
4.633020609617233276e-02
4.627334326505661011e-02
4.621652886271476746e-02
4.615987464785575867e-02
4.610326886177062988e-02
4.604676365852355957e-02
4.599033296108245850e-02
4.593397676944732666e-02
4.587774351239204407e-02
4.582157358527183533e-02
4.576551541686058044e-02
4.570954293012619019e-02
4.565359652042388916e-02
4.559776559472084045e-02
4.554200917482376099e-02
4.548633098602294922e-02
4.543072730302810669e-02
4.537522047758102417e-02
4.531979560852050781e-02
4.526446014642715454e-02
4.520917683839797974e-02
4.515398293733596802e-02
4.509882628917694092e-02
4.504379257559776306e-02
4.498881474137306213e-02
4.493388161063194275e-02
4.487905651330947876e-02
4.482428729534149170e-02
4.476961866021156311e-02
4.471496120095252991e-02
4.466044530272483826e-02
4.460593312978744507e-02
4.455148428678512573e-02
4.449714347720146179e-02
4.444288089871406555e-02
4.438866302371025085e-02
4.433452337980270386e-02
4.428040608763694763e-02
4.422634840011596680e-02
4.417240247130393982e-02
4.411848261952400208e-02
4.406464472413063049e-02
4.401089251041412354e-02
4.395716637372970581e-02
4.390349611639976501e-02
4.384992644190788269e-02
4.379638284444808960e-02
4.374289512634277344e-02
4.368945956230163574e-02
4.363612085580825806e-02
4.358279705047607422e-02
4.352954775094985962e-02
4.347636550664901733e-02
4.342325404286384583e-02
4.337015748023986816e-02
4.331713169813156128e-02
4.326418787240982056e-02
4.321127384901046753e-02
4.315841943025588989e-02
4.310563951730728149e-02
4.305291175842285156e-02
4.300020262598991394e-02
4.294760525226593018e-02
4.289504140615463257e-02
4.284252226352691650e-02
4.279008135199546814e-02
4.273765906691551208e-02
4.268531873822212219e-02
4.263302311301231384e-02
4.258078709244728088e-02
4.252862185239791870e-02
4.247650504112243652e-02
4.242448136210441589e-02
4.237245023250579834e-02
4.232048988342285156e-02
4.226860031485557556e-02
4.221678152680397034e-02
4.216501861810684204e-02
4.211331158876419067e-02
4.206163436174392700e-02
4.201003909111022949e-02
4.195847362279891968e-02
4.190699383616447449e-02
4.185559973120689392e-02
4.180425405502319336e-02
4.175293073058128357e-02
4.170170798897743225e-02
4.165051504969596863e-02
4.159937426447868347e-02
4.154833406209945679e-02
4.149733483791351318e-02
4.144643619656562805e-02
4.139557108283042908e-02
4.134476557374000549e-02
4.129400104284286499e-02
4.124335199594497681e-02
4.119273275136947632e-02
4.114217311143875122e-02
4.109169170260429382e-02
4.104129597544670105e-02
4.099096357822418213e-02
4.094067215919494629e-02
4.089045152068138123e-02
4.084030166268348694e-02
4.079024121165275574e-02
4.074021428823471069e-02
4.069025814533233643e-02
4.064038023352622986e-02
4.059059172868728638e-02
4.054084047675132751e-02
4.049117118120193481e-02
4.044155403971672058e-02
4.039204493165016174e-02
