1.947421580553054810e-01
1.914898455142974854e-01
1.911927759647369385e-01
1.909186244010925293e-01
1.906664222478866577e-01
1.904344707727432251e-01
1.902219355106353760e-01
1.900275051593780518e-01
1.898498386144638062e-01
1.896877288818359375e-01
1.895397603511810303e-01
1.894049942493438721e-01
1.892819553613662720e-01
1.891694664955139160e-01
1.890665143728256226e-01
1.889718770980834961e-01
1.888843327760696411e-01
1.888035535812377930e-01
1.887281686067581177e-01
1.886574625968933105e-01
1.885907351970672607e-01
1.885274350643157959e-01
1.884666830301284790e-01
1.884081065654754639e-01
1.883510053157806396e-01
1.882948428392410278e-01
1.882390826940536499e-01
1.881831139326095581e-01
1.881262809038162231e-01
1.880681961774826050e-01
1.880077421665191650e-01
1.879440397024154663e-01
1.878765821456909180e-01
1.878038942813873291e-01
1.877243965864181519e-01
1.876364499330520630e-01
1.875378489494323730e-01
1.874255388975143433e-01
1.872957646846771240e-01
1.871436983346939087e-01
1.869623661041259766e-01
1.867427378892898560e-01
1.864722520112991333e-01
1.861339807510375977e-01
1.857045143842697144e-01
1.851535141468048096e-01
1.844426542520523071e-01
1.835309565067291260e-01
1.823877841234207153e-01
1.810182780027389526e-01
1.794929355382919312e-01
1.779460757970809937e-01
1.765164136886596680e-01
1.752763092517852783e-01
1.742181926965713501e-01
1.732932180166244507e-01
1.724510490894317627e-01
1.716538220643997192e-01
1.708760112524032593e-01
1.700989902019500732e-01
1.693073064088821411e-01
1.684852838516235352e-01
1.676160842180252075e-01
1.666808426380157471e-01
1.656586229801177979e-01
1.645279079675674438e-01
1.632668226957321167e-01
1.618564724922180176e-01
1.602859944105148315e-01
1.585598737001419067e-01
1.567017138004302979e-01
1.547494381666183472e-01
1.527409255504608154e-01
1.506965607404708862e-01
1.486124843358993530e-01
1.464650034904479980e-01
1.442180871963500977e-01
1.418274343013763428e-01
1.392433494329452515e-01
1.364125609397888184e-01
1.332810372114181519e-01
1.298064142465591431e-01
1.259898543357849121e-01
1.219178736209869385e-01
1.177724376320838928e-01
1.137749254703521729e-01
1.101036965847015381e-01
1.068312898278236389e-01
1.039102151989936829e-01
1.012392267584800720e-01
9.876383841037750244e-02
9.656250476837158203e-02
9.472395479679107666e-02
9.322444349527359009e-02
9.198024868965148926e-02
9.090580791234970093e-02
8.993626385927200317e-02
8.903650939464569092e-02
8.819735050201416016e-02
8.742198348045349121e-02
8.671350777149200439e-02
8.606676757335662842e-02
8.546818047761917114e-02
8.489996194839477539e-02
8.434676378965377808e-02
8.379863202571868896e-02
8.325116336345672607e-02
8.270562440156936646e-02
8.216878026723861694e-02
8.164980262517929077e-02
8.115382492542266846e-02
8.067685365676879883e-02
8.020750433206558228e-02
7.973715662956237793e-02
7.926843315362930298e-02
7.881359755992889404e-02
7.838589698076248169e-02
7.798815518617630005e-02
7.760396599769592285e-02
7.721775025129318237e-02
7.683902233839035034e-02
7.647924870252609253e-02
7.613704353570938110e-02
7.580656558275222778e-02
7.548227906227111816e-02
7.515972852706909180e-02
7.483554631471633911e-02
7.450685650110244751e-02
7.417175918817520142e-02
7.382936030626296997e-02
7.347957789897918701e-02
7.312032580375671387e-02
7.274501770734786987e-02
7.234153151512145996e-02
7.193854451179504395e-02
7.177147269248962402e-02
7.164545357227325439e-02
7.191527634859085083e-02
7.162418216466903687e-02
7.127130031585693359e-02
7.079655677080154419e-02
7.060716301202774048e-02
7.007078081369400024e-02
7.040905952453613281e-02
7.064314186573028564e-02
7.023348659276962280e-02
6.975176930427551270e-02
6.932012736797332764e-02
6.923277676105499268e-02
6.887765228748321533e-02
6.914299726486206055e-02
6.899284571409225464e-02
6.859999150037765503e-02
6.797045469284057617e-02
6.849696487188339233e-02
6.856219470500946045e-02
6.844068318605422974e-02
6.816284358501434326e-02
6.837502866983413696e-02
6.746109575033187866e-02
6.744304299354553223e-02
6.714607775211334229e-02
6.711512058973312378e-02
6.689502298831939697e-02
6.676869094371795654e-02
6.745533645153045654e-02
6.635255366563796997e-02
6.623689830303192139e-02
6.610552221536636353e-02
6.602127104997634888e-02
6.620514392852783203e-02
6.653521955013275146e-02
6.617190688848495483e-02
6.581667810678482056e-02
6.572194397449493408e-02
6.582240015268325806e-02
6.627856194972991943e-02
6.528905034065246582e-02
6.440126150846481323e-02
6.411645561456680298e-02
6.545583158731460571e-02
6.417793035507202148e-02
6.342513114213943481e-02
6.316474080085754395e-02
6.443848460912704468e-02
6.354006379842758179e-02
6.338664889335632324e-02
6.289864331483840942e-02
6.290759891271591187e-02
6.284158676862716675e-02
6.427378952503204346e-02
6.272931396961212158e-02
6.392634660005569458e-02
6.236057355999946594e-02
6.361042708158493042e-02
6.333218514919281006e-02
6.324712932109832764e-02
6.200201436877250671e-02
6.232480704784393311e-02
6.136684492230415344e-02
6.132932752370834351e-02
6.284159421920776367e-02
6.214483827352523804e-02
6.181050464510917664e-02
6.275946646928787231e-02
6.068585813045501709e-02
6.200746446847915649e-02
6.159592047333717346e-02
6.223462894558906555e-02
6.181325763463973999e-02
6.111432239413261414e-02
6.129564717411994934e-02
6.125135347247123718e-02
6.082087382674217224e-02
6.054696440696716309e-02
6.035592034459114075e-02
6.002850085496902466e-02
6.140804663300514221e-02
6.164465472102165222e-02
6.006974354386329651e-02
6.000009179115295410e-02
5.956405028700828552e-02
6.031302362680435181e-02
6.008673831820487976e-02
6.057747825980186462e-02
5.987669527530670166e-02
6.005923822522163391e-02
6.001782417297363281e-02
6.011395901441574097e-02
5.920312553644180298e-02
5.921473726630210876e-02
5.857010558247566223e-02
5.796810239553451538e-02
5.860610678791999817e-02
5.770961567759513855e-02
5.725126713514328003e-02
5.737924948334693909e-02
5.802392214536666870e-02
5.761514976620674133e-02
5.675375834107398987e-02
5.643269419670104980e-02
5.742263793945312500e-02
5.973623320460319519e-02
5.791401118040084839e-02
5.645916610956192017e-02
5.701128020882606506e-02
5.625846236944198608e-02
5.819811299443244934e-02
5.859337374567985535e-02
5.718114972114562988e-02
5.724469944834709167e-02
6.000152230262756348e-02
5.783791840076446533e-02
5.768936127424240112e-02
5.649754777550697327e-02
5.846356973052024841e-02
6.037711352109909058e-02
5.545655637979507446e-02
5.760799348354339600e-02
5.548448488116264343e-02
5.784649774432182312e-02
5.804617702960968018e-02
5.851558223366737366e-02
5.804266408085823059e-02
5.648055672645568848e-02
6.020234152674674988e-02
5.555930733680725098e-02
5.586388707160949707e-02
5.591332167387008667e-02
5.483041331171989441e-02
5.461302027106285095e-02
5.521541088819503784e-02
5.559577420353889465e-02
5.783165991306304932e-02
5.809614807367324829e-02
5.479377135634422302e-02
5.648997798562049866e-02
5.677952989935874939e-02
5.658983811736106873e-02
5.628655850887298584e-02
5.949864163994789124e-02
5.808395519852638245e-02
5.440570041537284851e-02
5.484268814325332642e-02
5.489098653197288513e-02
5.705334991216659546e-02
5.698017030954360962e-02
5.593961477279663086e-02
5.624972283840179443e-02
5.610574409365653992e-02
5.587147548794746399e-02
5.807196721434593201e-02
5.836456641554832458e-02
5.667841434478759766e-02
5.596533790230751038e-02
5.846850946545600891e-02
5.763314291834831238e-02
5.756505578756332397e-02
5.386251211166381836e-02
5.629387497901916504e-02
5.554183945059776306e-02
5.400137230753898621e-02
5.360432341694831848e-02
5.359401553869247437e-02
5.410044267773628235e-02
5.413763970136642456e-02
5.370246246457099915e-02
5.395833402872085571e-02
5.322488024830818176e-02
5.391010269522666931e-02
5.316584557294845581e-02
5.320513993501663208e-02
5.293388664722442627e-02
5.257435142993927002e-02
5.200132355093955994e-02
5.246133729815483093e-02
5.246648192405700684e-02
5.264407023787498474e-02
5.211663618683815002e-02
5.384453758597373962e-02
5.272147431969642639e-02
5.230456218123435974e-02
5.338809639215469360e-02
5.183814838528633118e-02
5.213755741715431213e-02
5.245822668075561523e-02
5.288825556635856628e-02
5.577462166547775269e-02
5.465747416019439697e-02
6.066416949033737183e-02
5.395066365599632263e-02
5.409143492579460144e-02
5.402952432632446289e-02
5.186999216675758362e-02
5.781418085098266602e-02
5.927136912941932678e-02
5.477413162589073181e-02
5.473535880446434021e-02
5.230009928345680237e-02
5.576890334486961365e-02
5.385227873921394348e-02
5.284768342971801758e-02
5.233343690633773804e-02
5.253197997808456421e-02
5.197915434837341309e-02
5.184575915336608887e-02
5.163716897368431091e-02
5.087710544466972351e-02
5.153502896428108215e-02
5.124555155634880066e-02
5.371266975998878479e-02
5.203165858983993530e-02
5.109370127320289612e-02
5.130331218242645264e-02
5.205237492918968201e-02
5.227071419358253479e-02
5.195311456918716431e-02
5.049596354365348816e-02
5.055375024676322937e-02
5.116462707519531250e-02
5.026796460151672363e-02
5.547617003321647644e-02
5.541845783591270447e-02
5.498286709189414978e-02
5.446871370077133179e-02
5.207163840532302856e-02
5.107617378234863281e-02
5.137545987963676453e-02
5.259686708450317383e-02
5.149782449007034302e-02
5.057048052549362183e-02
5.065388977527618408e-02
5.133878067135810852e-02
5.123225599527359009e-02
5.029110610485076904e-02
5.111087486147880554e-02
4.977292567491531372e-02
5.660419166088104248e-02
5.403962358832359314e-02
5.062526091933250427e-02
5.259663984179496765e-02
5.266626551747322083e-02
5.223926529288291931e-02
4.953884705901145935e-02
5.158006399869918823e-02
6.065784767270088196e-02
5.867602676153182983e-02
5.003122240304946899e-02
5.358403921127319336e-02
4.956269264221191406e-02
4.994823783636093140e-02
5.254820361733436584e-02
5.350488051772117615e-02
5.300963670015335083e-02
5.461158975958824158e-02
5.362601205706596375e-02
5.143108218908309937e-02
4.928869754076004028e-02
4.859432205557823181e-02
5.372021719813346863e-02
5.663429573178291321e-02
5.274181813001632690e-02
5.170909315347671509e-02
5.238558724522590637e-02
4.816873371601104736e-02
5.280166491866111755e-02
5.253897979855537415e-02
4.864070564508438110e-02
5.293374881148338318e-02
5.507363751530647278e-02
5.535285547375679016e-02
5.002788826823234558e-02
5.044473707675933838e-02
4.867275431752204895e-02
5.143796280026435852e-02
4.968708008527755737e-02
4.776811972260475159e-02
4.973783344030380249e-02
4.897081851959228516e-02
4.765217378735542297e-02
4.884211346507072449e-02
4.932484775781631470e-02
4.757640510797500610e-02
4.796278104186058044e-02
5.018464475870132446e-02
4.796094074845314026e-02
4.974691197276115417e-02
5.185312777757644653e-02
5.509174242615699768e-02
5.145791918039321899e-02
4.770959913730621338e-02
4.813029244542121887e-02
4.663497582077980042e-02
4.672558233141899109e-02
4.651790112257003784e-02
4.644106328487396240e-02
4.606167599558830261e-02
4.664534330368041992e-02
5.477321892976760864e-02
5.009630322456359863e-02
5.088560283184051514e-02
4.794912785291671753e-02
5.373051762580871582e-02
5.087474733591079712e-02
4.651126638054847717e-02
4.826810583472251892e-02
4.866188019514083862e-02
4.955016449093818665e-02
4.692941531538963318e-02
4.711294919252395630e-02
4.994839429855346680e-02
4.722784832119941711e-02
4.721701517701148987e-02
4.725084453821182251e-02
4.732314497232437134e-02
4.680591821670532227e-02
4.593520984053611755e-02
4.579042643308639526e-02
4.645198211073875427e-02
4.686269909143447876e-02
5.127610266208648682e-02
4.650635644793510437e-02
4.577451199293136597e-02
4.582989215850830078e-02
4.619941487908363342e-02
4.499198123812675476e-02
5.100041255354881287e-02
4.605793207883834839e-02
4.786207154393196106e-02
4.511418193578720093e-02
4.567204788327217102e-02
4.660753160715103149e-02
4.824689030647277832e-02
4.775773733854293823e-02
4.858770966529846191e-02
4.489504545927047729e-02
4.473672434687614441e-02
4.690729081630706787e-02
4.716744646430015564e-02
4.626612737774848938e-02
4.733049869537353516e-02
4.676647484302520752e-02
4.654001817107200623e-02
4.387523606419563293e-02
4.530147835612297058e-02
4.852858930826187134e-02
4.563187062740325928e-02
4.676240310072898865e-02
4.574923589825630188e-02
4.493817314505577087e-02
4.564195498824119568e-02
4.580074921250343323e-02
4.553531482815742493e-02
4.464144259691238403e-02
4.602245986461639404e-02
4.798526689410209656e-02
4.560164734721183777e-02
4.406721889972686768e-02
4.495673999190330505e-02
4.501044377684593201e-02
