3.989000022411346436e-01
5.501800179481506348e-01
5.923799872398376465e-01
6.200600266456604004e-01
6.407600045204162598e-01
6.548799872398376465e-01
6.711400151252746582e-01
6.807199716567993164e-01
6.899799704551696777e-01
6.984199881553649902e-01
7.035800218582153320e-01
7.093999981880187988e-01
7.141199707984924316e-01
7.200999855995178223e-01
7.248799800872802734e-01
7.241799831390380859e-01
7.317000031471252441e-01
7.331600189208984375e-01
7.374200224876403809e-01
7.415199875831604004e-01
7.463799715042114258e-01
7.461599707603454590e-01
7.503799796104431152e-01
7.522199749946594238e-01
7.547000050544738770e-01
7.541400194168090820e-01
7.548800110816955566e-01
7.586200237274169922e-01
7.618399858474731445e-01
7.629399895668029785e-01
7.624999880790710449e-01
7.674199938774108887e-01
7.660800218582153320e-01
7.705799937248229980e-01
7.721199989318847656e-01
7.721999883651733398e-01
7.756400108337402344e-01
7.737600207328796387e-01
7.742599844932556152e-01
7.764000296592712402e-01
7.761800289154052734e-01
7.772399783134460449e-01
7.807800173759460449e-01
7.807000279426574707e-01
7.825999855995178223e-01
7.827799916267395020e-01
7.815999984741210938e-01
7.837399840354919434e-01
7.852799892425537109e-01
7.860599756240844727e-01
7.842599749565124512e-01
7.868199944496154785e-01
7.864800095558166504e-01
7.888799905776977539e-01
7.895600199699401855e-01
7.900800108909606934e-01
7.908800244331359863e-01
7.913799881935119629e-01
7.899000048637390137e-01
7.922800183296203613e-01
7.914800047874450684e-01
7.930200099945068359e-01
7.933599948883056641e-01
7.950000166893005371e-01
7.966600060462951660e-01
7.966600060462951660e-01
7.960000038146972656e-01
7.946000099182128906e-01
7.983800172805786133e-01
7.961800098419189453e-01
7.950999736785888672e-01
7.977399826049804688e-01
7.991799712181091309e-01
7.965400218963623047e-01
7.967200279235839844e-01
7.993599772453308105e-01
7.991200089454650879e-01
7.993000149726867676e-01
8.016200065612792969e-01
8.034399747848510742e-01
8.005999922752380371e-01
8.013200163841247559e-01
8.046600222587585449e-01
8.025199770927429199e-01
8.019400238990783691e-01
8.029800057411193848e-01
8.011199831962585449e-01
8.029000163078308105e-01
8.028399944305419922e-01
8.035399913787841797e-01
8.039799928665161133e-01
8.065000176429748535e-01
8.024399876594543457e-01
8.057600259780883789e-01
8.058800101280212402e-01
8.043000102043151855e-01
8.058400154113769531e-01
8.079000115394592285e-01
8.069199919700622559e-01
8.079599738121032715e-01
