2.019080370664596558e-01
1.994956433773040771e-01
1.974733769893646240e-01
1.958148479461669922e-01
1.944748759269714355e-01
1.933942288160324097e-01
1.925070136785507202e-01
1.917474567890167236e-01
1.910531818866729736e-01
1.903648376464843750e-01
1.896261721849441528e-01
1.887897402048110962e-01
1.878310292959213257e-01
1.867705583572387695e-01
1.856857836246490479e-01
1.846824288368225098e-01
1.838289797306060791e-01
1.831035166978836060e-01
1.823795586824417114e-01
1.814180761575698853e-01
1.798915565013885498e-01
1.775272637605667114e-01
1.743027120828628540e-01
1.704719662666320801e-01
1.663868129253387451e-01
1.623088419437408447e-01
1.583484113216400146e-01
1.545039117336273193e-01
1.507159769535064697e-01
1.469008624553680420e-01
1.429635435342788696e-01
1.388069987297058105e-01
1.343596577644348145e-01
1.296371072530746460e-01
1.247941330075263977e-01
1.200911849737167358e-01
1.157766133546829224e-01
1.119905859231948853e-01
1.087630093097686768e-01
1.060640960931777954e-01
1.038267090916633606e-01
1.019611209630966187e-01
1.003827974200248718e-01
9.902335703372955322e-02
9.782975912094116211e-02
9.676054865121841431e-02
9.578382223844528198e-02
9.487529844045639038e-02
9.401904046535491943e-02
9.321215003728866577e-02
9.246099740266799927e-02
9.176656603813171387e-02
9.112334251403808594e-02
9.052404761314392090e-02
8.996124565601348877e-02
8.942805230617523193e-02
8.891810476779937744e-02
8.842614293098449707e-02
8.794764429330825806e-02
8.747892826795578003e-02
8.701714873313903809e-02
8.656013011932373047e-02
8.610659092664718628e-02
8.565576374530792236e-02
8.520749956369400024e-02
8.476206660270690918e-02
8.431998640298843384e-02
8.388195931911468506e-02
8.344857394695281982e-02
8.302038908004760742e-02
8.259772509336471558e-02
8.218066394329071045e-02
8.176906406879425049e-02
8.136257529258728027e-02
8.096072077751159668e-02
8.056289702653884888e-02
8.016848564147949219e-02
7.977687567472457886e-02
7.938751578330993652e-02
7.899983227252960205e-02
7.861347496509552002e-02
7.822807878255844116e-02
7.784355431795120239e-02
7.745979726314544678e-02
7.707697898149490356e-02
7.669533044099807739e-02
7.631523907184600830e-02
7.593713700771331787e-02
7.556150853633880615e-02
7.518886774778366089e-02
7.481958717107772827e-02
7.445401698350906372e-02
7.409239560365676880e-02
7.373477518558502197e-02
7.338115572929382324e-02
7.303135842084884644e-02
7.268531620502471924e-02
7.234273850917816162e-02
7.200350612401962280e-02
7.166734337806701660e-02
7.133398950099945068e-02
7.100322842597961426e-02
7.067498564720153809e-02
7.034938037395477295e-02
7.002676278352737427e-02
6.970765441656112671e-02
6.939289718866348267e-02
6.908345967531204224e-02
6.878062337636947632e-02
6.848582625389099121e-02
6.820069998502731323e-02
6.792687624692916870e-02
6.766592711210250854e-02
6.741937994956970215e-02
6.718842685222625732e-02
6.697409600019454956e-02
6.677687168121337891e-02
6.659686565399169922e-02
6.643353402614593506e-02
6.628605723381042480e-02
6.615310162305831909e-02
6.603322178125381470e-02
6.592500209808349609e-02
6.582706421613693237e-02
6.573837250471115112e-02
6.565809249877929688e-02
6.558563560247421265e-02
6.552057713270187378e-02
6.546267122030258179e-02
6.541173905134201050e-02
6.536753475666046143e-02
6.532993912696838379e-02
6.529875844717025757e-02
6.527373939752578735e-02
6.525465101003646851e-02
6.524119526147842407e-02
6.523299962282180786e-02
6.522965431213378906e-02
6.523083150386810303e-02
6.523601710796356201e-02
6.524476408958435059e-02
6.525652110576629639e-02
6.527084857225418091e-02
6.528718769550323486e-02
6.530499458312988281e-02
6.532378494739532471e-02
6.534308195114135742e-02
6.536239385604858398e-02
6.538144499063491821e-02
6.539981067180633545e-02
6.541729718446731567e-02
6.543360650539398193e-02
6.544853001832962036e-02
6.546194851398468018e-02
6.547383219003677368e-02
6.548401713371276855e-02
6.549254059791564941e-02
6.549941748380661011e-02
6.550469994544982910e-02
6.550857424736022949e-02
6.551118940114974976e-02
6.551278382539749146e-02
6.551360338926315308e-02
6.551411002874374390e-02
6.551472842693328857e-02
6.551595032215118408e-02
6.551836431026458740e-02
6.552265584468841553e-02
6.552942097187042236e-02
6.553930789232254028e-02
6.555312871932983398e-02
6.557152420282363892e-02
6.559529155492782593e-02
6.562498956918716431e-02
6.566128879785537720e-02
6.570473313331604004e-02
6.575573980808258057e-02
6.581456214189529419e-02
6.588128209114074707e-02
6.595575809478759766e-02
6.603761017322540283e-02
6.612619757652282715e-02
6.622083485126495361e-02
6.632071733474731445e-02
6.642486900091171265e-02
6.653239578008651733e-02
6.664226949214935303e-02
6.675362586975097656e-02
6.686549633741378784e-02
6.697697192430496216e-02
6.708732247352600098e-02
6.719572842121124268e-02
6.730150431394577026e-02
6.740410625934600830e-02
6.750299036502838135e-02
6.759788095951080322e-02
6.768860667943954468e-02
6.777499616146087646e-02
6.785728037357330322e-02
6.793566793203353882e-02
6.801050156354904175e-02
6.808222830295562744e-02
6.815135478973388672e-02
6.821829825639724731e-02
6.828340888023376465e-02
6.834699213504791260e-02
6.840889155864715576e-02
6.846875697374343872e-02
6.852570176124572754e-02
6.857839226722717285e-02
6.862474232912063599e-02
6.866239756345748901e-02
6.868827342987060547e-02
6.869891285896301270e-02
6.869078427553176880e-02
6.866054981946945190e-02
6.860595941543579102e-02
6.852710992097854614e-02
6.842825561761856079e-02
6.831785291433334351e-02
6.820717453956604004e-02
6.810610741376876831e-02
6.802071630954742432e-02
6.795223802328109741e-02
6.789855659008026123e-02
6.785328686237335205e-02
6.780660897493362427e-02
6.774624437093734741e-02
6.766194850206375122e-02
6.755071878433227539e-02
6.741883605718612671e-02
6.727825105190277100e-02
6.714189052581787109e-02
6.702022999525070190e-02
6.692013144493103027e-02
6.684494763612747192e-02
6.679490953683853149e-02
6.676819175481796265e-02
6.676115840673446655e-02
6.676917523145675659e-02
6.678755581378936768e-02
6.681170314550399780e-02
6.683768332004547119e-02
6.686276942491531372e-02
6.688497960567474365e-02
6.690331548452377319e-02
6.691794097423553467e-02
6.692934781312942505e-02
6.693845242261886597e-02
6.694626808166503906e-02
6.695371121168136597e-02
6.696112453937530518e-02
6.696903705596923828e-02
6.697699427604675293e-02
6.698482483625411987e-02
6.699191778898239136e-02
6.699755787849426270e-02
6.700120866298675537e-02
6.700231134891510010e-02
6.700038164854049683e-02
6.699500232934951782e-02
6.698583811521530151e-02
6.697271019220352173e-02
6.695552170276641846e-02
6.693437695503234863e-02
6.690933555364608765e-02
6.688058376312255859e-02
6.684855371713638306e-02
6.681363284587860107e-02
6.677608937025070190e-02
6.673680990934371948e-02
6.669593602418899536e-02
6.665438413619995117e-02
6.661242246627807617e-02
6.657076627016067505e-02
6.652981787919998169e-02
6.648986786603927612e-02
6.645148992538452148e-02
6.641490757465362549e-02
6.638041138648986816e-02
6.634817272424697876e-02
6.631843745708465576e-02
6.629137694835662842e-02
6.626694649457931519e-02
6.624552607536315918e-02
6.622689217329025269e-02
6.621132791042327881e-02
6.619887053966522217e-02
6.618955731391906738e-02
6.618339568376541138e-02
6.618047505617141724e-02
6.618087738752365112e-02
6.618463993072509766e-02
6.619180738925933838e-02
6.620245426893234253e-02
6.621660292148590088e-02
6.623426824808120728e-02
6.625561416149139404e-02
6.628052145242691040e-02
6.630913913249969482e-02
6.634131073951721191e-02
6.637708842754364014e-02
6.641651690006256104e-02
6.645957380533218384e-02
6.650607287883758545e-02
6.655593961477279663e-02
6.660917401313781738e-02
6.666568666696548462e-02
6.672521680593490601e-02
6.678772717714309692e-02
6.685298681259155273e-02
6.692101806402206421e-02
6.699141114950180054e-02
6.706413626670837402e-02
6.713892519474029541e-02
6.721566617488861084e-02
6.729423999786376953e-02
6.737431138753890991e-02
6.745574623346328735e-02
6.753852963447570801e-02
6.762232631444931030e-02
6.770701706409454346e-02
6.779258698225021362e-02
6.787882745265960693e-02
6.796567887067794800e-02
6.805296242237091064e-02
6.814071536064147949e-02
6.822883337736129761e-02
6.831732392311096191e-02
6.840611249208450317e-02
6.849522888660430908e-02
6.858466565608978271e-02
6.867451220750808716e-02
6.876480579376220703e-02
6.885561347007751465e-02
6.894706189632415771e-02
6.903927773237228394e-02
6.913241744041442871e-02
6.922654807567596436e-02
6.932192295789718628e-02
6.941867619752883911e-02
6.951696425676345825e-02
6.961691379547119141e-02
6.971868872642517090e-02
6.982239335775375366e-02
6.992795318365097046e-02
7.003539800643920898e-02
7.014458626508712769e-02
7.025536894798278809e-02
7.036755234003067017e-02
7.048073410987854004e-02
7.059455662965774536e-02
7.070845365524291992e-02
7.082186639308929443e-02
7.093415409326553345e-02
7.104456424713134766e-02
7.115229964256286621e-02
7.125650346279144287e-02
7.135634869337081909e-02
7.145101577043533325e-02
7.153961062431335449e-02
7.162136584520339966e-02
7.169589400291442871e-02
7.176270335912704468e-02
7.182184606790542603e-02
7.187346369028091431e-02
7.191809266805648804e-02
7.195630669593811035e-02
7.198907434940338135e-02
7.201714813709259033e-02
7.204161584377288818e-02
7.206314057111740112e-02
7.208251953125000000e-02
7.210036367177963257e-02
7.211705297231674194e-02
7.213304191827774048e-02
7.214884459972381592e-02
7.216410338878631592e-02
7.217934727668762207e-02
7.219409197568893433e-02
7.220850884914398193e-02
7.222161442041397095e-02
7.223369926214218140e-02
7.224295288324356079e-02
7.224913686513900757e-02
7.224958389997482300e-02
7.224307954311370850e-02
7.222520560026168823e-02
7.219337671995162964e-02
7.214394211769104004e-02
7.207980751991271973e-02
7.200595736503601074e-02
7.192622870206832886e-02
7.183688879013061523e-02
7.173774391412734985e-02
7.162665575742721558e-02
7.150593400001525879e-02
7.139874249696731567e-02
7.135475426912307739e-02
7.147085666656494141e-02
7.192367315292358398e-02
7.258696109056472778e-02
7.134737074375152588e-02
7.122244685888290405e-02
7.291845232248306274e-02
7.333628088235855103e-02
7.111791521310806274e-02
6.891287118196487427e-02
7.309875637292861938e-02
7.238673418760299683e-02
7.239935547113418579e-02
7.387957721948623657e-02
7.172808051109313965e-02
6.683267652988433838e-02
6.987338513135910034e-02
7.018603384494781494e-02
7.133961468935012817e-02
7.408527284860610962e-02
7.260107994079589844e-02
7.467608898878097534e-02
7.158957421779632568e-02
7.322942465543746948e-02
7.311290502548217773e-02
7.499472051858901978e-02
7.204971462488174438e-02
7.359559834003448486e-02
7.430265843868255615e-02
7.524840533733367920e-02
7.458407431840896606e-02
7.375174760818481445e-02
7.525036484003067017e-02
7.312354445457458496e-02
7.196177542209625244e-02
7.320656627416610718e-02
7.339293509721755981e-02
7.326430082321166992e-02
7.362854480743408203e-02
7.457710057497024536e-02
7.322241365909576416e-02
7.633715122938156128e-02
7.342286407947540283e-02
7.017059624195098877e-02
7.658983767032623291e-02
7.227148115634918213e-02
7.506719976663589478e-02
7.338464260101318359e-02
7.616335898637771606e-02
7.733103632926940918e-02
7.637152820825576782e-02
7.919563353061676025e-02
7.306878268718719482e-02
7.753580063581466675e-02
7.304724305868148804e-02
7.004187256097793579e-02
6.518875062465667725e-02
7.521340996026992798e-02
6.699922680854797363e-02
7.088614255189895630e-02
7.127982378005981445e-02
6.965877115726470947e-02
7.412017881870269775e-02
7.118921726942062378e-02
7.171440124511718750e-02
7.545338571071624756e-02
7.357482612133026123e-02
7.157402485609054565e-02
7.449505478143692017e-02
6.822983920574188232e-02
7.013910263776779175e-02
7.177671045064926147e-02
7.138176262378692627e-02
7.374926656484603882e-02
7.013019919395446777e-02
6.934548914432525635e-02
7.127033174037933350e-02
7.245656102895736694e-02
7.467752695083618164e-02
7.158163934946060181e-02
6.983198970556259155e-02
7.270096242427825928e-02
6.753244251012802124e-02
6.926070898771286011e-02
7.225069403648376465e-02
7.344422489404678345e-02
7.147590816020965576e-02
7.347175478935241699e-02
7.316277176141738892e-02
7.107805460691452026e-02
7.301254570484161377e-02
7.335325330495834351e-02
7.148661464452743530e-02
7.224894315004348755e-02
6.970305740833282471e-02
6.938103586435317993e-02
7.230918854475021362e-02
7.213712483644485474e-02
6.985063105821609497e-02
7.271264493465423584e-02
7.379457354545593262e-02
7.406228035688400269e-02
