1.918830871582031250e-01
1.891651898622512817e-01
1.862889528274536133e-01
1.833606362342834473e-01
1.804790794849395752e-01
1.776452362537384033e-01
1.747591942548751831e-01
1.716830134391784668e-01
1.683242321014404297e-01
1.647019386291503906e-01
1.609470695257186890e-01
1.572267711162567139e-01
1.536614298820495605e-01
1.502998173236846924e-01
1.471398472785949707e-01
1.441577523946762085e-01
1.413257271051406860e-01
1.386202871799468994e-01
1.360232681035995483e-01
1.335186213254928589e-01
1.310894042253494263e-01
1.287200003862380981e-01
1.264057457447052002e-01
1.241607293486595154e-01
1.220130026340484619e-01
1.199858561158180237e-01
1.180795878171920776e-01
1.162766814231872559e-01
1.145636513829231262e-01
1.129386872053146362e-01
1.114025563001632690e-01
1.099529787898063660e-01
1.085854098200798035e-01
1.072946488857269287e-01
1.060760319232940674e-01
1.049249917268753052e-01
1.038370728492736816e-01
1.028077900409698486e-01
1.018327847123146057e-01
1.009076610207557678e-01
1.000281721353530884e-01
9.919022768735885620e-02
9.838982671499252319e-02
9.762336313724517822e-02
9.688755124807357788e-02
9.617925435304641724e-02
9.549576044082641602e-02
9.483472257852554321e-02
9.419395029544830322e-02
9.357175230979919434e-02
9.296656399965286255e-02
9.237717837095260620e-02
9.180242568254470825e-02
9.124152362346649170e-02
9.069368243217468262e-02
9.015840291976928711e-02
8.963512629270553589e-02
8.912348002195358276e-02
8.862315863370895386e-02
8.813390135765075684e-02
8.765555918216705322e-02
8.718778192996978760e-02
8.673055469989776611e-02
8.628369867801666260e-02
8.584702759981155396e-02
8.542052656412124634e-02
8.500397205352783203e-02
8.459731936454772949e-02
8.420035243034362793e-02
8.381305634975433350e-02
8.343517780303955078e-02
8.306670188903808594e-02
8.270742744207382202e-02
8.235714584589004517e-02
8.201574534177780151e-02
8.168298006057739258e-02
8.135873079299926758e-02
8.104275912046432495e-02
8.073481172323226929e-02
8.043465018272399902e-02
8.014208078384399414e-02
7.985674589872360229e-02
7.957836240530014038e-02
7.930672913789749146e-02
7.904139161109924316e-02
7.878214120864868164e-02
7.852855324745178223e-02
7.828027755022048950e-02
7.803699374198913574e-02
7.779832184314727783e-02
7.756394147872924805e-02
7.733350992202758789e-02
7.710664719343185425e-02
7.688313722610473633e-02
7.666264474391937256e-02
7.644499838352203369e-02
7.622992247343063354e-02
7.601721584796905518e-02
7.580675929784774780e-02
7.559837400913238525e-02
7.539191842079162598e-02
7.518734782934188843e-02
7.498455047607421875e-02
7.478351891040802002e-02
7.458414882421493530e-02
7.438649237155914307e-02
7.419052720069885254e-02
7.399626821279525757e-02
7.380376756191253662e-02
7.361306250095367432e-02
7.342421263456344604e-02
7.323727011680603027e-02
7.305233180522918701e-02
7.286944985389709473e-02
7.268871366977691650e-02
7.251027971506118774e-02
7.233411073684692383e-02
7.216036319732666016e-02
7.198908179998397827e-02
7.182038575410842896e-02
7.165429741144180298e-02
7.149091362953186035e-02
7.133026421070098877e-02
7.117243856191635132e-02
7.101743668317794800e-02
7.086531817913055420e-02
7.071609795093536377e-02
7.056978344917297363e-02
7.042641937732696533e-02
7.028600573539733887e-02
7.014849036931991577e-02
7.001388072967529297e-02
6.988214701414108276e-02
6.975330412387847900e-02
6.962721049785614014e-02
6.950390338897705078e-02
6.938332319259643555e-02
6.926535069942474365e-02
6.915000081062316895e-02
6.903716921806335449e-02
6.892680376768112183e-02
6.881878525018692017e-02
6.871304661035537720e-02
6.860950589179992676e-02
6.850811094045639038e-02
6.840880960226058960e-02
6.831144541501998901e-02
6.821595132350921631e-02
6.812225282192230225e-02
6.803026795387268066e-02
6.793992966413497925e-02
6.785110384225845337e-02
6.776379048824310303e-02
6.767786294221878052e-02
6.759326159954071045e-02
6.750989705324172974e-02
6.742770969867706299e-02
6.734666973352432251e-02
6.726662814617156982e-02
6.718762964010238647e-02
6.710953265428543091e-02
6.703229993581771851e-02
6.695595383644104004e-02
6.688038259744644165e-02
6.680552661418914795e-02
6.673134118318557739e-02
6.665783375501632690e-02
6.658496707677841187e-02
6.651267409324645996e-02
6.644093990325927734e-02
6.636977195739746094e-02
6.629908829927444458e-02
6.622885912656784058e-02
6.615914404392242432e-02
6.608987599611282349e-02
6.602100282907485962e-02
6.595260649919509888e-02
6.588452309370040894e-02
6.581691652536392212e-02
6.574969738721847534e-02
6.568288058042526245e-02
6.561639159917831421e-02
6.555026769638061523e-02
6.548458337783813477e-02
6.541922688484191895e-02
6.535428017377853394e-02
6.528965383768081665e-02
6.522537022829055786e-02
6.516153365373611450e-02
6.509806960821151733e-02
6.503492593765258789e-02
6.497216224670410156e-02
6.490986049175262451e-02
6.484790146350860596e-02
6.478632241487503052e-02
6.472512334585189819e-02
6.466429680585861206e-02
6.460391730070114136e-02
6.454391032457351685e-02
6.448433548212051392e-02
6.442514061927795410e-02
6.436638534069061279e-02
6.430802494287490845e-02
6.425005197525024414e-02
6.419254094362258911e-02
6.413546204566955566e-02
6.407875567674636841e-02
6.402250379323959351e-02
6.396667659282684326e-02
6.391129642724990845e-02
6.385634094476699829e-02
6.380177289247512817e-02
6.374766677618026733e-02
6.369398534297943115e-02
6.364072859287261963e-02
6.358787417411804199e-02
6.353548914194107056e-02
6.348347663879394531e-02
6.343188881874084473e-02
6.338068097829818726e-02
6.332992762327194214e-02
6.327961385250091553e-02
6.322968006134033203e-02
6.318017840385437012e-02
6.313101947307586670e-02
6.308232992887496948e-02
6.303399801254272461e-02
6.298604607582092285e-02
6.293851882219314575e-02
6.289137154817581177e-02
6.284458190202713013e-02
6.279817223548889160e-02
6.275215744972229004e-02
6.270654499530792236e-02
6.266123056411743164e-02
6.261636316776275635e-02
6.257184594869613647e-02
6.252769380807876587e-02
6.248385086655616760e-02
6.244040280580520630e-02
6.239729747176170349e-02
6.235455721616744995e-02
6.231217831373214722e-02
6.227013468742370605e-02
6.222839653491973877e-02
6.218704208731651306e-02
6.214606016874313354e-02
6.210536509752273560e-02
6.206501647830009460e-02
6.202500686049461365e-02
6.198536604642868042e-02
6.194603443145751953e-02
6.190711259841918945e-02
6.186849623918533325e-02
6.183023750782012939e-02
6.179227307438850403e-02
6.175468116998672485e-02
6.171743571758270264e-02
6.168054789304733276e-02
6.164395809173583984e-02
6.160777434706687927e-02
6.157188117504119873e-02
6.153641641139984131e-02
6.150125712156295776e-02
6.146645918488502502e-02
6.143198162317276001e-02
6.139789149165153503e-02
6.136414781212806702e-02
6.133080273866653442e-02
6.129779666662216187e-02
6.126515939831733704e-02
6.123288720846176147e-02
6.120103597640991211e-02
6.116948649287223816e-02
6.113835424184799194e-02
6.110755354166030884e-02
6.107724457979202271e-02
6.104721128940582275e-02
6.101762130856513977e-02
6.098838895559310913e-02
6.095954775810241699e-02
6.093110144138336182e-02
6.090300530195236206e-02
6.087537854909896851e-02
6.084805354475975037e-02
6.082116067409515381e-02
6.079467758536338806e-02
6.076866015791893005e-02
6.074297055602073669e-02
6.071761995553970337e-02
6.069275364279747009e-02
6.066821143031120300e-02
6.064415350556373596e-02
6.062039360404014587e-02
6.059712544083595276e-02
6.057421863079071045e-02
6.055179610848426819e-02
6.052966415882110596e-02
6.050805002450942993e-02
6.048675626516342163e-02
6.046594679355621338e-02
6.044546887278556824e-02
6.042542681097984314e-02
6.040583178400993347e-02
6.038656085729598999e-02
6.036774441599845886e-02
6.034933030605316162e-02
6.033127009868621826e-02
6.031365692615509033e-02
6.029646471142768860e-02
6.027966737747192383e-02
6.026335433125495911e-02
6.024739518761634827e-02
6.023187935352325439e-02
6.021677330136299133e-02
6.020200625061988831e-02
6.018774211406707764e-02
6.017383188009262085e-02
6.016036123037338257e-02
6.014731526374816895e-02
6.013464555144309998e-02
6.012242659926414490e-02
6.011057272553443909e-02
6.009925156831741333e-02
6.008822470903396606e-02
6.007773801684379578e-02
6.006759032607078552e-02
6.005778908729553223e-02
6.004850938916206360e-02
6.003962457180023193e-02
6.003121659159660339e-02
6.002309545874595642e-02
6.001548096537590027e-02
6.000828370451927185e-02
6.000149250030517578e-02
5.999509245157241821e-02
5.998922139406204224e-02
5.998375266790390015e-02
5.997865647077560425e-02
5.997395142912864685e-02
5.996975302696228027e-02
5.996595323085784912e-02
5.996254831552505493e-02
5.995950847864151001e-02
5.995692312717437744e-02
5.995476990938186646e-02
5.995305627584457397e-02
5.995163694024085999e-02
5.995074287056922913e-02
5.995026603341102600e-02
5.995016545057296753e-02
5.995047464966773987e-02
5.995119735598564148e-02
5.995234474539756775e-02
5.995380505919456482e-02
5.995566397905349731e-02
5.995803698897361755e-02
5.996071919798851013e-02
5.996373668313026428e-02
5.996719747781753540e-02
5.997102335095405579e-02
5.997521802783012390e-02
5.997976288199424744e-02
5.998471379280090332e-02
5.999002978205680847e-02
5.999564751982688904e-02
6.000159680843353271e-02
6.000786647200584412e-02
6.001457571983337402e-02
6.002162769436836243e-02
6.002896651625633240e-02
6.003657728433609009e-02
6.004453450441360474e-02
6.005277857184410095e-02
6.006126850843429565e-02
6.007007509469985962e-02
6.007918715476989746e-02
6.008854508399963379e-02
6.009819731116294861e-02
6.010807678103446960e-02
6.011815741658210754e-02
6.012852862477302551e-02
6.013914197683334351e-02
6.014993786811828613e-02
6.016094610095024109e-02
6.017218530178070068e-02
6.018357723951339722e-02
6.019518524408340454e-02
6.020692363381385803e-02
6.021884083747863770e-02
6.023091822862625122e-02
6.024318933486938477e-02
6.025547161698341370e-02
6.026795879006385803e-02
6.028049439191818237e-02
6.029319390654563904e-02
6.030601263046264648e-02
6.031895428895950317e-02
6.033184751868247986e-02
6.034480035305023193e-02
6.035791710019111633e-02
6.037095561623573303e-02
6.038415431976318359e-02
6.039733067154884338e-02
6.041047722101211548e-02
6.042369082570075989e-02
6.043681502342224121e-02
6.044998019933700562e-02
6.046317890286445618e-02
6.047629937529563904e-02
6.048935651779174805e-02
6.050239503383636475e-02
6.051537394523620605e-02
6.052821874618530273e-02
6.054103001952171326e-02
6.055380031466484070e-02
6.056644394993782043e-02
6.057897955179214478e-02
6.059147417545318604e-02
6.060386821627616882e-02
6.061610206961631775e-02
6.062821671366691589e-02
6.064028292894363403e-02
6.065224483609199524e-02
6.066402047872543335e-02
6.067556887865066528e-02
6.068714708089828491e-02
6.069854646921157837e-02
6.070974469184875488e-02
6.072088330984115601e-02
6.073187664151191711e-02
6.074269860982894897e-02
6.075333803892135620e-02
6.076387315988540649e-02
6.077430397272109985e-02
6.078463420271873474e-02
6.079479679465293884e-02
6.080486625432968140e-02
6.081482395529747009e-02
6.082455068826675415e-02
6.083422899246215820e-02
6.084375828504562378e-02
6.085311248898506165e-02
6.086248531937599182e-02
6.087169423699378967e-02
6.088075414299964905e-02
6.088975444436073303e-02
6.089862063527107239e-02
6.090746819972991943e-02
6.091622263193130493e-02
6.092481315135955811e-02
6.093332916498184204e-02
6.094187498092651367e-02
6.095033511519432068e-02
6.095864251255989075e-02
6.096700206398963928e-02
6.097536534070968628e-02
6.098356097936630249e-02
6.099173799157142639e-02
6.099989637732505798e-02
6.100800633430480957e-02
6.101613491773605347e-02
6.102411448955535889e-02
6.103223562240600586e-02
6.104032695293426514e-02
6.104831025004386902e-02
6.105634942650794983e-02
6.106436997652053833e-02
6.107240915298461914e-02
6.108045950531959534e-02
6.108848005533218384e-02
6.109649688005447388e-02
6.110440194606781006e-02
6.111253425478935242e-02
6.112058088183403015e-02
6.112859025597572327e-02
6.113667786121368408e-02
6.114478409290313721e-02
6.115297228097915649e-02
6.116101890802383423e-02
6.116922199726104736e-02
6.117733567953109741e-02
6.118539720773696899e-02
6.119352206587791443e-02
6.120165437459945679e-02
6.120985001325607300e-02
6.121796742081642151e-02
6.122617051005363464e-02
6.123431399464607239e-02
6.124249100685119629e-02
6.125061959028244019e-02
6.125881150364875793e-02
6.126694008708000183e-02
6.127507984638214111e-02
6.128319352865219116e-02
6.129131466150283813e-02
6.129949167370796204e-02
6.130760163068771362e-02
6.131569296121597290e-02
6.132382526993751526e-02
