2.078211307525634766e-01
2.062308043241500854e-01
2.047476917505264282e-01
2.033744603395462036e-01
2.021116018295288086e-01
2.009574919939041138e-01
1.999085396528244019e-01
1.989599913358688354e-01
1.981058269739151001e-01
1.973393410444259644e-01
1.966534405946731567e-01
1.960407346487045288e-01
1.954939514398574829e-01
1.950062960386276245e-01
1.945711523294448853e-01
1.941820979118347168e-01
1.938339024782180786e-01
1.935212314128875732e-01
1.932396292686462402e-01
1.929852813482284546e-01
1.927545219659805298e-01
1.925443261861801147e-01
1.923521310091018677e-01
1.921753734350204468e-01
1.920122504234313965e-01
1.918608546257019043e-01
1.917196959257125854e-01
1.915875226259231567e-01
1.914627999067306519e-01
1.913446336984634399e-01
1.912318915128707886e-01
1.911236643791198730e-01
1.910191327333450317e-01
1.909171938896179199e-01
1.908172070980072021e-01
1.907180696725845337e-01
1.906189471483230591e-01
1.905187219381332397e-01
1.904164403676986694e-01
1.903105527162551880e-01
1.901998668909072876e-01
1.900822222232818604e-01
1.899557411670684814e-01
1.898175328969955444e-01
1.896642148494720459e-01
1.894914358854293823e-01
1.892934441566467285e-01
1.890625357627868652e-01
1.887888163328170776e-01
1.884583830833435059e-01
1.880526542663574219e-01
1.875464618206024170e-01
1.869058907032012939e-01
1.860880404710769653e-01
1.850440204143524170e-01
1.837320476770401001e-01
1.821471452713012695e-01
1.803591400384902954e-01
1.785168498754501343e-01
1.767782121896743774e-01
1.752208471298217773e-01
1.738283038139343262e-01
1.725397258996963501e-01
1.712924838066101074e-01
1.700362414121627808e-01
1.687338501214981079e-01
1.673606336116790771e-01
1.659061163663864136e-01
1.643768399953842163e-01
1.627960503101348877e-01
1.611977517604827881e-01
1.596158742904663086e-01
1.580745428800582886e-01
1.565836071968078613e-01
1.551402509212493896e-01
1.537323147058486938e-01
1.523392498493194580e-01
1.509325653314590454e-01
1.494789421558380127e-01
1.479495912790298462e-01
1.463342159986495972e-01
1.446501910686492920e-01
1.429402530193328857e-01
1.412593275308609009e-01
1.396600604057312012e-01
1.381810903549194336e-01
1.368409693241119385e-01
1.356412619352340698e-01
1.345744282007217407e-01
1.336292922496795654e-01
1.327933222055435181e-01
1.320538669824600220e-01
1.314000189304351807e-01
1.308229565620422363e-01
1.303153038024902344e-01
1.298706531524658203e-01
1.294828206300735474e-01
1.291458904743194580e-01
1.288544088602066040e-01
1.286036968231201172e-01
1.283894479274749756e-01
1.282078176736831665e-01
1.280547678470611572e-01
1.279258430004119873e-01
1.278162300586700439e-01
1.277197301387786865e-01
1.276291757822036743e-01
1.275357156991958618e-01
1.274273246526718140e-01
1.272863149642944336e-01
1.270842850208282471e-01
1.267758607864379883e-01
1.262972056865692139e-01
1.255858093500137329e-01
1.246314123272895813e-01
1.235138475894927979e-01
1.223626434803009033e-01
1.212763041257858276e-01
1.202872693538665771e-01
1.193802505731582642e-01
1.185231357812881470e-01
1.176862791180610657e-01
1.168495267629623413e-01
1.160032898187637329e-01
1.151482015848159790e-01
1.142933964729309082e-01
1.134535595774650574e-01
1.126412004232406616e-01
1.118556261062622070e-01
1.110742762684822083e-01
1.102517470717430115e-01
1.093263179063796997e-01
1.082272231578826904e-01
1.068908721208572388e-01
1.053134351968765259e-01
1.035844683647155762e-01
1.017814502120018005e-01
9.988977015018463135e-02
9.782917052507400513e-02
9.556192904710769653e-02
9.322175383567810059e-02
9.107913076877593994e-02
8.944837749004364014e-02
8.830074220895767212e-02
8.743355423212051392e-02
8.673524111509323120e-02
8.628032356500625610e-02
8.603816479444503784e-02
8.583782613277435303e-02
8.562277257442474365e-02
8.531598001718521118e-02
8.486717194318771362e-02
8.430565148591995239e-02
8.367934823036193848e-02
8.301898092031478882e-02
8.229415118694305420e-02
8.150941878557205200e-02
8.064685761928558350e-02
7.965623587369918823e-02
7.851459085941314697e-02
7.725314795970916748e-02
7.593489438295364380e-02
7.463330030441284180e-02
7.339826226234436035e-02
7.224466651678085327e-02
7.119612395763397217e-02
7.026937603950500488e-02
6.946441531181335449e-02
6.877178698778152466e-02
6.816943734884262085e-02
6.767150759696960449e-02
6.726959347724914551e-02
6.691915541887283325e-02
6.660202145576477051e-02
6.630116701126098633e-02
6.604715436697006226e-02
6.589850038290023804e-02
6.587388366460800171e-02
6.596536934375762939e-02
6.615287810564041138e-02
6.639292091131210327e-02
6.662177294492721558e-02
6.677506864070892334e-02
6.678951531648635864e-02
6.659173965454101562e-02
6.622008979320526123e-02
6.592222303152084351e-02
6.578844040632247925e-02
6.549203395843505859e-02
6.539925187826156616e-02
6.606812775135040283e-02
6.599096953868865967e-02
6.653243303298950195e-02
6.390447169542312622e-02
6.522719562053680420e-02
6.356546282768249512e-02
6.591910868883132935e-02
6.380278617143630981e-02
6.533385813236236572e-02
6.664537638425827026e-02
6.676691025495529175e-02
6.584685295820236206e-02
6.519886851310729980e-02
6.563417613506317139e-02
6.692428141832351685e-02
6.625977903604507446e-02
6.605597585439682007e-02
6.780205667018890381e-02
6.660049408674240112e-02
6.579779833555221558e-02
6.338309496641159058e-02
6.637079268693923950e-02
6.481666117906570435e-02
6.490601599216461182e-02
6.363252550363540649e-02
6.457096338272094727e-02
6.460392475128173828e-02
6.455678492784500122e-02
6.207481026649475098e-02
6.400904804468154907e-02
6.460979580879211426e-02
6.474388390779495239e-02
6.662379205226898193e-02
6.509797275066375732e-02
6.413547694683074951e-02
6.497497111558914185e-02
6.393585354089736938e-02
6.225322932004928589e-02
6.321319192647933960e-02
6.453686207532882690e-02
6.310191005468368530e-02
6.282356381416320801e-02
6.477515399456024170e-02
6.563663482666015625e-02
6.704592704772949219e-02
6.655013561248779297e-02
6.731727719306945801e-02
6.760965287685394287e-02
6.519927084445953369e-02
6.349156051874160767e-02
6.206563860177993774e-02
6.195152923464775085e-02
6.217542290687561035e-02
6.257944554090499878e-02
6.275557726621627808e-02
6.329574435949325562e-02
6.245857477188110352e-02
6.145340204238891602e-02
6.134280934929847717e-02
6.135974824428558350e-02
6.167175993323326111e-02
6.193037703633308411e-02
6.142473220825195312e-02
6.343519687652587891e-02
6.466778367757797241e-02
6.160736083984375000e-02
6.365128606557846069e-02
6.349415332078933716e-02
6.397850066423416138e-02
6.260690093040466309e-02
6.234284490346908569e-02
6.188622489571571350e-02
6.202754005789756775e-02
6.151664257049560547e-02
6.125425547361373901e-02
6.083525344729423523e-02
6.110191717743873596e-02
6.194819137454032898e-02
6.201398372650146484e-02
6.198613345623016357e-02
6.051019579172134399e-02
5.925452336668968201e-02
5.895036086440086365e-02
5.935880541801452637e-02
5.932265520095825195e-02
5.890774354338645935e-02
5.888959020376205444e-02
5.907560139894485474e-02
5.899553000926971436e-02
5.921802669763565063e-02
5.934793502092361450e-02
5.945946648716926575e-02
5.950053408741950989e-02
5.974575132131576538e-02
6.029856204986572266e-02
5.955974757671356201e-02
6.990057229995727539e-02
5.811353400349617004e-02
5.926040560007095337e-02
6.289400905370712280e-02
6.365560740232467651e-02
6.073928624391555786e-02
5.925931036472320557e-02
5.938303843140602112e-02
5.842225253582000732e-02
6.089234724640846252e-02
5.909544229507446289e-02
7.033310830593109131e-02
5.704856291413307190e-02
5.756025388836860657e-02
6.008892878890037537e-02
5.887279659509658813e-02
6.979098916053771973e-02
5.851050466299057007e-02
5.891594290733337402e-02
6.709906458854675293e-02
5.993646010756492615e-02
6.000248715281486511e-02
5.780341103672981262e-02
5.836464837193489075e-02
5.582913383841514587e-02
5.682320147752761841e-02
5.700686946511268616e-02
5.679781362414360046e-02
5.509153380990028381e-02
5.622113496065139771e-02
5.724047496914863586e-02
5.488280206918716431e-02
6.602457165718078613e-02
5.686457455158233643e-02
5.863552168011665344e-02
5.962615832686424255e-02
5.612656846642494202e-02
5.752586573362350464e-02
5.629186704754829407e-02
5.510526895523071289e-02
5.510479956865310669e-02
5.443022027611732483e-02
5.398761853575706482e-02
5.392338335514068604e-02
5.469950661063194275e-02
5.438861995935440063e-02
5.481060966849327087e-02
5.441617220640182495e-02
5.508026480674743652e-02
5.474864318966865540e-02
5.482164397835731506e-02
5.490650236606597900e-02
5.498987063765525818e-02
5.508844554424285889e-02
5.520912259817123413e-02
5.535986647009849548e-02
5.555354431271553040e-02
5.580730363726615906e-02
5.613135918974876404e-02
5.650780722498893738e-02
5.688031017780303955e-02
5.718954652547836304e-02
5.742757022380828857e-02
5.763234943151473999e-02
5.784671753644943237e-02
5.808354169130325317e-02
5.831015482544898987e-02
5.847859755158424377e-02
5.858593061566352844e-02
5.866433307528495789e-02
5.874130502343177795e-02
5.893078073859214783e-02
5.985011160373687744e-02
6.389378011226654053e-02
5.917041748762130737e-02
6.447843462228775024e-02
5.955066904425621033e-02
6.496048718690872192e-02
5.926681309938430786e-02
6.503751128911972046e-02
6.150761991739273071e-02
6.414438784122467041e-02
6.546059250831604004e-02
6.686335802078247070e-02
6.345379352569580078e-02
5.956475809216499329e-02
6.340068578720092773e-02
6.349550932645797729e-02
5.969541147351264954e-02
7.239633053541183472e-02
6.540595740079879761e-02
5.582002922892570496e-02
6.759905815124511719e-02
5.982746556401252747e-02
7.400690019130706787e-02
5.941133201122283936e-02
7.493471354246139526e-02
6.166290864348411560e-02
6.262175738811492920e-02
6.666689366102218628e-02
5.838916450738906860e-02
6.674165278673171997e-02
5.829878523945808411e-02
5.882072448730468750e-02
6.072509288787841797e-02
5.796309188008308411e-02
6.556365638971328735e-02
5.752268806099891663e-02
5.914776399731636047e-02
5.947853624820709229e-02
5.948980897665023804e-02
5.989909544587135315e-02
6.882499903440475464e-02
5.806567519903182983e-02
5.950056016445159912e-02
5.949768796563148499e-02
6.934086978435516357e-02
5.940984562039375305e-02
5.957006663084030151e-02
6.507510691881179810e-02
5.935714766383171082e-02
6.086405739188194275e-02
6.161437556147575378e-02
6.379955261945724487e-02
6.202885136008262634e-02
7.169125229120254517e-02
6.541519612073898315e-02
6.251568347215652466e-02
6.168880686163902283e-02
6.145522743463516235e-02
6.114077940583229065e-02
6.138429045677185059e-02
6.181255728006362915e-02
6.401794403791427612e-02
6.380241364240646362e-02
6.297186017036437988e-02
6.588888168334960938e-02
6.436659395694732666e-02
6.218700110912322998e-02
6.205776333808898926e-02
6.937877088785171509e-02
6.477729231119155884e-02
6.227585300803184509e-02
6.497455388307571411e-02
6.351835280656814575e-02
6.527552008628845215e-02
6.494805961847305298e-02
6.251434236764907837e-02
6.584899872541427612e-02
6.669394671916961670e-02
6.508352607488632202e-02
6.649199873208999634e-02
6.729973107576370239e-02
6.648042052984237671e-02
6.670970469713211060e-02
6.661976873874664307e-02
6.749901920557022095e-02
6.799342483282089233e-02
6.840851157903671265e-02
6.732278317213058472e-02
6.791380792856216431e-02
6.894007325172424316e-02
6.685176491737365723e-02
6.872852891683578491e-02
6.778984516859054565e-02
6.918691098690032959e-02
6.820651143789291382e-02
6.792625039815902710e-02
6.770247966051101685e-02
6.872775405645370483e-02
6.985463201999664307e-02
6.690721213817596436e-02
6.969077885150909424e-02
6.975632160902023315e-02
6.916785240173339844e-02
6.845633685588836670e-02
6.891986727714538574e-02
7.049778848886489868e-02
7.076320052146911621e-02
7.205586135387420654e-02
7.158616930246353149e-02
7.262541353702545166e-02
7.163155078887939453e-02
7.368152588605880737e-02
7.296218723058700562e-02
7.379563897848129272e-02
7.359819859266281128e-02
7.332073152065277100e-02
7.352432608604431152e-02
7.400422543287277222e-02
7.460571080446243286e-02
7.571823894977569580e-02
7.625529170036315918e-02
7.659338414669036865e-02
7.470943778753280640e-02
7.463302463293075562e-02
7.665003091096878052e-02
7.733412832021713257e-02
7.663683593273162842e-02
8.676663041114807129e-02
6.690220534801483154e-02
6.883727014064788818e-02
6.934346258640289307e-02
6.935778260231018066e-02
8.094578981399536133e-02
6.931682676076889038e-02
8.039190620183944702e-02
6.735187768936157227e-02
6.850645691156387329e-02
7.113707065582275391e-02
7.242693006992340088e-02
7.011193782091140747e-02
7.210833579301834106e-02
7.008358091115951538e-02
