1.972620040178298950e-01
1.924354732036590576e-01
1.880519539117813110e-01
1.838704347610473633e-01
1.797036379575729370e-01
1.754092127084732056e-01
1.710215359926223755e-01
1.667219400405883789e-01
1.626778393983840942e-01
1.589380800724029541e-01
1.554527729749679565e-01
1.521346718072891235e-01
1.489029973745346069e-01
1.457035392522811890e-01
1.425123661756515503e-01
1.393314301967620850e-01
1.361786425113677979e-01
1.330772936344146729e-01
1.300502717494964600e-01
1.271180212497711182e-01
1.243007034063339233e-01
1.216173246502876282e-01
1.190842762589454651e-01
1.167118027806282043e-01
1.145033016800880432e-01
1.124558970332145691e-01
1.105620115995407104e-01
1.088114827871322632e-01
1.071922406554222107e-01
1.056917980313301086e-01
1.042983382940292358e-01
1.030005216598510742e-01
1.017883345484733582e-01
1.006524637341499329e-01
9.958492964506149292e-02
9.857849031686782837e-02
9.762694686651229858e-02
9.672500193119049072e-02
9.586813300848007202e-02
9.505254775285720825e-02
9.427485615015029907e-02
9.353239089250564575e-02
9.282253682613372803e-02
9.214301407337188721e-02
9.149178862571716309e-02
9.086659550666809082e-02
9.026583284139633179e-02
8.968748897314071655e-02
8.913019299507141113e-02
8.859234303236007690e-02
8.807255327701568604e-02
8.756964653730392456e-02
8.708243072032928467e-02
8.660990744829177856e-02
8.615119010210037231e-02
8.570544421672821045e-02
8.527182042598724365e-02
8.484975248575210571e-02
8.443846553564071655e-02
8.403751254081726074e-02
8.364630490541458130e-02
8.326435834169387817e-02
8.289122581481933594e-02
8.252657204866409302e-02
8.216996490955352783e-02
8.182108402252197266e-02
8.147961646318435669e-02
8.114531636238098145e-02
8.081780374050140381e-02
8.049686253070831299e-02
8.018237352371215820e-02
7.987399399280548096e-02
7.957158237695693970e-02
7.927492260932922363e-02
7.898385077714920044e-02
7.869809120893478394e-02
7.841768860816955566e-02
7.814239710569381714e-02
7.787199318408966064e-02
7.760651409626007080e-02
7.734571397304534912e-02
7.708946615457534790e-02
7.683776319026947021e-02
7.659037411212921143e-02
7.634726911783218384e-02
7.610826194286346436e-02
7.587343454360961914e-02
7.564245909452438354e-02
7.541535049676895142e-02
7.519198209047317505e-02
7.497234642505645752e-02
7.475621998310089111e-02
7.454358786344528198e-02
7.433432340621948242e-02
7.412840425968170166e-02
7.392558455467224121e-02
7.372586429119110107e-02
7.352913916110992432e-02
7.333523780107498169e-02
7.314412295818328857e-02
7.295560836791992188e-02
7.276956737041473389e-02
7.258589565753936768e-02
7.240436971187591553e-02
7.222481071949005127e-02
7.204695045948028564e-02
7.187058776617050171e-02
7.169535011053085327e-02
7.152092456817626953e-02
7.134687155485153198e-02
7.117264717817306519e-02
7.099790126085281372e-02
7.082196325063705444e-02
7.064440101385116577e-02
7.046484202146530151e-02
7.028287649154663086e-02
7.009855657815933228e-02
6.991183012723922729e-02
6.972313672304153442e-02
6.953281909227371216e-02
6.934148818254470825e-02
6.914977729320526123e-02
6.895827502012252808e-02
6.876759976148605347e-02
6.857819855213165283e-02
6.839052587747573853e-02
6.820497661828994751e-02
6.802178174257278442e-02
6.784125417470932007e-02
6.766343861818313599e-02
6.748846918344497681e-02
6.731638312339782715e-02
6.714715808629989624e-02
6.698079407215118408e-02
6.681723147630691528e-02
6.665637344121932983e-02
6.649820506572723389e-02
6.634254008531570435e-02
6.618943065404891968e-02
6.603874266147613525e-02
6.589031964540481567e-02
6.574425101280212402e-02
6.560033559799194336e-02
6.545849889516830444e-02
6.531876325607299805e-02
6.518100947141647339e-02
6.504526734352111816e-02
6.491135060787200928e-02
6.477930396795272827e-02
6.464912742376327515e-02
6.452070921659469604e-02
6.439402699470520020e-02
6.426905840635299683e-02
6.414576619863510132e-02
6.402409076690673828e-02
6.390403211116790771e-02
6.378553062677383423e-02
6.366861611604690552e-02
6.355316936969757080e-02
6.343915313482284546e-02
6.332662701606750488e-02
6.321551650762557983e-02
6.310582160949707031e-02
6.299747526645660400e-02
6.289037317037582397e-02
6.278462707996368408e-02
6.268016248941421509e-02
6.257691979408264160e-02
6.247487291693687439e-02
6.237403303384780884e-02
6.227431446313858032e-02
6.217572465538978577e-02
6.207822635769844055e-02
6.198183819651603699e-02
6.188646331429481506e-02
6.179211661219596863e-02
6.169875338673591614e-02
6.160636618733406067e-02
6.151489540934562683e-02
6.142437458038330078e-02
6.133471429347991943e-02
6.124594062566757202e-02
6.115799769759178162e-02
6.107087805867195129e-02
6.098455190658569336e-02
6.089903786778450012e-02
6.081429868936538696e-02
6.073025614023208618e-02
6.064696237444877625e-02
6.056438758969306946e-02
6.048247218132019043e-02
6.040126085281372070e-02
6.032069399952888489e-02
6.024072319269180298e-02
6.016140803694725037e-02
6.008269637823104858e-02
6.000456213951110840e-02
5.992702394723892212e-02
5.985001102089881897e-02
5.977358296513557434e-02
5.969763174653053284e-02
5.962228402495384216e-02
5.954742059111595154e-02
5.947300419211387634e-02
5.939918383955955505e-02
5.932572484016418457e-02
5.925283581018447876e-02
5.918036028742790222e-02
5.910834670066833496e-02
5.903672054409980774e-02
5.896559730172157288e-02
5.889489129185676575e-02
5.882459506392478943e-02
5.875468254089355469e-02
5.868517979979515076e-02
5.861604213714599609e-02
5.854732915759086609e-02
5.847897008061408997e-02
5.841097980737686157e-02
5.834330618381500244e-02
5.827606841921806335e-02
5.820916593074798584e-02
5.814258009195327759e-02
5.807639285922050476e-02
5.801042541861534119e-02
5.794488266110420227e-02
5.787959322333335876e-02
5.781467258930206299e-02
5.775004625320434570e-02
5.768570676445960999e-02
5.762166157364845276e-02
5.755790323019027710e-02
5.749447271227836609e-02
5.743134394288063049e-02
5.736841261386871338e-02
5.730578675866127014e-02
5.724341422319412231e-02
5.718135088682174683e-02
5.711949616670608521e-02
5.705793201923370361e-02
5.699657648801803589e-02
5.693550780415534973e-02
5.687463656067848206e-02
5.681401491165161133e-02
5.675366893410682678e-02
5.669346079230308533e-02
5.663352087140083313e-02
5.657381191849708557e-02
5.651430040597915649e-02
5.645499378442764282e-02
5.639590322971343994e-02
5.633701384067535400e-02
5.627834051847457886e-02
5.621980130672454834e-02
5.616150051355361938e-02
5.610337853431701660e-02
5.604546517133712769e-02
5.598768591880798340e-02
5.593011528253555298e-02
5.587268993258476257e-02
5.581546947360038757e-02
5.575839057564735413e-02
5.570147931575775146e-02
5.564473941922187805e-02
5.558817088603973389e-02
5.553169175982475281e-02
5.547538399696350098e-02
5.541931837797164917e-02
5.536327511072158813e-02
5.530745536088943481e-02
5.525171756744384766e-02
5.519617348909378052e-02
5.514075607061386108e-02
5.508545041084289551e-02
5.503026023507118225e-02
5.497520789504051208e-02
5.492029339075088501e-02
5.486551672220230103e-02
5.481085926294326782e-02
5.475629121065139771e-02
5.470186471939086914e-02
5.464756116271018982e-02
5.459336563944816589e-02
5.453925207257270813e-02
5.448529124259948730e-02
5.443144962191581726e-02
5.437768623232841492e-02
5.432403087615966797e-02
5.427049845457077026e-02
5.421704426407814026e-02
5.416373163461685181e-02
5.411047860980033875e-02
5.405732989311218262e-02
5.400431901216506958e-02
5.395140871405601501e-02
5.389856547117233276e-02
5.384582281112670898e-02
5.379316210746765137e-02
5.374061316251754761e-02
5.368818342685699463e-02
5.363580584526062012e-02
5.358351394534111023e-02
5.353132262825965881e-02
5.347923561930656433e-02
5.342722311615943909e-02
5.337530001997947693e-02
5.332346260547637939e-02
5.327174812555313110e-02
5.322008579969406128e-02
5.316852033138275146e-02
5.311702564358711243e-02
5.306565016508102417e-02
5.301429331302642822e-02
5.296306312084197998e-02
5.291193351149559021e-02
5.286087840795516968e-02
5.280986800789833069e-02
5.275898426771163940e-02
5.270818993449211121e-02
5.265744403004646301e-02
5.260683223605155945e-02
5.255626142024993896e-02
5.250575020909309387e-02
5.245529860258102417e-02
5.240503698587417603e-02
5.235476791858673096e-02
5.230456218123435974e-02
5.225451663136482239e-02
5.220448225736618042e-02
5.215454101562500000e-02
5.210470780730247498e-02
5.205492675304412842e-02
5.200521275401115417e-02
5.195561423897743225e-02
5.190601944923400879e-02
5.185659602284431458e-02
5.180717259645462036e-02
5.175783857703208923e-02
5.170859023928642273e-02
5.165946111083030701e-02
5.161036550998687744e-02
5.156129226088523865e-02
5.151239410042762756e-02
5.146350711584091187e-02
5.141467973589897156e-02
5.136596411466598511e-02
5.131728947162628174e-02
5.126871168613433838e-02
5.122018232941627502e-02
5.117173120379447937e-02
5.112338438630104065e-02
5.107506364583969116e-02
5.102682858705520630e-02
5.097864195704460144e-02
5.093051865696907043e-02
5.088248848915100098e-02
5.083452910184860229e-02
5.078665539622306824e-02
5.073878914117813110e-02
5.069100856781005859e-02
5.064329877495765686e-02
5.059564486145973206e-02
5.054804682731628418e-02
5.050054565072059631e-02
5.045309662818908691e-02
5.040571093559265137e-02
5.035835132002830505e-02
5.031112954020500183e-02
5.026389285922050476e-02
5.021671950817108154e-02
5.016963928937911987e-02
5.012262240052223206e-02
5.007564648985862732e-02
5.002870038151741028e-02
4.998182505369186401e-02
4.993500560522079468e-02
4.988823831081390381e-02
4.984153434634208679e-02
4.979490488767623901e-02
4.974832013249397278e-02
4.970172420144081116e-02
4.965524747967720032e-02
4.960876703262329102e-02
4.956239089369773865e-02
4.951602965593338013e-02
4.946967214345932007e-02
4.942345991730690002e-02
4.937722533941268921e-02
4.933106526732444763e-02
4.928492009639739990e-02
4.923882335424423218e-02
4.919278249144554138e-02
4.914677515625953674e-02
4.910080134868621826e-02
4.905488714575767517e-02
4.900903254747390747e-02
4.896317422389984131e-02
4.891736805438995361e-02
4.887160658836364746e-02
4.882584139704704285e-02
4.878012463450431824e-02
4.873446747660636902e-02
4.868885502219200134e-02
4.864321276545524597e-02
4.859765991568565369e-02
4.855209961533546448e-02
4.850662499666213989e-02
4.846113920211791992e-02
4.841567575931549072e-02
4.837026447057723999e-02
4.832487180829048157e-02
4.827946051955223083e-02
4.823413118720054626e-02
4.818879812955856323e-02
4.814350232481956482e-02
4.809823259711265564e-02
4.805296286940574646e-02
4.800775647163391113e-02
4.796256124973297119e-02
4.791738465428352356e-02
4.787220060825347900e-02
4.782710596919059753e-02
4.778196290135383606e-02
4.773686081171035767e-02
4.769181087613105774e-02
4.764672741293907166e-02
4.760170727968215942e-02
4.755669459700584412e-02
4.751171171665191650e-02
4.746665805578231812e-02
4.742172732949256897e-02
4.737679287791252136e-02
4.733186215162277222e-02
4.728695005178451538e-02
4.724209010601043701e-02
4.719718918204307556e-02
4.715234786272048950e-02
4.710752144455909729e-02
4.706270992755889893e-02
4.701792076230049133e-02
4.697315767407417297e-02
4.692841693758964539e-02
4.688365384936332703e-02
4.683895036578178406e-02
4.679428413510322571e-02
4.674961045384407043e-02
4.670497030019760132e-02
4.666035249829292297e-02
4.661578685045242310e-02
4.657121002674102783e-02
4.652666300535202026e-02
4.648217186331748962e-02
4.643765464425086975e-02
4.639321938157081604e-02
4.634874686598777771e-02
4.630437120795249939e-02
4.626002535223960876e-02
4.621567204594612122e-02
4.617136716842651367e-02
4.612710326910018921e-02
4.608286917209625244e-02
4.603866860270500183e-02
4.599449783563613892e-02
4.595040902495384216e-02
4.590630531311035156e-02
4.586223140358924866e-02
4.581824317574501038e-02
4.577429592609405518e-02
4.573036357760429382e-02
4.568644613027572632e-02
4.564265161752700806e-02
4.559886083006858826e-02
4.555513709783554077e-02
4.551146179437637329e-02
4.546785727143287659e-02
4.542423784732818604e-02
4.538070783019065857e-02
4.533724486827850342e-02
4.529377445578575134e-02
4.525041952729225159e-02
4.520710557699203491e-02
4.516381397843360901e-02
4.512064531445503235e-02
4.507752507925033569e-02
4.503444582223892212e-02
4.499143362045288086e-02
4.494849219918251038e-02
4.490558803081512451e-02
4.486279189586639404e-02
4.482002928853034973e-02
4.477734118700027466e-02
4.473470151424407959e-02
4.469218477606773376e-02
4.464969784021377563e-02
4.460731893777847290e-02
4.456496983766555786e-02
4.452274739742279053e-02
4.448058083653450012e-02
4.443841427564620972e-02
4.439641162753105164e-02
