2.348439842462539673e-01
2.284545004367828369e-01
2.222713828086853027e-01
2.158126831054687500e-01
2.088221162557601929e-01
2.012545466423034668e-01
1.931921392679214478e-01
1.849018186330795288e-01
1.768878102302551270e-01
1.696387231349945068e-01
1.633364409208297729e-01
1.578870415687561035e-01
1.530965715646743774e-01
1.487811803817749023e-01
1.448015421628952026e-01
1.410643756389617920e-01
1.375165730714797974e-01
1.341379880905151367e-01
1.309327036142349243e-01
1.279185265302658081e-01
1.251160204410552979e-01
1.225384622812271118e-01
1.201872378587722778e-01
1.180525273084640503e-01
1.161176711320877075e-01
1.143630370497703552e-01
1.127693653106689453e-01
1.113182157278060913e-01
1.099931821227073669e-01
1.087793335318565369e-01
1.076631173491477966e-01
1.066324263811111450e-01
1.056759729981422424e-01
1.047838702797889709e-01
1.039469465613365173e-01
1.031572893261909485e-01
1.024076864123344421e-01
1.016919985413551331e-01
1.010048463940620422e-01
1.003415882587432861e-01
9.969829767942428589e-02
9.907166659832000732e-02
9.845897555351257324e-02
9.785793721675872803e-02
9.726696461439132690e-02
9.668462723493576050e-02
9.610997885465621948e-02
9.554233402013778687e-02
9.498129785060882568e-02
9.442661702632904053e-02
9.387822449207305908e-02
9.333617240190505981e-02
9.280057996511459351e-02
9.227166324853897095e-02
9.174969047307968140e-02
9.123490005731582642e-02
9.072756767272949219e-02
9.022803604602813721e-02
8.973657339811325073e-02
8.925344794988632202e-02
8.877883106470108032e-02
8.831301331520080566e-02
8.785615116357803345e-02
8.740838617086410522e-02
8.696990460157394409e-02
8.654067665338516235e-02
8.612090349197387695e-02
8.571052551269531250e-02
8.530965447425842285e-02
8.491820096969604492e-02
8.453623205423355103e-02
8.416360616683959961e-02
8.380036056041717529e-02
8.344636857509613037e-02
8.310156315565109253e-02
8.276579529047012329e-02
8.243900537490844727e-02
8.212105929851531982e-02
8.181180059909820557e-02
8.151109516620635986e-02
8.121877163648605347e-02
8.093465864658355713e-02
8.065864443778991699e-02
8.039049804210662842e-02
8.013007789850234985e-02
7.987716794013977051e-02
7.963160425424575806e-02
7.939320802688598633e-02
7.916175574064254761e-02
7.893708348274230957e-02
7.871899008750915527e-02
7.850724458694458008e-02
7.830174267292022705e-02
7.810223847627639771e-02
7.790853083133697510e-02
7.772049307823181152e-02
7.753785699605941772e-02
7.736046612262725830e-02
7.718813419342041016e-02
7.702063024044036865e-02
7.685775309801101685e-02
7.669930160045623779e-02
7.654505223035812378e-02
7.639472186565399170e-02
7.624809443950653076e-02
7.610490173101425171e-02
7.596484571695327759e-02
7.582761347293853760e-02
7.569292932748794556e-02
7.556054741144180298e-02
7.543016225099563599e-02
7.530154287815093994e-02
7.517440617084503174e-02
7.504867762327194214e-02
7.492426782846450806e-02
7.480099052190780640e-02
7.467886060476303101e-02
7.455788552761077881e-02
7.443801313638687134e-02
7.431920617818832397e-02
7.420147955417633057e-02
7.408479601144790649e-02
7.396917790174484253e-02
7.385455071926116943e-02
7.374091446399688721e-02
7.362832129001617432e-02
7.351671159267425537e-02
7.340620458126068115e-02
7.329680025577545166e-02
7.318855077028274536e-02
7.308154553174972534e-02
7.297587394714355469e-02
7.287162542343139648e-02
7.276878505945205688e-02
7.266742736101150513e-02
7.256770879030227661e-02
7.246956974267959595e-02
7.237305492162704468e-02
7.227818667888641357e-02
7.218500226736068726e-02
7.209347933530807495e-02
7.200357317924499512e-02
7.191531360149383545e-02
7.182864099740982056e-02
7.174351066350936890e-02
7.165995240211486816e-02
7.157788425683975220e-02
7.149725407361984253e-02
7.141806185245513916e-02
7.134023308753967285e-02
7.126379758119583130e-02
7.118866592645645142e-02
7.111480832099914551e-02
7.104218751192092896e-02
7.097075134515762329e-02
7.090051472187042236e-02
7.083142548799514771e-02
7.076344639062881470e-02
7.069653272628784180e-02
7.063067704439163208e-02
7.056586444377899170e-02
7.050204277038574219e-02
7.043913751840591431e-02
7.037726044654846191e-02
7.031620293855667114e-02
7.025606185197830200e-02
7.019679248332977295e-02
7.013831287622451782e-02
7.008067518472671509e-02
7.002376765012741089e-02
6.996768712997436523e-02
6.991223990917205811e-02
6.985750794410705566e-02
6.980342417955398560e-02
6.974997371435165405e-02
6.969713419675827026e-02
6.964485347270965576e-02
6.959312409162521362e-02
6.954192370176315308e-02
6.949120759963989258e-02
6.944096088409423828e-02
6.939117610454559326e-02
6.934177875518798828e-02
6.929277628660202026e-02
6.924415379762649536e-02
6.919585168361663818e-02
6.914789229631423950e-02
6.910019367933273315e-02
6.905281543731689453e-02
6.900566071271896362e-02
6.895872205495834351e-02
6.891202926635742188e-02
6.886554509401321411e-02
6.881928443908691406e-02
6.877317279577255249e-02
6.872721761465072632e-02
6.868141889572143555e-02
6.863574683666229248e-02
6.859022378921508789e-02
6.854482740163803101e-02
6.849955022335052490e-02
6.845438480377197266e-02
6.840929388999938965e-02
6.836432218551635742e-02
6.831949204206466675e-02
6.827476620674133301e-02
6.823009997606277466e-02
6.818557530641555786e-02
6.814116984605789185e-02
6.809683144092559814e-02
6.805266439914703369e-02
6.800859421491622925e-02
6.796463578939437866e-02
6.792083382606506348e-02
6.787712872028350830e-02
6.783361732959747314e-02
6.779028475284576416e-02
6.774710118770599365e-02
6.770411878824234009e-02
6.766126304864883423e-02
6.761867552995681763e-02
6.757622957229614258e-02
6.753399223089218140e-02
6.749201565980911255e-02
6.745028495788574219e-02
6.740879267454147339e-02
6.736749410629272461e-02
6.732651591300964355e-02
6.728582829236984253e-02
6.724539399147033691e-02
6.720524281263351440e-02
6.716545671224594116e-02
6.712592393159866333e-02
6.708676367998123169e-02
6.704790145158767700e-02
6.700940430164337158e-02
6.697125732898712158e-02
6.693342328071594238e-02
6.689602136611938477e-02
6.685892492532730103e-02
6.682225316762924194e-02
6.678596138954162598e-02
6.675007939338684082e-02
6.671455502510070801e-02
6.667946279048919678e-02
6.664475053548812866e-02
6.661044806241989136e-02
6.657657772302627563e-02
6.654312461614608765e-02
6.651012599468231201e-02
6.647751480340957642e-02
6.644536554813385010e-02
6.641361117362976074e-02
6.638232618570327759e-02
6.635145097970962524e-02
6.632103770971298218e-02
6.629107147455215454e-02
6.626150012016296387e-02
6.623238325119018555e-02
6.620368361473083496e-02
6.617541611194610596e-02
6.614763289690017700e-02
6.612028926610946655e-02
6.609334796667098999e-02
6.606682389974594116e-02
6.604074686765670776e-02
6.601512432098388672e-02
6.598990410566329956e-02
6.596512347459793091e-02
6.594072282314300537e-02
6.591676920652389526e-02
6.589318066835403442e-02
6.587006896734237671e-02
6.584732234477996826e-02
6.582495570182800293e-02
6.580301374197006226e-02
6.578147411346435547e-02
6.576032191514968872e-02
6.573952734470367432e-02
6.571910530328750610e-02
6.569904088973999023e-02
6.567938625812530518e-02
6.566007435321807861e-02
6.564109027385711670e-02
6.562247872352600098e-02
6.560421735048294067e-02
6.558626890182495117e-02
6.556865572929382324e-02
6.555139273405075073e-02
6.553444266319274902e-02
6.551779061555862427e-02
6.550145149230957031e-02
6.548541784286499023e-02
6.546968966722488403e-02
6.545420736074447632e-02
6.543903797864913940e-02
6.542412191629409790e-02
6.540949642658233643e-02
6.539512425661087036e-02
6.538099795579910278e-02
6.536711752414703369e-02
6.535346806049346924e-02
6.534004956483840942e-02
6.532689183950424194e-02
6.531392037868499756e-02
6.530115008354187012e-02
6.528859585523605347e-02
6.527628004550933838e-02
6.526409089565277100e-02
6.525212526321411133e-02
6.524036079645156860e-02
6.522872298955917358e-02
6.521729379892349243e-02
6.520599871873855591e-02
6.519488245248794556e-02
6.518388539552688599e-02
6.517303735017776489e-02
6.516231596469879150e-02
6.515174359083175659e-02
6.514127552509307861e-02
6.513094902038574219e-02
6.512070447206497192e-02
6.511060893535614014e-02
6.510058045387268066e-02
6.509064137935638428e-02
6.508076190948486328e-02
6.507104635238647461e-02
6.506136804819107056e-02
6.505174189805984497e-02
6.504219770431518555e-02
6.503275036811828613e-02
6.502331793308258057e-02
6.501393765211105347e-02
6.500461697578430176e-02
6.499532610177993774e-02
6.498607248067855835e-02
6.497684866189956665e-02
6.496766954660415649e-02
6.495849043130874634e-02
6.494934856891632080e-02
6.494021415710449219e-02
6.493106484413146973e-02
6.492195278406143188e-02
6.491285562515258789e-02
6.490372866392135620e-02
6.489458680152893066e-02
6.488544493913650513e-02
6.487625092267990112e-02
6.486710160970687866e-02
6.485790759325027466e-02
6.484870612621307373e-02
6.483945995569229126e-02
6.483017653226852417e-02
6.482087075710296631e-02
6.481150537729263306e-02
6.480214744806289673e-02
6.479273736476898193e-02
6.478323787450790405e-02
6.477370858192443848e-02
6.476414203643798828e-02
6.475451588630676270e-02
6.474485248327255249e-02
6.473511457443237305e-02
6.472531706094741821e-02
6.471546739339828491e-02
6.470555067062377930e-02
6.469556689262390137e-02
6.468551605939865112e-02
6.467539072036743164e-02
6.466526538133621216e-02
6.465498358011245728e-02
6.464468687772750854e-02
6.463426351547241211e-02
6.462378799915313721e-02
6.461327522993087769e-02
6.460268795490264893e-02
6.459196656942367554e-02
6.458118557929992676e-02
6.457032263278961182e-02
6.455941498279571533e-02
6.454845517873764038e-02
6.453735381364822388e-02
6.452617049217224121e-02
6.451496481895446777e-02
6.450359523296356201e-02
6.449220329523086548e-02
6.448069959878921509e-02
6.446915119886398315e-02
6.445750594139099121e-02
6.444580107927322388e-02
6.443397700786590576e-02
6.442210078239440918e-02
6.441013514995574951e-02
6.439811736345291138e-02
6.438602507114410400e-02
6.437379866838455200e-02
6.436154991388320923e-02
6.434918195009231567e-02
6.433679908514022827e-02
6.432429701089859009e-02
6.431174278259277344e-02
6.429909914731979370e-02
6.428638100624084473e-02
6.427361816167831421e-02
6.426075845956802368e-02
6.424780935049057007e-02
6.423487514257431030e-02
6.422185152769088745e-02
6.420874595642089844e-02
6.419559568166732788e-02
6.418236345052719116e-02
6.416910141706466675e-02
6.415575742721557617e-02
6.414236128330230713e-02
6.412889063358306885e-02
6.411541253328323364e-02
6.410186737775802612e-02
6.408830732107162476e-02
6.407465785741806030e-02
6.406096369028091431e-02
6.404726207256317139e-02
6.403351575136184692e-02
6.401972472667694092e-02
6.400591135025024414e-02
6.399202346801757812e-02
6.397814303636550903e-02
6.396421790122985840e-02
6.395026296377182007e-02
6.393626332283020020e-02
6.392221897840499878e-02
6.390821188688278198e-02
6.389414519071578979e-02
6.388010084629058838e-02
6.386599689722061157e-02
6.385189294815063477e-02
6.383778899908065796e-02
6.382366269826889038e-02
6.380952149629592896e-02
6.379535049200057983e-02
6.378117948770523071e-02
6.376700103282928467e-02
6.375285983085632324e-02
6.373870372772216797e-02
6.372447311878204346e-02
6.371033191680908203e-02
6.369613856077194214e-02
6.368200480937957764e-02
6.366784125566482544e-02
6.365367770195007324e-02
6.363953649997711182e-02
6.362540274858474731e-02
6.361128389835357666e-02
6.359715014696121216e-02
6.358303129673004150e-02
6.356897205114364624e-02
6.355487555265426636e-02
6.354080885648727417e-02
6.352677196264266968e-02
6.351277232170104980e-02
6.349876523017883301e-02
6.348477303981781006e-02
6.347078084945678711e-02
6.345687806606292725e-02
6.344296783208847046e-02
6.342908740043640137e-02
6.341523677110671997e-02
6.340142339468002319e-02
6.338765472173690796e-02
6.337386369705200195e-02
6.336013227701187134e-02
6.334641575813293457e-02
6.333280354738235474e-02
6.331920623779296875e-02
6.330561637878417969e-02
6.329207867383956909e-02
6.327858567237854004e-02
6.326510757207870483e-02
6.325168907642364502e-02
6.323833018541336060e-02
6.322503089904785156e-02
6.321180611848831177e-02
6.319859623908996582e-02
6.318543851375579834e-02
6.317229568958282471e-02
6.315930187702178955e-02
6.314632296562194824e-02
6.313337385654449463e-02
6.312047690153121948e-02
6.310772150754928589e-02
6.309498101472854614e-02
6.308229267597198486e-02
6.306970864534378052e-02
6.305715441703796387e-02
6.304473429918289185e-02
6.303232163190841675e-02
6.302002817392349243e-02
6.300780177116394043e-02
6.299560517072677612e-02
6.298356503248214722e-02
6.297156959772109985e-02
