2.322449684143066406e-01
2.255296856164932251e-01
2.188613414764404297e-01
2.119306176900863647e-01
2.046315371990203857e-01
1.970227062702178955e-01
1.892384439706802368e-01
1.815810650587081909e-01
1.744794249534606934e-01
1.682005226612091064e-01
1.627419739961624146e-01
1.579544395208358765e-01
1.536641865968704224e-01
1.497246026992797852e-01
1.460272222757339478e-01
1.424991339445114136e-01
1.390980929136276245e-01
1.358063519001007080e-01
1.326237022876739502e-01
1.295626610517501831e-01
1.266464591026306152e-01
1.239076629281044006e-01
1.213797852396965027e-01
1.190818548202514648e-01
1.170093268156051636e-01
1.151409894227981567e-01
1.134510263800621033e-01
1.119157746434211731e-01
1.105153486132621765e-01
1.092330515384674072e-01
1.080543473362922668e-01
1.069666147232055664e-01
1.059585139155387878e-01
1.050199940800666809e-01
1.041419357061386108e-01
1.033162698149681091e-01
1.025359109044075012e-01
1.017944738268852234e-01
1.010865420103073120e-01
1.004073396325111389e-01
9.975279122591018677e-02
9.911931306123733521e-02
9.850396215915679932e-02
9.790418297052383423e-02
9.731788188219070435e-02
9.674343466758728027e-02
9.617943316698074341e-02
9.562506526708602905e-02
9.507954120635986328e-02
9.454235434532165527e-02
9.401325136423110962e-02
9.349198639392852783e-02
9.297859668731689453e-02
9.247299283742904663e-02
9.197533875703811646e-02
9.148571640253067017e-02
9.100426733493804932e-02
9.053115546703338623e-02
9.006652235984802246e-02
8.961054682731628418e-02
8.916333317756652832e-02
8.872503042221069336e-02
8.829574286937713623e-02
8.787553757429122925e-02
8.746446669101715088e-02
8.706258237361907959e-02
8.666990697383880615e-02
8.628642559051513672e-02
8.591213077306747437e-02
8.554699271917343140e-02
8.519095927476882935e-02
8.484389632940292358e-02
8.450576663017272949e-02
8.417648822069168091e-02
8.385597169399261475e-02
8.354405313730239868e-02
8.324065804481506348e-02
8.294565230607986450e-02
8.265884220600128174e-02
8.238016068935394287e-02
8.210946619510650635e-02
8.184651285409927368e-02
8.159121870994567871e-02
8.134343475103378296e-02
8.110293745994567871e-02
8.086963742971420288e-02
8.064325898885726929e-02
8.042371273040771484e-02
8.021079748868942261e-02
8.000426739454269409e-02
7.980401813983917236e-02
7.960975915193557739e-02
7.942131161689758301e-02
7.923842966556549072e-02
7.906081527471542358e-02
7.888833433389663696e-02
7.872052490711212158e-02
7.855709642171859741e-02
7.839770615100860596e-02
7.824193686246871948e-02
7.808935642242431641e-02
7.793953269720077515e-02
7.779195904731750488e-02
7.764624804258346558e-02
7.750198245048522949e-02
7.735870778560638428e-02
7.721616327762603760e-02
7.707417756319046021e-02
7.693246006965637207e-02
7.679100334644317627e-02
7.664971798658370972e-02
7.650864869356155396e-02
7.636784762144088745e-02
7.622747868299484253e-02
7.608763128519058228e-02
7.594846934080123901e-02
7.581021636724472046e-02
7.567310333251953125e-02
7.553732395172119141e-02
7.540307193994522095e-02
7.527060806751251221e-02
7.514010369777679443e-02
7.501173764467239380e-02
7.488571107387542725e-02
7.476206868886947632e-02
7.464090734720230103e-02
7.452233880758285522e-02
7.440633326768875122e-02
7.429290562868118286e-02
7.418200373649597168e-02
7.407358288764953613e-02
7.396757602691650391e-02
7.386389374732971191e-02
7.376243174076080322e-02
7.366308569908142090e-02
7.356574386358261108e-02
7.347024232149124146e-02
7.337655127048492432e-02
7.328456640243530273e-02
7.319411635398864746e-02
7.310513406991958618e-02
7.301752269268035889e-02
7.293123751878738403e-02
7.284621149301528931e-02
7.276231050491333008e-02
7.267954200506210327e-02
7.259787619113922119e-02
7.251720875501632690e-02
7.243756204843521118e-02
7.235889136791229248e-02
7.228114455938339233e-02
7.220435142517089844e-02
7.212851196527481079e-02
7.205364108085632324e-02
7.197967171669006348e-02
7.190665602684020996e-02
7.183460146188735962e-02
7.176350057125091553e-02
7.169337570667266846e-02
7.162426412105560303e-02
7.155612856149673462e-02
7.148902118206024170e-02
7.142293453216552734e-02
7.135794311761856079e-02
7.129397243261337280e-02
7.123105227947235107e-02
7.116927206516265869e-02
7.110856473445892334e-02
7.104894518852233887e-02
7.099042832851409912e-02
7.093305140733718872e-02
7.087677717208862305e-02
7.082159072160720825e-02
7.076754420995712280e-02
7.071460783481597900e-02
7.066276669502258301e-02
7.061201333999633789e-02
7.056235522031784058e-02
7.051371783018112183e-02
7.046619802713394165e-02
7.041965425014495850e-02
7.037417590618133545e-02
7.032965123653411865e-02
7.028612494468688965e-02
7.024353742599487305e-02
7.020193338394165039e-02
7.016115635633468628e-02
7.012127339839935303e-02
7.008225470781326294e-02
7.004408538341522217e-02
7.000667601823806763e-02
6.997008621692657471e-02
6.993420422077178955e-02
6.989901512861251831e-02
6.986457109451293945e-02
6.983074545860290527e-02
6.979755312204360962e-02
6.976495683193206787e-02
6.973295658826828003e-02
6.970147043466567993e-02
6.967051327228546143e-02
6.964005529880523682e-02
6.961005926132202148e-02
6.958051025867462158e-02
6.955137848854064941e-02
6.952264904975891113e-02
6.949425488710403442e-02
6.946623325347900391e-02
6.943853199481964111e-02
6.941113620996475220e-02
6.938406825065612793e-02
6.935725361108779907e-02
6.933069974184036255e-02
6.930439174175262451e-02
6.927829235792160034e-02
6.925243884325027466e-02
6.922673434019088745e-02
6.920126825571060181e-02
6.917592883110046387e-02
6.915080547332763672e-02
6.912581622600555420e-02
6.910094618797302246e-02
6.907621026039123535e-02
6.905166059732437134e-02
6.902719289064407349e-02
6.900285929441452026e-02
6.897865235805511475e-02
6.895451247692108154e-02
6.893049925565719604e-02
6.890658289194107056e-02
6.888277828693389893e-02
6.885904818773269653e-02
6.883542984724044800e-02
6.881187111139297485e-02
6.878842413425445557e-02
6.876507401466369629e-02
6.874180585145950317e-02
6.871863454580307007e-02
6.869550794363021851e-02
6.867250055074691772e-02
6.864959001541137695e-02
6.862673908472061157e-02
6.860403716564178467e-02
6.858140230178833008e-02
6.855886429548263550e-02
6.853641569614410400e-02
6.851410865783691406e-02
6.849186867475509644e-02
6.846971809864044189e-02
6.844772398471832275e-02
6.842579692602157593e-02
6.840397417545318604e-02
6.838230043649673462e-02
6.836069375276565552e-02
6.833922117948532104e-02
6.831790506839752197e-02
6.829669326543807983e-02
6.827561557292938232e-02
6.825470179319381714e-02
6.823389232158660889e-02
6.821316480636596680e-02
6.819268316030502319e-02
6.817229837179183960e-02
6.815203279256820679e-02
6.813193857669830322e-02
6.811201572418212891e-02
6.809219717979431152e-02
6.807260960340499878e-02
6.805316358804702759e-02
6.803388148546218872e-02
6.801478564739227295e-02
6.799585372209548950e-02
6.797710061073303223e-02
6.795853376388549805e-02
6.794010847806930542e-02
6.792188435792922974e-02
6.790386140346527100e-02
6.788603216409683228e-02
6.786838918924331665e-02
6.785091012716293335e-02
6.783367693424224854e-02
6.781665235757827759e-02
6.779979169368743896e-02
6.778315454721450806e-02
6.776671856641769409e-02
6.775052100419998169e-02
6.773453205823898315e-02
6.771873682737350464e-02
6.770315766334533691e-02
6.768782436847686768e-02
6.767266243696212769e-02
6.765776127576828003e-02
6.764305382966995239e-02
6.762859970331192017e-02
6.761431694030761719e-02
6.760030984878540039e-02
6.758648902177810669e-02
6.757292151451110840e-02
6.755956262350082397e-02
6.754644215106964111e-02
6.753350049257278442e-02
6.752083450555801392e-02
6.750839203596115112e-02
6.749619543552398682e-02
6.748417019844055176e-02
6.747237592935562134e-02
6.746082752943038940e-02
6.744946539402008057e-02
6.743834167718887329e-02
6.742741912603378296e-02
6.741674244403839111e-02
6.740622222423553467e-02
6.739597767591476440e-02
6.738588958978652954e-02
6.737604737281799316e-02
6.736642122268676758e-02
6.735698133707046509e-02
6.734774261713027954e-02
6.733869761228561401e-02
6.732986867427825928e-02
6.732122600078582764e-02
6.731275469064712524e-02
6.730451434850692749e-02
6.729644536972045898e-02
6.728854030370712280e-02
6.728084385395050049e-02
6.727331131696701050e-02
6.726597249507904053e-02
6.725878268480300903e-02
6.725177168846130371e-02
6.724490225315093994e-02
6.723821163177490234e-02
6.723169982433319092e-02
6.722531467676162720e-02
6.721907854080200195e-02
6.721299141645431519e-02
6.720706075429916382e-02
6.720125675201416016e-02
6.719565391540527344e-02
6.719014793634414673e-02
6.718477606773376465e-02
6.717952340841293335e-02
6.717444956302642822e-02
6.716947257518768311e-02
6.716462969779968262e-02
6.715986877679824829e-02
6.715528666973114014e-02
6.715075671672821045e-02
6.714634597301483154e-02
6.714209169149398804e-02
6.713793426752090454e-02
6.713386625051498413e-02
6.712988764047622681e-02
6.712605059146881104e-02
6.712228804826736450e-02
6.711862236261367798e-02
6.711504608392715454e-02
6.711156666278839111e-02
6.710819900035858154e-02
6.710490584373474121e-02
6.710170209407806396e-02
6.709863990545272827e-02
6.709565967321395874e-02
6.709276139736175537e-02
6.708994507789611816e-02
6.708724796772003174e-02
6.708458811044692993e-02
6.708209216594696045e-02
6.707967072725296021e-02
6.707732379436492920e-02
6.707502901554107666e-02
6.707289069890975952e-02
6.707079708576202393e-02
6.706883758306503296e-02
6.706696003675460815e-02
6.706515699625015259e-02
6.706346571445465088e-02
6.706187874078750610e-02
6.706038862466812134e-02
6.705900281667709351e-02
6.705773621797561646e-02
6.705652922391891479e-02
6.705544888973236084e-02
6.705451756715774536e-02
6.705363839864730835e-02
6.705295294523239136e-02
6.705232709646224976e-02
6.705182790756225586e-02
6.705147773027420044e-02
6.705121695995330811e-02
6.705109030008316040e-02
6.705112010240554810e-02
6.705125421285629272e-02
6.705152988433837891e-02
6.705194711685180664e-02
6.705250591039657593e-02
6.705320626497268677e-02
6.705404072999954224e-02
6.705503165721893311e-02
6.705616414546966553e-02
6.705744564533233643e-02
6.705887615680694580e-02
6.706050038337707520e-02
6.706225872039794922e-02
6.706415116786956787e-02
6.706628203392028809e-02
6.706853210926055908e-02
6.707093864679336548e-02
6.707353889942169189e-02
6.707628816366195679e-02
6.707923114299774170e-02
6.708232313394546509e-02
6.708563119173049927e-02
6.708907335996627808e-02
6.709269434213638306e-02
6.709650903940200806e-02
6.710053980350494385e-02
6.710471212863922119e-02
6.710908561944961548e-02
6.711363047361373901e-02
6.711840629577636719e-02
6.712334603071212769e-02
6.712847203016281128e-02
6.713373959064483643e-02
6.713922321796417236e-02
6.714490801095962524e-02
6.715077161788940430e-02
6.715685129165649414e-02
6.716307997703552246e-02
6.716952472925186157e-02
6.717618554830551147e-02
6.718303263187408447e-02
6.719003617763519287e-02
6.719721853733062744e-02
6.720465421676635742e-02
6.721225380897521973e-02
6.722002476453781128e-02
6.722806394100189209e-02
6.723623722791671753e-02
6.724456697702407837e-02
6.725313514471054077e-02
6.726190447807312012e-02
6.727088242769241333e-02
6.728003174066543579e-02
6.728935986757278442e-02
6.729886680841445923e-02
6.730861216783523560e-02
6.731851398944854736e-02
6.732863187789916992e-02
6.733896583318710327e-02
6.734948605298995972e-02
6.736019253730773926e-02
6.737109273672103882e-02
6.738219410181045532e-02
6.739348918199539185e-02
6.740503013134002686e-02
6.741674244403839111e-02
6.742864102125167847e-02
6.744071841239929199e-02
6.745301932096481323e-02
6.746553629636764526e-02
6.747824698686599731e-02
6.749116629362106323e-02
6.750425696372985840e-02
6.751757860183715820e-02
6.753111630678176880e-02
6.754484772682189941e-02
6.755874305963516235e-02
6.757289916276931763e-02
6.758724153041839600e-02
6.760175526142120361e-02
6.761649996042251587e-02
6.763145327568054199e-02
6.764658540487289429e-02
6.766194105148315430e-02
6.767747551202774048e-02
6.769320368766784668e-02
6.770917028188705444e-02
6.772528588771820068e-02
6.774159520864486694e-02
6.775814294815063477e-02
6.777483224868774414e-02
6.779173016548156738e-02
6.780879944562911987e-02
6.782608479261398315e-02
6.784351915121078491e-02
6.786113232374191284e-02
6.787890940904617310e-02
6.789685785770416260e-02
6.791497766971588135e-02
6.793329119682312012e-02
6.795167177915573120e-02
6.797028332948684692e-02
6.798898428678512573e-02
6.800785660743713379e-02
6.802686303853988647e-02
6.804600358009338379e-02
6.806521862745285034e-02
6.808461248874664307e-02
6.810408830642700195e-02
