1.894734650850296021e-01
1.881903856992721558e-01
1.881871074438095093e-01
1.881727129220962524e-01
1.881577223539352417e-01
1.881432980298995972e-01
1.881288886070251465e-01
1.881148517131805420e-01
1.881008744239807129e-01
1.880871057510375977e-01
1.880731135606765747e-01
1.880592107772827148e-01
1.880450546741485596e-01
1.880308836698532104e-01
1.880162060260772705e-01
1.880012899637222290e-01
1.879859864711761475e-01
1.879700273275375366e-01
1.879532337188720703e-01
1.879359185695648193e-01
1.879174113273620605e-01
1.878979802131652832e-01
1.878771632909774780e-01
1.878547221422195435e-01
1.878306716680526733e-01
1.878042966127395630e-01
1.877754479646682739e-01
1.877437531948089600e-01
1.877084821462631226e-01
1.876690238714218140e-01
1.876246035099029541e-01
1.875743120908737183e-01
1.875166743993759155e-01
1.874502152204513550e-01
1.873730868101119995e-01
1.872826516628265381e-01
1.871757954359054565e-01
1.870483756065368652e-01
1.868953853845596313e-01
1.867098063230514526e-01
1.864830702543258667e-01
1.862042248249053955e-01
1.858591586351394653e-01
1.854310631752014160e-01
1.849000751972198486e-01
1.842447668313980103e-01
1.834467947483062744e-01
1.824971139430999756e-01
1.814055442810058594e-01
1.802065223455429077e-01
1.789568662643432617e-01
1.777175366878509521e-01
1.765346974134445190e-01
1.754269152879714966e-01
1.743876934051513672e-01
1.733939945697784424e-01
1.724148094654083252e-01
1.714160591363906860e-01
1.703628897666931152e-01
1.692221909761428833e-01
1.679664254188537598e-01
1.665772199630737305e-01
1.650497764348983765e-01
1.633955091238021851e-01
1.616386771202087402e-01
1.598085314035415649e-01
1.579308062791824341e-01
1.560238748788833618e-01
1.541077792644500732e-01
1.522182673215866089e-01
1.504089385271072388e-01
1.487370133399963379e-01
1.472416371107101440e-01
1.459363400936126709e-01
1.448171883821487427e-01
1.438713669776916504e-01
1.430808603763580322e-01
1.424241513013839722e-01
1.418797075748443604e-01
1.414266377687454224e-01
1.410470455884933472e-01
1.407256275415420532e-01
1.404503434896469116e-01
1.402117162942886353e-01
1.400022059679031372e-01
1.398156881332397461e-01
1.396472752094268799e-01
1.394929885864257812e-01
1.393503248691558838e-01
1.392177194356918335e-01
1.390935182571411133e-01
1.389747411012649536e-01
1.388575583696365356e-01
1.387378722429275513e-01
1.386134475469589233e-01
1.384837478399276733e-01
1.383491903543472290e-01
1.382113248109817505e-01
1.380717605352401733e-01
1.379331350326538086e-01
1.377980113029479980e-01
1.376684159040451050e-01
1.375456154346466064e-01
1.374297142028808594e-01
1.373196989297866821e-01
1.372147649526596069e-01
1.371132284402847290e-01
1.370134949684143066e-01
1.369141936302185059e-01
1.368145942687988281e-01
1.367145329713821411e-01
1.366142481565475464e-01
1.365136802196502686e-01
1.364129781723022461e-01
1.363119632005691528e-01
1.362104266881942749e-01
1.361084133386611938e-01
1.360055655241012573e-01
1.359019130468368530e-01
1.357970833778381348e-01
1.356911957263946533e-01
1.355841010808944702e-01
1.354757994413375854e-01
1.353665590286254883e-01
1.352562755346298218e-01
1.351451277732849121e-01
1.350331306457519531e-01
1.349202841520309448e-01
1.348065882921218872e-01
1.346918195486068726e-01
1.345757842063903809e-01
1.344583928585052490e-01
1.343390643596649170e-01
1.342177242040634155e-01
1.340942531824111938e-01
1.339680254459381104e-01
1.338390111923217773e-01
1.337071508169174194e-01
1.335721611976623535e-01
1.334342807531356812e-01
1.332931220531463623e-01
1.331490129232406616e-01
1.330020576715469360e-01
1.328522861003875732e-01
1.327000260353088379e-01
1.325456202030181885e-01
1.323893815279006958e-01
1.322314888238906860e-01
1.320724040269851685e-01
1.319119930267333984e-01
1.317501217126846313e-01
1.315866410732269287e-01
1.314209103584289551e-01
1.312522739171981812e-01
1.310800015926361084e-01
1.309033632278442383e-01
1.307217031717300415e-01
1.305344104766845703e-01
1.303409487009048462e-01
1.301405727863311768e-01
1.299327909946441650e-01
1.297169029712677002e-01
1.294920742511749268e-01
1.292575001716613770e-01
1.290124803781509399e-01
1.287561953067779541e-01
1.284880936145782471e-01
1.282078474760055542e-01
1.279151737689971924e-01
1.276103556156158447e-01
1.272936463356018066e-01
1.269656568765640259e-01
1.266273856163024902e-01
1.262797713279724121e-01
1.259241402149200439e-01
1.255618482828140259e-01
1.251945644617080688e-01
1.248240321874618530e-01
1.244523152709007263e-01
1.240818426012992859e-01
1.237148791551589966e-01
1.233537346124649048e-01
1.230006515979766846e-01
1.226571947336196899e-01
1.223242208361625671e-01
1.220010742545127869e-01
1.216862574219703674e-01
1.213771402835845947e-01
1.210706308484077454e-01
1.207640022039413452e-01
1.204544529318809509e-01
1.201395541429519653e-01
1.198172420263290405e-01
1.194852218031883240e-01
1.191413253545761108e-01
1.187837943434715271e-01
1.184126809239387512e-01
1.180295646190643311e-01
1.176372319459915161e-01
1.172383576631546021e-01
1.168353185057640076e-01
1.164303496479988098e-01
1.160252764821052551e-01
1.156227365136146545e-01
1.152240410447120667e-01
1.148260608315467834e-01
1.144227981567382812e-01
1.140086576342582703e-01
1.135802194476127625e-01
1.131374388933181763e-01
1.126832962036132812e-01
1.122226938605308533e-01
1.117608472704887390e-01
1.113014891743659973e-01
1.108464822173118591e-01
1.103969216346740723e-01
1.099508777260780334e-01
1.095010638236999512e-01
1.090313196182250977e-01
1.085174977779388428e-01
1.079426333308219910e-01
1.073184385895729065e-01
1.066866815090179443e-01
1.061116605997085571e-01
1.056342199444770813e-01
1.051569804549217224e-01
1.044363602995872498e-01
1.035346835851669312e-01
1.027665957808494568e-01
1.019943058490753174e-01
1.012735292315483093e-01
9.931033849716186523e-02
9.764049202203750610e-02
9.685217589139938354e-02
9.642228484153747559e-02
9.492229670286178589e-02
9.325689822435379028e-02
9.225262701511383057e-02
9.228871762752532959e-02
9.235560894012451172e-02
9.172804653644561768e-02
9.109996259212493896e-02
9.081090986728668213e-02
9.124786406755447388e-02
9.062464535236358643e-02
8.880295604467391968e-02
8.864039182662963867e-02
8.782220631837844849e-02
8.749314397573471069e-02
8.668330311775207520e-02
8.726023882627487183e-02
8.795549720525741577e-02
8.652000874280929565e-02
8.544532954692840576e-02
8.474554866552352905e-02
8.400730788707733154e-02
8.331085741519927979e-02
8.471693098545074463e-02
8.303334563970565796e-02
8.435731381177902222e-02
8.360021561384201050e-02
8.412570506334304810e-02
8.382464945316314697e-02
8.271031826734542847e-02
8.190621435642242432e-02
8.159001171588897705e-02
8.094373345375061035e-02
8.149997144937515259e-02
8.100554347038269043e-02
8.040254563093185425e-02
8.056477457284927368e-02
8.265253156423568726e-02
8.069041371345520020e-02
8.051677048206329346e-02
7.758107781410217285e-02
7.958132773637771606e-02
8.037122339010238647e-02
7.775174826383590698e-02
7.907516509294509888e-02
7.883399724960327148e-02
7.845058292150497437e-02
7.996346056461334229e-02
7.809235155582427979e-02
7.896582037210464478e-02
7.755933701992034912e-02
7.832872867584228516e-02
7.823199778795242310e-02
7.693707942962646484e-02
7.804388552904129028e-02
7.793995738029479980e-02
8.027773350477218628e-02
7.884054630994796753e-02
7.873686403036117554e-02
7.754667848348617554e-02
7.986351847648620605e-02
7.737110555171966553e-02
8.171051740646362305e-02
7.764021307229995728e-02
7.640068233013153076e-02
7.842144370079040527e-02
7.556679099798202515e-02
7.724786549806594849e-02
7.616511732339859009e-02
7.655797153711318970e-02
7.847063243389129639e-02
7.662405818700790405e-02
8.083770424127578735e-02
7.709386944770812988e-02
8.086682111024856567e-02
7.479567080736160278e-02
7.837271690368652344e-02
7.607157528400421143e-02
7.409807294607162476e-02
7.510013878345489502e-02
7.798774540424346924e-02
7.458216696977615356e-02
7.286659628152847290e-02
7.402734458446502686e-02
7.391267269849777222e-02
7.403428852558135986e-02
7.466193288564682007e-02
7.638232409954071045e-02
7.866764813661575317e-02
7.535656541585922241e-02
7.322243601083755493e-02
7.277607917785644531e-02
7.356051355600357056e-02
7.320360094308853149e-02
7.907084375619888306e-02
7.257504016160964966e-02
7.285555452108383179e-02
8.217931538820266724e-02
7.231910526752471924e-02
7.719481736421585083e-02
7.861562073230743408e-02
7.339350879192352295e-02
7.293001562356948853e-02
7.507335394620895386e-02
7.234986871480941772e-02
7.138303667306900024e-02
7.445411384105682373e-02
7.431933283805847168e-02
7.267349213361740112e-02
7.274860143661499023e-02
7.355762273073196411e-02
7.122182846069335938e-02
7.406333833932876587e-02
6.879852712154388428e-02
7.677211612462997437e-02
7.462503761053085327e-02
7.361479848623275757e-02
7.083436101675033569e-02
7.037950307130813599e-02
6.858478486537933350e-02
7.158552110195159912e-02
7.136164605617523193e-02
6.896629184484481812e-02
7.074316591024398804e-02
7.273823022842407227e-02
7.402213662862777710e-02
7.298884540796279907e-02
7.075338065624237061e-02
7.005693018436431885e-02
7.276485860347747803e-02
7.187815010547637939e-02
7.307950407266616821e-02
7.252735644578933716e-02
7.078152894973754883e-02
7.077224552631378174e-02
7.111745327711105347e-02
7.053758203983306885e-02
6.854387372732162476e-02
7.080631703138351440e-02
6.950420886278152466e-02
7.021919637918472290e-02
7.028434425592422485e-02
6.835418939590454102e-02
7.150483876466751099e-02
7.185965031385421753e-02
7.093142718076705933e-02
6.946492195129394531e-02
6.824679672718048096e-02
6.680884212255477905e-02
6.958960741758346558e-02
6.807190924882888794e-02
6.914448738098144531e-02
6.743492931127548218e-02
6.900125741958618164e-02
7.501263171434402466e-02
6.773173063993453979e-02
6.808567792177200317e-02
6.814518570899963379e-02
6.714155524969100952e-02
6.853789091110229492e-02
6.979538500308990479e-02
6.799869984388351440e-02
6.677739322185516357e-02
6.762836873531341553e-02
6.815040111541748047e-02
6.826516985893249512e-02
6.838513910770416260e-02
6.762877106666564941e-02
6.935478746891021729e-02
6.720256805419921875e-02
6.888045370578765869e-02
6.765424460172653198e-02
7.061138749122619629e-02
7.085112482309341431e-02
7.130590826272964478e-02
6.725549697875976562e-02
6.899425387382507324e-02
7.091766595840454102e-02
6.683284789323806763e-02
6.539125740528106689e-02
6.874511390924453735e-02
6.997597962617874146e-02
6.790074706077575684e-02
7.060162723064422607e-02
6.768853962421417236e-02
6.572326272726058960e-02
6.646201014518737793e-02
6.758239120244979858e-02
6.819340586662292480e-02
7.031350582838058472e-02
6.864363700151443481e-02
6.775583326816558838e-02
6.617742031812667847e-02
6.809927523136138916e-02
6.582723557949066162e-02
6.702755391597747803e-02
6.723449379205703735e-02
6.500142067670822144e-02
7.013667374849319458e-02
6.587718427181243896e-02
7.058513909578323364e-02
6.996081769466400146e-02
7.287400215864181519e-02
6.698077917098999023e-02
7.013413310050964355e-02
6.445687264204025269e-02
6.799016147851943970e-02
6.545003503561019897e-02
7.065860182046890259e-02
7.113408297300338745e-02
6.888685375452041626e-02
7.119035720825195312e-02
7.291597872972488403e-02
6.563250720500946045e-02
7.393237948417663574e-02
6.536909192800521851e-02
6.714207679033279419e-02
6.680207699537277222e-02
6.443714350461959839e-02
6.345030665397644043e-02
6.817892193794250488e-02
6.641278415918350220e-02
7.068224996328353882e-02
6.938025355339050293e-02
6.726260483264923096e-02
6.901148706674575806e-02
6.527551263570785522e-02
6.378279626369476318e-02
6.357210129499435425e-02
6.517143547534942627e-02
6.929806619882583618e-02
6.273952126502990723e-02
6.892377138137817383e-02
6.561267375946044922e-02
6.497089564800262451e-02
6.859124451875686646e-02
6.891103088855743408e-02
6.915596872568130493e-02
6.172209233045578003e-02
6.829237937927246094e-02
6.281872838735580444e-02
6.169825792312622070e-02
6.435930728912353516e-02
6.700833141803741455e-02
6.367915868759155273e-02
6.761709600687026978e-02
6.247795000672340393e-02
6.856394559144973755e-02
6.295472383499145508e-02
6.969128549098968506e-02
6.659463793039321899e-02
6.423655152320861816e-02
6.599568575620651245e-02
6.552594900131225586e-02
7.119251787662506104e-02
7.140779495239257812e-02
6.642746180295944214e-02
6.531863659620285034e-02
6.757196038961410522e-02
6.415136158466339111e-02
6.420990824699401855e-02
6.290175020694732666e-02
6.594739854335784912e-02
6.843831390142440796e-02
6.281130015850067139e-02
6.647571921348571777e-02
