1.891337335109710693e-01
1.882837116718292236e-01
1.882610917091369629e-01
1.882381588220596313e-01
1.882161647081375122e-01
1.881952732801437378e-01
1.881753951311111450e-01
1.881559938192367554e-01
1.881375461816787720e-01
1.881193965673446655e-01
1.881017386913299561e-01
1.880844235420227051e-01
1.880672723054885864e-01
1.880501210689544678e-01
1.880331039428710938e-01
1.880159527063369751e-01
1.879983395338058472e-01
1.879802644252777100e-01
1.879618912935256958e-01
1.879425942897796631e-01
1.879225075244903564e-01
1.879013329744338989e-01
1.878787130117416382e-01
1.878545433282852173e-01
1.878284066915512085e-01
1.877998858690261841e-01
1.877685189247131348e-01
1.877336204051971436e-01
1.876948475837707520e-01
1.876508742570877075e-01
1.876008957624435425e-01
1.875435560941696167e-01
1.874767690896987915e-01
1.873990744352340698e-01
1.873067915439605713e-01
1.871966570615768433e-01
1.870637685060501099e-01
1.869018226861953735e-01
1.867024600505828857e-01
1.864549070596694946e-01
1.861448287963867188e-01
1.857539415359497070e-01
1.852601170539855957e-01
1.846365928649902344e-01
1.838574558496475220e-01
1.829043775796890259e-01
1.817805022001266479e-01
1.805257201194763184e-01
1.792167723178863525e-01
1.779440045356750488e-01
1.767751872539520264e-01
1.757338643074035645e-01
1.748058497905731201e-01
1.739569008350372314e-01
1.731482297182083130e-01
1.723438650369644165e-01
1.715130209922790527e-01
1.706316918134689331e-01
1.696834415197372437e-01
1.686607301235198975e-01
1.675658226013183594e-01
1.664080023765563965e-01
1.651992052793502808e-01
1.639492958784103394e-01
1.626611799001693726e-01
1.613302826881408691e-01
1.599469631910324097e-01
1.584999710321426392e-01
1.569806784391403198e-01
1.553876698017120361e-01
1.537328809499740601e-01
1.520448774099349976e-01
1.503659635782241821e-01
1.487416326999664307e-01
1.472136825323104858e-01
1.458093822002410889e-01
1.445306539535522461e-01
1.433671861886978149e-01
1.423041373491287231e-01
1.413177102804183960e-01
1.403802037239074707e-01
1.394648104906082153e-01
1.385404914617538452e-01
1.375664621591567993e-01
1.364896893501281738e-01
1.352468580007553101e-01
1.337689608335494995e-01
1.319947689771652222e-01
1.298986822366714478e-01
1.275419145822525024e-01
1.250962018966674805e-01
1.227580085396766663e-01
1.206256076693534851e-01
1.186795532703399658e-01
1.168428733944892883e-01
1.150345802307128906e-01
1.131947860121726990e-01
1.112995296716690063e-01
1.093635335564613342e-01
1.074281409382820129e-01
1.055500954389572144e-01
1.038028374314308167e-01
1.022416502237319946e-01
1.007892265915870667e-01
9.948328137397766113e-02
9.829500317573547363e-02
9.721670299768447876e-02
9.622516483068466187e-02
9.527420997619628906e-02
9.436909854412078857e-02
9.355950355529785156e-02
9.275230765342712402e-02
9.188712388277053833e-02
9.101359546184539795e-02
9.015651792287826538e-02
8.930567651987075806e-02
8.844433724880218506e-02
8.757049590349197388e-02
8.673722296953201294e-02
8.603447675704956055e-02
8.525358140468597412e-02
8.428609371185302734e-02
8.356890082359313965e-02
8.305047452449798584e-02
8.262156695127487183e-02
8.224287629127502441e-02
8.189796656370162964e-02
8.157303184270858765e-02
8.125277608633041382e-02
8.092745393514633179e-02
8.059518784284591675e-02
8.025781810283660889e-02
7.991542667150497437e-02
7.956273853778839111e-02
7.918906956911087036e-02
7.878551632165908813e-02
7.835392653942108154e-02
7.790833711624145508e-02
7.746351510286331177e-02
7.702701538801193237e-02
7.659928500652313232e-02
7.617863267660140991e-02
7.576312124729156494e-02
7.535252720117568970e-02
7.494901865720748901e-02
7.455494254827499390e-02
7.416982948780059814e-02
7.379823178052902222e-02
7.345347851514816284e-02
7.314091920852661133e-02
7.285491377115249634e-02
7.259895652532577515e-02
7.239226996898651123e-02
7.223160564899444580e-02
7.206828147172927856e-02
7.188613712787628174e-02
7.170252501964569092e-02
7.152279466390609741e-02
7.134622335433959961e-02
7.117196917533874512e-02
7.100026309490203857e-02
7.083111256361007690e-02
7.066456973552703857e-02
7.050042599439620972e-02
7.033818215131759644e-02
7.017741352319717407e-02
7.001771032810211182e-02
6.985859572887420654e-02
6.969945132732391357e-02
6.953971832990646362e-02
6.937958300113677979e-02
6.922089308500289917e-02
6.907106190919876099e-02
6.894485652446746826e-02
6.881998479366302490e-02
6.861972808837890625e-02
6.835148483514785767e-02
6.808350980281829834e-02
6.782926619052886963e-02
6.760121881961822510e-02
6.739679723978042603e-02
6.720507889986038208e-02
6.702005118131637573e-02
6.683938205242156982e-02
6.666175276041030884e-02
6.648662686347961426e-02
6.631430983543395996e-02
6.614500284194946289e-02
6.597895175218582153e-02
6.581577658653259277e-02
6.565508246421813965e-02
6.549655646085739136e-02
6.534015387296676636e-02
6.518573313951492310e-02
6.503351777791976929e-02
6.488366425037384033e-02
6.473639607429504395e-02
6.459213793277740479e-02
6.445130705833435059e-02
6.431470066308975220e-02
6.418249011039733887e-02
6.405474245548248291e-02
6.393059343099594116e-02
6.380884349346160889e-02
6.368782371282577515e-02
6.356573104858398438e-02
6.344091147184371948e-02
6.331207603216171265e-02
6.317832320928573608e-02
6.303907185792922974e-02
6.289354711771011353e-02
6.273975223302841187e-02
6.257355958223342896e-02
6.240040063858032227e-02
6.226229295134544373e-02
6.216108426451683044e-02
6.199856474995613098e-02
6.243833526968955994e-02
6.223181635141372681e-02
6.177147850394248962e-02
6.214813888072967529e-02
6.219619512557983398e-02
6.143975630402565002e-02
6.149889901280403137e-02
6.164356321096420288e-02
6.144245713949203491e-02
6.121710315346717834e-02
6.072491034865379333e-02
6.067274883389472961e-02
6.000703200697898865e-02
6.010345742106437683e-02
6.027434021234512329e-02
5.985968559980392456e-02
6.083803623914718628e-02
6.093660369515419006e-02
6.163450330495834351e-02
5.925307422876358032e-02
6.073102355003356934e-02
5.997424572706222534e-02
6.012068316340446472e-02
6.233781576156616211e-02
6.057941541075706482e-02
5.929521098732948303e-02
5.869380384683609009e-02
5.896743014454841614e-02
5.827701836824417114e-02
5.776130408048629761e-02
5.939723178744316101e-02
5.962404981255531311e-02
5.798492208123207092e-02
5.732364207506179810e-02
5.789756402373313904e-02
5.961301550269126892e-02
5.782748386263847351e-02
5.838306993246078491e-02
5.717517808079719543e-02
6.019333004951477051e-02
5.715300887823104858e-02
5.765679478645324707e-02
5.801821872591972351e-02
5.766807124018669128e-02
5.736074969172477722e-02
5.709534883499145508e-02
5.679269507527351379e-02
5.706980451941490173e-02
5.729513615369796753e-02
5.844150111079216003e-02
5.775912106037139893e-02
5.780608952045440674e-02
5.735090747475624084e-02
5.632013827562332153e-02
5.549852922558784485e-02
5.735762789845466614e-02
5.784752592444419861e-02
5.550498142838478088e-02
5.953061580657958984e-02
5.679955333471298218e-02
5.612188950181007385e-02
5.669185146689414978e-02
5.752415582537651062e-02
5.783483386039733887e-02
5.843475833535194397e-02
5.593862384557723999e-02
5.987071618437767029e-02
5.606419220566749573e-02
5.474384501576423645e-02
5.611226707696914673e-02
5.482012033462524414e-02
5.377790331840515137e-02
5.358343943953514099e-02
5.511220917105674744e-02
5.576881021261215210e-02
5.426628887653350830e-02
5.310386046767234802e-02
5.553220212459564209e-02
5.454910546541213989e-02
5.516998842358589172e-02
5.336257070302963257e-02
5.249387398362159729e-02
5.411833152174949646e-02
5.214701220393180847e-02
5.291130766272544861e-02
5.304457992315292358e-02
5.265461280941963196e-02
5.361681431531906128e-02
5.377181619405746460e-02
5.355072766542434692e-02
5.426866188645362854e-02
5.401268228888511658e-02
5.618667975068092346e-02
5.305887013673782349e-02
5.179426446557044983e-02
5.281475931406021118e-02
5.242807418107986450e-02
5.578388273715972900e-02
5.406193435192108154e-02
5.571101978421211243e-02
5.172336474061012268e-02
5.236494168639183044e-02
5.380873754620552063e-02
5.215684324502944946e-02
5.411225557327270508e-02
5.222340673208236694e-02
5.215414613485336304e-02
5.138643085956573486e-02
5.076227337121963501e-02
5.548584461212158203e-02
5.290591344237327576e-02
5.196696892380714417e-02
5.387350544333457947e-02
5.159306526184082031e-02
5.562947317957878113e-02
5.160823464393615723e-02
5.170027166604995728e-02
5.333444476127624512e-02
5.554740875959396362e-02
5.438985675573348999e-02
5.410531908273696899e-02
5.524050444364547729e-02
5.341716483235359192e-02
5.105724930763244629e-02
5.165931582450866699e-02
5.223286524415016174e-02
5.210373550653457642e-02
5.273719877004623413e-02
5.033517256379127502e-02
5.043781548738479614e-02
5.554087832570075989e-02
5.347242578864097595e-02
5.606829002499580383e-02
5.294290184974670410e-02
5.180415511131286621e-02
5.350682511925697327e-02
5.222130566835403442e-02
5.194360390305519104e-02
5.106234923005104065e-02
5.165891721844673157e-02
5.313472077250480652e-02
5.210964754223823547e-02
5.075213685631752014e-02
5.117904022336006165e-02
5.096828937530517578e-02
5.117146298289299011e-02
5.279956385493278503e-02
5.171004310250282288e-02
4.976315423846244812e-02
5.300977453589439392e-02
4.886313527822494507e-02
5.097244307398796082e-02
4.963984340429306030e-02
4.877733439207077026e-02
5.095767602324485779e-02
5.066273733973503113e-02
5.126111209392547607e-02
5.100657790899276733e-02
5.027238279581069946e-02
4.852787777781486511e-02
4.799907654523849487e-02
4.847580567002296448e-02
4.831363260746002197e-02
4.923214018344879150e-02
4.759246855974197388e-02
4.804414883255958557e-02
4.734669998288154602e-02
5.006882175803184509e-02
4.815560579299926758e-02
4.986337572336196899e-02
4.909428209066390991e-02
4.941258952021598816e-02
4.900574684143066406e-02
4.986771941184997559e-02
4.836782440543174744e-02
4.796131700277328491e-02
4.980861768126487732e-02
4.976291581988334656e-02
5.143763497471809387e-02
5.033136159181594849e-02
4.856326058506965637e-02
4.969746991991996765e-02
4.762339219450950623e-02
4.874226078391075134e-02
4.762886092066764832e-02
4.884979128837585449e-02
4.640411585569381714e-02
4.685833677649497986e-02
4.638800770044326782e-02
4.572233930230140686e-02
4.615984857082366943e-02
4.657959192991256714e-02
4.804225638508796692e-02
4.760892316699028015e-02
4.950127378106117249e-02
4.887390881776809692e-02
4.653079435229301453e-02
4.674890264868736267e-02
4.651334136724472046e-02
4.853001609444618225e-02
4.614638909697532654e-02
4.679473116993904114e-02
4.590903595089912415e-02
4.617143049836158752e-02
4.591614753007888794e-02
4.565107449889183044e-02
4.511161893606185913e-02
4.602682963013648987e-02
4.494823515415191650e-02
4.553598538041114807e-02
4.441633075475692749e-02
4.500830546021461487e-02
4.447872564196586609e-02
4.365045949816703796e-02
4.458814114332199097e-02
4.400384798645973206e-02
4.291800037026405334e-02
4.319412261247634888e-02
4.292406886816024780e-02
4.403977468609809875e-02
4.383198544383049011e-02
4.346026107668876648e-02
4.355171322822570801e-02
4.405931755900382996e-02
4.274161532521247864e-02
4.268721491098403931e-02
4.218407720327377319e-02
4.361175745725631714e-02
4.377298429608345032e-02
4.410359635949134827e-02
4.502941295504570007e-02
4.330181702971458435e-02
4.225225001573562622e-02
4.307008907198905945e-02
4.197314754128456116e-02
4.278035834431648254e-02
4.267532378435134888e-02
4.260276257991790771e-02
4.172245040535926819e-02
4.306508973240852356e-02
4.133164510130882263e-02
4.266943410038948059e-02
4.436059668660163879e-02
4.231476038694381714e-02
4.131592810153961182e-02
4.269636794924736023e-02
4.170607402920722961e-02
4.322215542197227478e-02
4.155701026320457458e-02
4.299120977520942688e-02
4.141696915030479431e-02
4.238368198275566101e-02
4.323815181851387024e-02
4.357625171542167664e-02
4.282639548182487488e-02
4.232087358832359314e-02
4.428989440202713013e-02
4.192773997783660889e-02
4.299173131585121155e-02
4.357309639453887939e-02
4.106011614203453064e-02
4.270463809370994568e-02
4.105297848582267761e-02
4.103436321020126343e-02
4.067869856953620911e-02
4.221022129058837891e-02
4.562764614820480347e-02
4.933956265449523926e-02
4.185350611805915833e-02
4.040537029504776001e-02
4.027297720313072205e-02
5.107590183615684509e-02
4.198499768972396851e-02
4.019553959369659424e-02
3.973036259412765503e-02
4.530595242977142334e-02
4.706254228949546814e-02
4.650704562664031982e-02
5.221117287874221802e-02
4.375725612044334412e-02
4.407778382301330566e-02
4.409930482506752014e-02
4.206952080130577087e-02
