2.505543231964111328e-01
2.439024448394775391e-01
2.416851371526718140e-01
2.416851371526718140e-01
2.439024448394775391e-01
2.439024448394775391e-01
2.439024448394775391e-01
2.439024448394775391e-01
2.439024448394775391e-01
2.439024448394775391e-01
2.461197376251220703e-01
2.461197376251220703e-01
2.483370304107666016e-01
2.483370304107666016e-01
2.483370304107666016e-01
2.483370304107666016e-01
2.505543231964111328e-01
2.527716159820556641e-01
2.527716159820556641e-01
2.505543231964111328e-01
2.549889087677001953e-01
2.549889087677001953e-01
2.549889087677001953e-01
2.549889087677001953e-01
2.549889087677001953e-01
2.527716159820556641e-01
2.527716159820556641e-01
2.527716159820556641e-01
2.527716159820556641e-01
2.505543231964111328e-01
2.483370304107666016e-01
2.483370304107666016e-01
2.527716159820556641e-01
2.527716159820556641e-01
2.527716159820556641e-01
2.549889087677001953e-01
2.594234943389892578e-01
2.660754024982452393e-01
2.727272808551788330e-01
2.549889087677001953e-01
2.705099880695343018e-01
2.727272808551788330e-01
2.771618664264678955e-01
3.037694096565246582e-01
3.082039952278137207e-01
3.148558735847473145e-01
3.237250447273254395e-01
3.370288312435150146e-01
3.458980023860931396e-01
3.614190816879272461e-01
3.636363744735717773e-01
3.680709600448608398e-01
3.658536672592163086e-01
3.725055456161499023e-01
3.725055456161499023e-01
3.813747167587280273e-01
3.946785032749176025e-01
3.946785032749176025e-01
4.035476744174957275e-01
4.079822599887847900e-01
4.146341383457183838e-01
4.212860167026519775e-01
4.301552176475524902e-01
4.390243887901306152e-01
4.434589743614196777e-01
4.390243887901306152e-01
4.434589743614196777e-01
4.501108527183532715e-01
4.589800536632537842e-01
4.700665175914764404e-01
4.767183959484100342e-01
4.878048896789550781e-01
4.922394752502441406e-01
4.944567680358886719e-01
4.944567680358886719e-01
4.922394752502441406e-01
5.077605247497558594e-01
5.077605247497558594e-01
5.121951103210449219e-01
5.144124031066894531e-01
5.144124031066894531e-01
5.166296958923339844e-01
5.210642814636230469e-01
5.188469886779785156e-01
5.254988670349121094e-01
5.299334526062011719e-01
5.388026833534240723e-01
5.498891472816467285e-01
5.720620751380920410e-01
5.720620751380920410e-01
5.809312462806701660e-01
5.809312462806701660e-01
5.920177102088928223e-01
5.898004174232482910e-01
5.942350625991821289e-01
6.097561120986938477e-01
6.141906976699829102e-01
6.186252832412719727e-01
6.363636255264282227e-01
6.496673822402954102e-01
6.629711985588073730e-01
6.740576624870300293e-01
6.984478831291198730e-01
7.161862254142761230e-01
7.184035181999206543e-01
7.184035181999206543e-01
7.228381633758544922e-01
7.228381633758544922e-01
7.250554561614990234e-01
7.184035181999206543e-01
7.206208705902099609e-01
7.250554561614990234e-01
7.250554561614990234e-01
7.272727489471435547e-01
7.272727489471435547e-01
7.361419200897216797e-01
7.361419200897216797e-01
7.405765056610107422e-01
7.427937984466552734e-01
7.494456768035888672e-01
7.494456768035888672e-01
7.538802623748779297e-01
7.516629695892333984e-01
7.516629695892333984e-01
7.516629695892333984e-01
7.516629695892333984e-01
7.494456768035888672e-01
7.450110912322998047e-01
7.494456768035888672e-01
7.494456768035888672e-01
7.560975551605224609e-01
7.560975551605224609e-01
7.583148479461669922e-01
7.605321407318115234e-01
7.649667263031005859e-01
7.671840190887451172e-01
7.649667263031005859e-01
7.694013118743896484e-01
7.694013118743896484e-01
7.694013118743896484e-01
7.716186046600341797e-01
7.738358974456787109e-01
7.782704830169677734e-01
7.827051281929016113e-01
7.849224209785461426e-01
7.871397137641906738e-01
7.849224209785461426e-01
7.893570065498352051e-01
7.915742993354797363e-01
7.893570065498352051e-01
7.915742993354797363e-01
7.982261776924133301e-01
7.982261776924133301e-01
8.004434704780578613e-01
7.960088849067687988e-01
7.937915921211242676e-01
7.915742993354797363e-01
7.893570065498352051e-01
7.893570065498352051e-01
7.871397137641906738e-01
7.871397137641906738e-01
7.849224209785461426e-01
7.871397137641906738e-01
7.893570065498352051e-01
7.915742993354797363e-01
7.915742993354797363e-01
7.915742993354797363e-01
7.915742993354797363e-01
7.915742993354797363e-01
7.915742993354797363e-01
7.937915921211242676e-01
7.937915921211242676e-01
7.937915921211242676e-01
7.982261776924133301e-01
7.982261776924133301e-01
7.982261776924133301e-01
8.004434704780578613e-01
8.048780560493469238e-01
8.026607632637023926e-01
8.026607632637023926e-01
8.026607632637023926e-01
8.026607632637023926e-01
8.026607632637023926e-01
8.026607632637023926e-01
8.026607632637023926e-01
8.004434704780578613e-01
8.026607632637023926e-01
8.048780560493469238e-01
8.070953488349914551e-01
8.070953488349914551e-01
8.070953488349914551e-01
8.070953488349914551e-01
8.048780560493469238e-01
8.048780560493469238e-01
8.026607632637023926e-01
8.070953488349914551e-01
8.070953488349914551e-01
8.070953488349914551e-01
8.070953488349914551e-01
8.093126416206359863e-01
8.093126416206359863e-01
8.048780560493469238e-01
8.048780560493469238e-01
8.048780560493469238e-01
8.048780560493469238e-01
8.093126416206359863e-01
8.093126416206359863e-01
8.093126416206359863e-01
8.115299344062805176e-01
8.115299344062805176e-01
8.115299344062805176e-01
8.093126416206359863e-01
8.115299344062805176e-01
8.115299344062805176e-01
8.159645199775695801e-01
8.181818127632141113e-01
8.137472271919250488e-01
8.137472271919250488e-01
8.115299344062805176e-01
8.203991055488586426e-01
8.181818127632141113e-01
8.093126416206359863e-01
8.159645199775695801e-01
8.137472271919250488e-01
8.159645199775695801e-01
8.070953488349914551e-01
8.203991055488586426e-01
8.115299344062805176e-01
8.248336911201477051e-01
8.226163983345031738e-01
8.203991055488586426e-01
8.226163983345031738e-01
8.203991055488586426e-01
8.159645199775695801e-01
8.248336911201477051e-01
8.137472271919250488e-01
8.359201550483703613e-01
8.159645199775695801e-01
8.226163983345031738e-01
8.181818127632141113e-01
7.960088849067687988e-01
8.159645199775695801e-01
8.203991055488586426e-01
8.203991055488586426e-01
8.203991055488586426e-01
8.292682766914367676e-01
8.292682766914367676e-01
8.337028622627258301e-01
8.181818127632141113e-01
8.181818127632141113e-01
8.270509839057922363e-01
8.292682766914367676e-01
8.226163983345031738e-01
8.359201550483703613e-01
8.270509839057922363e-01
8.381374478340148926e-01
8.226163983345031738e-01
8.337028622627258301e-01
8.270509839057922363e-01
8.248336911201477051e-01
8.270509839057922363e-01
8.292682766914367676e-01
8.292682766914367676e-01
8.359201550483703613e-01
8.226163983345031738e-01
8.248336911201477051e-01
8.248336911201477051e-01
8.381374478340148926e-01
8.359201550483703613e-01
8.314855694770812988e-01
8.292682766914367676e-01
8.314855694770812988e-01
8.425720334053039551e-01
8.270509839057922363e-01
8.337028622627258301e-01
8.203991055488586426e-01
8.337028622627258301e-01
8.292682766914367676e-01
8.359201550483703613e-01
8.403547406196594238e-01
8.403547406196594238e-01
8.314855694770812988e-01
8.403547406196594238e-01
8.292682766914367676e-01
8.359201550483703613e-01
8.492239713668823242e-01
8.403547406196594238e-01
8.425720334053039551e-01
8.514412641525268555e-01
8.470066785812377930e-01
8.337028622627258301e-01
8.403547406196594238e-01
8.425720334053039551e-01
8.647450208663940430e-01
8.425720334053039551e-01
8.470066785812377930e-01
8.425720334053039551e-01
8.536585569381713867e-01
8.603104352951049805e-01
8.580931425094604492e-01
8.603104352951049805e-01
8.625277280807495117e-01
8.536585569381713867e-01
8.603104352951049805e-01
8.625277280807495117e-01
8.470066785812377930e-01
8.536585569381713867e-01
8.558758497238159180e-01
8.514412641525268555e-01
8.359201550483703613e-01
8.536585569381713867e-01
8.713968992233276367e-01
8.603104352951049805e-01
8.603104352951049805e-01
8.536585569381713867e-01
8.580931425094604492e-01
8.492239713668823242e-01
8.580931425094604492e-01
8.625277280807495117e-01
8.492239713668823242e-01
8.558758497238159180e-01
8.492239713668823242e-01
8.536585569381713867e-01
8.580931425094604492e-01
8.625277280807495117e-01
8.669623136520385742e-01
8.425720334053039551e-01
8.580931425094604492e-01
8.625277280807495117e-01
8.514412641525268555e-01
8.647450208663940430e-01
8.425720334053039551e-01
8.536585569381713867e-01
8.647450208663940430e-01
8.558758497238159180e-01
8.536585569381713867e-01
8.492239713668823242e-01
8.492239713668823242e-01
8.514412641525268555e-01
8.514412641525268555e-01
8.603104352951049805e-01
8.603104352951049805e-01
8.558758497238159180e-01
8.514412641525268555e-01
8.536585569381713867e-01
8.647450208663940430e-01
8.691796064376831055e-01
8.447893857955932617e-01
8.492239713668823242e-01
8.447893857955932617e-01
8.580931425094604492e-01
8.558758497238159180e-01
8.492239713668823242e-01
8.447893857955932617e-01
8.536585569381713867e-01
8.625277280807495117e-01
8.625277280807495117e-01
8.558758497238159180e-01
8.580931425094604492e-01
8.514412641525268555e-01
8.580931425094604492e-01
8.625277280807495117e-01
8.625277280807495117e-01
8.603104352951049805e-01
8.558758497238159180e-01
8.647450208663940430e-01
8.470066785812377930e-01
8.669623136520385742e-01
8.603104352951049805e-01
8.625277280807495117e-01
8.647450208663940430e-01
8.625277280807495117e-01
8.603104352951049805e-01
8.580931425094604492e-01
8.625277280807495117e-01
8.647450208663940430e-01
8.580931425094604492e-01
8.691796064376831055e-01
8.647450208663940430e-01
8.713968992233276367e-01
8.691796064376831055e-01
8.713968992233276367e-01
8.647450208663940430e-01
8.625277280807495117e-01
8.625277280807495117e-01
8.691796064376831055e-01
8.625277280807495117e-01
8.580931425094604492e-01
8.647450208663940430e-01
8.558758497238159180e-01
8.691796064376831055e-01
8.736141920089721680e-01
8.669623136520385742e-01
8.669623136520385742e-01
8.558758497238159180e-01
8.625277280807495117e-01
8.625277280807495117e-01
8.691796064376831055e-01
8.558758497238159180e-01
8.713968992233276367e-01
8.647450208663940430e-01
8.713968992233276367e-01
8.669623136520385742e-01
8.691796064376831055e-01
8.625277280807495117e-01
8.580931425094604492e-01
8.736141920089721680e-01
8.713968992233276367e-01
8.736141920089721680e-01
8.736141920089721680e-01
8.647450208663940430e-01
8.603104352951049805e-01
8.647450208663940430e-01
8.647450208663940430e-01
8.669623136520385742e-01
8.713968992233276367e-01
8.647450208663940430e-01
8.713968992233276367e-01
8.713968992233276367e-01
8.780487775802612305e-01
8.758314847946166992e-01
8.758314847946166992e-01
8.780487775802612305e-01
8.758314847946166992e-01
8.780487775802612305e-01
8.847006559371948242e-01
8.780487775802612305e-01
8.824833631515502930e-01
8.758314847946166992e-01
8.780487775802612305e-01
8.802660703659057617e-01
8.824833631515502930e-01
8.824833631515502930e-01
8.869179487228393555e-01
8.935698270797729492e-01
8.869179487228393555e-01
8.780487775802612305e-01
8.869179487228393555e-01
8.869179487228393555e-01
8.913525342941284180e-01
8.802660703659057617e-01
8.913525342941284180e-01
9.024389982223510742e-01
8.957871198654174805e-01
8.891352415084838867e-01
8.869179487228393555e-01
8.736141920089721680e-01
8.780487775802612305e-01
8.935698270797729492e-01
8.935698270797729492e-01
8.913525342941284180e-01
8.957871198654174805e-01
8.913525342941284180e-01
8.847006559371948242e-01
8.847006559371948242e-01
8.891352415084838867e-01
8.824833631515502930e-01
8.957871198654174805e-01
8.891352415084838867e-01
8.824833631515502930e-01
8.913525342941284180e-01
8.980044126510620117e-01
8.891352415084838867e-01
8.980044126510620117e-01
8.891352415084838867e-01
8.935698270797729492e-01
8.891352415084838867e-01
8.935698270797729492e-01
8.935698270797729492e-01
8.847006559371948242e-01
8.891352415084838867e-01
8.847006559371948242e-01
8.891352415084838867e-01
8.824833631515502930e-01
8.935698270797729492e-01
8.847006559371948242e-01
8.847006559371948242e-01
8.980044126510620117e-01
8.957871198654174805e-01
8.980044126510620117e-01
8.980044126510620117e-01
8.980044126510620117e-01
8.913525342941284180e-01
8.780487775802612305e-01
8.625277280807495117e-01
8.891352415084838867e-01
8.935698270797729492e-01
8.980044126510620117e-01
8.691796064376831055e-01
8.913525342941284180e-01
9.002217054367065430e-01
9.002217054367065430e-01
8.891352415084838867e-01
8.758314847946166992e-01
8.758314847946166992e-01
8.580931425094604492e-01
8.802660703659057617e-01
8.891352415084838867e-01
8.869179487228393555e-01
8.935698270797729492e-01
