2.449336051940917969e-01
2.381106913089752197e-01
2.314035892486572266e-01
2.240428179502487183e-01
2.158512622117996216e-01
2.071724236011505127e-01
1.985336095094680786e-01
1.902355402708053589e-01
1.823197901248931885e-01
1.748845428228378296e-01
1.681473851203918457e-01
1.622007489204406738e-01
1.569621115922927856e-01
1.522838771343231201e-01
1.480275243520736694e-01
1.440842151641845703e-01
1.403758823871612549e-01
1.368532329797744751e-01
1.334937959909439087e-01
1.302971690893173218e-01
1.272769868373870850e-01
1.244519576430320740e-01
1.218383163213729858e-01
1.194452196359634399e-01
1.172731295228004456e-01
1.153142973780632019e-01
1.135548725724220276e-01
1.119772866368293762e-01
1.105623096227645874e-01
1.092907339334487915e-01
1.081442758440971375e-01
1.071057617664337158e-01
1.061596348881721497e-01
1.052916646003723145e-01
1.044891402125358582e-01
1.037408635020256042e-01
1.030369549989700317e-01
1.023690104484558105e-01
1.017298921942710876e-01
1.011135280132293701e-01
1.005151495337486267e-01
9.993071109056472778e-02
9.935713559389114380e-02
9.879188984632492065e-02
9.823320806026458740e-02
9.767983108758926392e-02
9.713069349527359009e-02
9.658544510602951050e-02
9.604382514953613281e-02
9.550584107637405396e-02
9.497161954641342163e-02
9.444154798984527588e-02
9.391598403453826904e-02
9.339543431997299194e-02
9.288039058446884155e-02
9.237140417098999023e-02
9.186889231204986572e-02
9.137342870235443115e-02
9.088543802499771118e-02
9.040528535842895508e-02
8.993339538574218750e-02
8.947004377841949463e-02
8.901552110910415649e-02
8.857001364231109619e-02
8.813372254371643066e-02
8.770674467086791992e-02
8.728919923305511475e-02
8.688113838434219360e-02
8.648258447647094727e-02
8.609355986118316650e-02
8.571398258209228516e-02
8.534386008977890015e-02
8.498305827379226685e-02
8.463150262832641602e-02
8.428912609815597534e-02
8.395571261644363403e-02
8.363124728202819824e-02
8.331536501646041870e-02
8.300807327032089233e-02
8.270903676748275757e-02
8.241806179285049438e-02
8.213485777378082275e-02
8.185915648937225342e-02
8.159063011407852173e-02
8.132892847061157227e-02
8.107373863458633423e-02
8.082462102174758911e-02
8.058122545480728149e-02
8.034315705299377441e-02
8.010996878147125244e-02
7.988135516643524170e-02
7.965692132711410522e-02
7.943641394376754761e-02
7.921947538852691650e-02
7.900592684745788574e-02
7.879559695720672607e-02
7.858826965093612671e-02
7.838393002748489380e-02
7.818243652582168579e-02
7.798377424478530884e-02
7.778791338205337524e-02
7.759489119052886963e-02
7.740470767021179199e-02
7.721740752458572388e-02
7.703306525945663452e-02
7.685165107250213623e-02
7.667329162359237671e-02
7.649803161621093750e-02
7.632587850093841553e-02
7.615692913532257080e-02
7.599124312400817871e-02
7.582874596118927002e-02
7.566950470209121704e-02
7.551350444555282593e-02
7.536066323518753052e-02
7.521100342273712158e-02
7.506441324949264526e-02
7.492082566022872925e-02
7.478014379739761353e-02
7.464229315519332886e-02
7.450711727142333984e-02
7.437449693679809570e-02
7.424433529376983643e-02
7.411646097898483276e-02
7.399082928895950317e-02
7.386724650859832764e-02
7.374557852745056152e-02
7.362578064203262329e-02
7.350775599479675293e-02
7.339138537645339966e-02
7.327660918235778809e-02
7.316336780786514282e-02
7.305158674716949463e-02
7.294128835201263428e-02
7.283233851194381714e-02
7.272482663393020630e-02
7.261865586042404175e-02
7.251385599374771118e-02
7.241038233041763306e-02
7.230830192565917969e-02
7.220759987831115723e-02
7.210826128721237183e-02
7.201029360294342041e-02
7.191376388072967529e-02
7.181861251592636108e-02
7.172494381666183472e-02
7.163275033235549927e-02
7.154200226068496704e-02
7.145278900861740112e-02
7.136510312557220459e-02
7.127893716096878052e-02
7.119429111480712891e-02
7.111127674579620361e-02
7.102982699871063232e-02
7.094994187355041504e-02
7.087165117263793945e-02
7.079491764307022095e-02
7.071979343891143799e-02
7.064627856016159058e-02
7.057436555624008179e-02
7.050400227308273315e-02
7.043522596359252930e-02
7.036799937486648560e-02
7.030234485864639282e-02
7.023817300796508789e-02
7.017551362514495850e-02
7.011434435844421387e-02
7.005462795495986938e-02
6.999634206295013428e-02
6.993947178125381470e-02
6.988398730754852295e-02
6.982982903718948364e-02
6.977695226669311523e-02
6.972537934780120850e-02
6.967502087354660034e-02
6.962589919567108154e-02
6.957789510488510132e-02
6.953102350234985352e-02
6.948522478342056274e-02
6.944048404693603516e-02
6.939674913883209229e-02
6.935396045446395874e-02
6.931214779615402222e-02
6.927118450403213501e-02
6.923105567693710327e-02
6.919171661138534546e-02
6.915318965911865234e-02
6.911536306142807007e-02
6.907823681831359863e-02
6.904174387454986572e-02
6.900586187839508057e-02
6.897058337926864624e-02
6.893583387136459351e-02
6.890162080526351929e-02
6.886783242225646973e-02
6.883457303047180176e-02
6.880167126655578613e-02
6.876915693283081055e-02
6.873700022697448730e-02
6.870519369840621948e-02
6.867368519306182861e-02
6.864243000745773315e-02
6.861143559217453003e-02
6.858064234256744385e-02
6.855010241270065308e-02
6.851971894502639771e-02
6.848949193954467773e-02
6.845942139625549316e-02
6.842946261167526245e-02
6.839960813522338867e-02
6.836985796689987183e-02
6.834016740322113037e-02
6.831053644418716431e-02
6.828100234270095825e-02
6.825143843889236450e-02
6.822194904088973999e-02
6.819243729114532471e-02
6.816297769546508789e-02
6.813346594572067261e-02
6.810396909713745117e-02
6.807441264390945435e-02
6.804486364126205444e-02
6.801527738571166992e-02
6.798565387725830078e-02
6.795595586299896240e-02
6.792622059583663940e-02
6.789645552635192871e-02
6.786661595106124878e-02
6.783667206764221191e-02
6.780679523944854736e-02
6.777676939964294434e-02
6.774667650461196899e-02
6.771655380725860596e-02
6.768634170293807983e-02
6.765612214803695679e-02
6.762579083442687988e-02
6.759542226791381836e-02
6.756497174501419067e-02
6.753450632095336914e-02
6.750391423702239990e-02
6.747331470251083374e-02
6.744269281625747681e-02
6.741201132535934448e-02
6.738124042749404907e-02
6.735046207904815674e-02
6.731960922479629517e-02
6.728875637054443359e-02
6.725785881280899048e-02
6.722693890333175659e-02
6.719599664211273193e-02
6.716503202915191650e-02
6.713402271270751953e-02
6.710305064916610718e-02
6.707200407981872559e-02
6.704098731279373169e-02
6.701000034809112549e-02
6.697897613048553467e-02
6.694796681404113770e-02
6.691697239875793457e-02
6.688596308231353760e-02
6.685499101877212524e-02
6.682404130697250366e-02
6.679313629865646362e-02
6.676224619150161743e-02
6.673140078783035278e-02
6.670057028532028198e-02
6.666982918977737427e-02
6.663911044597625732e-02
6.660846620798110962e-02
6.657783687114715576e-02
6.654731184244155884e-02
6.651682406663894653e-02
6.648641079664230347e-02
6.645604968070983887e-02
6.642578542232513428e-02
6.639564037322998047e-02
6.636551767587661743e-02
6.633553653955459595e-02
6.630562245845794678e-02
6.627579778432846069e-02
6.624609231948852539e-02
6.621646136045455933e-02
6.618691980838775635e-02
6.615751981735229492e-02
6.612822413444519043e-02
6.609905511140823364e-02
6.607003509998321533e-02
6.604108214378356934e-02
6.601227819919586182e-02
6.598364561796188354e-02
6.595510989427566528e-02
6.592670083045959473e-02
6.589846312999725342e-02
6.587035208940505981e-02
6.584238260984420776e-02
6.581455469131469727e-02
6.578689813613891602e-02
6.575935333967208862e-02
6.573198735713958740e-02
6.570483744144439697e-02
6.567777693271636963e-02
6.565088033676147461e-02
6.562415510416030884e-02
6.559761613607406616e-02
6.557122617959976196e-02
6.554500013589859009e-02
6.551896780729293823e-02
6.549312174320220947e-02
6.546746194362640381e-02
6.544193625450134277e-02
6.541662663221359253e-02
6.539150327444076538e-02
6.536650657653808594e-02
6.534175574779510498e-02
6.531715393066406250e-02
6.529273837804794312e-02
6.526853889226913452e-02
6.524451076984405518e-02
6.522069126367568970e-02
6.519702821969985962e-02
6.517361104488372803e-02
6.515033543109893799e-02
6.512729823589324951e-02
6.510443985462188721e-02
6.508176028728485107e-02
6.505928933620452881e-02
6.503697484731674194e-02
6.501492857933044434e-02
6.499299407005310059e-02
6.497133523225784302e-02
6.494982540607452393e-02
6.492849439382553101e-02
6.490739434957504272e-02
6.488651037216186523e-02
6.486578285694122314e-02
6.484521180391311646e-02
6.482490897178649902e-02
6.480474770069122314e-02
6.478478759527206421e-02
6.476502865552902222e-02
6.474547833204269409e-02
6.472610682249069214e-02
6.470690667629241943e-02
6.468784809112548828e-02
6.466902792453765869e-02
6.465037912130355835e-02
6.463195383548736572e-02
6.461367756128311157e-02
6.459558755159378052e-02
6.457771360874176025e-02
6.455994397401809692e-02
6.454240530729293823e-02
6.452504545450210571e-02
6.450784951448440552e-02
6.449078768491744995e-02
6.447398662567138672e-02
6.445731222629547119e-02
6.444074958562850952e-02
6.442442536354064941e-02
6.440826505422592163e-02
6.439227610826492310e-02
6.437641382217407227e-02
6.436073035001754761e-02
6.434518098831176758e-02
6.432983279228210449e-02
6.431462615728378296e-02
6.429956108331680298e-02
6.428461521863937378e-02
6.426984816789627075e-02
6.425528973340988159e-02
6.424082070589065552e-02
6.422650814056396484e-02
6.421233713626861572e-02
6.419832259416580200e-02
6.418441981077194214e-02
6.417067348957061768e-02
6.415706872940063477e-02
6.414360553026199341e-02
6.413028389215469360e-02
6.411709636449813843e-02
6.410400569438934326e-02
6.409108638763427734e-02
6.407828629016876221e-02
6.406559050083160400e-02
6.405307352542877197e-02
6.404062360525131226e-02
6.402834504842758179e-02
6.401615589857101440e-02
6.400413066148757935e-02
6.399217993021011353e-02
6.398034095764160156e-02
6.396868079900741577e-02
6.395713239908218384e-02
6.394566595554351807e-02
6.393434107303619385e-02
6.392312794923782349e-02
6.391200423240661621e-02
6.390099227428436279e-02
6.389009207487106323e-02
6.387932598590850830e-02
6.386866420507431030e-02
6.385810673236846924e-02
6.384770572185516357e-02
6.383736431598663330e-02
6.382711231708526611e-02
6.381697207689285278e-02
6.380693614482879639e-02
6.379701197147369385e-02
6.378716975450515747e-02
6.377743184566497803e-02
6.376785039901733398e-02
6.375829130411148071e-02
6.374884396791458130e-02
6.373953074216842651e-02
6.373024731874465942e-02
6.372109800577163696e-02
6.371206045150756836e-02
6.370307505130767822e-02
6.369420886039733887e-02
6.368539482355117798e-02
6.367667019367218018e-02
6.366804242134094238e-02
6.365951150655746460e-02
6.365104764699935913e-02
6.364266574382781982e-02
6.363435834646224976e-02
6.362611055374145508e-02
6.361793726682662964e-02
6.360984593629837036e-02
6.360185146331787109e-02
6.359389424324035645e-02
6.358604878187179565e-02
6.357822567224502563e-02
6.357047706842422485e-02
6.356275081634521484e-02
6.355513632297515869e-02
6.354762613773345947e-02
6.354008615016937256e-02
6.353265792131423950e-02
6.352527439594268799e-02
6.351789087057113647e-02
6.351061910390853882e-02
6.350339949131011963e-02
6.349620223045349121e-02
6.348907947540283203e-02
6.348197162151336670e-02
6.347488611936569214e-02
6.346786767244338989e-02
6.346090883016586304e-02
6.345390528440475464e-02
6.344705075025558472e-02
6.344013661146163940e-02
6.343328952789306641e-02
6.342646479606628418e-02
6.341965496540069580e-02
6.341287493705749512e-02
6.340613216161727905e-02
6.339933723211288452e-02
6.339263170957565308e-02
6.338588148355484009e-02
6.337922066450119019e-02
6.337248533964157104e-02
6.336580961942672729e-02
6.335914134979248047e-02
6.335243582725524902e-02
6.334576010704040527e-02
6.333909183740615845e-02
6.333241611719131470e-02
6.332573294639587402e-02
6.331906467676162720e-02
6.331232190132141113e-02
6.330565363168716431e-02
6.329891830682754517e-02
6.329220533370971680e-02
6.328547000885009766e-02
6.327868998050689697e-02
6.327190250158309937e-02
6.326508522033691406e-02
6.325826048851013184e-02
6.325138360261917114e-02
6.324452906847000122e-02
6.323761492967605591e-02
6.323067843914031982e-02
6.322373449802398682e-02
6.321673095226287842e-02
6.320972740650177002e-02
6.320267170667648315e-02
6.319556385278701782e-02
6.318847835063934326e-02
6.318133324384689331e-02
6.317411363124847412e-02
6.316689401865005493e-02
6.315960735082626343e-02
6.315232068300247192e-02
6.314495950937271118e-02
6.313761323690414429e-02
6.313022971153259277e-02
6.312272697687149048e-02
6.311523914337158203e-02
6.310774385929107666e-02
