1.907116472721099854e-01
1.907349079847335815e-01
1.907061189413070679e-01
1.906762868165969849e-01
1.906469911336898804e-01
1.906182169914245605e-01
1.905899494886398315e-01
1.905621737241744995e-01
1.905347704887390137e-01
1.905078589916229248e-01
1.904813945293426514e-01
1.904551088809967041e-01
1.904292255640029907e-01
1.904035359621047974e-01
1.903781592845916748e-01
1.903527975082397461e-01
1.903276741504669189e-01
1.903026252985000610e-01
1.902775615453720093e-01
1.902524381875991821e-01
1.902271360158920288e-01
1.902015805244445801e-01
1.901757419109344482e-01
1.901495158672332764e-01
1.901225745677947998e-01
1.900950968265533447e-01
1.900668144226074219e-01
1.900373548269271851e-01
1.900068819522857666e-01
1.899747997522354126e-01
1.899410635232925415e-01
1.899051666259765625e-01
1.898670643568038940e-01
1.898259520530700684e-01
1.897813230752944946e-01
1.897326707839965820e-01
1.896792203187942505e-01
1.896198391914367676e-01
1.895533651113510132e-01
1.894784122705459595e-01
1.893929541110992432e-01
1.892946809530258179e-01
1.891806274652481079e-01
1.890468597412109375e-01
1.888882517814636230e-01
1.886983513832092285e-01
1.884686797857284546e-01
1.881877034902572632e-01
1.878411918878555298e-01
1.874102652072906494e-01
1.868720203638076782e-01
1.861996650695800781e-01
1.853655576705932617e-01
1.843487173318862915e-01
1.831455677747726440e-01
1.817832887172698975e-01
1.803251951932907104e-01
1.788600683212280273e-01
1.774763613939285278e-01
1.762367635965347290e-01
1.751670986413955688e-01
1.742636859416961670e-01
1.735060513019561768e-01
1.728679388761520386e-01
1.723234653472900391e-01
1.718492805957794189e-01
1.714264303445816040e-01
1.710429191589355469e-01
1.706987023353576660e-01
1.704121977090835571e-01
1.702270656824111938e-01
1.702087074518203735e-01
1.704210788011550903e-01
1.708782613277435303e-01
1.714795678853988647e-01
1.719720512628555298e-01
1.720178425312042236e-01
1.713592410087585449e-01
1.699471026659011841e-01
1.679355800151824951e-01
1.655697375535964966e-01
1.630696505308151245e-01
1.605837792158126831e-01
1.581945717334747314e-01
1.559389382600784302e-01
1.538297832012176514e-01
1.518698185682296753e-01
1.500576436519622803e-01
1.483874917030334473e-01
1.468499451875686646e-01
1.454339325428009033e-01
1.441286355257034302e-01
1.429241299629211426e-01
1.418108940124511719e-01
1.407794505357742310e-01
1.398207843303680420e-01
1.389259099960327148e-01
1.380862742662429810e-01
1.372936964035034180e-01
1.365402936935424805e-01
1.358188539743423462e-01
1.351224631071090698e-01
1.344453692436218262e-01
1.337825208902359009e-01
1.331298649311065674e-01
1.324841678142547607e-01
1.318425685167312622e-01
1.312027126550674438e-01
1.305621862411499023e-01
1.299186050891876221e-01
1.292697638273239136e-01
1.286135166883468628e-01
1.279483437538146973e-01
1.272728145122528076e-01
1.265861988067626953e-01
1.258875727653503418e-01
1.251758337020874023e-01
1.244494095444679260e-01
1.237055212259292603e-01
1.229394823312759399e-01
1.221441999077796936e-01
1.213090270757675171e-01
1.204201281070709229e-01
1.194633394479751587e-01
1.184295788407325745e-01
1.173208355903625488e-01
1.161515340209007263e-01
1.149457395076751709e-01
1.137320324778556824e-01
1.125376299023628235e-01
1.113862171769142151e-01
1.102903187274932861e-01
1.092949509620666504e-01
1.085496023297309875e-01
1.078428775072097778e-01
1.069431528449058533e-01
1.056067198514938354e-01
1.037981510162353516e-01
1.017633676528930664e-01
9.980529546737670898e-02
9.809009730815887451e-02
9.605043381452560425e-02
9.378418326377868652e-02
9.196304529905319214e-02
9.059443324804306030e-02
8.992528170347213745e-02
8.951935172080993652e-02
8.900169283151626587e-02
8.852617442607879639e-02
8.807954192161560059e-02
8.746790885925292969e-02
8.698241412639617920e-02
8.658582717180252075e-02
8.613247424364089966e-02
8.554814010858535767e-02
8.486798405647277832e-02
8.420621603727340698e-02
8.368535339832305908e-02
8.337770402431488037e-02
8.320584893226623535e-02
8.296754211187362671e-02
8.251107484102249146e-02
8.184800297021865845e-02
8.114246279001235962e-02
8.055908232927322388e-02
8.025332540273666382e-02
8.024923503398895264e-02
8.038010448217391968e-02
8.040975779294967651e-02
8.021684736013412476e-02
7.995662093162536621e-02
7.957580685615539551e-02
7.902628928422927856e-02
7.846146821975708008e-02
7.800465077161788940e-02
7.754871994256973267e-02
7.695476710796356201e-02
7.647912204265594482e-02
7.623905688524246216e-02
7.608845084905624390e-02
7.594427466392517090e-02
7.577376812696456909e-02
7.556353509426116943e-02
7.530020922422409058e-02
7.496000081300735474e-02
7.448007166385650635e-02
7.364191859960556030e-02
7.317678630352020264e-02
7.297444343566894531e-02
7.303305715322494507e-02
7.350585609674453735e-02
7.432295382022857666e-02
7.376439869403839111e-02
7.491932064294815063e-02
7.367103546857833862e-02
7.297285646200180054e-02
7.367900758981704712e-02
7.471404969692230225e-02
7.354616373777389526e-02
7.499350607395172119e-02
7.437584549188613892e-02
7.318047434091567993e-02
7.238150388002395630e-02
7.188922166824340820e-02
7.328330725431442261e-02
7.351087778806686401e-02
7.364457100629806519e-02
7.257263362407684326e-02
7.278658449649810791e-02
7.357086986303329468e-02
7.151533663272857666e-02
7.361811399459838867e-02
7.217285037040710449e-02
7.110285758972167969e-02
7.233148813247680664e-02
7.064816355705261230e-02
7.038827985525131226e-02
7.124850898981094360e-02
7.112240046262741089e-02
7.151997834444046021e-02
7.141762971878051758e-02
7.107440382242202759e-02
7.154203951358795166e-02
7.125788927078247070e-02
7.273120433092117310e-02
7.208168506622314453e-02
7.374195009469985962e-02
7.187134027481079102e-02
7.436449080705642700e-02
7.265099138021469116e-02
7.251901179552078247e-02
7.585953176021575928e-02
7.153090834617614746e-02
7.288402318954467773e-02
7.387387752532958984e-02
7.456310093402862549e-02
7.478808611631393433e-02
7.398326694965362549e-02
7.267543673515319824e-02
7.395591586828231812e-02
7.460778951644897461e-02
7.359646260738372803e-02
7.436388731002807617e-02
7.351626455783843994e-02
7.542718201875686646e-02
7.515083253383636475e-02
7.418620586395263672e-02
7.542463392019271851e-02
7.408544421195983887e-02
7.587599009275436401e-02
7.626255601644515991e-02
7.426236569881439209e-02
7.624296098947525024e-02
7.301387190818786621e-02
7.542006671428680420e-02
7.727068662643432617e-02
7.813004404306411743e-02
7.345727086067199707e-02
7.633182406425476074e-02
7.471880316734313965e-02
7.588937133550643921e-02
7.659300416707992554e-02
7.659845799207687378e-02
7.318896055221557617e-02
7.461325079202651978e-02
7.071682810783386230e-02
7.635560631752014160e-02
7.207469642162322998e-02
7.579926401376724243e-02
7.415134459733963013e-02
7.623060792684555054e-02
7.693186402320861816e-02
7.007273286581039429e-02
7.469835877418518066e-02
7.147477567195892334e-02
7.266508787870407104e-02
7.143209874629974365e-02
6.936323642730712891e-02
7.280862331390380859e-02
7.028906047344207764e-02
7.443465292453765869e-02
7.350145280361175537e-02
7.022973150014877319e-02
7.175568491220474243e-02
7.311040163040161133e-02
7.292918115854263306e-02
7.330969721078872681e-02
7.270983606576919556e-02
7.248970121145248413e-02
7.283036410808563232e-02
7.058026641607284546e-02
7.069399207830429077e-02
6.850267201662063599e-02
6.688793748617172241e-02
6.642942130565643311e-02
7.062483578920364380e-02
7.386752218008041382e-02
6.983612477779388428e-02
7.047361880540847778e-02
7.281121611595153809e-02
7.065505534410476685e-02
6.629072874784469604e-02
6.559681892395019531e-02
7.272759079933166504e-02
7.186277210712432861e-02
6.863325834274291992e-02
7.070850580930709839e-02
7.088807970285415649e-02
6.977888196706771851e-02
7.349948585033416748e-02
6.950660794973373413e-02
6.855060160160064697e-02
6.955603510141372681e-02
8.183339238166809082e-02
7.117665559053421021e-02
6.974685937166213989e-02
7.627473771572113037e-02
7.253845036029815674e-02
6.871740520000457764e-02
6.785781681537628174e-02
7.028861343860626221e-02
7.315497100353240967e-02
7.734443992376327515e-02
7.314678281545639038e-02
8.035827428102493286e-02
6.782434880733489990e-02
7.433833181858062744e-02
7.103068381547927856e-02
6.481654196977615356e-02
7.048998773097991943e-02
7.020032405853271484e-02
7.497987151145935059e-02
7.482860982418060303e-02
7.328874617815017700e-02
7.741757482290267944e-02
6.915683299303054810e-02
7.655050605535507202e-02
7.012569159269332886e-02
7.048164308071136475e-02
7.700682431459426880e-02
6.872363388538360596e-02
7.629808038473129272e-02
7.164242863655090332e-02
7.237992435693740845e-02
6.673040986061096191e-02
7.232324033975601196e-02
7.756735384464263916e-02
6.674181669950485229e-02
7.216059416532516479e-02
7.489999383687973022e-02
7.694695144891738892e-02
6.846579164266586304e-02
7.144522666931152344e-02
6.959775835275650024e-02
7.624225318431854248e-02
8.246444910764694214e-02
7.511872798204421997e-02
7.298152893781661987e-02
7.733114808797836304e-02
7.763092964887619019e-02
7.441630214452743530e-02
7.476721704006195068e-02
8.717086911201477051e-02
7.343260943889617920e-02
7.578609883785247803e-02
7.205268740653991699e-02
6.953539699316024780e-02
7.037384808063507080e-02
7.454370707273483276e-02
7.190552353858947754e-02
7.937563210725784302e-02
7.221866399049758911e-02
7.228094339370727539e-02
7.735290378332138062e-02
7.129158824682235718e-02
7.049705833196640015e-02
7.015605270862579346e-02
7.303594797849655151e-02
7.927398383617401123e-02
7.669831067323684692e-02
7.440094649791717529e-02
6.776863336563110352e-02
7.534975558519363403e-02
7.483395189046859741e-02
7.531838119029998779e-02
7.458274811506271362e-02
7.623568177223205566e-02
6.934925168752670288e-02
7.380630820989608765e-02
7.349607348442077637e-02
7.544194161891937256e-02
7.058269530534744263e-02
6.681789457798004150e-02
7.807520776987075806e-02
7.422782480716705322e-02
7.107900828123092651e-02
6.623194366693496704e-02
7.236497104167938232e-02
7.454136013984680176e-02
7.393470406532287598e-02
7.321000099182128906e-02
7.179017364978790283e-02
7.628203928470611572e-02
6.906802952289581299e-02
7.828679680824279785e-02
7.165904343128204346e-02
7.911277562379837036e-02
7.413500547409057617e-02
6.984822452068328857e-02
6.973423808813095093e-02
8.186419308185577393e-02
7.756756991147994995e-02
7.908406853675842285e-02
7.086188346147537231e-02
7.505274564027786255e-02
6.977883726358413696e-02
7.170721888542175293e-02
7.995039969682693481e-02
7.434130460023880005e-02
7.869161665439605713e-02
8.502233028411865234e-02
7.490238547325134277e-02
8.075218647718429565e-02
7.369785755872726440e-02
7.183377444744110107e-02
7.037825137376785278e-02
7.416622340679168701e-02
7.756272703409194946e-02
7.608662545680999756e-02
8.024556934833526611e-02
7.022120803594589233e-02
7.870640605688095093e-02
8.083014935255050659e-02
7.236711680889129639e-02
7.090313732624053955e-02
7.298447936773300171e-02
7.662590593099594116e-02
8.165767788887023926e-02
7.518652081489562988e-02
7.539327442646026611e-02
7.586199790239334106e-02
6.992099434137344360e-02
7.028994709253311157e-02
7.951240986585617065e-02
7.523676753044128418e-02
7.090958952903747559e-02
7.228509336709976196e-02
8.665347099304199219e-02
7.283821702003479004e-02
7.410700619220733643e-02
7.573737204074859619e-02
7.394608110189437866e-02
7.831149548292160034e-02
7.632958889007568359e-02
7.557548582553863525e-02
7.636266946792602539e-02
7.270474731922149658e-02
7.662423700094223022e-02
7.346113026142120361e-02
7.447412610054016113e-02
7.655704021453857422e-02
7.893226295709609985e-02
8.014576137065887451e-02
7.286941260099411011e-02
7.418716698884963989e-02
7.256756722927093506e-02
7.493488490581512451e-02
7.469370216131210327e-02
7.649815082550048828e-02
8.107752352952957153e-02
7.730645686388015747e-02
7.441452890634536743e-02
7.359277456998825073e-02
8.628764748573303223e-02
7.330375909805297852e-02
7.386164367198944092e-02
7.422720640897750854e-02
7.364953309297561646e-02
9.705167263746261597e-02
7.465333491563796997e-02
7.375285029411315918e-02
7.525098323822021484e-02
7.606602460145950317e-02
7.934022694826126099e-02
7.405508309602737427e-02
7.577021420001983643e-02
7.730583846569061279e-02
7.377219200134277344e-02
1.740689277648925781e-01
7.194045931100845337e-02
7.312891632318496704e-02
7.446540892124176025e-02
8.922246098518371582e-02
8.631067723035812378e-02
7.500267773866653442e-02
7.608783245086669922e-02
7.801473885774612427e-02
7.593362778425216675e-02
8.400960266590118408e-02
7.503401488065719604e-02
