1.993126869201660156e-01
1.937333345413208008e-01
1.888661235570907593e-01
1.843084096908569336e-01
1.797986030578613281e-01
1.752392947673797607e-01
1.707561165094375610e-01
1.665346026420593262e-01
1.626546680927276611e-01
1.590783596038818359e-01
1.557162255048751831e-01
1.524790078401565552e-01
1.492977440357208252e-01
1.461303681135177612e-01
1.429598778486251831e-01
1.397904604673385620e-01
1.366405338048934937e-01
1.335350722074508667e-01
1.305003017187118530e-01
1.275610625743865967e-01
1.247401088476181030e-01
1.220574080944061279e-01
1.195281669497489929e-01
1.171616688370704651e-01
1.149605885148048401e-01
1.129217147827148438e-01
1.110373809933662415e-01
1.092965528368949890e-01
1.076868176460266113e-01
1.061953008174896240e-01
1.048100069165229797e-01
1.035197898745536804e-01
1.023146584630012512e-01
1.011856421828269958e-01
1.001247316598892212e-01
9.912483394145965576e-02
9.818001091480255127e-02
9.728487581014633179e-02
9.643471240997314453e-02
9.562584012746810913e-02
9.485486894845962524e-02
9.411912411451339722e-02
9.341625869274139404e-02
9.274392575025558472e-02
9.210009127855300903e-02
9.148285537958145142e-02
9.089024364948272705e-02
9.032045304775238037e-02
8.977177739143371582e-02
8.924273401498794556e-02
8.873175829648971558e-02
8.823757618665695190e-02
8.775896579027175903e-02
8.729473501443862915e-02
8.684410154819488525e-02
8.640597760677337646e-02
8.597963303327560425e-02
8.556430041790008545e-02
8.515921980142593384e-02
8.476404845714569092e-02
8.437801897525787354e-02
8.400068432092666626e-02
8.363172411918640137e-02
8.327059447765350342e-02
8.291699737310409546e-02
8.257058262825012207e-02
8.223102986812591553e-02
8.189812302589416504e-02
8.157163113355636597e-02
8.125123381614685059e-02
8.093681186437606812e-02
8.062814921140670776e-02
8.032500743865966797e-02
8.002731949090957642e-02
7.973488420248031616e-02
7.944761216640472412e-02
7.916536182165145874e-02
7.888789474964141846e-02
7.861535996198654175e-02
7.834738492965698242e-02
7.808411121368408203e-02
7.782522588968276978e-02
7.757076621055603027e-02
7.732067257165908813e-02
7.707475125789642334e-02
7.683305442333221436e-02
7.659547030925750732e-02
7.636187970638275146e-02
7.613224536180496216e-02
7.590638846158981323e-02
7.568427920341491699e-02
7.546578347682952881e-02
7.525088638067245483e-02
7.503930479288101196e-02
7.483094185590744019e-02
7.462547719478607178e-02
7.442272454500198364e-02
7.422239333391189575e-02
7.402417808771133423e-02
7.382756471633911133e-02
7.363221049308776855e-02
7.343752682209014893e-02
7.324312627315521240e-02
7.304862886667251587e-02
7.285356521606445312e-02
7.265767455101013184e-02
7.246083766222000122e-02
7.226324081420898438e-02
7.206495851278305054e-02
7.186634093523025513e-02
7.166780531406402588e-02
7.146976888179779053e-02
7.127274572849273682e-02
7.107702642679214478e-02
7.088296860456466675e-02
7.069101184606552124e-02
7.050115615129470825e-02
7.031374424695968628e-02
7.012879103422164917e-02
6.994631886482238770e-02
6.976633518934249878e-02
6.958884000778198242e-02
6.941372156143188477e-02
6.924091279506683350e-02
6.907026469707489014e-02
6.890168040990829468e-02
6.873504072427749634e-02
6.857032328844070435e-02
6.840736418962478638e-02
6.824603676795959473e-02
6.808631122112274170e-02
6.792805343866348267e-02
6.777133047580718994e-02
6.761600077152252197e-02
6.746204942464828491e-02
6.730943173170089722e-02
6.715822964906692505e-02
6.700828671455383301e-02
6.685972213745117188e-02
6.671251356601715088e-02
6.656668335199356079e-02
6.642222404479980469e-02
6.627918779850006104e-02
6.613754481077194214e-02
6.599731743335723877e-02
6.585853546857833862e-02
6.572121381759643555e-02
6.558540463447570801e-02
6.545111536979675293e-02
6.531830132007598877e-02
6.518700718879699707e-02
6.505723297595977783e-02
6.492903083562850952e-02
6.480236351490020752e-02
6.467723846435546875e-02
6.455362588167190552e-02
6.443152576684951782e-02
6.431092321872711182e-02
6.419192254543304443e-02
6.407430022954940796e-02
6.395822763442993164e-02
6.384363025426864624e-02
6.373046338558197021e-02
6.361871212720870972e-02
6.350840628147125244e-02
6.339948624372482300e-02
6.329192221164703369e-02
6.318575888872146606e-02
6.308090686798095703e-02
6.297733634710311890e-02
6.287503242492675781e-02
6.277403980493545532e-02
6.267429888248443604e-02
6.257576495409011841e-02
6.247837468981742859e-02
6.238223984837532043e-02
6.228718161582946777e-02
6.219329312443733215e-02
6.210045143961906433e-02
6.200868263840675354e-02
6.191803142428398132e-02
6.182837486267089844e-02
6.173973158001899719e-02
6.165201589465141296e-02
6.156530976295471191e-02
6.147957593202590942e-02
6.139472872018814087e-02
6.131079047918319702e-02
6.122773885726928711e-02
6.114553660154342651e-02
6.106421723961830139e-02
6.098368391394615173e-02
6.090395152568817139e-02
6.082500144839286804e-02
6.074682623147964478e-02
6.066938862204551697e-02
6.059271469712257385e-02
6.051671504974365234e-02
6.044147163629531860e-02
6.036687642335891724e-02
6.029294058680534363e-02
6.021966785192489624e-02
6.014700978994369507e-02
6.007505208253860474e-02
6.000358611345291138e-02
5.993282049894332886e-02
5.986258387565612793e-02
5.979289859533309937e-02
5.972380563616752625e-02
5.965527519583702087e-02
5.958723649382591248e-02
5.951972678303718567e-02
5.945270508527755737e-02
5.938621982932090759e-02
5.932022631168365479e-02
5.925466492772102356e-02
5.918959528207778931e-02
5.912496522068977356e-02
5.906076729297637939e-02
5.899704620242118835e-02
5.893370509147644043e-02
5.887082591652870178e-02
5.880834162235260010e-02
5.874626338481903076e-02
5.868452787399291992e-02
5.862320959568023682e-02
5.856223404407501221e-02
5.850166454911231995e-02
5.844144150614738464e-02
5.838160961866378784e-02
5.832204967737197876e-02
5.826283991336822510e-02
5.820396542549133301e-02
5.814542248845100403e-02
5.808720737695693970e-02
5.802927538752555847e-02
5.797167122364044189e-02
5.791431665420532227e-02
5.785732343792915344e-02
5.780056864023208618e-02
5.774413049221038818e-02
5.768795683979988098e-02
5.763202160596847534e-02
5.757634714245796204e-02
5.752097442746162415e-02
5.746581032872200012e-02
5.741088837385177612e-02
5.735628306865692139e-02
5.730185285210609436e-02
5.724767223000526428e-02
5.719374492764472961e-02
5.713999643921852112e-02
5.708649381995201111e-02
5.703319609165191650e-02
5.698016285896301270e-02
5.692728608846664429e-02
5.687460675835609436e-02
5.682213604450225830e-02
5.676985532045364380e-02
5.671779438853263855e-02
5.666591972112655640e-02
5.661417171359062195e-02
5.656271427869796753e-02
5.651138350367546082e-02
5.646020174026489258e-02
5.640920251607894897e-02
5.635840445756912231e-02
5.630777031183242798e-02
5.625721812248229980e-02
5.620690807700157166e-02
5.615674331784248352e-02
5.610671639442443848e-02
5.605685710906982422e-02
5.600712820887565613e-02
5.595751851797103882e-02
5.590807646512985229e-02
5.585876852273941040e-02
5.580963566899299622e-02
5.576060712337493896e-02
5.571166053414344788e-02
5.566291883587837219e-02
5.561425909399986267e-02
5.556569993495941162e-02
5.551730096340179443e-02
5.546900629997253418e-02
5.542084202170372009e-02
5.537275969982147217e-02
5.532482266426086426e-02
5.527700483798980713e-02
5.522924289107322693e-02
5.518162250518798828e-02
5.513409525156021118e-02
5.508664250373840332e-02
5.503928661346435547e-02
5.499204620718955994e-02
5.494490265846252441e-02
5.489784106612205505e-02
5.485086888074874878e-02
5.480398610234260559e-02
5.475719645619392395e-02
5.471051111817359924e-02
5.466385930776596069e-02
5.461730435490608215e-02
5.457087233662605286e-02
5.452444404363632202e-02
5.447809770703315735e-02
5.443187430500984192e-02
5.438569188117980957e-02
5.433960631489753723e-02
5.429354682564735413e-02
5.424759909510612488e-02
5.420171841979026794e-02
5.415585264563560486e-02
5.411009117960929871e-02
5.406436324119567871e-02
5.401870235800743103e-02
5.397310853004455566e-02
5.392757058143615723e-02
5.388206988573074341e-02
5.383663624525070190e-02
5.379123985767364502e-02
5.374592170119285583e-02
5.370065569877624512e-02
5.365539342164993286e-02
5.361022800207138062e-02
5.356507003307342529e-02
5.351998284459114075e-02
5.347495153546333313e-02
5.342997238039970398e-02
5.338494107127189636e-02
5.334003642201423645e-02
5.329516902565956116e-02
5.325027182698249817e-02
5.320549011230468750e-02
5.316071584820747375e-02
5.311594158411026001e-02
5.307126417756080627e-02
5.302657559514045715e-02
5.298196151852607727e-02
5.293733626604080200e-02
5.289277061820030212e-02
5.284819006919860840e-02
5.280370637774467468e-02
5.275920405983924866e-02
5.271469429135322571e-02
5.267028883099555969e-02
5.262588337063789368e-02
5.258146673440933228e-02
5.253708362579345703e-02
5.249271541833877563e-02
5.244842916727066040e-02
5.240409448742866516e-02
5.235980451107025146e-02
5.231551826000213623e-02
5.227126553654670715e-02
5.222705006599426270e-02
5.218281596899032593e-02
5.213859304785728455e-02
5.209442600607872009e-02
5.205025896430015564e-02
5.200608819723129272e-02
5.196190997958183289e-02
5.191777274012565613e-02
5.187362432479858398e-02
5.182952061295509338e-02
5.178538337349891663e-02
5.174129083752632141e-02
5.169720202684402466e-02
5.165310949087142944e-02
5.160905793309211731e-02
5.156496912240982056e-02
5.152087286114692688e-02
5.147679522633552551e-02
5.143277719616889954e-02
5.138872936367988586e-02
5.134463682770729065e-02
5.130061134696006775e-02
5.125657469034194946e-02
5.121247842907905579e-02
5.116843804717063904e-02
5.112438276410102844e-02
5.108030885457992554e-02
5.103631317615509033e-02
5.099226534366607666e-02
5.094823986291885376e-02
5.090415477752685547e-02
5.086011439561843872e-02
5.081608146429061890e-02
5.077197402715682983e-02
5.072793737053871155e-02
5.068385228514671326e-02
5.063981190323829651e-02
5.059576407074928284e-02
5.055166035890579224e-02
5.050761625170707703e-02
5.046347901225090027e-02
5.041940510272979736e-02
5.037529766559600830e-02
5.033122003078460693e-02
5.028707161545753479e-02
5.024300143122673035e-02
5.019886419177055359e-02
5.015472322702407837e-02
5.011061578989028931e-02
5.006642267107963562e-02
5.002228543162345886e-02
4.997814074158668518e-02
4.993398115038871765e-02
4.988979548215866089e-02
4.984566941857337952e-02
4.980147629976272583e-02
4.975726455450057983e-02
4.971310496330261230e-02
4.966891184449195862e-02
4.962471500039100647e-02
4.958046972751617432e-02
4.953629150986671448e-02
4.949205741286277771e-02
4.944780096411705017e-02
4.940360039472579956e-02
4.935934394598007202e-02
4.931513592600822449e-02
4.927090182900428772e-02
4.922663047909736633e-02
4.918238520622253418e-02
4.913814738392829895e-02
4.909389466047286987e-02
4.904963821172714233e-02
4.900536313652992249e-02
4.896107688546180725e-02
4.891683533787727356e-02
4.887260124087333679e-02
4.882833734154701233e-02
4.878406599164009094e-02
4.873984679579734802e-02
4.869552701711654663e-02
4.865130782127380371e-02
4.860704764723777771e-02
4.856278002262115479e-02
4.851853847503662109e-02
4.847430437803268433e-02
4.843008145689964294e-02
4.838586598634719849e-02
4.834161326289176941e-02
4.829739406704902649e-02
4.825318977236747742e-02
4.820901155471801758e-02
4.816479235887527466e-02
4.812064394354820251e-02
4.807643592357635498e-02
4.803228750824928284e-02
4.798812791705131531e-02
4.794401675462722778e-02
4.789986461400985718e-02
4.785573482513427734e-02
4.781163483858108521e-02
4.776755347847938538e-02
4.772348701953887939e-02
4.767938330769538879e-02
4.763536900281906128e-02
4.759132862091064453e-02
4.754732176661491394e-02
4.750336334109306335e-02
4.745939746499061584e-02
4.741540178656578064e-02
4.737146943807601929e-02
4.732755199074745178e-02
4.728361964225769043e-02
4.723973572254180908e-02
4.719586297869682312e-02
4.715205356478691101e-02
4.710822552442550659e-02
4.706440120935440063e-02
4.702064394950866699e-02
4.697690904140472412e-02
4.693316668272018433e-02
4.688948765397071838e-02
4.684584587812423706e-02
4.680213704705238342e-02
4.675851389765739441e-02
4.671487584710121155e-02
4.667133837938308716e-02
4.662775993347167969e-02
4.658423736691474915e-02
4.654072597622871399e-02
4.649724066257476807e-02
4.645379260182380676e-02
4.641038924455642700e-02
4.636695981025695801e-02
4.632360860705375671e-02
4.628024622797966003e-02
4.623694717884063721e-02
4.619364067912101746e-02
4.615043848752975464e-02
4.610714316368103027e-02
4.606396332383155823e-02
4.602080211043357849e-02
4.597763717174530029e-02
4.593456536531448364e-02
4.589148238301277161e-02
