1.941083073616027832e-01
1.918324828147888184e-01
1.899976432323455811e-01
1.884793043136596680e-01
1.871364414691925049e-01
1.857458651065826416e-01
1.840933114290237427e-01
1.820963770151138306e-01
1.798909455537796021e-01
1.776958703994750977e-01
1.755639761686325073e-01
1.733522713184356689e-01
1.708267182111740112e-01
1.677666008472442627e-01
1.641022264957427979e-01
1.600360721349716187e-01
1.559188365936279297e-01
1.519544720649719238e-01
1.481010764837265015e-01
1.441888958215713501e-01
1.400473713874816895e-01
1.355553120374679565e-01
1.307094246149063110e-01
1.257119625806808472e-01
1.208920553326606750e-01
1.165976822376251221e-01
1.130943447351455688e-01
1.102704778313636780e-01
1.078879535198211670e-01
1.058237031102180481e-01
1.039889082312583923e-01
1.022957861423492432e-01
1.006889119744300842e-01
9.917696565389633179e-02
9.779834747314453125e-02
9.655784070491790771e-02
9.542996436357498169e-02
9.438879787921905518e-02
9.341551363468170166e-02
9.249555319547653198e-02
9.161701053380966187e-02
9.077046066522598267e-02
8.994948863983154297e-02
8.915121108293533325e-02
8.837685734033584595e-02
8.763084560632705688e-02
8.691510558128356934e-02
8.622641116380691528e-02
8.556870371103286743e-02
8.495682477951049805e-02
8.439735323190689087e-02
8.388394862413406372e-02
8.340433239936828613e-02
8.294581621885299683e-02
8.249782770872116089e-02
8.205266296863555908e-02
8.160649240016937256e-02
8.115806430578231812e-02
8.070788532495498657e-02
8.025702089071273804e-02
7.980582118034362793e-02
7.935418933629989624e-02
7.890151441097259521e-02
7.844749838113784790e-02
7.799255102872848511e-02
7.753796875476837158e-02
7.708521932363510132e-02
7.663597166538238525e-02
7.619153708219528198e-02
7.575255632400512695e-02
7.531967759132385254e-02
7.489424943923950195e-02
7.448017597198486328e-02
7.408311963081359863e-02
7.370432466268539429e-02
7.333993166685104370e-02
7.298583537340164185e-02
7.264047116041183472e-02
7.230402529239654541e-02
7.197739183902740479e-02
7.166180014610290527e-02
7.135803252458572388e-02
7.106600701808929443e-02
7.078482955694198608e-02
7.051272690296173096e-02
7.024750113487243652e-02
6.998649984598159790e-02
6.972667574882507324e-02
6.946447491645812988e-02
6.919669359922409058e-02
6.892220675945281982e-02
6.864458322525024414e-02
6.837139278650283813e-02
6.810849159955978394e-02
6.785693764686584473e-02
6.761476397514343262e-02
6.737965345382690430e-02
6.714925169944763184e-02
6.692209094762802124e-02
6.669803708791732788e-02
6.647783517837524414e-02
6.626277416944503784e-02
6.605367362499237061e-02
6.585106998682022095e-02
6.565523892641067505e-02
6.546608358621597290e-02
6.528326869010925293e-02
6.510641425848007202e-02
6.493493914604187012e-02
6.476851552724838257e-02
6.460651010274887085e-02
6.444852054119110107e-02
6.429385393857955933e-02
6.414153426885604858e-02
6.399038434028625488e-02
6.383922696113586426e-02
6.368692219257354736e-02
6.353268027305603027e-02
6.337542086839675903e-02
6.321427971124649048e-02
6.304895877838134766e-02
6.287954002618789673e-02
6.270654499530792236e-02
6.253033131361007690e-02
6.235093623399734497e-02
6.216821447014808655e-02
6.198228895664215088e-02
6.179330497980117798e-02
6.159804016351699829e-02
6.137038022279739380e-02
6.112105771899223328e-02
6.100459769368171692e-02
6.080390140414237976e-02
6.019248813390731812e-02
6.074229255318641663e-02
6.022302433848381042e-02
6.064062938094139099e-02
5.994921550154685974e-02
6.001964211463928223e-02
5.968144536018371582e-02
5.974606424570083618e-02
5.961865931749343872e-02
5.929738655686378479e-02
5.952777713537216187e-02
5.947554111480712891e-02
5.920223891735076904e-02
5.921591073274612427e-02
5.885564163327217102e-02
5.875115096569061279e-02
5.966975539922714233e-02
6.016265228390693665e-02
5.974106118083000183e-02
5.981602147221565247e-02
5.887880921363830566e-02
5.886564776301383972e-02
5.891571938991546631e-02
5.870682001113891602e-02
5.865454673767089844e-02
5.877397209405899048e-02
5.887709930539131165e-02
5.814444646239280701e-02
5.862316489219665527e-02
5.840039625763893127e-02
5.880979076027870178e-02
5.830773711204528809e-02
5.827412381768226624e-02
5.889043211936950684e-02
5.821778997778892517e-02
5.777132511138916016e-02
5.723987519741058350e-02
5.749879404902458191e-02
5.691608414053916931e-02
5.743999034166336060e-02
5.619648098945617676e-02
5.769602581858634949e-02
5.652728676795959473e-02
5.619128048419952393e-02
5.662498623132705688e-02
5.655314028263092041e-02
5.503667145967483521e-02
5.570427700877189636e-02
5.493377894163131714e-02
5.478770658373832703e-02
5.455683544278144836e-02
5.505194142460823059e-02
5.425273999571800232e-02
5.402395501732826233e-02
5.374792590737342834e-02
5.374944210052490234e-02
5.327500402927398682e-02
5.304108187556266785e-02
5.285862833261489868e-02
5.232166871428489685e-02
5.256750807166099548e-02
5.193221196532249451e-02
5.225694552063941956e-02
5.159471929073333740e-02
5.198124051094055176e-02
5.133957043290138245e-02
5.175082013010978699e-02
5.112343654036521912e-02
5.123620107769966125e-02
5.130433663725852966e-02
5.089533701539039612e-02
5.078165605664253235e-02
5.070370435714721680e-02
5.062279477715492249e-02
5.055689066648483276e-02
5.045430362224578857e-02
5.024733766913414001e-02
5.012226477265357971e-02
5.001412704586982727e-02
4.988822340965270996e-02
4.976432025432586670e-02
4.965014010667800903e-02
4.954550787806510925e-02
4.944112151861190796e-02
4.933589696884155273e-02
4.923086240887641907e-02
4.912698268890380859e-02
4.902470484375953674e-02
4.892500117421150208e-02
4.882874712347984314e-02
4.873668774962425232e-02
4.864867031574249268e-02
4.856344312429428101e-02
4.847932979464530945e-02
4.839622601866722107e-02
4.831914231181144714e-02
4.825405031442642212e-02
4.819604381918907166e-02
4.813426733016967773e-02
4.806527122855186462e-02
4.799007624387741089e-02
4.791253432631492615e-02
4.783484339714050293e-02
4.775813221931457520e-02
4.768305644392967224e-02
4.761004075407981873e-02
4.753898084163665771e-02
4.746979102492332458e-02
4.740223661065101624e-02
4.733652248978614807e-02
4.727269709110260010e-02
4.721050336956977844e-02
4.714937508106231689e-02
4.708864539861679077e-02
4.702823609113693237e-02
4.696854203939437866e-02
4.690981283783912659e-02
4.685218259692192078e-02
4.679557681083679199e-02
4.674004390835762024e-02
4.668551683425903320e-02
4.663186147809028625e-02
4.657897725701332092e-02
4.652661830186843872e-02
4.647477343678474426e-02
4.642320796847343445e-02
4.637191072106361389e-02
4.632074385881423950e-02
4.626983031630516052e-02
4.621914029121398926e-02
4.616874456405639648e-02
4.611866548657417297e-02
4.606885462999343872e-02
4.601910337805747986e-02
4.596870765089988708e-02
4.591693729162216187e-02
4.586284607648849487e-02
4.580622166395187378e-02
4.574740678071975708e-02
4.568731784820556641e-02
4.562673717737197876e-02
4.556599631905555725e-02
4.550538957118988037e-02
4.544497653841972351e-02
4.538479819893836975e-02
4.532499238848686218e-02
4.526556283235549927e-02
4.520645365118980408e-02
4.514768347144126892e-02
4.508915543556213379e-02
4.503069072961807251e-02
4.497216641902923584e-02
4.491338878870010376e-02
4.485408216714859009e-02
4.479392990469932556e-02
4.473276063799858093e-02
4.467030242085456848e-02
4.460623487830162048e-02
4.454031214118003845e-02
4.447251930832862854e-02
4.440296068787574768e-02
4.433237388730049133e-02
4.426220804452896118e-02
4.419628903269767761e-02
4.413056373596191406e-02
4.458865895867347717e-02
4.427858814597129822e-02
4.542908445000648499e-02
4.542497918009757996e-02
4.375177621841430664e-02
4.427329078316688538e-02
4.493146762251853943e-02
4.385629668831825256e-02
4.374041408300399780e-02
4.342609643936157227e-02
4.348711669445037842e-02
4.325270280241966248e-02
4.361551627516746521e-02
4.323883354663848877e-02
4.336969554424285889e-02
4.397899284958839417e-02
4.321194812655448914e-02
4.316595941781997681e-02
4.294483736157417297e-02
4.281671345233917236e-02
4.305301606655120850e-02
4.434384778141975403e-02
4.344950243830680847e-02
4.290495812892913818e-02
4.372809454798698425e-02
4.333375394344329834e-02
4.358726739883422852e-02
4.482269287109375000e-02
4.329053685069084167e-02
4.276337474584579468e-02
4.221392050385475159e-02
4.216320440173149109e-02
4.212549328804016113e-02
4.201979190111160278e-02
4.189702868461608887e-02
4.186454415321350098e-02
4.183496162295341492e-02
4.178321734070777893e-02
4.175294935703277588e-02
4.190510511398315430e-02
4.250993579626083374e-02
4.204613715410232544e-02
4.187653586268424988e-02
4.164787754416465759e-02
4.150388389825820923e-02
4.142999276518821716e-02
4.128412902355194092e-02
4.121495783329010010e-02
4.119923710823059082e-02
4.108133912086486816e-02
4.104680567979812622e-02
4.097373783588409424e-02
4.080456122756004333e-02
4.091458022594451904e-02
4.114436358213424683e-02
4.127674922347068787e-02
4.080542176961898804e-02
4.039081931114196777e-02
4.102504253387451172e-02
4.074138030409812927e-02
4.099338129162788391e-02
4.040198400616645813e-02
4.070469364523887634e-02
4.011065512895584106e-02
4.095817357301712036e-02
4.118400067090988159e-02
3.976489976048469543e-02
4.072074964642524719e-02
3.963319212198257446e-02
4.080847278237342834e-02
3.928654640913009644e-02
4.412524774670600891e-02
3.981023281812667847e-02
3.997877985239028931e-02
3.960744291543960571e-02
4.079071432352066040e-02
3.951053321361541748e-02
3.943218663334846497e-02
3.921689465641975403e-02
3.861088305711746216e-02
3.933005034923553467e-02
3.924882784485816956e-02
4.753771796822547913e-02
4.127911478281021118e-02
3.955191001296043396e-02
3.888902813196182251e-02
4.230731353163719177e-02
3.966437652707099915e-02
3.821660205721855164e-02
3.882199525833129883e-02
3.886569291353225708e-02
3.821886703372001648e-02
3.810275346040725708e-02
4.015111550688743591e-02
3.904242813587188721e-02
3.952006623148918152e-02
3.813204914331436157e-02
3.805534541606903076e-02
3.973057121038436890e-02
3.769686445593833923e-02
3.775892406702041626e-02
3.701997175812721252e-02
4.372284933924674988e-02
3.872665390372276306e-02
3.715596720576286316e-02
3.686686977744102478e-02
3.804620355367660522e-02
3.708585351705551147e-02
3.649543225765228271e-02
3.765515983104705811e-02
3.777289018034934998e-02
3.688083216547966003e-02
3.712858632206916809e-02
3.748640418052673340e-02
3.770958259701728821e-02
3.829743340611457825e-02
3.802342340350151062e-02
3.827142715454101562e-02
3.742012754082679749e-02
3.723200410604476929e-02
3.691110759973526001e-02
3.687540069222450256e-02
3.651491552591323853e-02
3.637874126434326172e-02
3.676025941967964172e-02
3.755303472280502319e-02
3.567291796207427979e-02
3.605161607265472412e-02
3.587748855352401733e-02
3.655391186475753784e-02
3.553856164216995239e-02
3.655492141842842102e-02
3.526910766959190369e-02
3.666304424405097961e-02
3.510561585426330566e-02
3.635728359222412109e-02
3.517686948180198669e-02
3.549978509545326233e-02
3.526481613516807556e-02
3.517412766814231873e-02
3.515764698386192322e-02
3.508804365992546082e-02
3.502753749489784241e-02
3.496724739670753479e-02
3.489961475133895874e-02
3.482128307223320007e-02
3.472965583205223083e-02
3.462323546409606934e-02
3.450169414281845093e-02
3.436898067593574524e-02
3.423321992158889771e-02
3.410516679286956787e-02
3.400017321109771729e-02
3.396753594279289246e-02
3.433489799499511719e-02
4.003402963280677795e-02
3.728445246815681458e-02
3.446608036756515503e-02
3.437065333127975464e-02
3.656993806362152100e-02
3.685024380683898926e-02
3.743174672126770020e-02
3.452483937144279480e-02
3.645592555403709412e-02
3.535642102360725403e-02
3.401400521397590637e-02
3.628602623939514160e-02
3.485383838415145874e-02
3.496733680367469788e-02
3.511159494519233704e-02
3.518205508589744568e-02
3.490600362420082092e-02
3.447062522172927856e-02
3.392213582992553711e-02
3.400205820798873901e-02
3.332404792308807373e-02
3.353530913591384888e-02
3.260108083486557007e-02
3.242912888526916504e-02
3.565745055675506592e-02
3.270038589835166931e-02
3.365265205502510071e-02
3.293767198920249939e-02
3.270401805639266968e-02
3.188350796699523926e-02
3.289395570755004883e-02
3.221809864044189453e-02
3.548740223050117493e-02
3.132815659046173096e-02
3.286086395382881165e-02
3.286151587963104248e-02
3.210625424981117249e-02
3.138181939721107483e-02
3.260935097932815552e-02
3.153918683528900146e-02
3.271863609552383423e-02
3.137769177556037903e-02
3.150139376521110535e-02
3.177682682871818542e-02
3.081301599740982056e-02
3.359632939100265503e-02
3.162635490298271179e-02
