2.115149945020675659e-01
1.996449232101440430e-01
1.955811977386474609e-01
1.938507556915283203e-01
1.926121711730957031e-01
1.912410706281661987e-01
1.895923763513565063e-01
1.880680322647094727e-01
1.869449168443679810e-01
1.865187287330627441e-01
1.874430477619171143e-01
1.902166903018951416e-01
1.921663582324981689e-01
1.875242143869400024e-01
1.768539845943450928e-01
1.655997335910797119e-01
1.560028493404388428e-01
1.476295590400695801e-01
1.398722529411315918e-01
1.323331147432327271e-01
1.246542483568191528e-01
1.160262823104858398e-01
1.071274653077125549e-01
1.012124121189117432e-01
9.817324578762054443e-02
9.626345336437225342e-02
9.502483159303665161e-02
9.413693100214004517e-02
9.334078431129455566e-02
9.256412088871002197e-02
9.182193130254745483e-02
9.113936871290206909e-02
9.052924066781997681e-02
8.995439112186431885e-02
8.946067094802856445e-02
8.928273618221282959e-02
8.923836052417755127e-02
8.916795253753662109e-02
8.906089514493942261e-02
8.891544491052627563e-02
8.877311646938323975e-02
8.859924972057342529e-02
8.831308782100677490e-02
8.787161111831665039e-02
8.730405569076538086e-02
8.668968081474304199e-02
8.610244095325469971e-02
8.554054051637649536e-02
8.493238687515258789e-02
8.429020643234252930e-02
8.365887403488159180e-02
8.303999155759811401e-02
8.238817751407623291e-02
8.163024485111236572e-02
8.079249411821365356e-02
7.996882498264312744e-02
7.918835431337356567e-02
7.838097214698791504e-02
7.744625955820083618e-02
7.639255374670028687e-02
7.530979067087173462e-02
7.437739521265029907e-02
7.366314530372619629e-02
7.306755334138870239e-02
7.262477278709411621e-02
7.235973328351974487e-02
7.219488173723220825e-02
7.204679399728775024e-02
7.185102254152297974e-02
7.153903692960739136e-02
7.104287296533584595e-02
7.032861560583114624e-02
6.943767517805099487e-02
6.850212067365646362e-02
6.767580658197402954e-02
6.702291965484619141e-02
6.653143465518951416e-02
6.618718057870864868e-02
6.596098095178604126e-02
6.581321358680725098e-02
6.570852547883987427e-02
6.562781333923339844e-02
6.557445973157882690e-02
6.557288765907287598e-02
6.566429883241653442e-02
6.588562577962875366e-02
6.626597046852111816e-02
6.683719903230667114e-02
6.755186617374420166e-02
6.819120049476623535e-02
6.883758306503295898e-02
6.916461884975433350e-02
6.926751136779785156e-02
6.914409995079040527e-02
6.881076097488403320e-02
6.841035932302474976e-02
6.827859580516815186e-02
6.776022911071777344e-02
6.774725764989852905e-02
6.654108315706253052e-02
6.820578873157501221e-02
6.432034075260162354e-02
6.830465048551559448e-02
6.464418768882751465e-02
6.821314990520477295e-02
6.747484952211380005e-02
6.801261752843856812e-02
6.744772940874099731e-02
6.845745444297790527e-02
6.808400899171829224e-02
6.902048736810684204e-02
6.892777979373931885e-02
6.950026005506515503e-02
6.950276345014572144e-02
6.984059512615203857e-02
7.050327211618423462e-02
7.103895395994186401e-02
7.175291329622268677e-02
7.240064442157745361e-02
7.300637662410736084e-02
7.364529371261596680e-02
7.425168156623840332e-02
7.486005872488021851e-02
7.545768469572067261e-02
7.603344321250915527e-02
7.655224949121475220e-02
7.696755230426788330e-02
7.725592702627182007e-02
7.743462175130844116e-02
7.753348350524902344e-02
7.759357243776321411e-02
7.765202224254608154e-02
7.772355526685714722e-02
7.781180739402770996e-02
7.792479544878005981e-02
7.806441932916641235e-02
7.821783423423767090e-02
7.836755365133285522e-02
7.850055396556854248e-02
7.860929518938064575e-02
7.869040966033935547e-02
7.874274998903274536e-02
7.876753807067871094e-02
7.876728475093841553e-02
7.874614745378494263e-02
7.870782911777496338e-02
7.865432649850845337e-02
7.858541607856750488e-02
7.849822938442230225e-02
7.838868349790573120e-02
7.825218141078948975e-02
7.808422297239303589e-02
7.788122445344924927e-02
7.764110714197158813e-02
7.736382633447647095e-02
7.705110311508178711e-02
7.670801132917404175e-02
7.634247094392776489e-02
7.596474140882492065e-02
7.558598369359970093e-02
7.521442323923110962e-02
7.485277205705642700e-02
7.450014352798461914e-02
7.416687905788421631e-02
7.391697168350219727e-02
7.391323149204254150e-02
7.422219216823577881e-02
7.454652339220046997e-02
7.468094676733016968e-02
7.464652508497238159e-02
7.451464235782623291e-02
7.430630177259445190e-02
7.403270900249481201e-02
7.381919771432876587e-02
7.347786426544189453e-02
7.302400469779968262e-02
7.224243879318237305e-02
7.550295442342758179e-02
7.168627530336380005e-02
7.472026348114013672e-02
7.177145034074783325e-02
7.121690362691879272e-02
7.295795530080795288e-02
7.575289160013198853e-02
7.139487564563751221e-02
7.181912660598754883e-02
7.407823204994201660e-02
7.164745777845382690e-02
7.212799042463302612e-02
7.145385444164276123e-02
7.059003412723541260e-02
7.059772312641143799e-02
7.016784697771072388e-02
6.964600086212158203e-02
7.026604562997817993e-02
7.036870718002319336e-02
6.992065161466598511e-02
6.987729668617248535e-02
6.999110430479049683e-02
7.031534612178802490e-02
7.083658874034881592e-02
7.137109339237213135e-02
7.162640243768692017e-02
7.212278991937637329e-02
7.159455865621566772e-02
7.079125195741653442e-02
7.170290499925613403e-02
7.082655280828475952e-02
7.130701839923858643e-02
7.110120356082916260e-02
7.275918871164321899e-02
6.852602213621139526e-02
6.682364642620086670e-02
7.007241249084472656e-02
6.869548559188842773e-02
6.677399575710296631e-02
6.820890307426452637e-02
6.813507527112960815e-02
7.209274917840957642e-02
7.145104557275772095e-02
7.103019952774047852e-02
7.442786544561386108e-02
7.391427457332611084e-02
7.654781639575958252e-02
7.551718503236770630e-02
7.834783941507339478e-02
7.245706021785736084e-02
6.726584583520889282e-02
7.192033529281616211e-02
7.305896282196044922e-02
7.389736920595169067e-02
7.432707399129867554e-02
7.447925209999084473e-02
7.655504345893859863e-02
7.826627790927886963e-02
7.372099161148071289e-02
6.931107491254806519e-02
7.574711740016937256e-02
6.898417323827743530e-02
6.916772574186325073e-02
7.068931311368942261e-02
6.985186785459518433e-02
7.038225978612899780e-02
7.066331803798675537e-02
7.057343423366546631e-02
6.927288323640823364e-02
6.938367336988449097e-02
6.925814598798751831e-02
6.838243454694747925e-02
6.868688017129898071e-02
7.067592442035675049e-02
7.050251215696334839e-02
7.029819488525390625e-02
7.410454750061035156e-02
7.133414596319198608e-02
7.006633281707763672e-02
7.104680687189102173e-02
6.984972953796386719e-02
7.279619574546813965e-02
7.256095856428146362e-02
7.106965780258178711e-02
6.917871534824371338e-02
6.689056754112243652e-02
7.611934095621109009e-02
7.606654614210128784e-02
7.539497315883636475e-02
7.877107709646224976e-02
7.167799770832061768e-02
7.120969891548156738e-02
7.452900707721710205e-02
6.791356205940246582e-02
7.878834009170532227e-02
7.651008665561676025e-02
7.843523472547531128e-02
7.380166649818420410e-02
6.840340793132781982e-02
6.996980309486389160e-02
7.343842834234237671e-02
7.402509450912475586e-02
7.870072871446609497e-02
7.481924444437026978e-02
7.238607853651046753e-02
7.916645705699920654e-02
7.793905586004257202e-02
7.082574814558029175e-02
7.472195476293563843e-02
7.692020386457443237e-02
7.108673453330993652e-02
6.629870086908340454e-02
7.095590233802795410e-02
6.879700720310211182e-02
7.266234606504440308e-02
6.647487729787826538e-02
6.906002759933471680e-02
6.502402573823928833e-02
7.003052532672882080e-02
7.386237382888793945e-02
6.881617754697799683e-02
6.933522224426269531e-02
6.806737184524536133e-02
6.745833158493041992e-02
6.882670521736145020e-02
6.715556234121322632e-02
6.557654589414596558e-02
6.669788807630538940e-02
7.118418067693710327e-02
7.080940157175064087e-02
7.008232176303863525e-02
6.665599346160888672e-02
6.908660382032394409e-02
6.917000561952590942e-02
7.193430513143539429e-02
7.583457976579666138e-02
6.745730340480804443e-02
6.756354868412017822e-02
6.965234875679016113e-02
7.458671927452087402e-02
6.985269486904144287e-02
6.700557470321655273e-02
6.850606203079223633e-02
6.910275667905807495e-02
7.043560594320297241e-02
6.844409555196762085e-02
6.794168800115585327e-02
6.748027354478836060e-02
6.896600127220153809e-02
6.935383379459381104e-02
7.565490901470184326e-02
6.957390159368515015e-02
7.052810490131378174e-02
7.031745463609695435e-02
6.990205496549606323e-02
6.959296017885208130e-02
6.909683346748352051e-02
6.845615059137344360e-02
7.295057177543640137e-02
6.932631880044937134e-02
6.892301142215728760e-02
6.748052686452865601e-02
7.027217000722885132e-02
7.013437896966934204e-02
7.175949215888977051e-02
7.157138735055923462e-02
6.852527707815170288e-02
7.136376947164535522e-02
7.225139439105987549e-02
7.031524926424026489e-02
6.838423013687133789e-02
7.069300860166549683e-02
6.914690136909484863e-02
7.058520615100860596e-02
7.192316651344299316e-02
7.238788902759552002e-02
7.316167652606964111e-02
7.119624316692352295e-02
7.147840410470962524e-02
7.164737582206726074e-02
7.202457636594772339e-02
7.524556666612625122e-02
6.995219737291336060e-02
7.326228171586990356e-02
7.278563082218170166e-02
6.983219087123870850e-02
7.132911682128906250e-02
7.177875190973281860e-02
7.153301686048507690e-02
8.176017552614212036e-02
7.173321396112442017e-02
7.502306252717971802e-02
7.432411611080169678e-02
7.674449682235717773e-02
7.320415228605270386e-02
7.437472790479660034e-02
8.008214831352233887e-02
7.858958095312118530e-02
7.463574409484863281e-02
7.647671550512313843e-02
7.587547600269317627e-02
7.652547955513000488e-02
7.625127583742141724e-02
7.600810378789901733e-02
7.540871948003768921e-02
7.520093023777008057e-02
7.564512640237808228e-02
7.483088970184326172e-02
8.561079204082489014e-02
8.650001883506774902e-02
8.105244487524032593e-02
8.038168400526046753e-02
8.243436366319656372e-02
7.759128510951995850e-02
7.883226126432418823e-02
7.248616963624954224e-02
7.732312381267547607e-02
8.108597993850708008e-02
8.068306744098663330e-02
7.892280817031860352e-02
7.597539573907852173e-02
8.182975649833679199e-02
8.138838410377502441e-02
7.556779682636260986e-02
7.925165444612503052e-02
7.986037433147430420e-02
8.634359389543533325e-02
8.087801188230514526e-02
8.224001526832580566e-02
7.917506247758865356e-02
8.416905999183654785e-02
6.888571381568908691e-02
8.631316572427749634e-02
8.471215516328811646e-02
8.775988221168518066e-02
8.051638305187225342e-02
9.013313055038452148e-02
9.183860570192337036e-02
8.322448283433914185e-02
8.618737012147903442e-02
8.887303620576858521e-02
8.944045752286911011e-02
8.825477957725524902e-02
8.185914158821105957e-02
8.517622947692871094e-02
8.258128911256790161e-02
8.286528289318084717e-02
8.559410274028778076e-02
8.196067810058593750e-02
8.564516901969909668e-02
8.188692480325698853e-02
8.837654441595077515e-02
8.419279009103775024e-02
8.355414122343063354e-02
8.358795195817947388e-02
8.675093948841094971e-02
8.849435299634933472e-02
8.699797093868255615e-02
8.196110278367996216e-02
8.922388404607772827e-02
8.340439200401306152e-02
8.904565125703811646e-02
8.499951660633087158e-02
8.978684246540069580e-02
8.703100681304931641e-02
8.107142895460128784e-02
8.999440819025039673e-02
8.197914063930511475e-02
9.017129987478256226e-02
8.856996148824691772e-02
9.287807345390319824e-02
9.534481912851333618e-02
8.756585419178009033e-02
8.080877363681793213e-02
8.622556924819946289e-02
8.993797004222869873e-02
8.547478914260864258e-02
8.848407119512557983e-02
8.254107087850570679e-02
8.983529359102249146e-02
9.384144842624664307e-02
9.339502453804016113e-02
9.050756692886352539e-02
8.775819838047027588e-02
9.442162513732910156e-02
8.588954806327819824e-02
8.723545819520950317e-02
9.027486294507980347e-02
9.197191894054412842e-02
9.218955785036087036e-02
9.857226163148880005e-02
1.000488474965095520e-01
8.718419820070266724e-02
8.799540996551513672e-02
9.347998350858688354e-02
9.700903296470642090e-02
9.072742611169815063e-02
9.017125517129898071e-02
8.714688569307327271e-02
9.249867498874664307e-02
8.685214817523956299e-02
9.151257574558258057e-02
8.972993493080139160e-02
9.454963356256484985e-02
9.387129545211791992e-02
8.340203762054443359e-02
8.268095552921295166e-02
1.001894176006317139e-01
8.951399475336074829e-02
9.335180371999740601e-02
8.724755793809890747e-02
8.109660446643829346e-02
7.817989587783813477e-02
8.675035834312438965e-02
9.161759167909622192e-02
8.931788802146911621e-02
9.178601950407028198e-02
8.592200279235839844e-02
9.094525873661041260e-02
9.256497770547866821e-02
9.558760374784469604e-02
9.203711152076721191e-02
9.811079502105712891e-02
