1.889553368091583252e-01
1.879225373268127441e-01
1.878485381603240967e-01
1.877681463956832886e-01
1.876867562532424927e-01
1.876049637794494629e-01
1.875231713056564331e-01
1.874410510063171387e-01
1.873585432767868042e-01
1.872753351926803589e-01
1.871913075447082520e-01
1.871065199375152588e-01
1.870201826095581055e-01
1.869327574968338013e-01
1.868437975645065308e-01
1.867530345916748047e-01
1.866604238748550415e-01
1.865657866001129150e-01
1.864688545465469360e-01
1.863695085048675537e-01
1.862673908472061157e-01
1.861625164747238159e-01
1.860544979572296143e-01
1.859431862831115723e-01
1.858283728361129761e-01
1.857099384069442749e-01
1.855873614549636841e-01
1.854606568813323975e-01
1.853297054767608643e-01
1.851937919855117798e-01
1.850533187389373779e-01
1.849073469638824463e-01
1.847560256719589233e-01
1.845994144678115845e-01
1.844365298748016357e-01
1.842676550149917603e-01
1.840924918651580811e-01
1.839106380939483643e-01
1.837220489978790283e-01
1.835265606641769409e-01
1.833238750696182251e-01
1.831138730049133301e-01
1.828963905572891235e-01
1.826713234186172485e-01
1.824386715888977051e-01
1.821983307600021362e-01
1.819503307342529297e-01
1.816948950290679932e-01
1.814318746328353882e-01
1.811613291501998901e-01
1.808837205171585083e-01
1.805993616580963135e-01
1.803083419799804688e-01
1.800111979246139526e-01
1.797081083059310913e-01
1.793995499610900879e-01
1.790860295295715332e-01
1.787682622671127319e-01
1.784463971853256226e-01
1.781210899353027344e-01
1.777930110692977905e-01
1.774624735116958618e-01
1.771298050880432129e-01
1.767958700656890869e-01
1.764605343341827393e-01
1.761244833469390869e-01
1.757880300283432007e-01
1.754510849714279175e-01
1.751139909029006958e-01
1.747768372297286987e-01
1.744394302368164062e-01
1.741020679473876953e-01
1.737642288208007812e-01
1.734258979558944702e-01
1.730868965387344360e-01
1.727467030286788940e-01
1.724053174257278442e-01
1.720619648694992065e-01
1.717165112495422363e-01
1.713684201240539551e-01
1.710171401500701904e-01
1.706622242927551270e-01
1.703032106161117554e-01
1.699395626783370972e-01
1.695708185434341431e-01
1.691963523626327515e-01
1.688156127929687500e-01
1.684283763170242310e-01
1.680339127779006958e-01
1.676317602396011353e-01
1.672216206789016724e-01
1.668032407760620117e-01
1.663761883974075317e-01
1.659401208162307739e-01
1.654949188232421875e-01
1.650404036045074463e-01
1.645763814449310303e-01
1.641028672456741333e-01
1.636200845241546631e-01
1.631280779838562012e-01
1.626270264387130737e-01
1.621173769235610962e-01
1.615993231534957886e-01
1.610737442970275879e-01
1.605408787727355957e-01
1.600013226270675659e-01
1.594560444355010986e-01
1.589056253433227539e-01
1.583507061004638672e-01
1.577922850847244263e-01
1.572310626506805420e-01
1.566679030656814575e-01
1.561033278703689575e-01
1.555381417274475098e-01
1.549730002880096436e-01
1.544085294008255005e-01
1.538450419902801514e-01
1.532828658819198608e-01
1.527225226163864136e-01
1.521640121936798096e-01
1.516073644161224365e-01
1.510527729988098145e-01
1.505001783370971680e-01
1.499492973089218140e-01
1.493998914957046509e-01
1.488517522811889648e-01
1.483044773340225220e-01
1.477578729391098022e-01
1.472113132476806641e-01
1.466643065214157104e-01
1.461164951324462891e-01
1.455674469470977783e-01
1.450165659189224243e-01
1.444632560014724731e-01
1.439071744680404663e-01
1.433477699756622314e-01
1.427845954895019531e-01
1.422171741724014282e-01
1.416450738906860352e-01
1.410679072141647339e-01
1.404852271080017090e-01
1.398968696594238281e-01
1.393024474382400513e-01
1.387017518281936646e-01
1.380945891141891479e-01
1.374808549880981445e-01
1.368604153394699097e-01
1.362333893775939941e-01
1.355996578931808472e-01
1.349595040082931519e-01
1.343127638101577759e-01
1.336599588394165039e-01
1.330013126134872437e-01
1.323370337486267090e-01
1.316674053668975830e-01
1.309929788112640381e-01
1.303142011165618896e-01
1.296314150094985962e-01
1.289452314376831055e-01
1.282561123371124268e-01
1.275646090507507324e-01
1.268713325262069702e-01
1.261768192052841187e-01
1.254817396402359009e-01
1.247865781188011169e-01
1.240920573472976685e-01
1.233987212181091309e-01
1.227072179317474365e-01
1.220180168747901917e-01
1.213319525122642517e-01
1.206494197249412537e-01
1.199709773063659668e-01
1.192972585558891296e-01
1.186288148164749146e-01
1.179659441113471985e-01
1.173093691468238831e-01
1.166594102978706360e-01
1.160164698958396912e-01
1.153809726238250732e-01
1.147533208131790161e-01
1.141338273882865906e-01
1.135229095816612244e-01
1.129207834601402283e-01
1.123276874423027039e-01
1.117439493536949158e-01
1.111696809530258179e-01
1.106052547693252563e-01
1.100506186485290527e-01
1.095060557126998901e-01
1.089716032147407532e-01
1.084473580121994019e-01
1.079334318637847900e-01
1.074297502636909485e-01
1.069364324212074280e-01
1.064531654119491577e-01
1.059801131486892700e-01
1.055172383785247803e-01
1.050642505288124084e-01
1.046211943030357361e-01
1.041877791285514832e-01
1.037639379501342773e-01
1.033494696021080017e-01
1.029440537095069885e-01
1.025477498769760132e-01
1.021600291132926941e-01
1.017810106277465820e-01
1.014101207256317139e-01
1.010473445057868958e-01
1.006924733519554138e-01
1.003451347351074219e-01
1.000052392482757568e-01
9.967242926359176636e-02
9.934657812118530273e-02
9.902742505073547363e-02
9.871475398540496826e-02
9.840837121009826660e-02
9.810800105333328247e-02
9.781356900930404663e-02
9.752466529607772827e-02
9.724129736423492432e-02
9.696323424577713013e-02
9.669025987386703491e-02
9.642230719327926636e-02
9.615895152091979980e-02
9.590024501085281372e-02
9.564610570669174194e-02
9.539613872766494751e-02
9.515044838190078735e-02
9.490866959095001221e-02
9.467083215713500977e-02
9.443674981594085693e-02
9.420627355575561523e-02
9.397934377193450928e-02
9.375586360692977905e-02
9.353562444448471069e-02
9.331860393285751343e-02
9.310469776391983032e-02
9.289382398128509521e-02
9.268583357334136963e-02
9.248068928718566895e-02
9.227827936410903931e-02
9.207847714424133301e-02
9.188126027584075928e-02
9.168658405542373657e-02
9.149433672428131104e-02
9.130448102951049805e-02
9.111684560775756836e-02
9.093146026134490967e-02
9.074828028678894043e-02
9.056717902421951294e-02
9.038811177015304565e-02
9.021095931529998779e-02
9.003590792417526245e-02
8.986259251832962036e-02
8.969110250473022461e-02
8.952144533395767212e-02
8.935352414846420288e-02
8.918724209070205688e-02
8.902262896299362183e-02
8.885956555604934692e-02
8.869804441928863525e-02
8.853805810213088989e-02
8.837954699993133545e-02
8.822236210107803345e-02
8.806668221950531006e-02
8.791224658489227295e-02
8.775919675827026367e-02
8.760742098093032837e-02
8.745688945055007935e-02
8.730754256248474121e-02
8.715937286615371704e-02
8.701231330633163452e-02
8.686646074056625366e-02
8.672159165143966675e-02
8.657781779766082764e-02
8.643505722284317017e-02
8.629333972930908203e-02
8.615251630544662476e-02
8.601267635822296143e-02
8.587382733821868896e-02
8.573581278324127197e-02
8.559861034154891968e-02
8.546235412359237671e-02
8.532688021659851074e-02
8.519220352172851562e-02
8.505837619304656982e-02
8.492523431777954102e-02
8.479291945695877075e-02
8.466126024723052979e-02
8.453033864498138428e-02
8.440013229846954346e-02
8.427052944898605347e-02
8.414170891046524048e-02
8.401345461606979370e-02
8.388585597276687622e-02
8.375887572765350342e-02
8.363255113363265991e-02
8.350678533315658569e-02
8.338157832622528076e-02
8.325696736574172974e-02
8.313289284706115723e-02
8.300951123237609863e-02
8.288650959730148315e-02
8.276408910751342773e-02
8.264224976301193237e-02
8.252090960741043091e-02
8.240003883838653564e-02
8.227979391813278198e-02
8.215995877981185913e-02
8.204068243503570557e-02
8.192186802625656128e-02
8.180353790521621704e-02
8.168568462133407593e-02
8.156835287809371948e-02
8.145149797201156616e-02
8.133517950773239136e-02
8.121921867132186890e-02
8.110379427671432495e-02
8.098883181810379028e-02
8.087435364723205566e-02
8.076038211584091187e-02
8.064681291580200195e-02
8.053375035524368286e-02
8.042114228010177612e-02
8.030901104211807251e-02
8.019738644361495972e-02
8.008618652820587158e-02
7.997544109821319580e-02
7.986517995595932007e-02
7.975546270608901978e-02
7.964614033699035645e-02
7.953731715679168701e-02
7.942899316549301147e-02
7.932110875844955444e-02
7.921370863914489746e-02
7.910682260990142822e-02
7.900044322013854980e-02
7.889445871114730835e-02
7.878899574279785156e-02
7.868401706218719482e-02
7.857963442802429199e-02
7.847567647695541382e-02
7.837221771478652954e-02
7.826920598745346069e-02
7.816671580076217651e-02
7.806479185819625854e-02
7.796336710453033447e-02
7.786238938570022583e-02
7.776191830635070801e-02
7.766204327344894409e-02
7.756263762712478638e-02
7.746374607086181641e-02
7.736542820930480957e-02
7.726757228374481201e-02
7.717017829418182373e-02
7.707341760396957397e-02
7.697714120149612427e-02
7.688144594430923462e-02
7.678629457950592041e-02
7.669150829315185547e-02
7.659744471311569214e-02
7.650384306907653809e-02
7.641078531742095947e-02
7.631829380989074707e-02
7.622632384300231934e-02
7.613493502140045166e-02
7.604401558637619019e-02
7.595364749431610107e-02
7.586386799812316895e-02
7.577463239431381226e-02
7.568589597940444946e-02
7.559778541326522827e-02
7.551012188196182251e-02
7.542305439710617065e-02
7.533653825521469116e-02
7.525059580802917480e-02
7.516521960496902466e-02
7.508032023906707764e-02
7.499599456787109375e-02
7.491225004196166992e-02
7.482897490262985229e-02
7.474630326032638550e-02
7.466416805982589722e-02
7.458254694938659668e-02
7.450149953365325928e-02
7.442095130681991577e-02
7.434100657701492310e-02
7.426161319017410278e-02
7.418266683816909790e-02
7.410428673028945923e-02
7.402645796537399292e-02
7.394919544458389282e-02
7.387240231037139893e-02
7.379613071680068970e-02
7.372047752141952515e-02
7.364527881145477295e-02
7.357061654329299927e-02
7.349647581577301025e-02
7.342285662889480591e-02
7.334968447685241699e-02
7.327712327241897583e-02
7.320500165224075317e-02
7.313346117734909058e-02
7.306238263845443726e-02
7.299180328845977783e-02
7.292173802852630615e-02
7.285214215517044067e-02
7.278306037187576294e-02
7.271445542573928833e-02
7.264633476734161377e-02
7.257869094610214233e-02
7.251158356666564941e-02
7.244485616683959961e-02
7.237867265939712524e-02
7.231292128562927246e-02
7.224769890308380127e-02
7.218290865421295166e-02
7.211849093437194824e-02
7.205463945865631104e-02
7.199123501777648926e-02
7.192819565534591675e-02
7.186567038297653198e-02
7.180355489253997803e-02
7.174188643693923950e-02
7.168062031269073486e-02
7.161980122327804565e-02
7.155948877334594727e-02
7.149953395128250122e-02
7.143992185592651367e-02
7.138083875179290771e-02
7.132212072610855103e-02
7.126377522945404053e-02
7.120586931705474854e-02
7.114836573600769043e-02
7.109118998050689697e-02
7.103449106216430664e-02
7.097813487052917480e-02
7.092217355966567993e-02
7.086661458015441895e-02
7.081142067909240723e-02
7.075653970241546631e-02
7.070201635360717773e-02
7.064790278673171997e-02
7.059413194656372070e-02
7.054074853658676147e-02
7.048764824867248535e-02
7.043492794036865234e-02
7.038249075412750244e-02
7.033045589923858643e-02
7.027872651815414429e-02
7.022733241319656372e-02
7.017625868320465088e-02
7.012550532817840576e-02
7.007505744695663452e-02
7.002495229244232178e-02
6.997507810592651367e-02
6.992550939321517944e-02
6.987631320953369141e-02
6.982737034559249878e-02
6.977871805429458618e-02
6.973035633563995361e-02
6.968227773904800415e-02
6.963448971509933472e-02
6.958693265914916992e-02
6.953968107700347900e-02
6.949269026517868042e-02
6.944592297077178955e-02
6.939946115016937256e-02
6.935318559408187866e-02
6.930725276470184326e-02
6.926149874925613403e-02
6.921603530645370483e-02
6.917073577642440796e-02
6.912572681903839111e-02
6.908088922500610352e-02
6.903634965419769287e-02
6.899201124906539917e-02
6.894788891077041626e-02
6.890401244163513184e-02
6.886031478643417358e-02
6.881686300039291382e-02
6.877361983060836792e-02
6.873054802417755127e-02
6.868764758110046387e-02
6.864498555660247803e-02
6.860250979661941528e-02
6.856025755405426025e-02
6.851818412542343140e-02
6.847625225782394409e-02
6.843455880880355835e-02
6.839302927255630493e-02
6.835162639617919922e-02
6.831043958663940430e-02
6.826947629451751709e-02
6.822865456342697144e-02
6.818795949220657349e-02
6.814748793840408325e-02
6.810718029737472534e-02
6.806697696447372437e-02
6.802695989608764648e-02
6.798714399337768555e-02
6.794743984937667847e-02
6.790791451930999756e-02
6.786851584911346436e-02
6.782933324575424194e-02
6.779021769762039185e-02
6.775131076574325562e-02
6.771255284547805786e-02
6.767387688159942627e-02
6.763540953397750854e-02
6.759707629680633545e-02
6.755884736776351929e-02
6.752075999975204468e-02
6.748283654451370239e-02
6.744505465030670166e-02
6.740736961364746094e-02
6.736984103918075562e-02
6.733248382806777954e-02
6.729520857334136963e-02
6.725813448429107666e-02
6.722111254930496216e-02
6.718429177999496460e-02
6.714756786823272705e-02
6.711093336343765259e-02
6.707451492547988892e-02
6.703817844390869141e-02
6.700197607278823853e-02
6.696584075689315796e-02
6.692989915609359741e-02
6.689403951168060303e-02
6.685834378004074097e-02
6.682275235652923584e-02
6.678727269172668457e-02
6.675195693969726562e-02
6.671670824289321899e-02
6.668163836002349854e-02
6.664663553237915039e-02
6.661178171634674072e-02
6.657704710960388184e-02
6.654241681098937988e-02
6.650789082050323486e-02
6.647353619337081909e-02
6.643922626972198486e-02
6.640511006116867065e-02
6.637106090784072876e-02
6.633713841438293457e-02
6.630332022905349731e-02
6.626962870359420776e-02
6.623604893684387207e-02
6.620261818170547485e-02
6.616926193237304688e-02
6.613602489233016968e-02
6.610292196273803711e-02
6.606991589069366455e-02
6.603699922561645508e-02
6.600423157215118408e-02
6.597154587507247925e-02
6.593903154134750366e-02
6.590656191110610962e-02
6.587424129247665405e-02
6.584203243255615234e-02
6.580989062786102295e-02
6.577789038419723511e-02
6.574602425098419189e-02
6.571423262357711792e-02
6.568253040313720703e-02
6.565099209547042847e-02
6.561951339244842529e-02
6.558816879987716675e-02
6.555690616369247437e-02
6.552577018737792969e-02
6.549476087093353271e-02
6.546378880739212036e-02
6.543299555778503418e-02
6.540226936340332031e-02
6.537167727947235107e-02
6.534120440483093262e-02
6.531079113483428955e-02
6.528043746948242188e-02
6.525026261806488037e-02
6.522017717361450195e-02
6.519018858671188354e-02
6.516032665967941284e-02
6.513050198554992676e-02
6.510083377361297607e-02
6.507126241922378540e-02
6.504176557064056396e-02
6.501238793134689331e-02
6.498309224843978882e-02
6.495393067598342896e-02
6.492482125759124756e-02
6.489583849906921387e-02
6.486692279577255249e-02
6.483817100524902344e-02
6.480944156646728516e-02
6.478086858987808228e-02
6.475234031677246094e-02
6.472390890121459961e-02
6.469561904668807983e-02
6.466739624738693237e-02
6.463925540447235107e-02
6.461125612258911133e-02
6.458327919244766235e-02
6.455544382333755493e-02
6.452771276235580444e-02
6.450003385543823242e-02
6.447246670722961426e-02
6.444497406482696533e-02
6.441757827997207642e-02
6.439025700092315674e-02
6.436302512884140015e-02
6.433591246604919434e-02
6.430886685848236084e-02
6.428192555904388428e-02
6.425507366657257080e-02
6.422828137874603271e-02
6.420157104730606079e-02
6.417497247457504272e-02
6.414848566055297852e-02
6.412202119827270508e-02
6.409570574760437012e-02
6.406942754983901978e-02
6.404323130846023560e-02
6.401713192462921143e-02
6.399107724428176880e-02
6.396514922380447388e-02
6.393927335739135742e-02
6.391350179910659790e-02
6.388781219720840454e-02
6.386218219995498657e-02
6.383665651082992554e-02
6.381117552518844604e-02
6.378579139709472656e-02
6.376045197248458862e-02
6.373520195484161377e-02
6.371000409126281738e-02
6.368499249219894409e-02
6.365993618965148926e-02
6.363498419523239136e-02
6.361018866300582886e-02
6.358536332845687866e-02
6.356062740087509155e-02
6.353596597909927368e-02
6.351135671138763428e-02
6.348688900470733643e-02
6.346242874860763550e-02
6.343810260295867920e-02
6.341376900672912598e-02
6.338951736688613892e-02
6.336536258459091187e-02
6.334127485752105713e-02
6.331720203161239624e-02
6.329327821731567383e-02
6.326935440301895142e-02
6.324553489685058594e-02
6.322173774242401123e-02
6.319799274206161499e-02
6.317435204982757568e-02
6.315075606107711792e-02
6.312719732522964478e-02
6.310373544692993164e-02
6.308038532733917236e-02
6.305699795484542847e-02
6.303367763757705688e-02
6.301043927669525146e-02
6.298726797103881836e-02
6.296414881944656372e-02
6.294105947017669678e-02
6.291802972555160522e-02
6.289508193731307983e-02
6.287217885255813599e-02
6.284932047128677368e-02
6.282649189233779907e-02
6.280378252267837524e-02
6.278105825185775757e-02
6.275844573974609375e-02
6.273582577705383301e-02
6.271331012248992920e-02
6.269075721502304077e-02
6.266836076974868774e-02
6.264595687389373779e-02
6.262359768152236938e-02
6.260128319263458252e-02
6.257902085781097412e-02
6.255679577589035034e-02
6.253466010093688965e-02
6.251254677772521973e-02
6.249041855335235596e-02
6.246839836239814758e-02
6.244634836912155151e-02
6.242439150810241699e-02
6.240251287817955017e-02
6.238065287470817566e-02
6.235882267355918884e-02
6.233697384595870972e-02
6.231525540351867676e-02
6.229352578520774841e-02
6.227181106805801392e-02
6.225016713142395020e-02
6.222854182124137878e-02
6.220696866512298584e-02
6.218540295958518982e-02
6.216391921043395996e-02
6.214236468076705933e-02
6.212098151445388794e-02
6.209957227110862732e-02
6.207820028066635132e-02
6.205683201551437378e-02
6.203548610210418701e-02
6.201420724391937256e-02
6.199295073747634888e-02
6.197170913219451904e-02
6.195046007633209229e-02
6.192928925156593323e-02
6.190813332796096802e-02
6.188698485493659973e-02
6.186588108539581299e-02
6.184480339288711548e-02
6.182371079921722412e-02
6.180272251367568970e-02
6.178173795342445374e-02
6.176072359085083008e-02
6.173973158001899719e-02
6.171880289912223816e-02
6.169788911938667297e-02
6.167698651552200317e-02
6.165609881281852722e-02
6.163521856069564819e-02
6.161433830857276917e-02
6.159350648522377014e-02
6.157271191477775574e-02
6.155190244317054749e-02
6.153111904859542847e-02
6.151033565402030945e-02
6.148954853415489197e-02
6.146883219480514526e-02
6.144814565777778625e-02
6.142742186784744263e-02
6.140669062733650208e-02
6.138603389263153076e-02
6.136529520153999329e-02
6.134464964270591736e-02
6.132398918271064758e-02
6.130336597561836243e-02
6.128273531794548035e-02
6.126207485795021057e-02
6.124144047498703003e-02
6.122083216905593872e-02
6.120022013783454895e-02
6.117961928248405457e-02
6.115900352597236633e-02
6.113844364881515503e-02
6.111783161759376526e-02
6.109727546572685242e-02
6.107667833566665649e-02
6.105608120560646057e-02
6.103551015257835388e-02
6.101493909955024719e-02
6.099439412355422974e-02
6.097381934523582458e-02
6.095323339104652405e-02
6.093266978859901428e-02
6.091208755970001221e-02
6.089153885841369629e-02
6.087096408009529114e-02
6.085041165351867676e-02
6.082979589700698853e-02
6.080922484397888184e-02
6.078866496682167053e-02
6.076805666089057922e-02
6.074744090437889099e-02
6.072684749960899353e-02
6.070624664425849915e-02
6.068563833832740784e-02
6.066504120826721191e-02
6.064440310001373291e-02
6.062377244234085083e-02
6.060313433408737183e-02
6.058249250054359436e-02
6.056178733706474304e-02
6.054116412997245789e-02
6.052048876881599426e-02
6.049981340765953064e-02
6.047914922237396240e-02
6.045845150947570801e-02
6.043770909309387207e-02
6.041698157787322998e-02
6.039627641439437866e-02
6.037551909685134888e-02
6.035472825169563293e-02
6.033398211002349854e-02
6.031315028667449951e-02
6.029235944151878357e-02
6.027152761816978455e-02
6.025071442127227783e-02
6.022986769676208496e-02
6.020899862051010132e-02
6.018814817070960999e-02
6.016722694039344788e-02
6.014629825949668884e-02
6.012537702918052673e-02
6.010443717241287231e-02
6.008345261216163635e-02
6.006245315074920654e-02
6.004149839282035828e-02
6.002045050263404846e-02
5.999942123889923096e-02
5.997833237051963806e-02
5.995731800794601440e-02
5.993616580963134766e-02
5.991505458950996399e-02
5.989390984177589417e-02
5.987277626991271973e-02
5.985160171985626221e-02
5.983034893870353699e-02
5.980917811393737793e-02
5.978792533278465271e-02
5.976662412285804749e-02
5.974532663822174072e-02
5.972403660416603088e-02
5.970269069075584412e-02
5.968131497502326965e-02
5.965998768806457520e-02
5.963854491710662842e-02
5.961709097027778625e-02
5.959567427635192871e-02
5.957419425249099731e-02
5.955268070101737976e-02
5.953112989664077759e-02
5.950962007045745850e-02
5.948802083730697632e-02
5.946642905473709106e-02
5.944477766752243042e-02
5.942312255501747131e-02
5.940148606896400452e-02
5.937975272536277771e-02
5.935804545879364014e-02
5.933628231287002563e-02
5.931452661752700806e-02
5.929269641637802124e-02
5.927085131406784058e-02
5.924900621175765991e-02
5.922709405422210693e-02
5.920517817139625549e-02
5.918323993682861328e-02
5.916129052639007568e-02
5.913925543427467346e-02
5.911727622151374817e-02
5.909524857997894287e-02
5.907316133379936218e-02
5.905105546116828918e-02
5.902891978621482849e-02
5.900676921010017395e-02
5.898458138108253479e-02
5.896240845322608948e-02
5.894015729427337646e-02
5.891788378357887268e-02
5.889562144875526428e-02
5.887329950928688049e-02
5.885096639394760132e-02
5.882857367396354675e-02
5.880618095397949219e-02
5.878376588225364685e-02
5.876132845878601074e-02
5.873883143067359924e-02
5.871630832552909851e-02
5.869378894567489624e-02
5.867123231291770935e-02
5.864866450428962708e-02
5.862599611282348633e-02
5.860342085361480713e-02
5.858072265982627869e-02
5.855806544423103333e-02
5.853534117341041565e-02
5.851259827613830566e-02
5.848984047770500183e-02
5.846704542636871338e-02
5.844420194625854492e-02
5.842134729027748108e-02
5.839847400784492493e-02
5.837558582425117493e-02
5.835264548659324646e-02
5.832971632480621338e-02
5.830674245953559875e-02
5.828371644020080566e-02
5.826070532202720642e-02
5.823762714862823486e-02
5.821460485458374023e-02
5.819147825241088867e-02
5.816833674907684326e-02
5.814519152045249939e-02
5.812202021479606628e-02
5.809884518384933472e-02
5.807562544941902161e-02
5.805234611034393311e-02
5.802908167243003845e-02
5.800574645400047302e-02
5.798245593905448914e-02
5.795910209417343140e-02
5.793574079871177673e-02
5.791236460208892822e-02
5.788897722959518433e-02
5.786550790071487427e-02
5.784208700060844421e-02
5.781860277056694031e-02
5.779507011175155640e-02
5.777155607938766479e-02
5.774798989295959473e-02
5.772443860769271851e-02
5.770080164074897766e-02
5.767722427845001221e-02
5.765359103679656982e-02
5.762991309165954590e-02
5.760626494884490967e-02
5.758254230022430420e-02
5.755883082747459412e-02
5.753510072827339172e-02
5.751133710145950317e-02
5.748754739761352539e-02
5.746373161673545837e-02
5.743990465998649597e-02
5.741611495614051819e-02
5.739221349358558655e-02
5.736832693219184875e-02
5.734444037079811096e-02
5.732051655650138855e-02
5.729654431343078613e-02
5.727258324623107910e-02
5.724861845374107361e-02
5.722464621067047119e-02
5.720057338476181030e-02
5.717657878994941711e-02
5.715251713991165161e-02
5.712845921516418457e-02
5.710436776280403137e-02
5.708028376102447510e-02
5.705611407756805420e-02
5.703202635049819946e-02
5.700785666704177856e-02
5.698367208242416382e-02
5.695952475070953369e-02
5.693523213267326355e-02
5.691106989979743958e-02
5.688682943582534790e-02
5.686253681778907776e-02
5.683829262852668762e-02
5.681401863694190979e-02
5.678974837064743042e-02
5.676540732383728027e-02
5.674108490347862244e-02
5.671669915318489075e-02
5.669235438108444214e-02
5.666799098253250122e-02
5.664359405636787415e-02
5.661919713020324707e-02
5.659481137990951538e-02
5.657035484910011292e-02
5.654594302177429199e-02
5.652146413922309875e-02
5.649701133370399475e-02
5.647253245115280151e-02
5.644803866744041443e-02
5.642357096076011658e-02
5.639903619885444641e-02
5.637456476688385010e-02
5.635002255439758301e-02
5.632551759481430054e-02
5.630090832710266113e-02
5.627635121345520020e-02
5.625177919864654541e-02
5.622719600796699524e-02
5.620264634490013123e-02
5.617803335189819336e-02
5.615344271063804626e-02
5.612880736589431763e-02
5.610418692231178284e-02
5.607956275343894958e-02
5.605494603514671326e-02
5.603031814098358154e-02
5.600566789507865906e-02
5.598101764917373657e-02
5.595629289746284485e-02
5.593166127800941467e-02
5.590698495507240295e-02
5.588232353329658508e-02
5.585763975977897644e-02
5.583296716213226318e-02
5.580826476216316223e-02
5.578357726335525513e-02
5.575886368751525879e-02
5.573420226573944092e-02
5.570947378873825073e-02
5.568481236696243286e-02
5.566009506583213806e-02
5.563542246818542480e-02
5.561070889234542847e-02
5.558599531650543213e-02
5.556128546595573425e-02
5.553657561540603638e-02
5.551189184188842773e-02
5.548718199133872986e-02
5.546248704195022583e-02
5.543778464198112488e-02
5.541308224201202393e-02
5.538837611675262451e-02
5.536365881562232971e-02
5.533898994326591492e-02
5.531433224678039551e-02
5.528963357210159302e-02
5.526494607329368591e-02
5.524031817913055420e-02
5.521561577916145325e-02
5.519095063209533691e-02
5.516628175973892212e-02
5.514164268970489502e-02
5.511703714728355408e-02
5.509240925312042236e-02
5.506775900721549988e-02
5.504316836595535278e-02
5.501850321888923645e-02
5.499390140175819397e-02
5.496932193636894226e-02
5.494474619626998901e-02
5.492018908262252808e-02
5.489559844136238098e-02
5.487108230590820312e-02
5.484651029109954834e-02
5.482197552919387817e-02
5.479747056961059570e-02
5.477296188473701477e-02
5.474846437573432922e-02
5.472397059202194214e-02
5.469949916005134583e-02
5.467506870627403259e-02
5.465062335133552551e-02
5.462617054581642151e-02
5.460178107023239136e-02
5.457736179232597351e-02
5.455297976732254028e-02
5.452863499522209167e-02
5.450427532196044922e-02
5.447990074753761292e-02
5.445562303066253662e-02
5.443128570914268494e-02
5.440703034400939941e-02
5.438278615474700928e-02
5.435851961374282837e-02
5.433429777622222900e-02
5.431009456515312195e-02
5.428585782647132874e-02
5.426172167062759399e-02
5.423755943775177002e-02
5.421342328190803528e-02
5.418926849961280823e-02
5.416519194841384888e-02
5.414111167192459106e-02
5.411703512072563171e-02
5.409302562475204468e-02
5.406901985406875610e-02
5.404503270983695984e-02
5.402104929089546204e-02
5.399711057543754578e-02
5.397317185997962952e-02
5.394928157329559326e-02
5.392539128661155701e-02
5.390153452754020691e-02
5.387771874666213989e-02
5.385389924049377441e-02
5.383012071251869202e-02
5.380633473396301270e-02
5.378260463476181030e-02
5.375888198614120483e-02
5.373518168926239014e-02
5.371150001883506775e-02
5.368785560131072998e-02
5.366423353552818298e-02
5.364067107439041138e-02
5.361706763505935669e-02
5.359353125095367432e-02
5.357002466917037964e-02
5.354654043912887573e-02
5.352304130792617798e-02
5.349962413311004639e-02
5.347618460655212402e-02
5.345277860760688782e-02
5.342942103743553162e-02
5.340610072016716003e-02
5.338274314999580383e-02
5.335945636034011841e-02
5.333621799945831299e-02
5.331295728683471680e-02
5.328975990414619446e-02
5.326655134558677673e-02
5.324341356754302979e-02
5.322027206420898438e-02
5.319714918732643127e-02
5.317407473921775818e-02
5.315101146697998047e-02
5.312796682119369507e-02
5.310498550534248352e-02
5.308197811245918274e-02
5.305903032422065735e-02
5.303609371185302734e-02
5.301319807767868042e-02
5.299030989408493042e-02
5.296747386455535889e-02
5.294461548328399658e-02
5.292188003659248352e-02
5.289907008409500122e-02
5.287635326385498047e-02
5.285362526774406433e-02
5.283093824982643127e-02
5.280826613306999207e-02
5.278561636805534363e-02
5.276297777891159058e-02
5.274042114615440369e-02
5.271782353520393372e-02
5.269530043005943298e-02
5.267281085252761841e-02
5.265029892325401306e-02
5.262781307101249695e-02
5.260539427399635315e-02
5.258297175168991089e-02
5.256057903170585632e-02
5.253822728991508484e-02
5.251586809754371643e-02
5.249357968568801880e-02
5.247127637267112732e-02
5.244896188378334045e-02
5.242673680186271667e-02
5.240452662110328674e-02
5.238233134150505066e-02
5.236013978719711304e-02
5.233797058463096619e-02
5.231585726141929626e-02
5.229374021291732788e-02
5.227167159318923950e-02
5.224959924817085266e-02
5.222758278250694275e-02
5.220559984445571899e-02
5.218357592821121216e-02
5.216160044074058533e-02
5.213966220617294312e-02
5.211773887276649475e-02
5.209582671523094177e-02
5.207396671175956726e-02
5.205212906002998352e-02
5.203027278184890747e-02
5.200845003128051758e-02
5.198668316006660461e-02
5.196492001414299011e-02
5.194314941763877869e-02
5.192142724990844727e-02
5.189973860979080200e-02
5.187803134322166443e-02
5.185640975832939148e-02
5.183475092053413391e-02
5.181315541267395020e-02
5.179154127836227417e-02
5.176996439695358276e-02
5.174841359257698059e-02
5.172687768936157227e-02
5.170536786317825317e-02
5.168388783931732178e-02
5.166241899132728577e-02
5.164092779159545898e-02
5.161950364708900452e-02
5.159814655780792236e-02
5.157673358917236328e-02
5.155538395047187805e-02
5.153403431177139282e-02
5.151266977190971375e-02
5.149138718843460083e-02
5.147013813257217407e-02
5.144882574677467346e-02
5.142758786678314209e-02
5.140639841556549072e-02
5.138515681028366089e-02
5.136397853493690491e-02
5.134281516075134277e-02
5.132167413830757141e-02
5.130051448941230774e-02
5.127944052219390869e-02
5.125834792852401733e-02
5.123729258775711060e-02
5.121621862053871155e-02
5.119524151086807251e-02
5.117418989539146423e-02
5.115320533514022827e-02
5.113223567605018616e-02
5.111127719283103943e-02
5.109035968780517578e-02
5.106944218277931213e-02
5.104854702949523926e-02
5.102767422795295715e-02
5.100684985518455505e-02
5.098599195480346680e-02
5.096516758203506470e-02
5.094441026449203491e-02
5.092361941933631897e-02
5.090283975005149841e-02
5.088211596012115479e-02
5.086142942309379578e-02
5.084074288606643677e-02
5.082005634903907776e-02
5.079942196607589722e-02
5.077875033020973206e-02
5.075815320014953613e-02
5.073754489421844482e-02
5.071695148944854736e-02
5.069642513990402222e-02
5.067588016390800476e-02
5.065535381436347961e-02
5.063483491539955139e-02
5.061436817049980164e-02
5.059390142560005188e-02
5.057347938418388367e-02
5.055306479334831238e-02
5.053266137838363647e-02
5.051228404045104980e-02
5.049193650484085083e-02
5.047157779335975647e-02
5.045125260949134827e-02
5.043094977736473083e-02
5.041066929697990417e-02
5.039040371775627136e-02
5.037016794085502625e-02
5.034990608692169189e-02
5.032971501350402832e-02
5.030952766537666321e-02
5.028936266899108887e-02
5.026922374963760376e-02
5.024906992912292480e-02
5.022897198796272278e-02
5.020886287093162537e-02
5.018880218267440796e-02
5.016871169209480286e-02
5.014866963028907776e-02
5.012866854667663574e-02
5.010867863893508911e-02
5.008871480822563171e-02
5.006872490048408508e-02
5.004877597093582153e-02
5.002884194254875183e-02
5.000891909003257751e-02
4.998904466629028320e-02
4.996915906667709351e-02
4.994931444525718689e-02
4.992948099970817566e-02
4.990965873003005981e-02
4.988986998796463013e-02
4.987009987235069275e-02
4.985032603144645691e-02
4.983060061931610107e-02
4.981084540486335754e-02
4.979112744331359863e-02
4.977141320705413818e-02
4.975175112485885620e-02
4.973208531737327576e-02
4.971244558691978455e-02
4.969283193349838257e-02
4.967320710420608521e-02
4.965362325310707092e-02
4.963406175374984741e-02
4.961451143026351929e-02
4.959496483206748962e-02
4.957540705800056458e-02
4.955590888857841492e-02
4.953642562031745911e-02
4.951695352792739868e-02
4.949744790792465210e-02
4.947803169488906860e-02
4.945860058069229126e-02
4.943918436765670776e-02
4.941980540752410889e-02
4.940041527152061462e-02
4.938102886080741882e-02
4.936168715357780457e-02
4.934233054518699646e-02
4.932301491498947144e-02
4.930368810892105103e-02
4.928442090749740601e-02
4.926513135433197021e-02
4.924589395523071289e-02
4.922663420438766479e-02
4.920739680528640747e-02
4.918818548321723938e-02
4.916896671056747437e-02
4.914978519082069397e-02
4.913062974810600281e-02
4.911147058010101318e-02
4.909228533506393433e-02
4.907317832112312317e-02
4.905404523015022278e-02
4.903494194149971008e-02
4.901585355401039124e-02
4.899677261710166931e-02
4.897768050432205200e-02
4.895861074328422546e-02
4.893956705927848816e-02
4.892054945230484009e-02
4.890154674649238586e-02
4.888253659009933472e-02
4.886354506015777588e-02
4.884456470608711243e-02
4.882556945085525513e-02
4.880661889910697937e-02
4.878765717148780823e-02
4.876876994967460632e-02
4.874984174966812134e-02
4.873095080256462097e-02
4.871202260255813599e-02
4.869313538074493408e-02
4.867423325777053833e-02
4.865540936589241028e-02
4.863655567169189453e-02
4.861772432923316956e-02
4.859890043735504150e-02
4.858009517192840576e-02
4.856126010417938232e-02
4.854246228933334351e-02
4.852367565035820007e-02
4.850491136312484741e-02
4.848616942763328552e-02
4.846736043691635132e-02
4.844860732555389404e-02
4.842988401651382446e-02
4.841115698218345642e-02
4.839245602488517761e-02
4.837371036410331726e-02
4.835504665970802307e-02
4.833638668060302734e-02
4.831771180033683777e-02
4.829904064536094666e-02
4.828036576509475708e-02
4.826172813773155212e-02
4.824312031269073486e-02
4.822448268532752991e-02
4.820589348673820496e-02
4.818724468350410461e-02
4.816861823201179504e-02
4.815002530813217163e-02
4.813146591186523438e-02
4.811289161443710327e-02
4.809429869055747986e-02
4.807576164603233337e-02
4.805721715092658997e-02
4.803865030407905579e-02
4.802012816071510315e-02
4.800163581967353821e-02
4.798309877514839172e-02
4.796459153294563293e-02
4.794609919190406799e-02
4.792761057615280151e-02
4.790913686156272888e-02
4.789062961935997009e-02
4.787220433354377747e-02
4.785369709134101868e-02
4.783526062965393066e-02
4.781679809093475342e-02
4.779837280511856079e-02
4.777995869517326355e-02
4.776152968406677246e-02
4.774311184883117676e-02
4.772471264004707336e-02
4.770629853010177612e-02
4.768791422247886658e-02
4.766950756311416626e-02
4.765113815665245056e-02
4.763279855251312256e-02
4.761442914605140686e-02
4.759608954191207886e-02
4.757771641016006470e-02
4.755935817956924438e-02
4.754098877310752869e-02
4.752269387245178223e-02
4.750436544418334961e-02
4.748603329062461853e-02
4.746775701642036438e-02
4.744945839047431946e-02
4.743112251162528992e-02
4.741283133625984192e-02
4.739454388618469238e-02
4.737626388669013977e-02
4.735796526074409485e-02
4.733972996473312378e-02
4.732147231698036194e-02
4.730320721864700317e-02
4.728496819734573364e-02
4.726671427488327026e-02
4.724848270416259766e-02
4.723025485873222351e-02
4.721203073859214783e-02
4.719382151961326599e-02
4.717563092708587646e-02
4.715740680694580078e-02
4.713918641209602356e-02
4.712100699543952942e-02
4.710281267762184143e-02
4.708462208509445190e-02
4.706646502017974854e-02
4.704828932881355286e-02
4.703013971447944641e-02
4.701195284724235535e-02
4.699382185935974121e-02
4.697569087147712708e-02
4.695753753185272217e-02
4.693941399455070496e-02
4.692128300666809082e-02
4.690316319465637207e-02
4.688503965735435486e-02
4.686694592237472534e-02
4.684882983565330505e-02
4.683077335357666016e-02
4.681267216801643372e-02
4.679457470774650574e-02
4.677649214863777161e-02
4.675840958952903748e-02
4.674036428332328796e-02
4.672227799892425537e-02
4.670420661568641663e-02
4.668618366122245789e-02
4.666811972856521606e-02
4.665009677410125732e-02
4.663207009434700012e-02
4.661406576633453369e-02
4.659602418541908264e-02
4.657801240682601929e-02
4.655998572707176208e-02
4.654200747609138489e-02
4.652399197220802307e-02
4.650600254535675049e-02
4.648803919553756714e-02
4.647004231810569763e-02
4.645207524299621582e-02
4.643410816788673401e-02
4.641614481806755066e-02
4.639820381999015808e-02
4.638024047017097473e-02
4.636230319738388062e-02
4.634440317749977112e-02
4.632643237709999084e-02
4.630851373076438904e-02
4.629059135913848877e-02
4.627268761396408081e-02
4.625478014349937439e-02
4.623686149716377258e-02
4.621899873018264771e-02
4.620108753442764282e-02
4.618319496512413025e-02
4.616533592343330383e-02
4.614746943116188049e-02
4.612963646650314331e-02
4.611174017190933228e-02
4.609388485550880432e-02
4.607607051730155945e-02
4.605819284915924072e-02
4.604036360979080200e-02
4.602254554629325867e-02
4.600473120808601379e-02
4.598692059516906738e-02
4.596910625696182251e-02
4.595135524868965149e-02
4.593355208635330200e-02
4.591577127575874329e-02
4.589797183871269226e-02
4.588021337985992432e-02
4.586243629455566406e-02
4.584468901157379150e-02
4.582690075039863586e-02
4.580919817090034485e-02
4.579147323966026306e-02
4.577369987964630127e-02
4.575597122311592102e-02
4.573826119303703308e-02
4.572054743766784668e-02
4.570285230875015259e-02
4.568513855338096619e-02
4.566747322678565979e-02
4.564978182315826416e-02
4.563212394714355469e-02
4.561439529061317444e-02
4.559675976634025574e-02
4.557911679148674011e-02
4.556143656373023987e-02
4.554378241300582886e-02
4.552618414163589478e-02
4.550857469439506531e-02
4.549092426896095276e-02
4.547332227230072021e-02
4.545569047331809998e-02
4.543809965252876282e-02
4.542052745819091797e-02
4.540290310978889465e-02
4.538532346487045288e-02
4.536778107285499573e-02
4.535023495554924011e-02
4.533264040946960449e-02
4.531513527035713196e-02
4.529755935072898865e-02
4.528003185987472534e-02
4.526252672076225281e-02
4.524502903223037720e-02
4.522749036550521851e-02
4.520997777581214905e-02
4.519250616431236267e-02
4.517501220107078552e-02
4.515751451253890991e-02
4.514007270336151123e-02
4.512257128953933716e-02
4.510514438152313232e-02
4.508769884705543518e-02
4.507026076316833496e-02
4.505283758044242859e-02
4.503539949655532837e-02
4.501798376441001892e-02
4.500057175755500793e-02
4.498319327831268311e-02
4.496578499674797058e-02
4.494839906692504883e-02
4.493105784058570862e-02
4.491366073489189148e-02
4.489630460739135742e-02
4.487897828221321106e-02
4.486163333058357239e-02
4.484431818127632141e-02
4.482699930667877197e-02
4.480967298150062561e-02
4.479235038161277771e-02
4.477505385875701904e-02
4.475777596235275269e-02
4.474049434065818787e-02
4.472323134541511536e-02
4.470596089959144592e-02
4.468871653079986572e-02
4.467147961258888245e-02
4.465424641966819763e-02
4.463701322674751282e-02
4.461979866027832031e-02
4.460256546735763550e-02
4.458537325263023376e-02
4.456821084022521973e-02
4.455102980136871338e-02
4.453384876251220703e-02
4.451667889952659607e-02
4.449953883886337280e-02
4.448238387703895569e-02
4.446524381637573242e-02
4.444808885455131531e-02
4.443100467324256897e-02
4.441389068961143494e-02
4.439679533243179321e-02
4.437972232699394226e-02
4.436265304684638977e-02
4.434557631611824036e-02
4.432852566242218018e-02
4.431144893169403076e-02
4.429441690444946289e-02
4.427738115191459656e-02
4.426036775112152100e-02
4.424336552619934082e-02
4.422635212540626526e-02
4.420934990048408508e-02
4.419238492846488953e-02
4.417541623115539551e-02
4.415845498442649841e-02
4.414146766066551208e-02
4.412456229329109192e-02
4.410760104656219482e-02
4.409071430563926697e-02
4.407377913594245911e-02
4.405687004327774048e-02
4.403999447822570801e-02
4.402310773730278015e-02
4.400624334812164307e-02
4.398937895894050598e-02
4.397252202033996582e-02
4.395567253232002258e-02
4.393884167075157166e-02
4.392202571034431458e-02
4.390521720051765442e-02
4.388837888836860657e-02
4.387160390615463257e-02
4.385482147336006165e-02
4.383805021643638611e-02
4.382131621241569519e-02
4.380454123020172119e-02
4.378781095147132874e-02
4.377108067274093628e-02
4.375436902046203613e-02
4.373764246702194214e-02
4.372100159525871277e-02
4.370429366827011108e-02
4.368763789534568787e-02
4.367096722126007080e-02
4.365429654717445374e-02
4.363767802715301514e-02
4.362103343009948730e-02
4.360439628362655640e-02
4.358782246708869934e-02
4.357118904590606689e-02
4.355463758111000061e-02
4.353805631399154663e-02
4.352149367332458496e-02
4.350492730736732483e-02
4.348839074373245239e-02
4.347184672951698303e-02
4.345533996820449829e-02
4.343881458044052124e-02
4.342233389616012573e-02
4.340586438775062561e-02
4.338935390114784241e-02
4.337292909622192383e-02
4.335647821426391602e-02
4.334002733230590820e-02
4.332361370325088501e-02
4.330716654658317566e-02
4.329078271985054016e-02
4.327437654137611389e-02
4.325800389051437378e-02
4.324163123965263367e-02
4.322525486350059509e-02
4.320893064141273499e-02
4.319258779287338257e-02
4.317627847194671631e-02
4.315997660160064697e-02
4.314366355538368225e-02
4.312735423445701599e-02
4.311109334230422974e-02
4.309483617544174194e-02
4.307859763503074646e-02
4.306233674287796021e-02
4.304610937833786011e-02
4.302990809082984924e-02
4.301369190216064453e-02
4.299751296639442444e-02
4.298132658004760742e-02
4.296513646841049194e-02
4.294898360967636108e-02
4.293284192681312561e-02
4.291670769453048706e-02
4.290058836340904236e-02
4.288449138402938843e-02
4.286838695406913757e-02
4.285228997468948364e-02
4.283623397350311279e-02
4.282017052173614502e-02
4.280411079525947571e-02
4.278807714581489563e-02
4.277205467224121094e-02
4.275605827569961548e-02
4.274005442857742310e-02
4.272406920790672302e-02
4.270810633897781372e-02
4.269215092062950134e-02
4.267620667815208435e-02
4.266028478741645813e-02
4.264433681964874268e-02
4.262842983007431030e-02
4.261251911520957947e-02
4.259663447737693787e-02
4.258077219128608704e-02
4.256488755345344543e-02
4.254905134439468384e-02
4.253321513533592224e-02
4.251739755272865295e-02
4.250158369541168213e-02
4.248579218983650208e-02
4.246999323368072510e-02
4.245424270629882812e-02
4.243846610188484192e-02
4.242273047566413879e-02
4.240699112415313721e-02
4.239126667380332947e-02
4.237552732229232788e-02
4.235986620187759399e-02
4.234417155385017395e-02
4.232851043343544006e-02
4.231283813714981079e-02
4.229719564318656921e-02
4.228158295154571533e-02
4.226596653461456299e-02
4.225036129355430603e-02
4.223476350307464600e-02
4.221917316317558289e-02
4.220364615321159363e-02
4.218804091215133667e-02
4.217250272631645203e-02
4.215699806809425354e-02
4.214146360754966736e-02
4.212596267461776733e-02
4.211046919226646423e-02
4.209502413868904114e-02
4.207957908511161804e-02
4.206407070159912109e-02
4.204866662621498108e-02
4.203324392437934875e-02
4.201782867312431335e-02
4.200244694948196411e-02
4.198703914880752563e-02
4.197168722748756409e-02
4.195634275674819946e-02
4.194097593426704407e-02
4.192564263939857483e-02
4.191033914685249329e-02
4.189501330256462097e-02
4.187975451350212097e-02
4.186445474624633789e-02
4.184919595718383789e-02
4.183394834399223328e-02
4.181871190667152405e-02
4.180347174406051636e-02
4.178826883435249329e-02
4.177308455109596252e-02
4.175788909196853638e-02
4.174271970987319946e-02
4.172753542661666870e-02
4.171243309974670410e-02
4.169727489352226257e-02
4.168217256665229797e-02
4.166708514094352722e-02
4.165195673704147339e-02
4.163689911365509033e-02
4.162184521555900574e-02
4.160680994391441345e-02
4.159175977110862732e-02
4.157671704888343811e-02
4.156174510717391968e-02
4.154673218727111816e-02
4.153173044323921204e-02
4.151676222681999207e-02
4.150179028511047363e-02
4.148685559630393982e-02
4.147191718220710754e-02
4.145698621869087219e-02
4.144209623336791992e-02
4.142721742391586304e-02
4.141236096620559692e-02
4.139750078320503235e-02
4.138262942433357239e-02
4.136779904365539551e-02
4.135297238826751709e-02
4.133817553520202637e-02
4.132338985800743103e-02
4.130863770842552185e-02
4.129384085536003113e-02
4.127908498048782349e-02
4.126434028148651123e-02
4.124962538480758667e-02
4.123491421341896057e-02
4.122021049261093140e-02
4.120550304651260376e-02
4.119087010622024536e-02
4.117621481418609619e-02
4.116156324744224548e-02
4.114694520831108093e-02
4.113230854272842407e-02
4.111770540475845337e-02
4.110313951969146729e-02
4.108855500817298889e-02
4.107400029897689819e-02
4.105944931507110596e-02
4.104488715529441833e-02
4.103038460016250610e-02
4.101590812206268311e-02
4.100139066576957703e-02
4.098688811063766479e-02
4.097243770956993103e-02
4.095800220966339111e-02
4.094352945685386658e-02
4.092912748456001282e-02
4.091470316052436829e-02
4.090031236410140991e-02
4.088591411709785461e-02
4.087156802415847778e-02
4.085721820592880249e-02
4.084284976124763489e-02
4.082854464650154114e-02
4.081419110298156738e-02
4.079987853765487671e-02
4.078562185168266296e-02
4.077136516571044922e-02
4.075706750154495239e-02
4.074280709028244019e-02
4.072858020663261414e-02
4.071436822414398193e-02
4.070017114281654358e-02
4.068594798445701599e-02
4.067178070545196533e-02
4.065763205289840698e-02
4.064347967505455017e-02
4.062934964895248413e-02
4.061522707343101501e-02
4.060112684965133667e-02
4.058700054883956909e-02
4.057294502854347229e-02
4.055885970592498779e-02
4.054480418562889099e-02
4.053075984120368958e-02
4.051673784852027893e-02
4.050270840525627136e-02
4.048869386315345764e-02
4.047470912337303162e-02
4.046073928475379944e-02
4.044675454497337341e-02
4.043281450867652893e-02
4.041886702179908752e-02
4.040494933724403381e-02
4.039106518030166626e-02
4.037715867161750793e-02
4.036327823996543884e-02
4.034939408302307129e-02
4.033553972840309143e-02
4.032170027494430542e-02
4.030789434909820557e-02
4.029407724738121033e-02
4.028026387095451355e-02
4.026648774743080139e-02
4.025272279977798462e-02
4.023893922567367554e-02
4.022518172860145569e-02
4.021145403385162354e-02
4.019772261381149292e-02
4.018401727080345154e-02
4.017031565308570862e-02
4.015665501356124878e-02
4.014297947287559509e-02
4.012930765748023987e-02
4.011568054556846619e-02
4.010206460952758789e-02
4.008843004703521729e-02
4.007482528686523438e-02
4.006125777959823608e-02
4.004769027233123779e-02
4.003411158919334412e-02
4.002054035663604736e-02
4.000702500343322754e-02
3.999349847435951233e-02
3.998000174760818481e-02
3.996647894382476807e-02
3.995301574468612671e-02
3.993951156735420227e-02
3.992607071995735168e-02
3.991263732314109802e-02
3.989918902516365051e-02
3.988575562834739685e-02
3.987234458327293396e-02
3.985894098877906799e-02
3.984555602073669434e-02
3.983218967914581299e-02
3.981883451342582703e-02
3.980546072125434875e-02
3.979215025901794434e-02
3.977883234620094299e-02
3.976554051041603088e-02
3.975223004817962646e-02
3.973892331123352051e-02
3.972567245364189148e-02
3.971238061785697937e-02
3.969914093613624573e-02
3.968594595789909363e-02
3.967269882559776306e-02
3.965949267148971558e-02
3.964629769325256348e-02
3.963308781385421753e-02
3.961994871497154236e-02
3.960678353905677795e-02
3.959364071488380432e-02
3.958050534129142761e-02
3.956735879182815552e-02
3.955428302288055420e-02
3.954116255044937134e-02
3.952809423208236694e-02
3.951500728726387024e-02
3.950193524360656738e-02
3.948888182640075684e-02
3.947582095861434937e-02
3.946282342076301575e-02
3.944978490471839905e-02
3.943680599331855774e-02
3.942381963133811951e-02
3.941082581877708435e-02
3.939785063266754150e-02
3.938490524888038635e-02
3.937196359038352966e-02
3.935901075601577759e-02
3.934610262513160706e-02
3.933318704366683960e-02
3.932028636336326599e-02
3.930738195776939392e-02
3.929451107978820801e-02
3.928165137767791748e-02
3.926881030201911926e-02
3.925595805048942566e-02
3.924311697483062744e-02
3.923029452562332153e-02
3.921750560402870178e-02
3.920469805598258972e-02
3.919190540909767151e-02
3.917913883924484253e-02
3.916634619235992432e-02
3.915360942482948303e-02
3.914087638258934021e-02
3.912812843918800354e-02
3.911541029810905457e-02
3.910269960761070251e-02
3.908998519182205200e-02
3.907728195190429688e-02
3.906461596488952637e-02
3.905194997787475586e-02
3.903931006789207458e-02
3.902665525674819946e-02
3.901402279734611511e-02
3.900138288736343384e-02
3.898874670267105103e-02
3.897616267204284668e-02
3.896357119083404541e-02
3.895097225904464722e-02
3.893838450312614441e-02
3.892581537365913391e-02
3.891326859593391418e-02
3.890069574117660522e-02
3.888815641403198242e-02
3.887564688920974731e-02
3.886311128735542297e-02
3.885062411427497864e-02
3.883810713887214661e-02
3.882561624050140381e-02
3.881314396858215332e-02
3.880068659782409668e-02
3.878820687532424927e-02
3.877576813101768494e-02
3.876331821084022522e-02
3.875089064240455627e-02
3.873844072222709656e-02
3.872605413198471069e-02
3.871364891529083252e-02
3.870122507214546204e-02
3.868884220719337463e-02
3.867644444108009338e-02
3.866410255432128906e-02
3.865174204111099243e-02
3.863938897848129272e-02
3.862702101469039917e-02
3.861467540264129639e-02
3.860235586762428284e-02
3.859004378318786621e-02
3.857773169875144958e-02
3.856541961431503296e-02
3.855311125516891479e-02
3.854082897305488586e-02
3.852856531739234924e-02
3.851628676056861877e-02
3.850402683019638062e-02
3.849177807569503784e-02
3.847951069474220276e-02
3.846728429198265076e-02
3.845504298806190491e-02
3.844282031059265137e-02
3.843062743544578552e-02
3.841839730739593506e-02
3.840618580579757690e-02
3.839401900768280029e-02
3.838182613253593445e-02
3.836966678500175476e-02
3.835747763514518738e-02
3.834531456232070923e-02
3.833315521478652954e-02
3.832100331783294678e-02
3.830886632204055786e-02
3.829674422740936279e-02
3.828462585806846619e-02
3.827248513698577881e-02
3.826035931706428528e-02
3.824827820062637329e-02
3.823618218302726746e-02
3.822407498955726624e-02
3.821198642253875732e-02
3.819990903139114380e-02
3.818784654140472412e-02
3.817576542496681213e-02
3.816370293498039246e-02
3.815163299441337585e-02
3.813958540558815002e-02
3.812754899263381958e-02
3.811553493142127991e-02
3.810350969433784485e-02
3.809147700667381287e-02
3.807944059371948242e-02
3.806745633482933044e-02
3.805542364716529846e-02
3.804341331124305725e-02
3.803142905235290527e-02
3.801946714520454407e-02
3.800745680928230286e-02
3.799548745155334473e-02
3.798352181911468506e-02
3.797155618667602539e-02
3.795959055423736572e-02
3.794763609766960144e-02
3.793567419052124023e-02
3.792375326156616211e-02
3.791179880499839783e-02
3.789985552430152893e-02
3.788792714476585388e-02
3.787600994110107422e-02
3.786408528685569763e-02
3.785217180848121643e-02
3.784028813242912292e-02
3.782834857702255249e-02
3.781646117568016052e-02
3.780457004904747009e-02
3.779268637299537659e-02
3.778079897165298462e-02
3.776890039443969727e-02
3.775702789425849915e-02
3.774515911936759949e-02
3.773327916860580444e-02
3.772144019603729248e-02
3.770958632230758667e-02
3.769774734973907471e-02
3.768588975071907043e-02
3.767403215169906616e-02
3.766217455267906189e-02
3.765033558011054993e-02
3.763851895928382874e-02
3.762670606374740601e-02
3.761485591530799866e-02
3.760305419564247131e-02
3.759121149778366089e-02
3.757941350340843201e-02
3.756761178374290466e-02
3.755581006407737732e-02
3.754399716854095459e-02
3.753221780061721802e-02
3.752042725682258606e-02
3.750864416360855103e-02
3.749684989452362061e-02
3.748507797718048096e-02
3.747329115867614746e-02
3.746152669191360474e-02
3.744975104928016663e-02
3.743797540664672852e-02
3.742621466517448425e-02
3.741448000073432922e-02
3.740273043513298035e-02
3.739096969366073608e-02
3.737921640276908875e-02
3.736747056245803833e-02
3.735573589801788330e-02
3.734399005770683289e-02
3.733226656913757324e-02
3.732053562998771667e-02
3.730882331728935242e-02
3.729709982872009277e-02
3.728536143898963928e-02
3.727365657687187195e-02
3.726195171475410461e-02
3.725023195147514343e-02
3.723851963877677917e-02
3.722681477665901184e-02
3.721510246396064758e-02
3.720341995358467102e-02
3.719171509146690369e-02
3.718002140522003174e-02
3.716833516955375671e-02
3.715665638446807861e-02
3.714497014880180359e-02
3.713328391313552856e-02
3.712161257863044739e-02
3.710993751883506775e-02
3.709826990962028503e-02
3.708659857511520386e-02
3.707493096590042114e-02
3.706326335668563843e-02
3.705161809921264648e-02
3.703995048999786377e-02
3.702829033136367798e-02
3.701664507389068604e-02
3.700500354170799255e-02
3.699336946010589600e-02
3.698170185089111328e-02
3.697005286812782288e-02
3.695843368768692017e-02
3.694678843021392822e-02
3.693515434861183167e-02
3.692351654171943665e-02
3.691189363598823547e-02
3.690027818083763123e-02
3.688864782452583313e-02
3.687702864408493042e-02
3.686541318893432617e-02
3.685382753610610962e-02
3.684219345450401306e-02
3.683057799935340881e-02
3.681898117065429688e-02
3.680735453963279724e-02
3.679575771093368530e-02
3.678415715694427490e-02
3.677255287766456604e-02
3.676095977425575256e-02
3.674936667084693909e-02
3.673777356743812561e-02
3.672618791460990906e-02
3.671461343765258789e-02
3.670302033424377441e-02
3.669143468141555786e-02
3.667984530329704285e-02
3.666825219988822937e-02
3.665668517351150513e-02
3.664511069655418396e-02
3.663354367017745972e-02
3.662197664380073547e-02
3.661037981510162354e-02
3.659886121749877930e-02
3.658729046583175659e-02
3.657570108771324158e-02
3.656416386365890503e-02
3.655258566141128540e-02
3.654104471206665039e-02
3.652949631214141846e-02
3.651793301105499268e-02
3.650639206171035767e-02
3.649486228823661804e-02
3.648329526185989380e-02
3.647176548838615417e-02
3.646022453904151917e-02
3.644866868853569031e-02
3.643713891506195068e-02
3.642559796571731567e-02
3.641406819224357605e-02
3.640252724289894104e-02
3.639099746942520142e-02
3.637949377298355103e-02
3.636793419718742371e-02
3.635642305016517639e-02
3.634491190314292908e-02
3.633338585495948792e-02
3.632185608148574829e-02
3.631032630801200867e-02
3.629881516098976135e-02
3.628730401396751404e-02
3.627577796578407288e-02
3.626428917050361633e-02
3.625277429819107056e-02
3.624125570058822632e-02
3.622974455356597900e-02
3.621823713183403015e-02
3.620670363306999207e-02
3.619522973895072937e-02
3.618372604250907898e-02
3.617224469780921936e-02
3.616073355078697205e-02
3.614922612905502319e-02
3.613772615790367126e-02
3.612624481320381165e-02
3.611475974321365356e-02
3.610325604677200317e-02
3.609175980091094971e-02
3.608026355504989624e-02
3.606878593564033508e-02
3.605729341506958008e-02
3.604579344391822815e-02
3.603434190154075623e-02
3.602284938097000122e-02
3.601137176156044006e-02
3.599989414215087891e-02
3.598841279745101929e-02
3.597692027688026428e-02
3.596546128392219543e-02
3.595398738980293274e-02
3.594249486923217773e-02
3.593100234866142273e-02
3.591953963041305542e-02
3.590808808803558350e-02
3.589661419391632080e-02
3.588515892624855042e-02
3.587368503212928772e-02
3.586221486330032349e-02
3.585074469447135925e-02
3.583926334977149963e-02
3.582782670855522156e-02
3.581635281443595886e-02
3.580489382147789001e-02
3.579343482851982117e-02
3.578197211027145386e-02
3.577052801847457886e-02
3.575904294848442078e-02
3.574758023023605347e-02
3.573613986372947693e-02
3.572467714548110962e-02
3.571322187781333923e-02
3.570175915956497192e-02
3.569030016660690308e-02
3.567883744835853577e-02
3.566738963127136230e-02
3.565593063831329346e-02
3.564447909593582153e-02
3.563300520181655884e-02
3.562156856060028076e-02
3.561012446880340576e-02
3.559866547584533691e-02
3.558721765875816345e-02
3.557576611638069153e-02
3.556431084871292114e-02
3.555288165807723999e-02
3.554140776395797729e-02
3.552996367216110229e-02
3.551850840449333191e-02
3.550705686211585999e-02
3.549559786915779114e-02
3.548415377736091614e-02
3.547269105911254883e-02
3.546126931905746460e-02
3.544981777667999268e-02
3.543838858604431152e-02
3.542691469192504883e-02
3.541545942425727844e-02
3.540401160717010498e-02
3.539258241653442383e-02
3.538110107183456421e-02
3.536967933177947998e-02
3.535823896527290344e-02
3.534678742289543152e-02
3.533532470464706421e-02
3.532389923930168152e-02
3.531240671873092651e-02
3.530101105570793152e-02
3.528953343629837036e-02
3.527810052037239075e-02
3.526664897799491882e-02
3.525519743561744690e-02
3.524373471736907959e-02
3.523230180144309998e-02
3.522086888551712036e-02
3.520936518907546997e-02
3.519792854785919189e-02
3.518647700548171997e-02
3.517503291368484497e-02
3.516358509659767151e-02
3.515213355422019958e-02
3.514065220952033997e-02
3.512921184301376343e-02
3.511773422360420227e-02
3.510627523064613342e-02
3.509483486413955688e-02
3.508337587118148804e-02
3.507192432880401611e-02
3.506046161055564880e-02
3.504900261759757996e-02
3.503754734992980957e-02
3.502609208226203918e-02
3.501462191343307495e-02
3.500316664576530457e-02
3.499170765280723572e-02
3.498023375868797302e-02
3.496877476572990417e-02
3.495730459690093994e-02
3.494583070278167725e-02
3.493437170982360840e-02
3.492290154099464417e-02
3.491143882274627686e-02
3.489998728036880493e-02
3.488849848508834839e-02
3.487701341509819031e-02
3.486555814743041992e-02
3.485406935214996338e-02
3.484261035919189453e-02
3.483112156391143799e-02
3.481964021921157837e-02
3.480818495154380798e-02
3.479671105742454529e-02
3.478522971272468567e-02
3.477373719215393066e-02
3.476228192448616028e-02
3.475079312920570374e-02
3.473930433392524719e-02
3.472783789038658142e-02
3.471632674336433411e-02
3.470481559634208679e-02
3.469336032867431641e-02
3.468186408281326294e-02
3.467037156224250793e-02
3.465886786580085754e-02
3.464737534523010254e-02
3.463586792349815369e-02
3.462437540292739868e-02
3.461289778351783752e-02
3.460138663649559021e-02
3.458991274237632751e-02
3.457839041948318481e-02
3.456687927246093750e-02
3.455537185072898865e-02
3.454387933015823364e-02
3.453237563371658325e-02
3.452086448669433594e-02
3.450933843851089478e-02
3.449782729148864746e-02
3.448630496859550476e-02
3.447478264570236206e-02
3.446326404809951782e-02
3.445173799991607666e-02
3.444021195173263550e-02
3.442869707942008972e-02
3.441715613007545471e-02
3.440564498305320740e-02
3.439410403370857239e-02
3.438258171081542969e-02
3.437102958559989929e-02
3.435949608683586121e-02
3.434794396162033081e-02
3.433642163872718811e-02
3.432488813996315002e-02
3.431333601474761963e-02
3.430179134011268616e-02
3.429024666547775269e-02
3.427869081497192383e-02
3.426713496446609497e-02
3.425560146570205688e-02
3.424402698874473572e-02
3.423247113823890686e-02
3.422091901302337646e-02
3.420935198664665222e-02
3.419779613614082336e-02
3.418624401092529297e-02
3.417465463280677795e-02
3.416309133172035217e-02
3.415152430534362793e-02
3.413993865251541138e-02
3.412837535142898560e-02
3.411679714918136597e-02
3.410521149635314941e-02
3.409363329410552979e-02
3.408205509185791016e-02
3.407047316431999207e-02
3.405887633562088013e-02
3.404726460576057434e-02
3.403568640351295471e-02
3.402408212423324585e-02
3.401247039437294006e-02
3.400088474154472351e-02
3.398929908871650696e-02
3.397767245769500732e-02
3.396609053015708923e-02
3.395447507500648499e-02
3.394287079572677612e-02
3.393123671412467957e-02
3.391962125897407532e-02
3.390797972679138184e-02
3.389636427164077759e-02
3.388474881649017334e-02
3.387312963604927063e-02
3.386149927973747253e-02
3.384985774755477905e-02
3.383823856711387634e-02
3.382660076022148132e-02
3.381494060158729553e-02
3.380332514643669128e-02
3.379167243838310242e-02
3.378001600503921509e-02
3.376838192343711853e-02
3.375673294067382812e-02
3.374505415558815002e-02
3.373342379927635193e-02
3.372175619006156921e-02
3.371006995439529419e-02
3.369842469692230225e-02
3.368676453828811646e-02
3.367508575320243835e-02
3.366341814398765564e-02
3.365173935890197754e-02
3.364004567265510559e-02
3.362835198640823364e-02
3.361668437719345093e-02
3.360499814152717590e-02
3.359332680702209473e-02
3.358162194490432739e-02
3.356994688510894775e-02
3.355824202299118042e-02
3.354655206203460693e-02
3.353484719991683960e-02
3.352314606308937073e-02
3.351143002510070801e-02
3.349971771240234375e-02
3.348800539970397949e-02
3.347628936171531677e-02
3.346458077430725098e-02
3.345285728573799133e-02
3.344111144542694092e-02
3.342940658330917358e-02
3.341767564415931702e-02
3.340594843029975891e-02
3.339418768882751465e-02
3.338245674967765808e-02
3.337071090936660767e-02
3.335896879434585571e-02
3.334721922874450684e-02
3.333545848727226257e-02
3.332372009754180908e-02
3.331196308135986328e-02
3.330022096633911133e-02
3.328844532370567322e-02
3.327668458223342896e-02
3.326489776372909546e-02
3.325315192341804504e-02
3.324137255549430847e-02
3.322958573698997498e-02
3.321782499551773071e-02
3.320603817701339722e-02
3.319427371025085449e-02
3.318248316645622253e-02
3.317068144679069519e-02
3.315887227654457092e-02
3.314710035920143127e-02
3.313530609011650085e-02
3.312350437045097351e-02
3.311171755194664001e-02
3.309989720582962036e-02
3.308811038732528687e-02
3.307626768946647644e-02
3.306446596980094910e-02
3.305263817310333252e-02
3.304083272814750671e-02
3.302899003028869629e-02
3.301716595888137817e-02
3.300534933805465698e-02
3.299352526664733887e-02
3.298167139291763306e-02
3.296985104680061340e-02
3.295802697539329529e-02
3.294615820050239563e-02
3.293431177735328674e-02
3.292245790362358093e-02
3.291059285402297974e-02
3.289875015616416931e-02
3.288690000772476196e-02
3.287505730986595154e-02
3.286316990852355957e-02
3.285129368305206299e-02
3.283945098519325256e-02
3.282755240797996521e-02
3.281567618250846863e-02
3.280379995703697205e-02
3.279192745685577393e-02
3.278005868196487427e-02
3.276817128062248230e-02
3.275626525282859802e-02
3.274438902735710144e-02
3.273248299956321716e-02
3.272056207060813904e-02
3.270866349339485168e-02
3.269678354263305664e-02
3.268485143780708313e-02
3.267296776175498962e-02
3.266102820634841919e-02
3.264913707971572876e-02
3.263719752430915833e-02
3.262526914477348328e-02
3.261335566639900208e-02
3.260142356157302856e-02
3.258949518203735352e-02
3.257756307721138000e-02
3.256563097238540649e-02
3.255366533994674683e-02
3.254174441099166870e-02
3.252977505326271057e-02
3.251784667372703552e-02
3.250588476657867432e-02
3.249392285943031311e-02
3.248197212815284729e-02
3.247001767158508301e-02
3.245805203914642334e-02
3.244609013199806213e-02
3.243412449955940247e-02
3.242217749357223511e-02
3.241017833352088928e-02
3.239820897579193115e-02
3.238623961806297302e-02
3.237423300743103027e-02
3.236225619912147522e-02
3.235027194023132324e-02
3.233829140663146973e-02
3.232628479599952698e-02
3.231429681181907654e-02
3.230228275060653687e-02
3.229029104113578796e-02
3.227826952934265137e-02
3.226627036929130554e-02
3.225426375865936279e-02
3.224223852157592773e-02
3.223023563623428345e-02
3.221820294857025146e-02
3.220618888735771179e-02
3.219415992498397827e-02
3.218212723731994629e-02
3.217007964849472046e-02
3.215806931257247925e-02
3.214601799845695496e-02
3.213398903608322144e-02
3.212193399667739868e-02
3.210989385843276978e-02
3.209783881902694702e-02
3.208578005433082581e-02
3.207372874021530151e-02
3.206166625022888184e-02
3.204961493611335754e-02
3.203755617141723633e-02
3.202548250555992126e-02
3.201343864202499390e-02
3.200134262442588806e-02
3.198924660682678223e-02
3.197719901800155640e-02
3.196511417627334595e-02
3.195303678512573242e-02
3.194093704223632812e-02
3.192885220050811768e-02
3.191677108407020569e-02
3.190467506647109985e-02
3.189257532358169556e-02
3.188047930598258972e-02
3.186838328838348389e-02
3.185628354549407959e-02
3.184418007731437683e-02
3.183206170797348022e-02
3.181995451450347900e-02
3.180782869458198547e-02
3.179571405053138733e-02
3.178360685706138611e-02
3.177146986126899719e-02
3.175935149192810059e-02
3.174723312258720398e-02
3.173508867621421814e-02
3.172297403216362000e-02
3.171084821224212646e-02
3.169867768883705139e-02
3.168654814362525940e-02
3.167439997196197510e-02
3.166224434971809387e-02
3.165008127689361572e-02
3.163794428110122681e-02
3.162579238414764404e-02
3.161362186074256897e-02
3.160145878791809082e-02
3.158929571509361267e-02
3.157714381814002991e-02
3.156497329473495483e-02
3.155279904603958130e-02
3.154060989618301392e-02
3.152842074632644653e-02
3.151627257466316223e-02
3.150405362248420715e-02
3.149189054965972900e-02
3.147969767451286316e-02
3.146749362349510193e-02
3.145533055067062378e-02
3.144310787320137024e-02
3.143091499805450439e-02
3.141869604587554932e-02
3.140649944543838501e-02
3.139431029558181763e-02
3.138208389282226562e-02
3.136985749006271362e-02
3.135761991143226624e-02
3.134540840983390808e-02
3.133318200707435608e-02
3.132095560431480408e-02
3.130874410271644592e-02
3.129650279879570007e-02
3.128426894545555115e-02
3.127202391624450684e-02
3.125980496406555176e-02
3.124754503369331360e-02
3.123530186712741852e-02
3.122306428849697113e-02
3.121079318225383759e-02
3.119853697717189789e-02
3.118630498647689819e-02
3.117404878139495850e-02
3.116177953779697418e-02
3.114949166774749756e-02
3.113722801208496094e-02
3.112496435642242432e-02
3.111268952488899231e-02
3.110041655600070953e-02
3.108812309801578522e-02
3.107582777738571167e-02
3.106355294585227966e-02
3.105127252638339996e-02
3.103899024426937103e-02
3.102668002247810364e-02
3.101438470184803009e-02
3.100208193063735962e-02
3.098977729678153992e-02
3.097747452557086945e-02
3.096516057848930359e-02
3.095282986760139465e-02
3.094052895903587341e-02
3.092822059988975525e-02
3.091588430106639862e-02
3.090356290340423584e-02
3.089123964309692383e-02
3.087889403104782104e-02
3.086657263338565826e-02
3.085423633456230164e-02
3.084188699722290039e-02
3.082953952252864838e-02
3.081719204783439636e-02
3.080482594668865204e-02
3.079248219728469849e-02
3.078011795878410339e-02
3.076775744557380676e-02
3.075540438294410706e-02
3.074304014444351196e-02
3.073067218065261841e-02
3.071828931570053101e-02
3.070592321455478668e-02
3.069355525076389313e-02
3.068116120994091034e-02
3.066878579556941986e-02
3.065638616681098938e-02
3.064399771392345428e-02
3.063157945871353149e-02
3.061919473111629486e-02
3.060680627822875977e-02
3.059439361095428467e-02
3.058198653161525726e-02
3.056958131492137909e-02
3.055716678500175476e-02
3.054475225508213043e-02
3.053233586251735687e-02
3.051991946995258331e-02
3.050748258829116821e-02
3.049504570662975311e-02
3.048261068761348724e-02
3.047017566859722137e-02
3.045771084725856781e-02
3.044527024030685425e-02
3.043284080922603607e-02
3.042037598788738251e-02
3.040793165564537048e-02
3.039545193314552307e-02
3.038299456238746643e-02
3.037055023014545441e-02
3.035810030996799469e-02
3.034559823572635651e-02
3.033314459025859833e-02
3.032065741717815399e-02
3.030815534293651581e-02
3.029568679630756378e-02
3.028318285942077637e-02
3.027068264782428741e-02
3.025821410119533539e-02
3.024571388959884644e-02
3.023320622742176056e-02
3.022069297730922699e-02
3.020817600190639496e-02
3.019568510353565216e-02
3.018314763903617859e-02
3.017063066363334656e-02
3.015809319913387299e-02
3.014556877315044403e-02
3.013302572071552277e-02
3.012053109705448151e-02
3.010797128081321716e-02
3.009543009102344513e-02
3.008288517594337463e-02
3.007034957408905029e-02
3.005779907107353210e-02
3.004522807896137238e-02
3.003265336155891418e-02
3.002008609473705292e-02
3.000751510262489319e-02
2.999492920935153961e-02
2.998235076665878296e-02
2.996977977454662323e-02
2.995717339217662811e-02
2.994458004832267761e-02
2.993199415504932404e-02
2.991940453648567200e-02
2.990680187940597534e-02
2.989418990910053253e-02
2.988156676292419434e-02
2.986894175410270691e-02
2.985632605850696564e-02
2.984368056058883667e-02
2.983107231557369232e-02
2.981843613088130951e-02
2.980578131973743439e-02
2.979315444827079773e-02
2.978050708770751953e-02
2.976784296333789825e-02
2.975518442690372467e-02
2.974251843988895416e-02
2.972985804080963135e-02
2.971721440553665161e-02
2.970453538000583649e-02
2.969187125563621521e-02
2.967915497720241547e-02
2.966648526489734650e-02
2.965380065143108368e-02
2.964111045002937317e-02
2.962840907275676727e-02
2.961568534374237061e-02
2.960300259292125702e-02
2.959026768803596497e-02
2.957756631076335907e-02
2.956482395529747009e-02
2.955210208892822266e-02
2.953937649726867676e-02
2.952666766941547394e-02
2.951391041278839111e-02
2.950116060674190521e-02
2.948841080069541931e-02
2.947566099464893341e-02
2.946290187537670135e-02
2.945012599229812622e-02
2.943738922476768494e-02
2.942459471523761749e-02
2.941183559596538544e-02
2.939902804791927338e-02
2.938624098896980286e-02
2.937343530356884003e-02
2.936067059636116028e-02
2.934782579541206360e-02
2.933502569794654846e-02
2.932220697402954102e-02
2.930941246449947357e-02
2.929656207561492920e-02
2.928374148905277252e-02
2.927090786397457123e-02
2.925807610154151917e-02
2.924524620175361633e-02
2.923238463699817657e-02
2.921952866017818451e-02
2.920666523277759552e-02
2.919381856918334961e-02
2.918097004294395447e-02
2.916809543967247009e-02
2.915522083640098572e-02
2.914230525493621826e-02
2.912941388785839081e-02
2.911653742194175720e-02
2.910364046692848206e-02
2.909074537456035614e-02
2.907784655690193176e-02
2.906493470072746277e-02
2.905199490487575531e-02
2.903908491134643555e-02
2.902616560459136963e-02
2.901322580873966217e-02
2.900027297437191010e-02
2.898733317852020264e-02
2.897437289357185364e-02
2.896144241094589233e-02
2.894846908748149872e-02
2.893548831343650818e-02
2.892251685261726379e-02
2.890955656766891479e-02
2.889656275510787964e-02
2.888358011841773987e-02
2.887059748172760010e-02
2.885760739445686340e-02
2.884458564221858978e-02
2.883159182965755463e-02
2.881855890154838562e-02
2.880554459989070892e-02
2.879251912236213684e-02
2.877948433160781860e-02
2.876647561788558960e-02
2.875342406332492828e-02
2.874040417373180389e-02
2.872734330594539642e-02
2.871428802609443665e-02
2.870121598243713379e-02
2.868817187845706940e-02
2.867507375776767731e-02
2.866200916469097137e-02
2.864892408251762390e-02
2.863583527505397797e-02
2.862274833023548126e-02
2.860963717103004456e-02
2.859654463827610016e-02
2.858342602849006653e-02
2.857032231986522675e-02
2.855719812214374542e-02
2.854405343532562256e-02
2.853092923760414124e-02
2.851781062781810760e-02
2.850466966629028320e-02
2.849151007831096649e-02
2.847837656736373901e-02
2.846520207822322845e-02
2.845204994082450867e-02
2.843890152871608734e-02
2.842570655047893524e-02
2.841253951191902161e-02
2.839936316013336182e-02
2.838619425892829895e-02
2.837297879159450531e-02
2.835980802774429321e-02
2.834659442305564880e-02
2.833341062068939209e-02
2.832018584012985229e-02
2.830696478486061096e-02
2.829374372959136963e-02
2.828051708638668060e-02
2.826729603111743927e-02
2.825406566262245178e-02
2.824082784354686737e-02
2.822758257389068604e-02
2.821433544158935547e-02
2.820107527077198029e-02
2.818779833614826202e-02
2.817455120384693146e-02
2.816128544509410858e-02
2.814802527427673340e-02
2.813474647700786591e-02
2.812148071825504303e-02
2.810818888247013092e-02
2.809490263462066650e-02
2.808158285915851593e-02
2.806827053427696228e-02
2.805499918758869171e-02
2.804168313741683960e-02
2.802837826311588287e-02
2.801505662500858307e-02
2.800174057483673096e-02
2.798839285969734192e-02
2.797508426010608673e-02
2.796172909438610077e-02
2.794840559363365173e-02
2.793507464230060577e-02
2.792170271277427673e-02
2.790836617350578308e-02
2.789500728249549866e-02
2.788162790238857269e-02
2.786827273666858673e-02
2.785489708185195923e-02
2.784154750406742096e-02
2.782817184925079346e-02
2.781479246914386749e-02
2.780142240226268768e-02
2.778803743422031403e-02
2.777464874088764191e-02
2.776127494871616364e-02
2.774784527719020844e-02
2.773447334766387939e-02
2.772106416523456573e-02
2.770765312016010284e-02
2.769426628947257996e-02
2.768084779381752014e-02
2.766742557287216187e-02
2.765400148928165436e-02
2.764056809246540070e-02
2.762714587152004242e-02
2.761371247470378876e-02
2.760028839111328125e-02
2.758686058223247528e-02
2.757341973483562469e-02
2.755998633801937103e-02
2.754654176533222198e-02
2.753309719264507294e-02
2.751964144408702850e-02
2.750620804727077484e-02
2.749274857342243195e-02
2.747929468750953674e-02
2.746584266424179077e-02
2.745239064097404480e-02
2.743893861770629883e-02
2.742545492947101593e-02
2.741198986768722534e-02
2.739853225648403168e-02
2.738503552973270416e-02
2.737156301736831665e-02
2.735809609293937683e-02
2.734462916851043701e-02
2.733116410672664642e-02
2.731770649552345276e-02
2.730420604348182678e-02
2.729071676731109619e-02
2.727722190320491791e-02
2.726374007761478424e-02
2.725026942789554596e-02
2.723677083849906921e-02
2.722328342497348785e-02
2.720981463789939880e-02
2.719632163643836975e-02
2.718282677233219147e-02
2.716933563351631165e-02
2.715585567057132721e-02
2.714235149323940277e-02
2.712886594235897064e-02
2.711537294089794159e-02
2.710187062621116638e-02
2.708838693797588348e-02
2.707490138709545135e-02
2.706140466034412384e-02
2.704793214797973633e-02
2.703444659709930420e-02
2.702093496918678284e-02
2.700745686888694763e-02
2.699396573007106781e-02
2.698048017919063568e-02
2.696699276566505432e-02
2.695349417626857758e-02
2.694001421332359314e-02
2.692653425037860870e-02
2.691303752362728119e-02
2.689955011010169983e-02
2.688606269657611847e-02
2.687259763479232788e-02
2.685909345746040344e-02
2.684561349451541901e-02
2.683212794363498688e-02
2.681867033243179321e-02
2.680519968271255493e-02
2.679172717034816742e-02
2.677823044359683990e-02
2.676475793123245239e-02
2.675128914415836334e-02
2.673782967031002045e-02
2.672438137233257294e-02
2.671090699732303619e-02
2.669744193553924561e-02
2.668398618698120117e-02
2.667053043842315674e-02
2.665706723928451538e-02
2.664362639188766479e-02
2.663018181920051575e-02
2.661673910915851593e-02
2.660327404737472534e-02
2.658984623849391937e-02
2.657640539109706879e-02
2.656295523047447205e-02
2.654953300952911377e-02
2.653612382709980011e-02
2.652269415557384491e-02
2.650926634669303894e-02
2.649587579071521759e-02
2.648245729506015778e-02
2.646904252469539642e-02
2.645563520491123199e-02
2.644223533570766449e-02
2.642883174121379852e-02
2.641544304788112640e-02
2.640206553041934967e-02
2.638868801295757294e-02
2.637531422078609467e-02
2.636194042861461639e-02
2.634856104850769043e-02
2.633518353104591370e-02
2.632182277739048004e-02
2.630848251283168793e-02
2.629513479769229889e-02
2.628178521990776062e-02
2.626845426857471466e-02
2.625514194369316101e-02
2.624179795384407043e-02
2.622846700251102448e-02
2.621515654027462006e-02
2.620185352861881256e-02
2.618856914341449738e-02
2.617525309324264526e-02
2.616197615861892700e-02
2.614868246018886566e-02
2.613539807498455048e-02
2.612213604152202606e-02
2.610886096954345703e-02
2.609561569988727570e-02
2.608235180377960205e-02
2.606909908354282379e-02
2.605587057769298553e-02
2.604265697300434113e-02
2.602943591773509979e-02
2.601621858775615692e-02
2.600298076868057251e-02
2.598978765308856964e-02
2.597660198807716370e-02
2.596340700984001160e-02
2.595024742186069489e-02
2.593705244362354279e-02
2.592392638325691223e-02
2.591074071824550629e-02
2.589760906994342804e-02
2.588447369635105133e-02
2.587134577333927155e-02
2.585824765264987946e-02
2.584513463079929352e-02
2.583202347159385681e-02
2.581895329058170319e-02
2.580584771931171417e-02
2.579277940094470978e-02
2.577969431877136230e-02
2.576666511595249176e-02
2.575361542403697968e-02
2.574057877063751221e-02
2.572752721607685089e-02
2.571452409029006958e-02
2.570151351392269135e-02
2.568850852549076080e-02
