1.894086748361587524e-01
1.895841509103775024e-01
1.895211189985275269e-01
1.894293427467346191e-01
1.893345415592193604e-01
1.892394125461578369e-01
1.891441494226455688e-01
1.890485286712646484e-01
1.889522075653076172e-01
1.888552755117416382e-01
1.887572407722473145e-01
1.886579692363739014e-01
1.885572522878646851e-01
1.884548217058181763e-01
1.883505880832672119e-01
1.882441639900207520e-01
1.881354004144668579e-01
1.880240589380264282e-01
1.879099309444427490e-01
1.877926141023635864e-01
1.876721233129501343e-01
1.875478029251098633e-01
1.874197870492935181e-01
1.872875988483428955e-01
1.871509701013565063e-01
1.870097368955612183e-01
1.868635267019271851e-01
1.867119371891021729e-01
1.865548491477966309e-01
1.863918304443359375e-01
1.862226277589797974e-01
1.860469579696655273e-01
1.858644783496856689e-01
1.856748461723327637e-01
1.854777783155441284e-01
1.852729916572570801e-01
1.850602179765701294e-01
1.848391145467758179e-01
1.846095174551010132e-01
1.843711733818054199e-01
1.841237246990203857e-01
1.838672310113906860e-01
1.836014091968536377e-01
1.833260953426361084e-01
1.830414682626724243e-01
1.827473491430282593e-01
1.824437975883483887e-01
1.821310669183731079e-01
1.818093359470367432e-01
1.814788281917572021e-01
1.811398565769195557e-01
1.807928979396820068e-01
1.804384738206863403e-01
1.800771504640579224e-01
1.797095239162445068e-01
1.793363094329833984e-01
1.789584159851074219e-01
1.785763949155807495e-01
1.781911700963973999e-01
1.778035163879394531e-01
1.774143278598785400e-01
1.770244389772415161e-01
1.766345500946044922e-01
1.762452870607376099e-01
1.758575737476348877e-01
1.754718720912933350e-01
1.750886291265487671e-01
1.747083812952041626e-01
1.743314415216445923e-01
1.739580929279327393e-01
1.735884100198745728e-01
1.732224673032760620e-01
1.728602945804595947e-01
1.725017577409744263e-01
1.721466779708862305e-01
1.717947274446487427e-01
1.714457571506500244e-01
1.710992604494094849e-01
1.707547605037689209e-01
1.704118847846984863e-01
1.700701564550399780e-01
1.697289049625396729e-01
1.693877875804901123e-01
1.690459400415420532e-01
1.687030792236328125e-01
1.683584302663803101e-01
1.680113971233367920e-01
1.676613837480545044e-01
1.673077791929244995e-01
1.669500619173049927e-01
1.665874868631362915e-01
1.662195622920989990e-01
1.658457219600677490e-01
1.654654443264007568e-01
1.650780588388442993e-01
1.646831184625625610e-01
1.642801761627197266e-01
1.638687849044799805e-01
1.634483784437179565e-01
1.630187779664993286e-01
1.625795811414718628e-01
1.621304899454116821e-01
1.616714000701904297e-01
1.612020730972290039e-01
1.607223898172378540e-01
1.602325439453125000e-01
1.597324609756469727e-01
1.592224389314651489e-01
1.587026268243789673e-01
1.581734865903854370e-01
1.576353907585144043e-01
1.570888757705688477e-01
1.565343588590621948e-01
1.559725999832153320e-01
1.554042845964431763e-01
1.548300534486770630e-01
1.542506217956542969e-01
1.536667048931121826e-01
1.530790477991104126e-01
1.524881869554519653e-01
1.518947780132293701e-01
1.512995213270187378e-01
1.507027894258499146e-01
1.501051336526870728e-01
1.495069265365600586e-01
1.489085108041763306e-01
1.483101099729537964e-01
1.477119624614715576e-01
1.471141725778579712e-01
1.465167254209518433e-01
1.459198296070098877e-01
1.453232318162918091e-01
1.447270363569259644e-01
1.441310942173004150e-01
1.435351073741912842e-01
1.429390907287597656e-01
1.423427164554595947e-01
1.417457908391952515e-01
1.411480903625488281e-01
1.405493021011352539e-01
1.399492472410202026e-01
1.393476873636245728e-01
1.387442350387573242e-01
1.381388455629348755e-01
1.375311017036437988e-01
1.369209140539169312e-01
1.363079696893692017e-01
1.356921643018722534e-01
1.350733935832977295e-01
1.344514787197113037e-01
1.338263601064682007e-01
1.331979930400848389e-01
1.325663626194000244e-01
1.319316476583480835e-01
1.312938779592514038e-01
1.306531429290771484e-01
1.300098001956939697e-01
1.293639689683914185e-01
1.287160068750381470e-01
1.280663162469863892e-01
1.274151802062988281e-01
1.267630308866500854e-01
1.261104047298431396e-01
1.254576891660690308e-01
1.248053461313247681e-01
1.241539120674133301e-01
1.235039308667182922e-01
1.228558048605918884e-01
1.222101375460624695e-01
1.215674057602882385e-01
1.209281682968139648e-01
1.202930063009262085e-01
1.196623444557189941e-01
1.190367564558982849e-01
1.184167861938476562e-01
1.178029775619506836e-01
1.171958073973655701e-01
1.165958046913146973e-01
1.160034611821174622e-01
1.154191941022872925e-01
1.148434802889823914e-01
1.142766997218132019e-01
1.137191727757453918e-01
1.131711751222610474e-01
1.126330271363258362e-01
1.121048405766487122e-01
1.115868240594863892e-01
1.110789701342582703e-01
1.105814501643180847e-01
1.100941598415374756e-01
1.096170470118522644e-01
1.091500967741012573e-01
1.086931377649307251e-01
1.082459613680839539e-01
1.078084409236907959e-01
1.073803678154945374e-01
1.069615110754966736e-01
1.065516695380210876e-01
1.061505228281021118e-01
1.057579070329666138e-01
1.053734943270683289e-01
1.049970984458923340e-01
1.046283841133117676e-01
1.042671948671340942e-01
1.039131358265876770e-01
1.035661548376083374e-01
1.032258793711662292e-01
1.028921082615852356e-01
1.025646477937698364e-01
1.022432446479797363e-01
1.019276976585388184e-01
1.016178578138351440e-01
1.013134196400642395e-01
1.010143235325813293e-01
1.007203310728073120e-01
1.004312410950660706e-01
1.001469194889068604e-01
9.986719489097595215e-02
9.959197044372558594e-02
9.932100772857666016e-02
9.905418753623962402e-02
9.879143536090850830e-02
9.853253513574600220e-02
9.827742725610733032e-02
9.802594780921936035e-02
9.777799248695373535e-02
9.753344208002090454e-02
9.729221463203430176e-02
9.705410152673721313e-02
9.681917726993560791e-02
9.658724069595336914e-02
9.635815769433975220e-02
9.613189846277236938e-02
9.590835869312286377e-02
9.568744897842407227e-02
9.546905755996704102e-02
9.525317698717117310e-02
9.503972530364990234e-02
9.482848644256591797e-02
9.461955726146697998e-02
9.441280364990234375e-02
9.420812129974365234e-02
9.400552511215209961e-02
9.380486607551574707e-02
9.360618889331817627e-02
9.340933710336685181e-02
9.321427345275878906e-02
9.302094578742980957e-02
9.282938390970230103e-02
9.263943135738372803e-02
9.245108813047409058e-02
9.226425737142562866e-02
9.207897633314132690e-02
9.189518541097640991e-02
9.171280264854431152e-02
9.153177589178085327e-02
9.135212749242782593e-02
9.117375314235687256e-02
9.099672734737396240e-02
9.082087874412536621e-02
9.064624458551406860e-02
9.047287702560424805e-02
9.030062705278396606e-02
9.012947231531143188e-02
8.995943516492843628e-02
8.979044854640960693e-02
8.962256461381912231e-02
8.945567905902862549e-02
8.928985893726348877e-02
8.912497758865356445e-02
8.896109461784362793e-02
8.879812806844711304e-02
8.863615989685058594e-02
8.847509324550628662e-02
8.831493556499481201e-02
8.815568685531616211e-02
8.799735456705093384e-02
8.783986419439315796e-02
8.768324553966522217e-02
8.752746880054473877e-02
8.737256377935409546e-02
8.721847087144851685e-02
8.706524223089218140e-02
8.691283315420150757e-02
8.676122128963470459e-02
8.661045134067535400e-02
8.646048605442047119e-02
8.631134033203125000e-02
8.616301417350769043e-02
8.601543307304382324e-02
8.586866408586502075e-02
8.572270721197128296e-02
8.557754009962081909e-02
8.543321490287780762e-02
8.528964966535568237e-02
8.514688163995742798e-02
8.500493317842483521e-02
8.486372977495193481e-02
8.472336083650588989e-02
8.458379656076431274e-02
8.444501459598541260e-02
8.430709689855575562e-02
8.416992425918579102e-02
8.403357863426208496e-02
8.389806002378463745e-02
8.376333117485046387e-02
8.362942188978195190e-02
8.349639177322387695e-02
8.336412906646728516e-02
8.323273807764053345e-02
8.310214430093765259e-02
8.297239243984222412e-02
8.284348249435424805e-02
8.271539956331253052e-02
8.258820325136184692e-02
8.246184140443801880e-02
8.233631402254104614e-02
8.221166580915451050e-02
8.208785951137542725e-02
8.196496218442916870e-02
8.184292912483215332e-02
8.172173053026199341e-02
8.160143345594406128e-02
8.148200064897537231e-02
8.136344701051712036e-02
8.124581724405288696e-02
8.112905919551849365e-02
8.101316541433334351e-02
8.089819550514221191e-02
8.078413456678390503e-02
8.067095279693603516e-02
8.055869489908218384e-02
8.044731616973876953e-02
8.033686131238937378e-02
8.022730052471160889e-02
8.011868596076965332e-02
8.001094311475753784e-02
7.990413904190063477e-02
7.979822903871536255e-02
7.969323545694351196e-02
7.958915829658508301e-02
7.948600500822067261e-02
7.938376069068908691e-02
7.928240299224853516e-02
7.918199896812438965e-02
7.908252626657485962e-02
7.898389548063278198e-02
7.888623327016830444e-02
7.878948003053665161e-02
7.869362086057662964e-02
7.859867811203002930e-02
7.850463688373565674e-02
7.841151952743530273e-02
7.831929624080657959e-02
7.822793722152709961e-02
7.813752442598342896e-02
7.804798334836959839e-02
7.795933634042739868e-02
7.787156850099563599e-02
7.778473198413848877e-02
7.769874483346939087e-02
7.761362195014953613e-02
7.752939313650131226e-02
7.744605839252471924e-02
7.736354321241378784e-02
7.728193700313568115e-02
7.720118761062622070e-02
7.712128758430480957e-02
7.704222202301025391e-02
7.696404308080673218e-02
7.688667625188827515e-02
7.681014388799667358e-02
7.673448324203491211e-02
7.665960490703582764e-02
7.658558338880538940e-02
7.651238888502120972e-02
7.643998414278030396e-02
7.636839896440505981e-02
7.629763334989547729e-02
7.622762769460678101e-02
7.615846395492553711e-02
7.609007507562637329e-02
7.602245360612869263e-02
7.595559954643249512e-02
7.588952034711837769e-02
7.582425326108932495e-02
7.575967907905578613e-02
7.569590210914611816e-02
7.563284039497375488e-02
7.557056099176406860e-02
7.550900429487228394e-02
7.544816285371780396e-02
7.538806647062301636e-02
7.532870024442672729e-02
7.527001202106475830e-02
7.521204650402069092e-02
7.515476644039154053e-02
7.509820908308029175e-02
7.504230737686157227e-02
7.498713582754135132e-02
7.493260502815246582e-02
7.487873733043670654e-02
7.482555508613586426e-02
7.477299869060516357e-02
7.472112774848937988e-02
7.466989010572433472e-02
7.461928576231002808e-02
7.456932961940765381e-02
7.451998442411422729e-02
7.447127252817153931e-02
7.442313432693481445e-02
7.437565922737121582e-02
7.432875782251358032e-02
7.428245246410369873e-02
7.423676550388336182e-02
7.419159263372421265e-02
7.414702326059341431e-02
7.410304993391036987e-02
7.405962795019149780e-02
7.401675730943679810e-02
7.397446036338806152e-02
7.393268495798110962e-02
7.389144599437713623e-02
7.385070621967315674e-02
7.381055504083633423e-02
7.377091050148010254e-02
7.373173534870147705e-02
7.369311153888702393e-02
7.365498691797256470e-02
7.361733913421630859e-02
7.358022034168243408e-02
7.354352623224258423e-02
7.350731641054153442e-02
7.347164303064346313e-02
7.343640178442001343e-02
7.340159267187118530e-02
7.336725294589996338e-02
7.333336770534515381e-02
7.329993695020675659e-02
7.326692342758178711e-02
7.323436439037322998e-02
7.320221513509750366e-02
7.317048311233520508e-02
7.313914597034454346e-02
7.310827076435089111e-02
7.307776063680648804e-02
7.304763048887252808e-02
7.301790267229080200e-02
7.298856228590011597e-02
7.295960187911987305e-02
7.293105125427246094e-02
7.290282845497131348e-02
7.287497073411941528e-02
7.284749299287796021e-02
7.282039523124694824e-02
7.279361784458160400e-02
7.276718318462371826e-02
7.274106144905090332e-02
7.271530479192733765e-02
7.268988341093063354e-02
7.266477495431900024e-02
7.263997197151184082e-02
7.261548936367034912e-02
7.259134203195571899e-02
7.256744801998138428e-02
7.254391908645629883e-02
7.252064347267150879e-02
7.249765843152999878e-02
7.247498631477355957e-02
7.245258986949920654e-02
7.243043184280395508e-02
7.240860164165496826e-02
7.238698750734329224e-02
7.236567139625549316e-02
7.234460860490798950e-02
7.232379913330078125e-02
7.230328023433685303e-02
7.228294014930725098e-02
7.226289063692092896e-02
7.224306464195251465e-02
7.222346216440200806e-02
7.220413535833358765e-02
7.218500971794128418e-02
7.216612249612808228e-02
7.214743643999099731e-02
7.212899625301361084e-02
7.211074978113174438e-02
7.209271937608718872e-02
7.207492738962173462e-02
7.205729931592941284e-02
7.203990221023559570e-02
7.202269881963729858e-02
7.200565934181213379e-02
7.198882848024368286e-02
7.197221368551254272e-02
7.195576280355453491e-02
7.193952798843383789e-02
7.192342728376388550e-02
7.190755754709243774e-02
7.189182937145233154e-02
7.187627255916595459e-02
7.186090946197509766e-02
7.184568792581558228e-02
7.183063030242919922e-02
7.181578874588012695e-02
7.180105894804000854e-02
7.178650051355361938e-02
7.177211344242095947e-02
7.175785303115844727e-02
7.174377888441085815e-02
7.172983884811401367e-02
7.171603292226791382e-02
7.170239835977554321e-02
7.168889045715332031e-02
7.167550176382064819e-02
7.166230678558349609e-02
7.164922356605529785e-02
7.163626700639724731e-02
7.162345945835113525e-02
7.161077857017517090e-02
7.159819453954696655e-02
7.158577442169189453e-02
7.157349586486816406e-02
7.156130671501159668e-02
7.154925167560577393e-02
7.153731584548950195e-02
7.152549922466278076e-02
7.151385396718978882e-02
7.150223851203918457e-02
7.149080187082290649e-02
7.147940993309020996e-02
7.146820425987243652e-02
7.145707309246063232e-02
7.144604623317718506e-02
7.143510878086090088e-02
7.142429053783416748e-02
7.141360640525817871e-02
7.140301167964935303e-02
7.139248400926589966e-02
7.138207554817199707e-02
7.137181609869003296e-02
7.136158645153045654e-02
7.135150581598281860e-02
7.134152203798294067e-02
7.133156061172485352e-02
7.132172584533691406e-02
7.131201028823852539e-02
7.130235433578491211e-02
7.129279524087905884e-02
7.128332555294036865e-02
7.127392292022705078e-02
7.126463204622268677e-02
7.125541567802429199e-02
7.124625146389007568e-02
7.123722136020660400e-02
7.122822105884552002e-02
7.121931016445159912e-02
7.121049612760543823e-02
7.120174914598464966e-02
7.119306176900863647e-02
7.118446379899978638e-02
7.117594033479690552e-02
7.116746157407760620e-02
7.115905731916427612e-02
7.115073502063751221e-02
7.114249467849731445e-02
7.113430649042129517e-02
7.112617790699005127e-02
7.111811637878417969e-02
7.111011445522308350e-02
7.110218703746795654e-02
7.109429687261581421e-02
7.108648866415023804e-02
7.107874751091003418e-02
7.107102870941162109e-02
7.106340676546096802e-02
7.105581462383270264e-02
7.104828953742980957e-02
7.104080170392990112e-02
7.103341072797775269e-02
7.102602720260620117e-02
7.101871818304061890e-02
7.101143151521682739e-02
7.100422680377960205e-02
7.099704444408416748e-02
7.098992168903350830e-02
7.098285853862762451e-02
7.097584009170532227e-02
7.096882164478302002e-02
7.096187770366668701e-02
7.095498591661453247e-02
7.094813883304595947e-02
7.094134390354156494e-02
7.093455642461776733e-02
7.092781364917755127e-02
7.092110812664031982e-02
7.091441750526428223e-02
7.090783119201660156e-02
7.090122997760772705e-02
7.089468091726303101e-02
7.088816165924072266e-02
7.088166475296020508e-02
7.087520509958267212e-02
7.086876779794692993e-02
7.086239010095596313e-02
7.085601985454559326e-02
7.084969431161880493e-02
7.084338366985321045e-02
7.083710283041000366e-02
7.083085179328918457e-02
7.082462310791015625e-02
7.081840187311172485e-02
7.081224769353866577e-02
7.080607861280441284e-02
7.079994678497314453e-02
7.079383730888366699e-02
7.078775763511657715e-02
7.078167051076889038e-02
7.077560573816299438e-02
7.076960057020187378e-02
7.076361030340194702e-02
7.075758278369903564e-02
7.075159996747970581e-02
7.074560225009918213e-02
7.073968648910522461e-02
7.073375582695007324e-02
7.072784751653671265e-02
7.072193175554275513e-02
7.071604579687118530e-02
7.071015983819961548e-02
7.070427387952804565e-02
7.069842517375946045e-02
7.069257646799087524e-02
7.068675011396408081e-02
7.068093121051788330e-02
7.067508250474929810e-02
7.066926360130310059e-02
7.066347450017929077e-02
7.065764069557189941e-02
7.065182924270629883e-02
7.064604014158248901e-02
7.064025849103927612e-02
7.063444703817367554e-02
7.062864303588867188e-02
7.062283903360366821e-02
7.061704993247985840e-02
7.061126083135604858e-02
7.060544192790985107e-02
7.059966027736663818e-02
7.059387117624282837e-02
7.058805227279663086e-02
7.058224081993103027e-02
7.057645171880722046e-02
7.057063281536102295e-02
7.056479901075363159e-02
7.055898010730743408e-02
7.055316865444183350e-02
7.054728269577026367e-02
7.054143399000167847e-02
7.053558528423309326e-02
7.052972912788391113e-02
7.052385061979293823e-02
7.051794230937957764e-02
7.051207125186920166e-02
7.050615549087524414e-02
7.050021737813949585e-02
7.049426436424255371e-02
7.048834115266799927e-02
7.048234343528747559e-02
7.047638297080993652e-02
7.047040760517120361e-02
7.046438008546829224e-02
7.045833766460418701e-02
7.045230269432067871e-02
7.044622302055358887e-02
7.044012099504470825e-02
7.043407112360000610e-02
7.042793184518814087e-02
7.042175531387329102e-02
7.041563093662261963e-02
7.040943205356597900e-02
7.040323317050933838e-02
7.039700448513031006e-02
7.039074599742889404e-02
7.038445025682449341e-02
7.037813961505889893e-02
7.037180662155151367e-02
7.036544382572174072e-02
7.035909593105316162e-02
7.035265862941741943e-02
7.034624367952346802e-02
7.033976167440414429e-02
7.033327221870422363e-02
7.032679766416549683e-02
7.032022625207901001e-02
7.031363993883132935e-02
7.030703872442245483e-02
7.030039280652999878e-02
7.029373198747634888e-02
7.028703391551971436e-02
7.028028368949890137e-02
7.027354091405868530e-02
7.026671618223190308e-02
7.025986164808273315e-02
7.025297731161117554e-02
7.024607807397842407e-02
7.023914903402328491e-02
7.023213803768157959e-02
7.022513449192047119e-02
7.021807134151458740e-02
7.021100074052810669e-02
7.020385563373565674e-02
7.019668817520141602e-02
7.018946111202239990e-02
7.018219679594039917e-02
7.017490267753601074e-02
7.016760110855102539e-02
7.016018778085708618e-02
7.015275955200195312e-02
7.014531642198562622e-02
7.013779878616333008e-02
7.013025879859924316e-02
7.012266665697097778e-02
7.011504471302032471e-02
7.010733336210250854e-02
7.009960711002349854e-02
7.009184360504150391e-02
7.008400559425354004e-02
7.007615268230438232e-02
7.006821781396865845e-02
7.006023824214935303e-02
7.005225121974945068e-02
7.004418224096298218e-02
7.003603875637054443e-02
7.002788782119750977e-02
7.001969218254089355e-02
7.001140713691711426e-02
7.000312954187393188e-02
6.999474018812179565e-02
6.998631358146667480e-02
6.997782737016677856e-02
6.996930390596389771e-02
6.996075063943862915e-02
6.995209306478500366e-02
6.994341313838958740e-02
6.993467360734939575e-02
6.992585957050323486e-02
6.991700083017349243e-02
6.990808993577957153e-02
6.989909708499908447e-02
6.989007443189620972e-02
6.988097727298736572e-02
6.987186521291732788e-02
6.986263394355773926e-02
6.985336542129516602e-02
6.984404474496841431e-02
6.983464956283569336e-02
6.982521712779998779e-02
6.981566548347473145e-02
6.980610638856887817e-02
6.979647278785705566e-02
6.978675723075866699e-02
6.977699697017669678e-02
6.976716220378875732e-02
6.975727528333663940e-02
6.974732875823974609e-02
6.973727792501449585e-02
6.972722709178924561e-02
6.971706449985504150e-02
6.970682740211486816e-02
6.969657540321350098e-02
6.968616694211959839e-02
6.967575103044509888e-02
6.966526061296463013e-02
6.965471804141998291e-02
6.964407861232757568e-02
6.963337212800979614e-02
6.962262094020843506e-02
6.961175799369812012e-02
6.960084289312362671e-02
6.958983093500137329e-02
6.957878917455673218e-02
6.956765055656433105e-02
6.955643743276596069e-02
6.954515725374221802e-02
6.953381747007369995e-02
6.952235102653503418e-02
6.951085478067398071e-02
6.949929147958755493e-02
6.948758661746978760e-02
6.947585195302963257e-02
6.946407258510589600e-02
6.945217400789260864e-02
6.944018602371215820e-02
6.942812353372573853e-02
6.941600888967514038e-02
6.940381973981857300e-02
6.939152628183364868e-02
6.937914341688156128e-02
6.936671584844589233e-02
6.935414671897888184e-02
6.934154033660888672e-02
6.932882964611053467e-02
6.931606680154800415e-02
6.930316984653472900e-02
6.929024308919906616e-02
6.927721202373504639e-02
6.926408410072326660e-02
6.925088912248611450e-02
6.923758983612060547e-02
6.922417879104614258e-02
6.921073794364929199e-02
6.919717043638229370e-02
6.918355077505111694e-02
6.916981935501098633e-02
6.915600597858428955e-02
6.914208829402923584e-02
6.912807375192642212e-02
6.911400705575942993e-02
6.909978389739990234e-02
6.908552348613739014e-02
6.907112151384353638e-02
6.905671954154968262e-02
6.904211640357971191e-02
6.902746856212615967e-02
6.901272386312484741e-02
6.899785250425338745e-02
6.898293644189834595e-02
6.896788626909255981e-02
6.895273923873901367e-02
6.893751770257949829e-02
6.892218440771102905e-02
6.890676915645599365e-02
6.889124214649200439e-02
6.887560337781906128e-02
6.885986775159835815e-02
6.884402036666870117e-02
6.882811337709426880e-02
6.881204247474670410e-02
6.879594922065734863e-02
6.877967715263366699e-02
6.876333057880401611e-02
6.874685734510421753e-02
6.873029470443725586e-02
6.871362775564193726e-02
6.869686394929885864e-02
6.867997348308563232e-02
6.866297870874404907e-02
6.864589452743530273e-02
6.862869113683700562e-02
6.861138343811035156e-02
6.859394907951354980e-02
6.857644021511077881e-02
6.855876743793487549e-02
6.854104995727539062e-02
6.852316856384277344e-02
6.850519031286239624e-02
6.848709285259246826e-02
6.846891343593597412e-02
6.845057010650634766e-02
6.843215227127075195e-02
6.841363012790679932e-02
6.839495897293090820e-02
6.837614625692367554e-02
6.835727393627166748e-02
6.833827495574951172e-02
6.831914931535720825e-02
6.829988956451416016e-02
6.828054785728454590e-02
6.826108694076538086e-02
6.824149191379547119e-02
6.822180002927780151e-02
6.820193678140640259e-02
6.818198412656784058e-02
6.816191226243972778e-02
6.814172863960266113e-02
6.812139600515365601e-02
6.810098141431808472e-02
6.808040291070938110e-02
6.805972754955291748e-02
6.803891807794570923e-02
6.801799684762954712e-02
6.799692660570144653e-02
6.797580420970916748e-02
6.795451045036315918e-02
6.793307512998580933e-02
6.791155040264129639e-02
6.788992136716842651e-02
6.786812841892242432e-02
6.784621626138687134e-02
6.782414764165878296e-02
6.780201196670532227e-02
6.777971237897872925e-02
6.775735318660736084e-02
6.773479282855987549e-02
6.771211326122283936e-02
6.768935918807983398e-02
6.766645610332489014e-02
6.764342635869979858e-02
6.762026995420455933e-02
6.759695708751678467e-02
6.757355481386184692e-02
6.754999607801437378e-02
6.752636283636093140e-02
6.750261783599853516e-02
6.747870147228240967e-02
6.745466589927673340e-02
6.743051111698150635e-02
6.740623712539672852e-02
6.738184392452239990e-02
6.735729426145553589e-02
6.733265519142150879e-02
6.730787456035614014e-02
6.728295981884002686e-02
6.725797802209854126e-02
6.723283231258392334e-02
6.720755249261856079e-02
6.718218326568603516e-02
6.715665757656097412e-02
6.713102012872695923e-02
6.710530072450637817e-02
6.707939505577087402e-02
6.705339252948760986e-02
6.702727824449539185e-02
6.700101494789123535e-02
6.697467714548110962e-02
6.694818288087844849e-02
6.692158430814743042e-02
6.689493358135223389e-02
6.686806678771972656e-02
6.684114038944244385e-02
6.681406497955322266e-02
6.678688526153564453e-02
6.675960868597030640e-02
6.673219054937362671e-02
6.670467555522918701e-02
6.667704135179519653e-02
6.664929538965225220e-02
6.662145256996154785e-02
6.659348309040069580e-02
6.656541675329208374e-02
6.653723120689392090e-02
6.650891900062561035e-02
6.648052483797073364e-02
6.645201891660690308e-02
6.642341613769531250e-02
6.639467924833297729e-02
6.636586785316467285e-02
6.633695960044860840e-02
6.630793958902359009e-02
6.627879291772842407e-02
6.624959409236907959e-02
6.622023135423660278e-02
6.619083881378173828e-02
6.616127490997314453e-02
6.613168120384216309e-02
6.610197573900222778e-02
6.607218831777572632e-02
6.604227423667907715e-02
6.601227074861526489e-02
6.598220765590667725e-02
6.595204025506973267e-02
6.592180579900741577e-02
6.589147448539733887e-02
6.586103886365890503e-02
6.583054363727569580e-02
6.579997390508651733e-02
6.576931476593017578e-02
6.573860347270965576e-02
6.570778787136077881e-02
6.567685306072235107e-02
6.564590334892272949e-02
6.561487913131713867e-02
6.558374315500259399e-02
6.555256247520446777e-02
6.552133709192276001e-02
6.549004465341567993e-02
6.545864045619964600e-02
6.542722880840301514e-02
6.539569795131683350e-02
6.536414474248886108e-02
6.533252447843551636e-02
6.530087441205978394e-02
6.526914983987808228e-02
6.523740291595458984e-02
6.520555168390274048e-02
6.517364829778671265e-02
6.514172255992889404e-02
6.510974466800689697e-02
6.507773697376251221e-02
6.504569202661514282e-02
6.501354277133941650e-02
6.498143076896667480e-02
6.494925916194915771e-02
6.491705030202865601e-02
6.488482654094696045e-02
6.485254317522048950e-02
6.482023000717163086e-02
6.478793174028396606e-02
6.475557386875152588e-02
6.472318619489669800e-02
6.469082832336425781e-02
6.465839594602584839e-02
6.462597846984863281e-02
6.459350883960723877e-02
6.456106156110763550e-02
6.452859938144683838e-02
6.449611485004425049e-02
6.446365267038345337e-02
6.443115323781967163e-02
6.439868360757827759e-02
6.436617672443389893e-02
6.433368474245071411e-02
6.430120766162872314e-02
6.426873803138732910e-02
6.423623859882354736e-02
6.420378386974334717e-02
6.417129188776016235e-02
6.413888186216354370e-02
6.410646438598632812e-02
6.407404690980911255e-02
6.404165923595428467e-02
6.400927901268005371e-02
6.397692114114761353e-02
6.394461542367935181e-02
6.391235440969467163e-02
6.388006359338760376e-02
6.384784728288650513e-02
6.381563842296600342e-02
6.378347426652908325e-02
6.375133246183395386e-02
6.371928006410598755e-02
6.368722021579742432e-02
6.365521252155303955e-02
6.362327188253402710e-02
6.359136104583740234e-02
6.355948746204376221e-02
6.352767348289489746e-02
6.349594146013259888e-02
6.346423178911209106e-02
6.343258172273635864e-02
6.340099126100540161e-02
6.336947530508041382e-02
6.333802640438079834e-02
6.330662965774536133e-02
6.327529251575469971e-02
6.324402242898941040e-02
6.321281194686889648e-02
6.318169087171554565e-02
6.315060704946517944e-02
6.311964988708496094e-02
6.308871507644653320e-02
6.305786967277526855e-02
6.302713602781295776e-02
6.299648433923721313e-02
6.296589225530624390e-02
6.293541193008422852e-02
6.290495395660400391e-02
6.287460774183273315e-02
6.284438073635101318e-02
6.281422078609466553e-02
6.278419494628906250e-02
6.275420635938644409e-02
6.272431463003158569e-02
6.269452720880508423e-02
6.266484409570693970e-02
6.263525038957595825e-02
6.260576844215393066e-02
6.257639825344085693e-02
6.254709511995315552e-02
6.251788884401321411e-02
6.248880550265312195e-02
6.245983764529228210e-02
6.243098527193069458e-02
6.240219250321388245e-02
6.237353011965751648e-02
6.234498694539070129e-02
6.231654807925224304e-02
6.228820979595184326e-02
6.225997954607009888e-02
6.223188340663909912e-02
6.220390275120735168e-02
6.217597797513008118e-02
6.214821711182594299e-02
6.212057545781135559e-02
6.209302693605422974e-02
6.206561997532844543e-02
6.203829869627952576e-02
6.201114505529403687e-02
6.198411434888839722e-02
6.195722520351409912e-02
6.193038821220397949e-02
6.190371140837669373e-02
6.187709793448448181e-02
6.185069680213928223e-02
6.182434782385826111e-02
6.179809570312500000e-02
6.177205219864845276e-02
6.174610927700996399e-02
6.172031536698341370e-02
6.169461458921432495e-02
6.166902929544448853e-02
6.164361163973808289e-02
6.161830201745033264e-02
6.159314513206481934e-02
6.156809255480766296e-02
6.154314428567886353e-02
6.151830777525901794e-02
6.149368360638618469e-02
6.146914139389991760e-02
6.144475564360618591e-02
6.142044812440872192e-02
6.139626726508140564e-02
6.137225031852722168e-02
6.134839355945587158e-02
6.132457777857780457e-02
6.130098551511764526e-02
6.127744913101196289e-02
6.125409528613090515e-02
6.123087927699089050e-02
6.120774522423744202e-02
6.118478998541831970e-02
6.116196140646934509e-02
6.113927438855171204e-02
6.111665815114974976e-02
6.109420210123062134e-02
6.107191368937492371e-02
6.104972213506698608e-02
6.102768331766128540e-02
6.100574880838394165e-02
6.098394468426704407e-02
6.096225604414939880e-02
6.094073876738548279e-02
6.091934442520141602e-02
6.089802086353302002e-02
6.087691336870193481e-02
6.085587665438652039e-02
6.083500012755393982e-02
6.081423535943031311e-02
6.079362332820892334e-02
6.077312678098678589e-02
6.075271591544151306e-02
6.073245033621788025e-02
6.071231514215469360e-02
6.069231405854225159e-02
6.067245081067085266e-02
6.065273284912109375e-02
6.063310056924819946e-02
6.061359494924545288e-02
6.059421598911285400e-02
6.057499721646308899e-02
6.055584177374839783e-02
6.053686514496803284e-02
6.051800772547721863e-02
6.049922853708267212e-02
6.048059836030006409e-02
6.046208366751670837e-02
6.044371426105499268e-02
6.042544171214103699e-02
6.040728092193603516e-02
6.038928776979446411e-02
6.037138029932975769e-02
6.035361066460609436e-02
6.033593416213989258e-02
6.031833589076995850e-02
6.030095741152763367e-02
6.028362363576889038e-02
6.026642397046089172e-02
6.024932861328125000e-02
6.023237854242324829e-02
6.021551042795181274e-02
6.019876152276992798e-02
6.018213927745819092e-02
6.016559526324272156e-02
6.014920398592948914e-02
6.013287976384162903e-02
6.011668592691421509e-02
6.010061874985694885e-02
6.008465588092803955e-02
6.006876006722450256e-02
6.005300953984260559e-02
6.003733351826667786e-02
6.002181023359298706e-02
6.000637263059616089e-02
5.999103188514709473e-02
5.997579172253608704e-02
5.996064841747283936e-02
5.994557961821556091e-02
5.993066355586051941e-02
5.991583317518234253e-02
5.990111082792282104e-02
5.988648533821105957e-02
5.987192690372467041e-02
5.985752493143081665e-02
5.984316766262054443e-02
5.982894450426101685e-02
5.981478095054626465e-02
5.980071797966957092e-02
5.978678911924362183e-02
5.977290496230125427e-02
5.975911766290664673e-02
5.974542722105979919e-02
5.973181501030921936e-02
5.971832200884819031e-02
5.970486998558044434e-02
5.969152972102165222e-02
5.967827141284942627e-02
5.966510251164436340e-02
5.965201556682586670e-02
5.963901057839393616e-02
5.962609127163887024e-02
5.961328372359275818e-02
5.960050225257873535e-02
5.958782881498336792e-02
5.957521870732307434e-02
5.956270545721054077e-02
5.955025926232337952e-02
5.953792110085487366e-02
5.952562764286994934e-02
5.951343849301338196e-02
5.950129777193069458e-02
5.948923900723457336e-02
5.947724357247352600e-02
5.946534872055053711e-02
5.945349484682083130e-02
5.944170430302619934e-02
5.943001434206962585e-02
5.941839888691902161e-02
5.940681695938110352e-02
5.939531326293945312e-02
5.938390269875526428e-02
5.937252193689346313e-02
5.936120823025703430e-02
5.934995785355567932e-02
5.933877825736999512e-02
5.932765454053878784e-02
5.931655317544937134e-02
5.930557847023010254e-02
5.929463729262351990e-02
5.928374081850051880e-02
5.927293375134468079e-02
5.926217138767242432e-02
5.925145745277404785e-02
5.924082174897193909e-02
5.923022702336311340e-02
5.921967700123786926e-02
5.920919030904769897e-02
5.919874086976051331e-02
5.918836966156959534e-02
5.917802825570106506e-02
5.916775763034820557e-02
5.915752425789833069e-02
5.914732441306114197e-02
5.913722142577171326e-02
5.912711843848228455e-02
5.911711603403091431e-02
5.910709500312805176e-02
5.909718200564384460e-02
5.908725410699844360e-02
5.907740816473960876e-02
5.906759575009346008e-02
5.905781313776969910e-02
5.904808640480041504e-02
5.903841555118560791e-02
5.902877822518348694e-02
5.901918560266494751e-02
5.900961160659790039e-02
5.900010466575622559e-02
5.899060890078544617e-02
5.898116901516914368e-02
5.897177755832672119e-02
5.896241590380668640e-02
5.895308405160903931e-02
5.894378945231437683e-02
5.893456190824508667e-02
5.892531573772430420e-02
5.891616269946098328e-02
5.890696868300437927e-02
5.889782682061195374e-02
5.888878926634788513e-02
5.887970700860023499e-02
5.887069553136825562e-02
5.886172503232955933e-02
5.885277688503265381e-02
5.884382128715515137e-02
5.883490666747093201e-02
5.882606655359268188e-02
5.881722271442413330e-02
5.880845710635185242e-02
5.879967287182807922e-02
5.879091471433639526e-02
5.878223106265068054e-02
5.877351015806198120e-02
5.876488983631134033e-02
5.875626951456069946e-02
5.874766409397125244e-02
5.873908475041389465e-02
5.873049795627593994e-02
5.872198194265365601e-02
5.871345847845077515e-02
5.870497971773147583e-02
5.869651213288307190e-02
5.868808925151824951e-02
5.867967009544372559e-02
5.867125838994979858e-02
5.866289883852005005e-02
5.865455046296119690e-02
5.864622816443443298e-02
5.863792449235916138e-02
5.862967669963836670e-02
5.862141400575637817e-02
5.861319229006767273e-02
5.860499292612075806e-02
5.859675630927085876e-02
5.858860164880752563e-02
5.858042091131210327e-02
5.857228115200996399e-02
5.856416374444961548e-02
5.855604633688926697e-02
5.854794010519981384e-02
5.853983759880065918e-02
5.853183194994926453e-02
5.852378532290458679e-02
5.851580575108528137e-02
5.850778147578239441e-02
5.849977955222129822e-02
5.849181488156318665e-02
5.848389118909835815e-02
5.847597122192382812e-02
5.846802517771720886e-02
5.846011638641357422e-02
5.845224484801292419e-02
5.844435095787048340e-02
5.843646079301834106e-02
5.842863768339157104e-02
5.842081829905509949e-02
5.841295421123504639e-02
5.840517207980155945e-02
5.839737877249717712e-02
5.838958173990249634e-02
5.838185548782348633e-02
5.837404727935791016e-02
5.836632475256919861e-02
5.835859477519989014e-02
5.835089087486267090e-02
5.834318697452545166e-02
5.833548307418823242e-02
5.832780897617340088e-02
5.832011625170707703e-02
5.831244960427284241e-02
5.830481648445129395e-02
5.829717591404914856e-02
5.828953906893730164e-02
5.828190222382545471e-02
5.827427655458450317e-02
5.826669931411743164e-02
5.825910717248916626e-02
5.825152620673179626e-02
5.824397131800651550e-02
5.823643133044242859e-02
5.822885408997535706e-02
5.822131782770156860e-02
5.821374803781509399e-02
5.820623040199279785e-02
5.819872766733169556e-02
5.819119140505790710e-02
5.818373337388038635e-02
5.817620828747749329e-02
5.816869810223579407e-02
5.816124007105827332e-02
5.815379694104194641e-02
5.814633890986442566e-02
5.813885480165481567e-02
5.813143029808998108e-02
5.812394246459007263e-02
5.811652913689613342e-02
5.810909345746040344e-02
5.810167640447616577e-02
5.809427052736282349e-02
5.808688327670097351e-02
5.807948485016822815e-02
5.807209759950637817e-02
5.806469172239303589e-02
5.805736407637596130e-02
5.804999172687530518e-02
5.804263427853584290e-02
5.803523957729339600e-02
5.802789330482482910e-02
5.802056565880775452e-02
5.801323801279067993e-02
5.800591409206390381e-02
5.799861624836921692e-02
5.799130722880363464e-02
5.798400193452835083e-02
5.797670036554336548e-02
5.796938762068748474e-02
5.796205997467041016e-02
5.795476213097572327e-02
5.794749036431312561e-02
5.794017016887664795e-02
5.793291330337524414e-02
5.792568251490592957e-02
5.791845172643661499e-02
5.791122466325759888e-02
5.790396034717559814e-02
5.789675936102867126e-02
5.788949504494667053e-02
5.788224190473556519e-02
5.787501856684684753e-02
5.786780267953872681e-02
5.786057561635971069e-02
5.785338208079338074e-02
5.784618854522705078e-02
5.783898755908012390e-02
5.783182755112648010e-02
5.782464519143104553e-02
5.781748518347740173e-02
5.781029537320137024e-02
5.780316144227981567e-02
5.779596790671348572e-02
5.778881907463073730e-02
5.778170004487037659e-02
5.777454003691673279e-02
5.776742100715637207e-02
5.776027217507362366e-02
5.775316059589385986e-02
5.774603784084320068e-02
5.773897469043731689e-02
5.773185938596725464e-02
5.772478878498077393e-02
5.771768465638160706e-02
5.771061778068542480e-02
5.770356208086013794e-02
5.769646540284156799e-02
5.768941342830657959e-02
5.768235400319099426e-02
5.767529830336570740e-02
5.766825377941131592e-02
5.766123905777931213e-02
5.765416100621223450e-02
5.764717236161231995e-02
5.764017254114151001e-02
5.763313174247741699e-02
5.762611329555511475e-02
5.761912837624549866e-02
5.761212483048439026e-02
5.760513618588447571e-02
5.759817361831665039e-02
5.759121105074882507e-02
5.758424848318099976e-02
5.757730081677436829e-02
5.757038295269012451e-02
5.756340920925140381e-02
5.755648016929626465e-02
5.754957348108291626e-02
5.754265189170837402e-02
5.753579735755920410e-02
5.752885714173316956e-02
5.752195417881011963e-02
5.751509219408035278e-02
5.750822275876998901e-02
5.750138312578201294e-02
5.749453976750373840e-02
5.748769640922546387e-02
5.748088657855987549e-02
5.747402831912040710e-02
5.746722966432571411e-02
5.746038258075714111e-02
5.745358020067214966e-02
5.744679272174835205e-02
5.744000524282455444e-02
5.743324756622314453e-02
5.742650479078292847e-02
5.741975829005241394e-02
5.741300061345100403e-02
5.740633606910705566e-02
5.739961564540863037e-02
5.739288404583930969e-02
5.738617479801177979e-02
5.737946927547454834e-02
5.737276747822761536e-02
5.736608430743217468e-02
5.735941603779792786e-02
5.735276266932487488e-02
5.734611302614212036e-02
5.733945965766906738e-02
5.733282119035720825e-02
5.732624232769012451e-02
5.731966346502304077e-02
5.731306970119476318e-02
5.730651319026947021e-02
5.729993805289268494e-02
5.729340761899948120e-02
5.728687718510627747e-02
5.728031694889068604e-02
5.727382749319076538e-02
5.726733431220054626e-02
5.726085975766181946e-02
5.725437030196189880e-02
5.724790692329406738e-02
5.724144726991653442e-02
5.723499134182929993e-02
5.722857639193534851e-02
5.722216516733169556e-02
5.721574649214744568e-02
5.720938369631767273e-02
5.720300599932670593e-02
5.719665810465812683e-02
5.719032883644104004e-02
5.718398466706275940e-02
5.717766284942626953e-02
5.717134475708007812e-02
5.716507136821746826e-02
5.715876072645187378e-02
5.715249851346015930e-02
5.714629963040351868e-02
5.714004486799240112e-02
5.713383108377456665e-02
5.712763220071792603e-02
5.712144821882247925e-02
5.711527541279792786e-02
5.710914731025695801e-02
5.710298940539360046e-02
5.709686130285263062e-02
5.709077790379524231e-02
5.708461999893188477e-02
5.707852914929389954e-02
5.707247182726860046e-02
5.706643313169479370e-02
5.706040933728218079e-02
5.705439299345016479e-02
5.704838410019874573e-02
5.704241245985031128e-02
5.703641846776008606e-02
5.703045800328254700e-02
5.702454224228858948e-02
5.701861903071403503e-02
5.701268836855888367e-02
5.700684711337089539e-02
5.700097978115081787e-02
5.699511244893074036e-02
5.698926746845245361e-02
5.698342993855476379e-02
5.697764083743095398e-02
5.697186291217803955e-02
5.696611106395721436e-02
5.696032196283340454e-02
5.695456266403198242e-02
5.694888159632682800e-02
5.694317445158958435e-02
5.693747103214263916e-02
5.693182349205017090e-02
5.692617967724800110e-02
5.692050606012344360e-02
5.691489949822425842e-02
5.690933391451835632e-02
5.690373852849006653e-02
5.689822137355804443e-02
5.689262598752975464e-02
5.688712000846862793e-02
5.688163638114929199e-02
5.687614157795906067e-02
5.687064677476882935e-02
5.686522647738456726e-02
5.685979127883911133e-02
5.685433372855186462e-02
5.684897676110267639e-02
5.684361979365348816e-02
5.683826282620429993e-02
5.683293938636779785e-02
5.682760849595069885e-02
5.682231113314628601e-02
5.681702494621276855e-02
5.681174620985984802e-02
5.680651217699050903e-02
5.680130049586296082e-02
5.679609254002571106e-02
5.679094418883323669e-02
5.678581073880195618e-02
5.678066983819007874e-02
5.677556991577148438e-02
5.677045509219169617e-02
5.676539614796638489e-02
5.676033720374107361e-02
5.675533413887023926e-02
5.675031989812850952e-02
5.674530938267707825e-02
5.674031749367713928e-02
5.673535540699958801e-02
5.673043802380561829e-02
5.672555789351463318e-02
5.672067031264305115e-02
5.671579763293266296e-02
5.671095103025436401e-02
5.670611560344696045e-02
5.670130997896194458e-02
5.669654533267021179e-02
5.669179186224937439e-02
5.668704211711883545e-02
5.668230727314949036e-02
5.667761713266372681e-02
5.667294934391975403e-02
5.666830763220787048e-02
5.666365101933479309e-02
5.665902048349380493e-02
5.665443092584609985e-02
5.664989724755287170e-02
5.664532631635665894e-02
5.664082244038581848e-02
5.663634091615676880e-02
5.663184449076652527e-02
5.662741139531135559e-02
5.662298575043678284e-02
5.661853030323982239e-02
5.661413818597793579e-02
5.660975724458694458e-02
5.660543218255043030e-02
5.660111829638481140e-02
5.659680813550949097e-02
5.659250169992446899e-02
5.658827349543571472e-02
5.658406019210815430e-02
5.657988414168357849e-02
5.657567828893661499e-02
5.657151341438293457e-02
5.656740814447402954e-02
5.656326189637184143e-02
5.655916035175323486e-02
5.655509978532791138e-02
5.655105412006378174e-02
5.654704570770263672e-02
5.654304474592208862e-02
5.653905868530273438e-02
5.653507634997367859e-02
5.653114244341850281e-02
5.652726814150810242e-02
5.652338638901710510e-02
5.651950463652610779e-02
5.651567131280899048e-02
5.651186779141426086e-02
5.650805681943893433e-02
5.650427937507629395e-02
5.650052800774574280e-02
5.649681389331817627e-02
5.649312958121299744e-02
5.648945644497871399e-02
5.648580193519592285e-02
5.648218467831611633e-02
5.647858977317810059e-02
5.647503212094306946e-02
5.647144839167594910e-02
5.646793916821479797e-02
5.646444112062454224e-02
5.646094307303428650e-02
5.645754188299179077e-02
5.645408108830451965e-02
5.645063519477844238e-02
5.644722655415534973e-02
5.644393712282180786e-02
5.644058808684349060e-02
5.643733218312263489e-02
5.643402040004730225e-02
5.643076449632644653e-02
5.642753839492797852e-02
5.642428621649742126e-02
5.642110854387283325e-02
5.641797557473182678e-02
5.641488730907440186e-02
5.641179531812667847e-02
5.640869960188865662e-02
5.640563368797302246e-02
5.640257894992828369e-02
5.639962479472160339e-02
5.639664083719253540e-02
5.639372020959854126e-02
5.639079958200454712e-02
5.638789013028144836e-02
5.638501420617103577e-02
5.638219788670539856e-02
5.637940019369125366e-02
5.637660995125770569e-02
5.637381598353385925e-02
5.637111142277717590e-02
5.636838078498840332e-02
5.636571347713470459e-02
5.636306852102279663e-02
5.636049062013626099e-02
5.635784193873405457e-02
5.635526776313781738e-02
5.635274946689605713e-02
5.635023117065429688e-02
5.634775385260581970e-02
5.634528398513793945e-02
5.634286254644393921e-02
5.634045973420143127e-02
5.633806437253952026e-02
5.633570626378059387e-02
5.633339285850524902e-02
5.633110553026199341e-02
5.632885918021202087e-02
5.632663145661354065e-02
5.632435902953147888e-02
5.632223188877105713e-02
5.632005631923675537e-02
5.631791055202484131e-02
5.631581693887710571e-02
5.631370097398757935e-02
5.631167814135551453e-02
5.630965903401374817e-02
5.630769208073616028e-02
5.630572140216827393e-02
5.630375817418098450e-02
5.630181729793548584e-02
5.629997327923774719e-02
5.629815533757209778e-02
5.629631504416465759e-02
5.629453435540199280e-02
5.629276111721992493e-02
5.629103258252143860e-02
5.628934130072593689e-02
5.628768354654312134e-02
5.628605186939239502e-02
5.628448724746704102e-02
5.628289654850959778e-02
5.628136917948722839e-02
5.627987533807754517e-02
5.627837777137756348e-02
5.627690628170967102e-02
5.627549812197685242e-02
5.627408623695373535e-02
5.627271905541419983e-02
5.627138167619705200e-02
5.627008900046348572e-02
5.626881495118141174e-02
5.626753717660903931e-02
5.626634135842323303e-02
5.626522377133369446e-02
5.626403167843818665e-02
5.626294389367103577e-02
5.626185610890388489e-02
5.626083165407180786e-02
5.625976994633674622e-02
5.625876784324645996e-02
5.625781789422035217e-02
5.625690519809722900e-02
5.625599622726440430e-02
5.625515058636665344e-02
5.625428631901741028e-02
5.625351518392562866e-02
5.625274032354354858e-02
5.625202879309654236e-02
5.625133961439132690e-02
5.625065788626670837e-02
5.624999105930328369e-02
5.624940618872642517e-02
5.624886602163314819e-02
5.624831095337867737e-02
5.624779313802719116e-02
5.624733492732048035e-02
5.624689534306526184e-02
5.624648928642272949e-02
5.624611675739288330e-02
5.624577403068542480e-02
5.624550580978393555e-02
5.624520778656005859e-02
5.624496564269065857e-02
5.624477937817573547e-02
5.624460056424140930e-02
5.624447762966156006e-02
5.624437332153320312e-02
5.624430626630783081e-02
5.624426528811454773e-02
5.624423548579216003e-02
5.624431744217872620e-02
5.624444410204887390e-02
5.624455958604812622e-02
5.624467879533767700e-02
5.624484270811080933e-02
5.624507367610931396e-02
5.624532699584960938e-02
5.624562501907348633e-02
5.624596774578094482e-02
5.624628439545631409e-02
5.624670535326004028e-02
5.624710395932197571e-02
5.624756589531898499e-02
5.624806880950927734e-02
5.624859407544136047e-02
5.624918639659881592e-02
5.624977871775627136e-02
5.625040456652641296e-02
5.625109001994132996e-02
5.625180900096893311e-02
5.625254660844802856e-02
5.625334754586219788e-02
5.625416710972785950e-02
5.625504627823829651e-02
5.625592544674873352e-02
5.625691637396812439e-02
5.625784397125244141e-02
5.625886470079421997e-02
5.625990033149719238e-02
5.626099184155464172e-02
5.626209825277328491e-02
5.626327544450759888e-02
5.626445263624191284e-02
5.626569688320159912e-02
5.626693367958068848e-02
5.626827850937843323e-02
5.626961961388587952e-02
5.627100169658660889e-02
5.627245455980300903e-02
5.627389252185821533e-02
5.627541244029998779e-02
5.627696216106414795e-02
5.627854540944099426e-02
5.628016963601112366e-02
5.628185346722602844e-02
5.628354847431182861e-02
5.628525838255882263e-02
5.628705397248268127e-02
5.628885701298713684e-02
5.629071965813636780e-02
5.629265308380126953e-02
5.629459396004676819e-02
5.629656836390495300e-02
5.629857629537582397e-02
5.630063265562057495e-02
5.630272626876831055e-02
5.630482733249664307e-02
5.630697309970855713e-02
5.630917102098464966e-02
5.631143972277641296e-02
5.631373077630996704e-02
5.631602182984352112e-02
5.631835758686065674e-02
5.632075294852256775e-02
5.632323026657104492e-02
5.632570013403892517e-02
5.632822215557098389e-02
5.633072182536125183e-02
5.633334442973136902e-02
5.633597820997238159e-02
5.633866414427757263e-02
5.634137243032455444e-02
5.634412169456481934e-02
5.634697899222373962e-02
5.634980648756027222e-02
5.635267868638038635e-02
5.635555833578109741e-02
5.635850504040718079e-02
5.636152625083923340e-02
5.636454001069068909e-02
5.636759102344512939e-02
5.637070164084434509e-02
5.637386068701744080e-02
5.637705326080322266e-02
5.638027191162109375e-02
5.638354644179344177e-02
5.638683214783668518e-02
5.639017000794410706e-02
5.639357119798660278e-02
5.639699846506118774e-02
5.640049278736114502e-02
5.640396475791931152e-02
5.640753731131553650e-02
5.641110613942146301e-02
5.641471222043037415e-02
5.641837790608406067e-02
5.642203986644744873e-02
5.642579868435859680e-02
5.642957985401153564e-02
5.643343180418014526e-02
5.643726140260696411e-02
5.644115060567855835e-02
5.644509196281433105e-02
5.644905567169189453e-02
5.645303428173065186e-02
5.645707994699478149e-02
5.646120011806488037e-02
5.646530166268348694e-02
5.646952241659164429e-02
5.647372826933860779e-02
5.647798255085945129e-02
5.648228153586387634e-02
5.648656189441680908e-02
5.649092793464660645e-02
5.649532005190849304e-02
5.649973824620246887e-02
5.650418624281883240e-02
5.650865659117698669e-02
5.651321262121200562e-02
5.651781335473060608e-02
5.652240663766860962e-02
5.652708560228347778e-02
5.653174221515655518e-02
5.653645470738410950e-02
5.654121935367584229e-02
5.654606223106384277e-02
5.655094236135482788e-02
5.655578151345252991e-02
5.656072869896888733e-02
5.656566098332405090e-02
5.657062679529190063e-02
5.657562240958213806e-02
5.658067762851715088e-02
5.658581852912902832e-02
5.659093335270881653e-02
5.659605562686920166e-02
5.660123005509376526e-02
5.660647898912429810e-02
5.661173164844512939e-02
5.661700665950775146e-02
5.662232264876365662e-02
5.662770569324493408e-02
5.663309246301651001e-02
5.663850158452987671e-02
5.664393305778503418e-02
5.664946138858795166e-02
5.665496736764907837e-02
5.666053295135498047e-02
5.666612833738327026e-02
5.667178332805633545e-02
5.667744949460029602e-02
5.668312311172485352e-02
5.668884888291358948e-02
5.669460445642471313e-02
5.670042708516120911e-02
5.670621246099472046e-02
5.671208351850509644e-02
5.671793967485427856e-02
5.672382190823554993e-02
5.672972649335861206e-02
5.673568695783615112e-02
5.674171447753906250e-02
5.674775317311286926e-02
5.675381422042846680e-02
5.675984174013137817e-02
5.676600709557533264e-02
5.677216127514839172e-02
5.677828192710876465e-02
5.678449198603630066e-02
5.679076164960861206e-02
5.679691210389137268e-02
5.680317059159278870e-02
5.680940672755241394e-02
5.681578814983367920e-02
5.682208389043807983e-02
5.682851746678352356e-02
5.683490633964538574e-02
5.684136226773262024e-02
5.684780701994895935e-02
5.685429275035858154e-02
5.686076357960700989e-02
5.686730518937110901e-02
5.687382072210311890e-02
5.688038095831871033e-02
5.688690766692161560e-02
5.689353495836257935e-02
5.690012872219085693e-02
5.690681561827659607e-02
5.691342800855636597e-02
5.692017450928688049e-02
5.692685768008232117e-02
5.693355947732925415e-02
5.694034323096275330e-02
5.694713443517684937e-02
5.695397779345512390e-02
5.696076899766921997e-02
5.696757882833480835e-02
5.697442218661308289e-02
5.698133260011672974e-02
5.698818713426589966e-02
5.699513852596282959e-02
5.700206756591796875e-02
5.700897425413131714e-02
5.701593309640884399e-02
5.702292546629905701e-02
5.702990666031837463e-02
5.703691765666007996e-02
5.704393610358238220e-02
5.705095455050468445e-02
5.705799534916877747e-02
5.706505477428436279e-02
5.707218125462532043e-02
5.707923322916030884e-02
5.708635970950126648e-02
5.709354951977729797e-02
5.710062757134437561e-02
5.710783600807189941e-02
5.711503326892852783e-02
5.712220072746276855e-02
5.712938308715820312e-02
5.713651701807975769e-02
5.714372172951698303e-02
5.715103447437286377e-02
5.715824663639068604e-02
5.716547742486000061e-02
5.717273801565170288e-02
5.717999115586280823e-02
5.718727037310600281e-02
5.719456076622009277e-02
5.720183253288269043e-02
5.720913410186767578e-02
5.721646547317504883e-02
5.722383409738540649e-02
5.723108723759651184e-02
5.723845586180686951e-02
5.724573507905006409e-02
5.725308135151863098e-02
5.726045370101928711e-02
5.726778879761695862e-02
5.727515742182731628e-02
5.728249996900558472e-02
5.728986859321594238e-02
5.729728564620018005e-02
5.730463936924934387e-02
5.731199309229850769e-02
5.731937661767005920e-02
5.732675641775131226e-02
5.733415856957435608e-02
5.734160542488098145e-02
5.734901130199432373e-02
5.735638737678527832e-02
5.736380070447921753e-02
5.737121403217315674e-02
5.737858638167381287e-02
5.738600715994834900e-02
5.739348009228706360e-02
5.740089341998100281e-02
5.740823969244956970e-02
5.741567537188529968e-02
5.742308497428894043e-02
5.743048340082168579e-02
5.743787810206413269e-02
5.744530633091926575e-02
5.745274201035499573e-02
5.746012553572654724e-02
5.746759101748466492e-02
5.747499689459800720e-02
5.748237296938896179e-02
5.748977884650230408e-02
5.749720335006713867e-02
5.750461667776107788e-02
5.751204863190650940e-02
5.751944333314895630e-02
5.752683430910110474e-02
5.753425881266593933e-02
5.754163488745689392e-02
5.754902213811874390e-02
5.755645781755447388e-02
5.756390839815139771e-02
5.757128819823265076e-02
5.757862702012062073e-02
5.758601054549217224e-02
5.759336426854133606e-02
5.760075151920318604e-02
5.760813876986503601e-02
5.761553347110748291e-02
5.762280151247978210e-02
5.763015523552894592e-02
5.763748288154602051e-02
5.764486268162727356e-02
5.765219032764434814e-02
5.765954405069351196e-02
5.766684934496879578e-02
5.767416581511497498e-02
5.768151953816413879e-02
5.768878385424613953e-02
5.769612267613410950e-02
5.770342424511909485e-02
5.771070718765258789e-02
5.771800875663757324e-02
5.772527679800987244e-02
5.773255601525306702e-02
5.773979052901268005e-02
5.774700641632080078e-02
5.775430798530578613e-02
5.776152387261390686e-02
5.776875838637351990e-02
5.777599662542343140e-02
5.778320133686065674e-02
5.779041349887847900e-02
5.779763311147689819e-02
5.780486017465591431e-02
5.781203135848045349e-02
5.781917273998260498e-02
5.782635882496833801e-02
5.783350393176078796e-02
5.784069374203681946e-02
5.784782394766807556e-02
5.785501375794410706e-02
5.786218494176864624e-02
5.786931887269020081e-02
5.787643045186996460e-02
5.788351222872734070e-02
5.789067596197128296e-02
5.789775773882865906e-02
5.790482461452484131e-02
5.791191756725311279e-02
5.791898816823959351e-02
5.792604759335517883e-02
5.793313309550285339e-02
5.794016271829605103e-02
5.794722586870193481e-02
5.795427784323692322e-02
5.796132981777191162e-02
5.796832218766212463e-02
5.797534808516502380e-02
5.798235535621643066e-02
5.798932909965515137e-02
5.799631774425506592e-02
5.800333619117736816e-02
5.801026150584220886e-02
5.801724642515182495e-02
5.802416056394577026e-02
5.803114920854568481e-02
5.803805589675903320e-02
5.804500356316566467e-02
5.805193632841110229e-02
5.805880203843116760e-02
5.806569755077362061e-02
5.807256698608398438e-02
5.807949975132942200e-02
5.808642134070396423e-02
5.809329822659492493e-02
5.810014158487319946e-02
5.810700356960296631e-02
5.811385810375213623e-02
5.812070891261100769e-02
5.812758952379226685e-02
5.813440307974815369e-02
5.814122408628463745e-02
5.814804136753082275e-02
5.815478414297103882e-02
5.816160142421722412e-02
5.816838145256042480e-02
5.817516893148422241e-02
5.818190798163414001e-02
5.818870291113853455e-02
5.819547176361083984e-02
5.820221453905105591e-02
5.820897966623306274e-02
5.821573734283447266e-02
5.822250247001647949e-02
5.822918191552162170e-02
5.823591351509094238e-02
5.824267864227294922e-02
5.824939161539077759e-02
5.825609713792800903e-02
5.826276913285255432e-02
5.826945975422859192e-02
5.827616900205612183e-02
5.828284472227096558e-02
5.828953161835670471e-02
5.829620361328125000e-02
5.830283463001251221e-02
5.830948427319526672e-02
5.831613019108772278e-02
5.832274258136749268e-02
5.832936987280845642e-02
5.833598971366882324e-02
5.834258720278739929e-02
5.834922939538955688e-02
5.835586041212081909e-02
5.836250633001327515e-02
5.836905539035797119e-02
5.837566405534744263e-02
5.838222801685333252e-02
5.838881060481071472e-02
5.839538574218750000e-02
5.840193480253219604e-02
5.840852856636047363e-02
5.841507017612457275e-02
5.842166393995285034e-02
5.842817202210426331e-02
5.843468755483627319e-02
5.844124779105186462e-02
5.844778195023536682e-02
5.845427140593528748e-02
5.846084281802177429e-02
5.846736580133438110e-02
5.847390368580818176e-02
5.848044529557228088e-02
5.848693102598190308e-02
5.849338695406913757e-02
5.849990621209144592e-02
5.850639939308166504e-02
5.851287394762039185e-02
5.851935967803001404e-02
5.852580815553665161e-02
5.853232741355895996e-02
5.853879079222679138e-02
5.854525789618492126e-02
5.855171382427215576e-02
5.855820327997207642e-02
5.856460705399513245e-02
5.857107788324356079e-02
5.857756733894348145e-02
5.858397856354713440e-02
5.859043821692466736e-02
5.859691649675369263e-02
5.860331654548645020e-02
5.860976129770278931e-02
5.861619859933853149e-02
5.862265452742576599e-02
5.862904340028762817e-02
5.863550305366516113e-02
5.864196270704269409e-02
5.864834040403366089e-02
5.865475162863731384e-02
5.866113305091857910e-02
5.866755917668342590e-02
5.867398157715797424e-02
5.868031457066535950e-02
5.868671461939811707e-02
5.869311094284057617e-02
5.869953334331512451e-02
5.870589613914489746e-02
5.871232971549034119e-02
5.871867015957832336e-02
5.872507393360137939e-02
5.873143672943115234e-02
5.873782560229301453e-02
5.874421074986457825e-02
5.875059217214584351e-02
5.875695124268531799e-02
5.876322835683822632e-02
5.876963213086128235e-02
5.877599865198135376e-02
5.878230184316635132e-02
5.878870189189910889e-02
5.879507958889007568e-02
5.880143865942955017e-02
5.880777910351753235e-02
5.881414189934730530e-02
5.882047861814498901e-02
5.882683768868446350e-02
5.883314087986946106e-02
5.883945524692535400e-02
5.884575471282005310e-02
5.885209888219833374e-02
5.885843560099601746e-02
5.886475741863250732e-02
5.887108296155929565e-02
5.887739360332489014e-02
5.888366326689720154e-02
5.888999626040458679e-02
5.889633297920227051e-02
5.890266597270965576e-02
5.890896543860435486e-02
5.891523137688636780e-02
5.892158299684524536e-02
5.892788618803024292e-02
5.893417075276374817e-02
5.894047021865844727e-02
5.894675850868225098e-02
5.895303562283515930e-02
5.895932391285896301e-02
5.896561220288276672e-02
5.897192656993865967e-02
5.897819995880126953e-02
5.898443982005119324e-02
5.899072065949440002e-02
5.899696797132492065e-02
5.900324881076812744e-02
5.900952965021133423e-02
5.901578441262245178e-02
5.902202427387237549e-02
5.902836471796035767e-02
5.903457477688789368e-02
5.904082208871841431e-02
5.904709175229072571e-02
5.905332788825035095e-02
5.905960127711296082e-02
5.906584486365318298e-02
5.907208472490310669e-02
5.907833948731422424e-02
5.908457934856414795e-02
5.909077823162078857e-02
5.909703671932220459e-02
5.910326540470123291e-02
5.910949409008026123e-02
5.911573395133018494e-02
5.912192165851593018e-02
5.912816151976585388e-02
5.913435295224189758e-02
5.914059653878211975e-02
5.914677679538726807e-02
5.915297195315361023e-02
5.915922299027442932e-02
5.916544795036315918e-02
5.917161330580711365e-02
5.917778983712196350e-02
5.918397381901741028e-02
5.919017270207405090e-02
5.919640138745307922e-02
5.920256674289703369e-02
5.920875072479248047e-02
5.921487882733345032e-02
5.922105163335800171e-02
5.922722443938255310e-02
5.923337116837501526e-02
5.923955515027046204e-02
5.924571678042411804e-02
5.925187468528747559e-02
5.925804376602172852e-02
5.926419049501419067e-02
5.927037075161933899e-02
5.927645415067672729e-02
5.928263068199157715e-02
5.928877741098403931e-02
5.929488316178321838e-02
5.930100753903388977e-02
5.930716171860694885e-02
5.931325629353523254e-02
5.931940674781799316e-02
5.932552739977836609e-02
5.933164060115814209e-02
5.933772400021553040e-02
5.934387072920799255e-02
5.934995040297508240e-02
5.935607478022575378e-02
5.936214327812194824e-02
5.936822667717933655e-02
5.937427282333374023e-02
5.938037484884262085e-02
5.938644334673881531e-02
5.939248949289321899e-02
5.939851701259613037e-02
5.940466374158859253e-02
5.941070243716239929e-02
5.941672995686531067e-02
5.942280963063240051e-02
5.942880734801292419e-02
5.943484604358673096e-02
5.944090336561203003e-02
5.944689363241195679e-02
5.945289134979248047e-02
5.945893377065658569e-02
5.946495011448860168e-02
5.947096645832061768e-02
5.947699770331382751e-02
5.948301777243614197e-02
5.948899686336517334e-02
5.949499085545539856e-02
5.950093641877174377e-02
5.950691923499107361e-02
5.951290205121040344e-02
5.951882526278495789e-02
5.952482298016548157e-02
5.953074246644973755e-02
5.953671783208847046e-02
5.954265967011451721e-02
5.954859033226966858e-02
5.955447629094123840e-02
5.956043303012847900e-02
5.956633016467094421e-02
5.957224220037460327e-02
5.957817286252975464e-02
5.958404019474983215e-02
5.958994477987289429e-02
5.959581211209297180e-02
5.960168316960334778e-02
5.960756540298461914e-02
5.961346253752708435e-02
5.961932241916656494e-02
5.962515994906425476e-02
5.963102728128433228e-02
5.963685736060142517e-02
5.964268743991851807e-02
5.964850261807441711e-02
5.965430289506912231e-02
5.966014787554740906e-02
5.966596677899360657e-02
5.967172235250473022e-02
5.967749655246734619e-02
5.968329310417175293e-02
5.968905240297317505e-02
5.969480425119400024e-02
5.970060452818870544e-02
5.970638990402221680e-02
5.971211940050125122e-02
5.971784889698028564e-02
5.972359701991081238e-02
5.972929671406745911e-02
5.973501130938529968e-02
5.974071472883224487e-02
5.974638089537620544e-02
5.975211039185523987e-02
5.975778400897979736e-02
5.976349860429763794e-02
5.976914986968040466e-02
5.977482348680496216e-02
5.978043749928474426e-02
5.978611111640930176e-02
5.979174748063087463e-02
5.979732051491737366e-02
5.980294197797775269e-02
5.980853736400604248e-02
5.981413275003433228e-02
5.981974303722381592e-02
5.982528626918792725e-02
5.983091890811920166e-02
5.983646214008331299e-02
5.984204262495040894e-02
5.984763428568840027e-02
5.985312908887863159e-02
5.985864996910095215e-02
5.986420065164566040e-02
5.986968427896499634e-02
5.987522751092910767e-02
5.988074466586112976e-02
5.988626182079315186e-02
5.989170074462890625e-02
5.989714339375495911e-02
5.990266427397727966e-02
5.990815535187721252e-02
5.991360545158386230e-02
5.991902947425842285e-02
5.992450192570686340e-02
5.992991104722023010e-02
5.993531271815299988e-02
5.994070693850517273e-02
5.994611978530883789e-02
5.995155498385429382e-02
5.995695292949676514e-02
5.996231734752655029e-02
5.996764451265335083e-02
5.997302383184432983e-02
5.997832864522933960e-02
5.998364835977554321e-02
5.998899415135383606e-02
5.999439209699630737e-02
5.999972298741340637e-02
6.000499427318572998e-02
6.001029536128044128e-02
6.001558899879455566e-02
6.002081558108329773e-02
6.002610176801681519e-02
6.003138795495033264e-02
6.003655865788459778e-02
6.004185974597930908e-02
6.004704162478446960e-02
6.005226448178291321e-02
6.005744263529777527e-02
6.006265431642532349e-02
6.006782501935958862e-02
6.007299199700355530e-02
6.007817760109901428e-02
6.008332967758178711e-02
6.008847430348396301e-02
6.009365990757942200e-02
6.009878218173980713e-02
6.010386347770690918e-02
6.010905280709266663e-02
6.011413037776947021e-02
6.011922284960746765e-02
6.012433394789695740e-02
6.012939289212226868e-02
6.013448163866996765e-02
6.013958156108856201e-02
6.014458835124969482e-02
6.014965847134590149e-02
6.015466898679733276e-02
6.015971302986145020e-02
6.016470491886138916e-02
6.016971915960311890e-02
6.017471104860305786e-02
6.017973273992538452e-02
6.018469855189323425e-02
6.018967926502227783e-02
6.019459292292594910e-02
6.019957363605499268e-02
6.020453944802284241e-02
6.020948290824890137e-02
6.021439656615257263e-02
6.021934375166893005e-02
6.022421270608901978e-02
6.022911146283149719e-02
6.023400276899337769e-02
6.023886427283287048e-02
6.024379283189773560e-02
6.024865806102752686e-02
6.025352701544761658e-02
6.025836616754531860e-02
6.026319041848182678e-02
6.026807054877281189e-02
6.027287244796752930e-02
6.027763336896896362e-02
6.028244271874427795e-02
6.028727814555168152e-02
6.029204651713371277e-02
6.029684841632843018e-02
6.030159443616867065e-02
6.030638888478279114e-02
6.031117215752601624e-02
6.031591817736625671e-02
6.032067537307739258e-02
6.032539159059524536e-02
6.033013761043548584e-02
6.033484637737274170e-02
6.033949553966522217e-02
6.034424901008605957e-02
6.034890562295913696e-02
6.035359203815460205e-02
6.035824120044708252e-02
6.036287546157836914e-02
6.036752462387084961e-02
6.037215888500213623e-02
6.037680432200431824e-02
6.038143485784530640e-02
6.038603186607360840e-02
6.039060652256011963e-02
6.039522960782051086e-02
6.039986014366149902e-02
6.040437519550323486e-02
6.040899828076362610e-02
6.041352450847625732e-02
6.041810661554336548e-02
6.042266264557838440e-02
6.042721867561340332e-02
6.043173745274543762e-02
6.043628230690956116e-02
6.044080480933189392e-02
6.044532731175422668e-02
6.044981628656387329e-02
6.045430526137351990e-02
6.045879423618316650e-02
6.046321988105773926e-02
6.046770140528678894e-02
6.047217547893524170e-02
6.047664955258369446e-02
6.048109754920005798e-02
6.048555672168731689e-02
6.049002334475517273e-02
6.049448624253273010e-02
6.049896031618118286e-02
6.050335243344306946e-02
6.050775572657585144e-02
6.051216274499893188e-02
6.051656976342201233e-02
6.052098050713539124e-02
6.052535027265548706e-02
6.052972748875617981e-02
6.053410470485687256e-02
6.053848192095756531e-02
6.054284051060676575e-02
6.054713204503059387e-02
6.055145338177680969e-02
6.055585294961929321e-02
6.056015938520431519e-02
6.056445837020874023e-02
6.056879833340644836e-02
6.057310849428176880e-02
6.057737022638320923e-02
6.058165431022644043e-02
6.058597564697265625e-02
6.059023737907409668e-02
6.059449538588523865e-02
6.059879064559936523e-02
6.060308218002319336e-02
6.060730665922164917e-02
6.061160564422607422e-02
6.061589345335960388e-02
6.062007695436477661e-02
6.062435358762741089e-02
6.062854081392288208e-02
6.063275039196014404e-02
6.063698977231979370e-02
6.064126268029212952e-02
6.064542755484580994e-02
6.064965948462486267e-02
6.065378338098526001e-02
6.065800413489341736e-02
6.066217646002769470e-02
6.066635251045227051e-02
6.067054346203804016e-02
6.067470088601112366e-02
6.067893654108047485e-02
6.068309023976325989e-02
6.068721041083335876e-02
6.069135665893554688e-02
6.069545820355415344e-02
6.069959700107574463e-02
6.070373207330703735e-02
6.070784479379653931e-02
6.071196869015693665e-02
6.071612238883972168e-02
6.072026491165161133e-02
6.072436645627021790e-02
6.072844192385673523e-02
6.073258072137832642e-02
6.073669344186782837e-02
6.074075028300285339e-02
6.074486300349235535e-02
6.074891611933708191e-02
6.075300648808479309e-02
6.075707450509071350e-02
6.076114624738693237e-02
6.076525524258613586e-02
6.076928973197937012e-02
6.077332794666290283e-02
6.077742204070091248e-02
6.078146025538444519e-02
6.078549101948738098e-02
6.078952550888061523e-02
6.079357862472534180e-02
6.079759076237678528e-02
6.080163642764091492e-02
6.080558896064758301e-02
6.080960854887962341e-02
6.081361696124076843e-02
6.081761047244071960e-02
6.082164123654365540e-02
6.082559749484062195e-02
6.082958355545997620e-02
6.083358451724052429e-02
6.083757802844047546e-02
6.084157153964042664e-02
6.084553897380828857e-02
6.084952875971794128e-02
6.085350736975669861e-02
6.085747852921485901e-02
6.086140498518943787e-02
6.086537986993789673e-02
6.086936220526695251e-02
6.087325885891914368e-02
6.087720766663551331e-02
6.088116392493247986e-02
6.088512018322944641e-02
6.088907644152641296e-02
6.089299172163009644e-02
6.089691072702407837e-02
6.090086698532104492e-02
6.090478599071502686e-02
6.090873107314109802e-02
6.091264262795448303e-02
6.091657653450965881e-02
6.092048063874244690e-02
6.092437729239463806e-02
6.092829257249832153e-02
6.093218922615051270e-02
6.093605607748031616e-02
6.093994528055191040e-02
6.094386428594589233e-02
6.094774603843688965e-02
6.095168739557266235e-02
6.095556542277336121e-02
6.095947697758674622e-02
6.096331775188446045e-02
6.096718087792396545e-02
6.097106263041496277e-02
6.097498908638954163e-02
6.097887828946113586e-02
6.098273396492004395e-02
6.098664179444313049e-02
6.099047139286994934e-02
6.099436059594154358e-02
6.099823117256164551e-02
6.100204214453697205e-02
6.100589781999588013e-02
6.100971624255180359e-02
6.101358309388160706e-02
6.101745367050170898e-02
6.102134659886360168e-02
6.102514639496803284e-02
6.102898716926574707e-02
6.103282794356346130e-02
6.103664264082908630e-02
6.104046106338500977e-02
6.104433164000511169e-02
6.104815378785133362e-02
6.105196475982666016e-02
6.105580925941467285e-02
6.105966120958328247e-02
6.106350570917129517e-02
6.106730550527572632e-02
6.107110530138015747e-02
6.107493489980697632e-02
6.107873097062110901e-02
6.108253449201583862e-02
6.108637154102325439e-02
6.109018251299858093e-02
6.109397113323211670e-02
6.109777465462684631e-02
6.110150367021560669e-02
6.110531091690063477e-02
6.110910698771476746e-02
6.111288070678710938e-02
6.111670657992362976e-02
6.112045794725418091e-02
6.112424284219741821e-02
6.112803518772125244e-02
6.113178655505180359e-02
6.113557144999504089e-02
6.113933026790618896e-02
6.114305183291435242e-02
6.114683672785758972e-02
6.115059554576873779e-02
6.115436553955078125e-02
6.115812063217163086e-02
6.116186827421188354e-02
6.116562709212303162e-02
6.116937845945358276e-02
6.117310002446174622e-02
6.117687001824378967e-02
6.118064746260643005e-02
6.118441745638847351e-02
6.118817627429962158e-02
6.119194254279136658e-02
6.119569763541221619e-02
6.119945272803306580e-02
6.120315566658973694e-02
6.120691448450088501e-02
6.121063232421875000e-02
6.121436133980751038e-02
6.121810153126716614e-02
6.122179329395294189e-02
6.122556701302528381e-02
6.122925877571105957e-02
6.123298779129981995e-02
6.123667955398559570e-02
6.124036386609077454e-02
6.124409660696983337e-02
6.124782934784889221e-02
6.125152111053466797e-02
6.125524267554283142e-02
6.125894188880920410e-02
6.126264482736587524e-02
6.126634031534194946e-02
6.126999109983444214e-02
6.127370521426200867e-02
6.127739697694778442e-02
6.128106638789176941e-02
6.128476932644844055e-02
6.128845736384391785e-02
6.129217147827148438e-02
6.129580736160278320e-02
6.129952147603034973e-02
6.130316853523254395e-02
6.130683794617652893e-02
6.131052225828170776e-02
6.131418794393539429e-02
6.131787598133087158e-02
6.132151558995246887e-02
6.132519617676734924e-02
6.132886558771133423e-02
6.133247911930084229e-02
6.133618578314781189e-02
6.133979558944702148e-02
6.134346127510070801e-02
6.134707108139991760e-02
6.135073676705360413e-02
6.135440245270729065e-02
6.135803461074829102e-02
6.136167049407958984e-02
6.136523187160491943e-02
6.136883795261383057e-02
6.137247011065483093e-02
6.137607246637344360e-02
6.137968972325325012e-02
6.138333678245544434e-02
6.138695403933525085e-02
6.139055266976356506e-02
6.139417737722396851e-02
6.139776483178138733e-02
6.140134111046791077e-02
6.140496209263801575e-02
6.140853837132453918e-02
6.141211837530136108e-02
6.141573190689086914e-02
6.141934916377067566e-02
6.142291054129600525e-02
6.142651289701461792e-02
6.143006682395935059e-02
6.143362447619438171e-02
6.143720448017120361e-02
6.144081428647041321e-02
6.144440174102783203e-02
6.144799292087554932e-02
6.145156547427177429e-02
6.145511567592620850e-02
6.145868822932243347e-02
6.146218627691268921e-02
6.146572902798652649e-02
6.146928668022155762e-02
6.147281080484390259e-02
6.147636845707893372e-02
6.147986650466918945e-02
6.148341298103332520e-02
6.148694828152656555e-02
6.149046495556831360e-02
6.149400770664215088e-02
6.149748712778091431e-02
6.150100752711296082e-02
6.150450184941291809e-02
6.150802969932556152e-02
6.151155382394790649e-02
6.151504442095756531e-02
6.151854619383811951e-02
6.152201071381568909e-02
6.152550131082534790e-02
6.152896583080291748e-02
6.153244525194168091e-02
6.153592094779014587e-02
6.153939291834831238e-02
6.154283508658409119e-02
6.154632568359375000e-02
6.154982373118400574e-02
6.155326962471008301e-02
6.155671179294586182e-02
6.156015768647193909e-02
6.156356632709503174e-02
6.156698241829872131e-02
6.157042458653450012e-02
6.157385930418968201e-02
6.157731264829635620e-02
6.158076599240303040e-02
6.158416345715522766e-02
6.158760190010070801e-02
6.159098073840141296e-02
6.159434840083122253e-02
6.159773096442222595e-02
6.160113960504531860e-02
6.160453334450721741e-02
6.160786747932434082e-02
6.161127984523773193e-02
6.161458790302276611e-02
6.161800399422645569e-02
6.162134930491447449e-02
6.162472441792488098e-02
6.162805855274200439e-02
6.163140386343002319e-02
6.163477525115013123e-02
6.163806468248367310e-02
6.164135038852691650e-02
6.164470314979553223e-02
6.164801120758056641e-02
6.165133044123649597e-02
6.165460497140884399e-02
6.165791675448417664e-02
6.166124716401100159e-02
6.166448071599006653e-02
6.166778877377510071e-02
6.167105585336685181e-02
6.167434528470039368e-02
6.167763471603393555e-02
6.168085709214210510e-02
6.168407201766967773e-02
6.168729811906814575e-02
6.169054657220840454e-02
6.169374287128448486e-02
6.169703975319862366e-02
6.170024350285530090e-02
6.170348078012466431e-02
6.170669570565223694e-02
6.170986220240592957e-02
6.171302497386932373e-02
6.171622872352600098e-02
6.171938776969909668e-02
6.172254681587219238e-02
6.172574684023857117e-02
6.172891333699226379e-02
6.173206493258476257e-02
6.173524260520935059e-02
6.173838675022125244e-02
6.174145638942718506e-02
6.174461543560028076e-02
6.174771115183830261e-02
6.175084784626960754e-02
6.175396218895912170e-02
6.175706163048744202e-02
6.176016107201576233e-02
6.176325306296348572e-02
6.176631525158882141e-02
6.176934018731117249e-02
6.177240237593650818e-02
6.177549436688423157e-02
6.177854537963867188e-02
6.178157031536102295e-02
6.178462505340576172e-02
6.178760901093482971e-02
6.179064884781837463e-02
6.179371848702430725e-02
6.179670616984367371e-02
6.179971992969512939e-02
6.180271506309509277e-02
6.180572882294654846e-02
6.180874630808830261e-02
6.181166693568229675e-02
6.181465461850166321e-02
6.181759387254714966e-02
6.182050332427024841e-02
6.182347238063812256e-02
6.182638928294181824e-02
6.182931363582611084e-02
6.183221563696861267e-02
6.183512508869171143e-02
6.183798611164093018e-02
6.184093654155731201e-02
6.184380874037742615e-02
6.184672564268112183e-02
6.184960156679153442e-02
6.185248121619224548e-02
6.185529753565788269e-02
6.185813993215560913e-02
6.186100468039512634e-02
6.186382845044136047e-02
6.186663359403610229e-02
6.186946481466293335e-02
6.187228485941886902e-02
6.187505275011062622e-02
6.187788024544715881e-02
6.188065931200981140e-02
6.188341602683067322e-02
6.188620999455451965e-02
6.188897043466567993e-02
6.189176440238952637e-02
6.189444661140441895e-02
6.189722195267677307e-02
6.189997121691703796e-02
6.190266832709312439e-02
6.190538778901100159e-02
6.190810725092887878e-02
6.191078945994377136e-02
6.191349402070045471e-02
6.191618368029594421e-02
6.191885098814964294e-02
6.192154437303543091e-02
6.192416325211524963e-02
6.192683428525924683e-02
6.192944571375846863e-02
6.193212419748306274e-02
6.193481758236885071e-02
6.193744018673896790e-02
6.194008886814117432e-02
6.194273754954338074e-02
6.194530799984931946e-02
6.194793805480003357e-02
6.195052713155746460e-02
6.195312365889549255e-02
6.195569783449172974e-02
6.195827201008796692e-02
6.196087971329689026e-02
6.196341291069984436e-02
6.196596100926399231e-02
6.196855381131172180e-02
6.197103112936019897e-02
6.197358295321464539e-02
6.197606399655342102e-02
6.197863072156906128e-02
6.198113411664962769e-02
6.198362633585929871e-02
6.198615208268165588e-02
6.198865175247192383e-02
6.199111044406890869e-02
6.199360638856887817e-02
6.199609860777854919e-02
6.199856847524642944e-02
6.200099363923072815e-02
6.200350448489189148e-02
6.200594455003738403e-02
6.200842559337615967e-02
6.201082840561866760e-02
6.201326847076416016e-02
6.201568990945816040e-02
6.201811507344245911e-02
6.202052906155586243e-02
6.202296912670135498e-02
6.202536821365356445e-02
6.202778220176696777e-02
6.203018128871917725e-02
6.203257665038108826e-02
6.203499436378479004e-02
6.203741580247879028e-02
6.203977763652801514e-02
6.204216182231903076e-02
6.204452365636825562e-02
6.204686686396598816e-02
6.204923614859580994e-02
6.205159425735473633e-02
6.205393746495246887e-02
6.205628812313079834e-02
6.205865740776062012e-02
6.206099689006805420e-02
6.206331774592399597e-02
6.206561252474784851e-02
6.206794455647468567e-02
6.207026913762092590e-02
6.207260116934776306e-02
6.207488104701042175e-02
6.207720935344696045e-02
6.207949295639991760e-02
6.208184733986854553e-02
6.208410486578941345e-02
6.208642199635505676e-02
6.208877265453338623e-02
6.209103390574455261e-02
6.209331005811691284e-02
