2.660754024982452393e-01
2.882483303546905518e-01
3.104212880134582520e-01
3.370288312435150146e-01
3.636363744735717773e-01
3.791574239730834961e-01
4.079822599887847900e-01
4.434589743614196777e-01
4.545454680919647217e-01
4.745011031627655029e-01
4.922394752502441406e-01
5.099778175354003906e-01
5.166296958923339844e-01
5.210642814636230469e-01
5.388026833534240723e-01
5.521064400672912598e-01
5.764966607093811035e-01
5.964523553848266602e-01
6.031042337417602539e-01
6.119734048843383789e-01
6.230598688125610352e-01
6.363636255264282227e-01
6.452327966690063477e-01
6.452327966690063477e-01
6.541019678115844727e-01
6.607539057731628418e-01
6.696230769157409668e-01
6.740576624870300293e-01
6.762749552726745605e-01
6.807095408439636230e-01
6.851441264152526855e-01
6.829268336296081543e-01
6.962305903434753418e-01
6.984478831291198730e-01
6.984478831291198730e-01
7.073170542716979980e-01
7.139689326286315918e-01
7.272727489471435547e-01
7.272727489471435547e-01
7.272727489471435547e-01
7.361419200897216797e-01
7.427937984466552734e-01
7.427937984466552734e-01
7.450110912322998047e-01
7.450110912322998047e-01
7.450110912322998047e-01
7.427937984466552734e-01
7.450110912322998047e-01
7.538802623748779297e-01
7.538802623748779297e-01
7.560975551605224609e-01
7.583148479461669922e-01
7.583148479461669922e-01
7.583148479461669922e-01
7.649667263031005859e-01
7.649667263031005859e-01
7.649667263031005859e-01
7.671840190887451172e-01
7.671840190887451172e-01
7.738358974456787109e-01
7.782704830169677734e-01
7.782704830169677734e-01
7.782704830169677734e-01
7.738358974456787109e-01
7.782704830169677734e-01
7.804877758026123047e-01
7.804877758026123047e-01
7.804877758026123047e-01
7.804877758026123047e-01
7.871397137641906738e-01
7.871397137641906738e-01
7.893570065498352051e-01
7.937915921211242676e-01
7.937915921211242676e-01
7.915742993354797363e-01
7.915742993354797363e-01
7.915742993354797363e-01
7.915742993354797363e-01
7.893570065498352051e-01
7.871397137641906738e-01
7.871397137641906738e-01
7.937915921211242676e-01
7.960088849067687988e-01
8.004434704780578613e-01
8.048780560493469238e-01
8.048780560493469238e-01
8.048780560493469238e-01
8.070953488349914551e-01
8.048780560493469238e-01
8.048780560493469238e-01
8.048780560493469238e-01
8.048780560493469238e-01
8.048780560493469238e-01
8.048780560493469238e-01
8.070953488349914551e-01
8.070953488349914551e-01
8.048780560493469238e-01
8.070953488349914551e-01
8.070953488349914551e-01
8.070953488349914551e-01
8.070953488349914551e-01
8.093126416206359863e-01
8.070953488349914551e-01
8.070953488349914551e-01
8.093126416206359863e-01
8.070953488349914551e-01
8.093126416206359863e-01
8.093126416206359863e-01
8.093126416206359863e-01
8.093126416206359863e-01
8.137472271919250488e-01
8.181818127632141113e-01
8.181818127632141113e-01
8.159645199775695801e-01
8.159645199775695801e-01
8.159645199775695801e-01
8.159645199775695801e-01
8.159645199775695801e-01
8.159645199775695801e-01
8.159645199775695801e-01
8.159645199775695801e-01
8.159645199775695801e-01
8.203991055488586426e-01
8.226163983345031738e-01
8.248336911201477051e-01
8.270509839057922363e-01
8.270509839057922363e-01
8.270509839057922363e-01
8.270509839057922363e-01
8.270509839057922363e-01
8.270509839057922363e-01
8.270509839057922363e-01
8.270509839057922363e-01
8.270509839057922363e-01
8.270509839057922363e-01
8.270509839057922363e-01
8.270509839057922363e-01
8.270509839057922363e-01
8.270509839057922363e-01
8.270509839057922363e-01
8.270509839057922363e-01
8.270509839057922363e-01
8.248336911201477051e-01
8.248336911201477051e-01
8.248336911201477051e-01
8.248336911201477051e-01
8.270509839057922363e-01
8.270509839057922363e-01
8.270509839057922363e-01
8.270509839057922363e-01
8.270509839057922363e-01
8.270509839057922363e-01
8.270509839057922363e-01
8.270509839057922363e-01
8.270509839057922363e-01
8.248336911201477051e-01
8.248336911201477051e-01
8.248336911201477051e-01
8.248336911201477051e-01
8.248336911201477051e-01
8.248336911201477051e-01
8.248336911201477051e-01
8.226163983345031738e-01
8.226163983345031738e-01
8.226163983345031738e-01
8.248336911201477051e-01
8.226163983345031738e-01
8.226163983345031738e-01
8.226163983345031738e-01
8.226163983345031738e-01
8.226163983345031738e-01
8.226163983345031738e-01
8.226163983345031738e-01
8.226163983345031738e-01
8.226163983345031738e-01
8.226163983345031738e-01
8.226163983345031738e-01
8.226163983345031738e-01
8.226163983345031738e-01
8.226163983345031738e-01
8.226163983345031738e-01
8.248336911201477051e-01
8.248336911201477051e-01
8.270509839057922363e-01
8.270509839057922363e-01
8.292682766914367676e-01
8.292682766914367676e-01
8.292682766914367676e-01
8.292682766914367676e-01
8.292682766914367676e-01
8.314855694770812988e-01
8.314855694770812988e-01
8.314855694770812988e-01
8.314855694770812988e-01
8.314855694770812988e-01
8.292682766914367676e-01
8.292682766914367676e-01
8.292682766914367676e-01
8.292682766914367676e-01
8.292682766914367676e-01
8.314855694770812988e-01
8.314855694770812988e-01
8.314855694770812988e-01
8.314855694770812988e-01
8.314855694770812988e-01
8.292682766914367676e-01
8.314855694770812988e-01
8.314855694770812988e-01
8.314855694770812988e-01
8.314855694770812988e-01
8.314855694770812988e-01
8.314855694770812988e-01
8.314855694770812988e-01
8.314855694770812988e-01
8.314855694770812988e-01
8.337028622627258301e-01
8.337028622627258301e-01
8.337028622627258301e-01
8.337028622627258301e-01
8.337028622627258301e-01
8.337028622627258301e-01
8.359201550483703613e-01
8.359201550483703613e-01
8.359201550483703613e-01
8.359201550483703613e-01
8.381374478340148926e-01
8.403547406196594238e-01
8.425720334053039551e-01
8.425720334053039551e-01
8.425720334053039551e-01
8.447893857955932617e-01
8.447893857955932617e-01
8.447893857955932617e-01
8.447893857955932617e-01
8.447893857955932617e-01
8.447893857955932617e-01
8.447893857955932617e-01
8.447893857955932617e-01
8.447893857955932617e-01
8.447893857955932617e-01
8.447893857955932617e-01
8.470066785812377930e-01
8.470066785812377930e-01
8.492239713668823242e-01
8.492239713668823242e-01
8.492239713668823242e-01
8.492239713668823242e-01
8.492239713668823242e-01
8.492239713668823242e-01
8.492239713668823242e-01
8.492239713668823242e-01
8.492239713668823242e-01
8.492239713668823242e-01
8.514412641525268555e-01
8.514412641525268555e-01
8.514412641525268555e-01
8.514412641525268555e-01
8.514412641525268555e-01
8.514412641525268555e-01
8.514412641525268555e-01
8.492239713668823242e-01
8.492239713668823242e-01
8.492239713668823242e-01
8.514412641525268555e-01
8.514412641525268555e-01
8.514412641525268555e-01
8.536585569381713867e-01
8.536585569381713867e-01
8.536585569381713867e-01
8.536585569381713867e-01
8.536585569381713867e-01
8.536585569381713867e-01
8.536585569381713867e-01
8.536585569381713867e-01
8.536585569381713867e-01
8.536585569381713867e-01
8.536585569381713867e-01
8.536585569381713867e-01
8.536585569381713867e-01
8.536585569381713867e-01
8.536585569381713867e-01
8.536585569381713867e-01
8.536585569381713867e-01
8.536585569381713867e-01
8.558758497238159180e-01
8.580931425094604492e-01
8.580931425094604492e-01
8.580931425094604492e-01
8.580931425094604492e-01
8.580931425094604492e-01
8.580931425094604492e-01
8.580931425094604492e-01
8.580931425094604492e-01
8.580931425094604492e-01
8.580931425094604492e-01
8.580931425094604492e-01
8.580931425094604492e-01
8.580931425094604492e-01
8.580931425094604492e-01
8.580931425094604492e-01
8.580931425094604492e-01
8.580931425094604492e-01
8.580931425094604492e-01
8.603104352951049805e-01
8.603104352951049805e-01
8.603104352951049805e-01
8.603104352951049805e-01
8.603104352951049805e-01
8.603104352951049805e-01
8.603104352951049805e-01
8.603104352951049805e-01
8.603104352951049805e-01
8.603104352951049805e-01
8.603104352951049805e-01
8.625277280807495117e-01
8.625277280807495117e-01
8.625277280807495117e-01
8.625277280807495117e-01
8.625277280807495117e-01
8.625277280807495117e-01
8.625277280807495117e-01
8.625277280807495117e-01
8.625277280807495117e-01
8.625277280807495117e-01
8.625277280807495117e-01
8.625277280807495117e-01
8.625277280807495117e-01
8.625277280807495117e-01
8.625277280807495117e-01
8.625277280807495117e-01
8.625277280807495117e-01
8.625277280807495117e-01
8.625277280807495117e-01
8.625277280807495117e-01
8.603104352951049805e-01
8.603104352951049805e-01
8.603104352951049805e-01
8.603104352951049805e-01
8.603104352951049805e-01
8.625277280807495117e-01
8.625277280807495117e-01
8.625277280807495117e-01
8.625277280807495117e-01
8.625277280807495117e-01
8.647450208663940430e-01
8.647450208663940430e-01
8.647450208663940430e-01
8.647450208663940430e-01
8.647450208663940430e-01
8.647450208663940430e-01
8.647450208663940430e-01
8.647450208663940430e-01
8.669623136520385742e-01
8.669623136520385742e-01
8.669623136520385742e-01
8.669623136520385742e-01
8.669623136520385742e-01
8.669623136520385742e-01
8.669623136520385742e-01
8.669623136520385742e-01
8.669623136520385742e-01
8.669623136520385742e-01
8.669623136520385742e-01
8.669623136520385742e-01
8.647450208663940430e-01
8.647450208663940430e-01
8.647450208663940430e-01
8.647450208663940430e-01
8.647450208663940430e-01
8.647450208663940430e-01
8.647450208663940430e-01
8.647450208663940430e-01
8.669623136520385742e-01
8.669623136520385742e-01
8.691796064376831055e-01
8.691796064376831055e-01
8.691796064376831055e-01
8.691796064376831055e-01
8.669623136520385742e-01
8.669623136520385742e-01
8.669623136520385742e-01
8.669623136520385742e-01
8.669623136520385742e-01
8.669623136520385742e-01
8.669623136520385742e-01
8.669623136520385742e-01
8.669623136520385742e-01
8.669623136520385742e-01
8.669623136520385742e-01
8.669623136520385742e-01
8.669623136520385742e-01
8.669623136520385742e-01
8.669623136520385742e-01
8.669623136520385742e-01
8.669623136520385742e-01
8.669623136520385742e-01
8.669623136520385742e-01
8.669623136520385742e-01
8.669623136520385742e-01
8.669623136520385742e-01
8.669623136520385742e-01
8.669623136520385742e-01
8.669623136520385742e-01
8.669623136520385742e-01
8.669623136520385742e-01
8.669623136520385742e-01
8.669623136520385742e-01
8.669623136520385742e-01
8.669623136520385742e-01
8.713968992233276367e-01
8.736141920089721680e-01
8.736141920089721680e-01
8.736141920089721680e-01
8.758314847946166992e-01
8.758314847946166992e-01
8.758314847946166992e-01
8.758314847946166992e-01
8.758314847946166992e-01
8.758314847946166992e-01
8.758314847946166992e-01
8.758314847946166992e-01
8.758314847946166992e-01
8.758314847946166992e-01
8.758314847946166992e-01
8.758314847946166992e-01
8.758314847946166992e-01
8.758314847946166992e-01
8.758314847946166992e-01
8.758314847946166992e-01
8.758314847946166992e-01
8.758314847946166992e-01
8.758314847946166992e-01
8.758314847946166992e-01
8.780487775802612305e-01
8.780487775802612305e-01
8.780487775802612305e-01
8.780487775802612305e-01
8.780487775802612305e-01
8.780487775802612305e-01
8.780487775802612305e-01
8.780487775802612305e-01
8.780487775802612305e-01
8.780487775802612305e-01
8.780487775802612305e-01
8.780487775802612305e-01
8.780487775802612305e-01
8.780487775802612305e-01
8.780487775802612305e-01
8.780487775802612305e-01
8.780487775802612305e-01
8.780487775802612305e-01
8.780487775802612305e-01
8.780487775802612305e-01
8.780487775802612305e-01
8.780487775802612305e-01
8.780487775802612305e-01
8.780487775802612305e-01
8.780487775802612305e-01
8.780487775802612305e-01
8.780487775802612305e-01
8.780487775802612305e-01
8.780487775802612305e-01
8.780487775802612305e-01
8.780487775802612305e-01
8.780487775802612305e-01
8.780487775802612305e-01
8.780487775802612305e-01
8.780487775802612305e-01
8.780487775802612305e-01
8.758314847946166992e-01
8.758314847946166992e-01
8.758314847946166992e-01
8.758314847946166992e-01
8.758314847946166992e-01
8.758314847946166992e-01
8.758314847946166992e-01
8.758314847946166992e-01
8.758314847946166992e-01
8.758314847946166992e-01
8.758314847946166992e-01
8.758314847946166992e-01
8.758314847946166992e-01
8.758314847946166992e-01
8.758314847946166992e-01
8.758314847946166992e-01
8.758314847946166992e-01
8.758314847946166992e-01
8.780487775802612305e-01
8.780487775802612305e-01
8.802660703659057617e-01
8.802660703659057617e-01
8.802660703659057617e-01
8.802660703659057617e-01
8.802660703659057617e-01
8.802660703659057617e-01
8.802660703659057617e-01
8.802660703659057617e-01
8.802660703659057617e-01
8.802660703659057617e-01
8.802660703659057617e-01
