1.891355365514755249e-01
1.869032382965087891e-01
1.850322037935256958e-01
1.830057799816131592e-01
1.807255595922470093e-01
1.781111210584640503e-01
1.750984638929367065e-01
1.716761738061904907e-01
1.679347604513168335e-01
1.640679836273193359e-01
1.602890491485595703e-01
1.567314565181732178e-01
1.534181535243988037e-01
1.502950638532638550e-01
1.472825556993484497e-01
1.443107128143310547e-01
1.413385272026062012e-01
1.383591443300247192e-01
1.353948861360549927e-01
1.324805766344070435e-01
1.296467930078506470e-01
1.269116848707199097e-01
1.242826506495475769e-01
1.217601746320724487e-01
1.193421781063079834e-01
1.170264184474945068e-01
1.148156896233558655e-01
1.127205789089202881e-01
1.107537895441055298e-01
1.089165732264518738e-01
1.071992516517639160e-01
1.055910810828208923e-01
1.040852144360542297e-01
1.026750430464744568e-01
1.013529449701309204e-01
1.001107245683670044e-01
9.894073754549026489e-02
9.783636033535003662e-02
9.679169952869415283e-02
9.580153226852416992e-02
9.486121684312820435e-02
9.396674484014511108e-02
9.311439841985702515e-02
9.230085462331771851e-02
9.152322262525558472e-02
9.077878296375274658e-02
9.006510674953460693e-02
8.937994390726089478e-02
8.872135728597640991e-02
8.808743953704833984e-02
8.747649937868118286e-02
8.688694238662719727e-02
8.631748706102371216e-02
8.576677739620208740e-02
8.523374050855636597e-02
8.471719175577163696e-02
8.421635627746582031e-02
8.373024314641952515e-02
8.325809240341186523e-02
8.279917389154434204e-02
8.235297352075576782e-02
8.191888034343719482e-02
8.149626106023788452e-02
8.108477294445037842e-02
8.068391680717468262e-02
8.029340952634811401e-02
7.991273701190948486e-02
7.954165339469909668e-02
7.917987555265426636e-02
7.882714271545410156e-02
7.848307490348815918e-02
7.814756780862808228e-02
7.782027870416641235e-02
7.750102132558822632e-02
7.718960940837860107e-02
7.688581198453903198e-02
7.658939063549041748e-02
7.630017399787902832e-02
7.601796090602874756e-02
7.574245333671569824e-02
7.547364383935928345e-02
7.521118223667144775e-02
7.495494186878204346e-02
7.470460236072540283e-02
7.446008920669555664e-02
7.422114163637161255e-02
7.398759573698043823e-02
7.375923544168472290e-02
7.353580743074417114e-02
7.331716269254684448e-02
7.310305535793304443e-02
7.289326190948486328e-02
7.268773019313812256e-02
7.248618453741073608e-02
7.228840887546539307e-02
7.209427654743194580e-02
7.190356403589248657e-02
7.171626389026641846e-02
7.153212279081344604e-02
7.135104387998580933e-02
7.117287814617156982e-02
7.099760323762893677e-02
7.082503288984298706e-02
7.065514475107192993e-02
7.048782706260681152e-02
7.032302021980285645e-02
7.016066461801528931e-02
7.000071555376052856e-02
6.984304636716842651e-02
6.968769431114196777e-02
6.953459978103637695e-02
6.938365846872329712e-02
6.923490017652511597e-02
6.908825039863586426e-02
6.894360482692718506e-02
6.880100816488265991e-02
6.866033375263214111e-02
6.852155178785324097e-02
6.838469207286834717e-02
6.824966520071029663e-02
6.811639666557312012e-02
6.798487156629562378e-02
6.785502284765243530e-02
6.772690266370773315e-02
6.760029494762420654e-02
6.747534126043319702e-02
6.735191494226455688e-02
6.722993403673171997e-02
6.710947304964065552e-02
6.699033081531524658e-02
6.687261164188385010e-02
6.675622612237930298e-02
6.664115935564041138e-02
6.652726978063583374e-02
6.641467660665512085e-02
6.630323082208633423e-02
6.619288772344589233e-02
6.608367711305618286e-02
6.597554683685302734e-02
6.586846709251403809e-02
6.576233357191085815e-02
6.565718352794647217e-02
6.555295735597610474e-02
6.544961035251617432e-02
6.534711271524429321e-02
6.524547934532165527e-02
6.514461338520050049e-02
6.504448503255844116e-02
6.494509428739547729e-02
6.484636664390563965e-02
6.474827975034713745e-02
6.465079635381698608e-02
6.455391645431518555e-02
6.445761024951934814e-02
6.436175853013992310e-02
6.426643580198287964e-02
6.417148560285568237e-02
6.407696008682250977e-02
6.398285180330276489e-02
6.388908624649047852e-02
6.379555165767669678e-02
6.370233744382858276e-02
6.360936164855957031e-02
6.351653486490249634e-02
6.342398375272750854e-02
6.333154439926147461e-02
6.323921680450439453e-02
6.314702332019805908e-02
6.305493414402008057e-02
6.296293437480926514e-02
6.287103146314620972e-02
6.277911365032196045e-02
6.268733739852905273e-02
6.259564310312271118e-02
6.250399351119995117e-02
6.241243705153465271e-02
6.232096999883651733e-02
6.222960725426673889e-02
6.213836744427680969e-02
6.204719468951225281e-02
6.195618957281112671e-02
6.186531856656074524e-02
6.177464500069618225e-02
6.168410181999206543e-02
6.159369274973869324e-02
6.150348484516143799e-02
6.141349673271179199e-02
6.132366508245468140e-02
6.123410537838935852e-02
6.114466115832328796e-02
6.105544045567512512e-02
6.096645817160606384e-02
6.087768822908401489e-02
6.078918278217315674e-02
6.070086359977722168e-02
6.061278656125068665e-02
6.052486971020698547e-02
6.043722480535507202e-02
6.034980341792106628e-02
6.026263907551765442e-02
6.017563492059707642e-02
6.008894741535186768e-02
6.000243872404098511e-02
5.991614609956741333e-02
5.983011424541473389e-02
5.974431708455085754e-02
5.965869501233100891e-02
5.957337096333503723e-02
5.948825553059577942e-02
5.940340086817741394e-02
5.931872874498367310e-02
5.923432484269142151e-02
5.915015935897827148e-02
5.906622856855392456e-02
5.898256227374076843e-02
5.889914184808731079e-02
5.881594866514205933e-02
5.873299390077590942e-02
5.865032225847244263e-02
5.856789276003837585e-02
5.848578363656997681e-02
5.840386822819709778e-02
5.832229182124137878e-02
5.824096128344535828e-02
5.815993994474411011e-02
5.807916074991226196e-02
5.799870193004608154e-02
5.791848525404930115e-02
5.783860385417938232e-02
5.775902047753334045e-02
5.767972022294998169e-02
5.760070681571960449e-02
5.752201750874519348e-02
5.744361877441406250e-02
5.736557766795158386e-02
5.728777125477790833e-02
5.721031874418258667e-02
5.713316053152084351e-02
5.705633386969566345e-02
5.697979032993316650e-02
5.690356716513633728e-02
5.682767182588577271e-02
5.675206333398818970e-02
5.667676776647567749e-02
5.660178512334823608e-02
5.652711167931556702e-02
5.645273253321647644e-02
5.637865886092185974e-02
5.630492419004440308e-02
5.623139068484306335e-02
5.615818500518798828e-02
5.608529970049858093e-02
5.601270124316215515e-02
5.594038963317871094e-02
5.586830154061317444e-02
5.579653382301330566e-02
5.572503432631492615e-02
5.565379932522773743e-02
5.558285862207412720e-02
5.551212653517723083e-02
5.544170364737510681e-02
5.537148937582969666e-02
5.530156195163726807e-02
5.523188784718513489e-02
5.516238883137702942e-02
5.509316921234130859e-02
5.502421781420707703e-02
5.495547130703926086e-02
5.488697811961174011e-02
5.481870844960212708e-02
5.475061014294624329e-02
5.468274652957916260e-02
5.461511388421058655e-02
5.454767495393753052e-02
5.448045209050178528e-02
5.441346392035484314e-02
5.434665828943252563e-02
5.428006872534751892e-02
5.421365797519683838e-02
5.414745211601257324e-02
5.408150702714920044e-02
5.401567742228507996e-02
5.395008251070976257e-02
5.388468503952026367e-02
5.381950363516807556e-02
5.375443026423454285e-02
5.368956178426742554e-02
5.362497270107269287e-02
5.356050655245780945e-02
5.349624156951904297e-02
5.343215540051460266e-02
5.336828902363777161e-02
5.330460518598556519e-02
5.324106663465499878e-02
5.317778885364532471e-02
5.311468243598937988e-02
5.305174365639686584e-02
5.298897251486778259e-02
5.292640998959541321e-02
5.286407470703125000e-02
5.280187353491783142e-02
5.273991078138351440e-02
5.267810076475143433e-02
5.261652171611785889e-02
5.255515500903129578e-02
5.249392613768577576e-02
5.243292450904846191e-02
5.237215384840965271e-02
5.231153592467308044e-02
5.225113034248352051e-02
5.219094455242156982e-02
5.213093012571334839e-02
5.207114666700363159e-02
5.201154202222824097e-02
5.195219442248344421e-02
5.189297348260879517e-02
5.183400958776473999e-02
5.177528038620948792e-02
5.171672254800796509e-02
5.165839940309524536e-02
5.160026252269744873e-02
5.154233798384666443e-02
5.148462951183319092e-02
5.142720416188240051e-02
5.136991292238235474e-02
5.131288990378379822e-02
5.125606805086135864e-02
5.119946599006652832e-02
5.114303901791572571e-02
5.108687281608581543e-02
5.103093013167381287e-02
5.097519233822822571e-02
5.091966688632965088e-02
5.086441338062286377e-02
5.080932006239891052e-02
5.075446143746376038e-02
5.069985240697860718e-02
5.064546316862106323e-02
5.059127509593963623e-02
5.053735524415969849e-02
5.048362910747528076e-02
5.043016001582145691e-02
5.037683993577957153e-02
5.032379925251007080e-02
5.027098953723907471e-02
5.021839961409568787e-02
5.016599968075752258e-02
5.011385679244995117e-02
5.006192624568939209e-02
5.001024901866912842e-02
4.995874688029289246e-02
4.990745335817337036e-02
4.985643178224563599e-02
4.980560392141342163e-02
4.975499212741851807e-02
4.970463737845420837e-02
4.965445399284362793e-02
4.960451275110244751e-02
4.955477267503738403e-02
4.950526729226112366e-02
4.945598170161247253e-02
4.940689727663993835e-02
4.935802891850471497e-02
4.930933937430381775e-02
4.926089197397232056e-02
4.921266436576843262e-02
4.916467145085334778e-02
4.911685734987258911e-02
4.906924068927764893e-02
4.902182146906852722e-02
4.897461831569671631e-02
4.892762005329132080e-02
4.888087511062622070e-02
4.883424937725067139e-02
4.878788441419601440e-02
4.874169081449508667e-02
4.869567975401878357e-02
4.864986613392829895e-02
4.860427230596542358e-02
4.855886474251747131e-02
4.851363599300384521e-02
4.846857860684394836e-02
4.842375591397285461e-02
4.837905243039131165e-02
4.833459109067916870e-02
4.829031601548194885e-02
4.824621602892875671e-02
4.820225760340690613e-02
4.815850034356117249e-02
4.811495915055274963e-02
4.807150736451148987e-02
4.802825674414634705e-02
4.798520356416702271e-02
4.794233664870262146e-02
4.789958149194717407e-02
4.785703122615814209e-02
4.781462997198104858e-02
4.777238890528678894e-02
4.773029685020446777e-02
4.768836125731468201e-02
4.764662310481071472e-02
4.760502651333808899e-02
4.756354168057441711e-02
4.752225428819656372e-02
4.748106375336647034e-02
4.744004085659980774e-02
4.739917814731597900e-02
4.735845327377319336e-02
4.731788113713264465e-02
4.727743193507194519e-02
4.723715037107467651e-02
4.719696566462516785e-02
4.715690016746520996e-02
4.711703583598136902e-02
4.707724601030349731e-02
4.703760519623756409e-02
4.699810594320297241e-02
4.695871099829673767e-02
4.691942036151885986e-02
4.688028618693351746e-02
4.684124886989593506e-02
4.680232703685760498e-02
4.676357284188270569e-02
4.672485589981079102e-02
4.668632894754409790e-02
4.664784669876098633e-02
4.660950973629951477e-02
4.657126590609550476e-02
4.653310403227806091e-02
4.649511352181434631e-02
4.645713791251182556e-02
4.641934111714363098e-02
4.638160020112991333e-02
4.634396731853485107e-02
4.630643129348754883e-02
4.626898840069770813e-02
4.623162001371383667e-02
4.619436338543891907e-02
4.615723714232444763e-02
4.612011834979057312e-02
4.608312621712684631e-02
4.604620859026908875e-02
4.600936546921730042e-02
4.597263038158416748e-02
4.593593627214431763e-02
4.589935019612312317e-02
4.586282372474670410e-02
4.582638666033744812e-02
4.579002410173416138e-02
4.575369879603385925e-02
4.571747034788131714e-02
4.568128660321235657e-02
4.564521834254264832e-02
4.560916498303413391e-02
4.557319730520248413e-02
4.553728923201560974e-02
4.550147801637649536e-02
4.546568170189857483e-02
4.542995616793632507e-02
4.539426788687705994e-02
4.535866901278495789e-02
4.532314836978912354e-02
4.528763890266418457e-02
4.525217041373252869e-02
4.521677270531654358e-02
4.518141970038414001e-02
4.514610767364501953e-02
4.511087760329246521e-02
4.507563263177871704e-02
4.504046216607093811e-02
4.500534012913703918e-02
4.497024044394493103e-02
4.493517056107521057e-02
4.490021243691444397e-02
4.486524313688278198e-02
4.483029991388320923e-02
4.479539021849632263e-02
4.476053640246391296e-02
4.472569376230239868e-02
4.469090327620506287e-02
4.465612396597862244e-02
4.462140798568725586e-02
4.458667337894439697e-02
4.455200955271720886e-02
4.451733455061912537e-02
4.448271542787551880e-02
4.444808885455131531e-02
4.441355913877487183e-02
4.437898844480514526e-02
4.434441030025482178e-02
4.430991783738136292e-02
4.427538067102432251e-02
4.424086958169937134e-02
4.420638829469680786e-02
4.417195171117782593e-02
4.413751885294914246e-02
4.410309344530105591e-02
4.406866058707237244e-02
4.403426125645637512e-02
4.399983957409858704e-02
