1.896040141582489014e-01
1.890286952257156372e-01
1.888646334409713745e-01
1.887198090553283691e-01
1.885741651058197021e-01
1.884260773658752441e-01
1.882752776145935059e-01
1.881215125322341919e-01
1.879642009735107422e-01
1.878031194210052490e-01
1.876379698514938354e-01
1.874684244394302368e-01
1.872940212488174438e-01
1.871145814657211304e-01
1.869295239448547363e-01
1.867388188838958740e-01
1.865417808294296265e-01
1.863383948802947998e-01
1.861281841993331909e-01
1.859108507633209229e-01
1.856860667467117310e-01
1.854535937309265137e-01
1.852132529020309448e-01
1.849646717309951782e-01
1.847077608108520508e-01
1.844423115253448486e-01
1.841682791709899902e-01
1.838854849338531494e-01
1.835940927267074585e-01
1.832940876483917236e-01
1.829855889081954956e-01
1.826686561107635498e-01
1.823439598083496094e-01
1.820115000009536743e-01
1.816720068454742432e-01
1.813258826732635498e-01
1.809737980365753174e-01
1.806163936853408813e-01
1.802545785903930664e-01
1.798890084028244019e-01
1.795206516981124878e-01
1.791504770517349243e-01
1.787792742252349854e-01
1.784080713987350464e-01
1.780376732349395752e-01
1.776688694953918457e-01
1.773026436567306519e-01
1.769395172595977783e-01
1.765803098678588867e-01
1.762254387140274048e-01
1.758754253387451172e-01
1.755306273698806763e-01
1.751912534236907959e-01
1.748574525117874146e-01
1.745293587446212769e-01
1.742069125175476074e-01
1.738899946212768555e-01
1.735783964395523071e-01
1.732718646526336670e-01
1.729702800512313843e-01
1.726731210947036743e-01
1.723799556493759155e-01
1.720905005931854248e-01
1.718042194843292236e-01
1.715206652879714966e-01
1.712393462657928467e-01
1.709598600864410400e-01
1.706815212965011597e-01
1.704039722681045532e-01
1.701266020536422729e-01
1.698489636182785034e-01
1.695704162120819092e-01
1.692906171083450317e-01
1.690088957548141479e-01
1.687247753143310547e-01
1.684377342462539673e-01
1.681472361087799072e-01
1.678526848554611206e-01
1.675537228584289551e-01
1.672495454549789429e-01
1.669398397207260132e-01
1.666239500045776367e-01
1.663012355566024780e-01
1.659712940454483032e-01
1.656333506107330322e-01
1.652869433164596558e-01
1.649314761161804199e-01
1.645662933588027954e-01
1.641908288002014160e-01
1.638043522834777832e-01
1.634064167737960815e-01
1.629963964223861694e-01
1.625736504793167114e-01
1.621376574039459229e-01
1.616878062486648560e-01
1.612237691879272461e-01
1.607450693845748901e-01
1.602512598037719727e-01
1.597421914339065552e-01
1.592176109552383423e-01
1.586775481700897217e-01
1.581220924854278564e-01
1.575514078140258789e-01
1.569658070802688599e-01
1.563659310340881348e-01
1.557523012161254883e-01
1.551257818937301636e-01
1.544871777296066284e-01
1.538374572992324829e-01
1.531777530908584595e-01
1.525090336799621582e-01
1.518324762582778931e-01
1.511491984128952026e-01
1.504602283239364624e-01
1.497666537761688232e-01
1.490694433450698853e-01
1.483695507049560547e-01
1.476676017045974731e-01
1.469646096229553223e-01
1.462610661983489990e-01
1.455575674772262573e-01
1.448546350002288818e-01
1.441526710987091064e-01
1.434519886970520020e-01
1.427529901266098022e-01
1.420559436082839966e-01
1.413609087467193604e-01
1.406680941581726074e-01
1.399777978658676147e-01
1.392900049686431885e-01
1.386049240827560425e-01
1.379225701093673706e-01
1.372430473566055298e-01
1.365665048360824585e-01
1.358928978443145752e-01
1.352224200963973999e-01
1.345550268888473511e-01
1.338907331228256226e-01
1.332295984029769897e-01
1.325715482234954834e-01
1.319166272878646851e-01
1.312646567821502686e-01
1.306157261133193970e-01
1.299696713685989380e-01
1.293263882398605347e-01
1.286858916282653809e-01
1.280480921268463135e-01
1.274130046367645264e-01
1.267805546522140503e-01
1.261507719755172729e-01
1.255237758159637451e-01
1.248996928334236145e-01
1.242786869406700134e-01
1.236609295010566711e-01
1.230468079447746277e-01
1.224365383386611938e-01
1.218304187059402466e-01
1.212288960814476013e-01
1.206322908401489258e-01
1.200409978628158569e-01
1.194554120302200317e-01
1.188759505748748779e-01
1.183029934763908386e-01
1.177368015050888062e-01
1.171777993440628052e-01
1.166262701153755188e-01
1.160824447870254517e-01
1.155466586351394653e-01
1.150191128253936768e-01
1.144999638199806213e-01
1.139893755316734314e-01
1.134873926639556885e-01
1.129942014813423157e-01
1.125098541378974915e-01
1.120342612266540527e-01
1.115675121545791626e-01
1.111095398664474487e-01
1.106602475047111511e-01
1.102196574211120605e-01
1.097875684499740601e-01
1.093639358878135681e-01
1.089485213160514832e-01
1.085413768887519836e-01
1.081420928239822388e-01
1.077506169676780701e-01
1.073668599128723145e-01
1.069904938340187073e-01
1.066214144229888916e-01
1.062594130635261536e-01
1.059043407440185547e-01
1.055559292435646057e-01
1.052140370011329651e-01
1.048785299062728882e-01
1.045491397380828857e-01
1.042256802320480347e-01
1.039080470800399780e-01
1.035960391163825989e-01
1.032894030213356018e-01
1.029881015419960022e-01
1.026918813586235046e-01
1.024006307125091553e-01
1.021141782402992249e-01
1.018324121832847595e-01
1.015551090240478516e-01
1.012822017073631287e-01
1.010135039687156677e-01
1.007489636540412903e-01
1.004883870482444763e-01
1.002316176891326904e-01
9.997856616973876953e-02
9.972915053367614746e-02
9.948319941759109497e-02
9.924066066741943359e-02
9.900137782096862793e-02
9.876526147127151489e-02
9.853224456310272217e-02
9.830219298601150513e-02
9.807495027780532837e-02
9.785058349370956421e-02
9.762883931398391724e-02
9.740968793630599976e-02
9.719309955835342407e-02
9.697889536619186401e-02
9.676706790924072266e-02
9.655753523111343384e-02
9.635018557310104370e-02
9.614497423171997070e-02
9.594180434942245483e-02
9.574066102504730225e-02
9.554142504930496216e-02
9.534403681755065918e-02
9.514846652746200562e-02
9.495460987091064453e-02
9.476248174905776978e-02
9.457194805145263672e-02
9.438304603099822998e-02
9.419562667608261108e-02
9.400972723960876465e-02
9.382526576519012451e-02
9.364215284585952759e-02
9.346041828393936157e-02
9.327997267246246338e-02
9.310085326433181763e-02
9.292289614677429199e-02
9.274618327617645264e-02
9.257059544324874878e-02
9.239615499973297119e-02
9.222280234098434448e-02
9.205053746700286865e-02
9.187930822372436523e-02
9.170908480882644653e-02
9.153986722230911255e-02
9.137159585952758789e-02
9.120427817106246948e-02
9.103786200284957886e-02
9.087237715721130371e-02
9.070771932601928711e-02
9.054398536682128906e-02
9.038105607032775879e-02
9.021896123886108398e-02
9.005767852067947388e-02
8.989719301462173462e-02
8.973750472068786621e-02
8.957856893539428711e-02
8.942042291164398193e-02
8.926300704479217529e-02
8.910637348890304565e-02
8.895044773817062378e-02
8.879523724317550659e-02
8.864076435565948486e-02
8.848696947097778320e-02
8.833388984203338623e-02
8.818154036998748779e-02
8.802988380193710327e-02
8.787889033555984497e-02
8.772858232259750366e-02
8.757901191711425781e-02
8.743006736040115356e-02
8.728182315826416016e-02
8.713429421186447144e-02
8.698738366365432739e-02
8.684121817350387573e-02
8.669567108154296875e-02
8.655083924531936646e-02
8.640672266483306885e-02
8.626322448253631592e-02
8.612042665481567383e-02
8.597835898399353027e-02
8.583694696426391602e-02
8.569624274969100952e-02
8.555622398853302002e-02
8.541695773601531982e-02
8.527836948633193970e-02
8.514046669006347656e-02
8.500333130359649658e-02
8.486685901880264282e-02
8.473116904497146606e-02
8.459618687629699707e-02
8.446197956800460815e-02
8.432846516370773315e-02
8.419576287269592285e-02
8.406376838684082031e-02
8.393260091543197632e-02
8.380214869976043701e-02
8.367253094911575317e-02
8.354367315769195557e-02
8.341560512781143188e-02
8.328837156295776367e-02
8.316192030906677246e-02
8.303631842136383057e-02
8.291152864694595337e-02
8.278756588697433472e-02
8.266443759202957153e-02
8.254215121269226074e-02
8.242070674896240234e-02
8.230009675025939941e-02
8.218040317296981812e-02
8.206152915954589844e-02
8.194351196289062500e-02
8.182638883590698242e-02
8.171012252569198608e-02
8.159472793340682983e-02
8.148021250963211060e-02
8.136658370494842529e-02
8.125379681587219238e-02
8.114187419414520264e-02
8.103089034557342529e-02
8.092071861028671265e-02
8.081149309873580933e-02
8.070307970046997070e-02
8.059551566839218140e-02
8.048889040946960449e-02
8.038311451673507690e-02
8.027818799018859863e-02
8.017414063215255737e-02
8.007095009088516235e-02
7.996863126754760742e-02
7.986714690923690796e-02
7.976651936769485474e-02
7.966673374176025391e-02
7.956780493259429932e-02
7.946973294019699097e-02
7.937247306108474731e-02
7.927604019641876221e-02
7.918047159910202026e-02
7.908572256565093994e-02
7.899180054664611816e-02
7.889868319034576416e-02
7.880637794733047485e-02
7.871489226818084717e-02
7.862421870231628418e-02
7.853440195322036743e-02
7.844532281160354614e-02
7.835705578327178955e-02
7.826953381299972534e-02
7.818285375833511353e-02
7.809694856405258179e-02
7.801184058189392090e-02
7.792748510837554932e-02
7.784388214349746704e-02
7.776106894016265869e-02
7.767901569604873657e-02
7.759768515825271606e-02
7.751712203025817871e-02
7.743731141090393066e-02
7.735825330018997192e-02
7.727993279695510864e-02
7.720231264829635620e-02
7.712542265653610229e-02
7.704929262399673462e-02
7.697384804487228394e-02
7.689913362264633179e-02
7.682509720325469971e-02
7.675179094076156616e-02
7.667920738458633423e-02
7.660726457834243774e-02
7.653601467609405518e-02
7.646550238132476807e-02
7.639564573764801025e-02
7.632645219564437866e-02
7.625795155763626099e-02
7.619009912014007568e-02
7.612290233373641968e-02
7.605639845132827759e-02
7.599051296710968018e-02
7.592526078224182129e-02
7.586071640253067017e-02
7.579676061868667603e-02
7.573347538709640503e-02
7.567080110311508179e-02
7.560877501964569092e-02
7.554735988378524780e-02
7.548654824495315552e-02
7.542640715837478638e-02
7.536680251359939575e-02
7.530786097049713135e-02
7.524947077035903931e-02
7.519172877073287964e-02
7.513454556465148926e-02
7.507798820734024048e-02
7.502195239067077637e-02
7.496653497219085693e-02
7.491171360015869141e-02
7.485744357109069824e-02
7.480373978614807129e-02
7.475060969591140747e-02
7.469803094863891602e-02
7.464601844549179077e-02
7.459454238414764404e-02
7.454361766576766968e-02
7.449322193861007690e-02
7.444337755441665649e-02
7.439409941434860229e-02
7.434529066085815430e-02
7.429705560207366943e-02
7.424928992986679077e-02
7.420207560062408447e-02
7.415536046028137207e-02
7.410914450883865356e-02
7.406344264745712280e-02
7.401823997497558594e-02
7.397352159023284912e-02
7.392930239439010620e-02
7.388553768396377563e-02
7.384225726127624512e-02
7.379946112632751465e-02
7.375715672969818115e-02
7.371526956558227539e-02
7.367390394210815430e-02
7.363294064998626709e-02
7.359244674444198608e-02
7.355237007141113281e-02
7.351277768611907959e-02
7.347355037927627563e-02
7.343482971191406250e-02
7.339648157358169556e-02
7.335858792066574097e-02
7.332108169794082642e-02
7.328400760889053345e-02
7.324732095003128052e-02
7.321103662252426147e-02
7.317513972520828247e-02
7.313963770866394043e-02
7.310449331998825073e-02
7.306978106498718262e-02
7.303541153669357300e-02
7.300140708684921265e-02
7.296774536371231079e-02
7.293447107076644897e-02
7.290156185626983643e-02
7.286897301673889160e-02
7.283673435449600220e-02
7.280483841896057129e-02
7.277329266071319580e-02
7.274204492568969727e-02
7.271113246679306030e-02
7.268051803112030029e-02
7.265020161867141724e-02
7.262022048234939575e-02
7.259055227041244507e-02
7.256115227937698364e-02
7.253204286098480225e-02
7.250325381755828857e-02
7.247468829154968262e-02
7.244645059108734131e-02
7.241845130920410156e-02
7.239072024822235107e-02
7.236326485872268677e-02
7.233609259128570557e-02
7.230912148952484131e-02
7.228240370750427246e-02
7.225595414638519287e-02
7.222974300384521484e-02
7.220374792814254761e-02
7.217796146869659424e-02
7.215242832899093628e-02
7.212710380554199219e-02
7.210201770067214966e-02
7.207714021205902100e-02
7.205243408679962158e-02
7.202795147895812988e-02
7.200367003679275513e-02
7.197958976030349731e-02
7.195568084716796875e-02
7.193196564912796021e-02
7.190848141908645630e-02
7.188509404659271240e-02
7.186193019151687622e-02
7.183890044689178467e-02
7.181608676910400391e-02
7.179340720176696777e-02
7.177090644836425781e-02
7.174853980541229248e-02
7.172635942697525024e-02
7.170429825782775879e-02
7.168239355087280273e-02
7.166063785552978516e-02
7.163899391889572144e-02
7.161754369735717773e-02
7.159619033336639404e-02
7.157498598098754883e-02
7.155390828847885132e-02
7.153294980525970459e-02
7.151210308074951172e-02
7.149141281843185425e-02
7.147081941366195679e-02
7.145033776760101318e-02
7.142996042966842651e-02
7.140972465276718140e-02
7.138960063457489014e-02
7.136955857276916504e-02
7.134965807199478149e-02
7.132983952760696411e-02
7.131011784076690674e-02
7.129050791263580322e-02
7.127098739147186279e-02
7.125157117843627930e-02
7.123222202062606812e-02
7.121299952268600464e-02
7.119386643171310425e-02
7.117480039596557617e-02
7.115581631660461426e-02
7.113697379827499390e-02
7.111817598342895508e-02
7.109947502613067627e-02
7.108082622289657593e-02
7.106229662895202637e-02
7.104383409023284912e-02
7.102549076080322266e-02
7.100716233253479004e-02
7.098893076181411743e-02
7.097079604864120483e-02
7.095271348953247070e-02
7.093472778797149658e-02
7.091677188873291016e-02
7.089893519878387451e-02
7.088115066289901733e-02
7.086342573165893555e-02
7.084581255912780762e-02
7.082825899124145508e-02
7.081074267625808716e-02
7.079332321882247925e-02
7.077593356370925903e-02
7.075867801904678345e-02
7.074146717786788940e-02
7.072425633668899536e-02
7.070717960596084595e-02
7.069015502929687500e-02
7.067319750785827637e-02
7.065627723932266235e-02
7.063945382833480835e-02
7.062265276908874512e-02
7.060597091913223267e-02
7.058930397033691406e-02
7.057274878025054932e-02
7.055620104074478149e-02
7.053973525762557983e-02
7.052333652973175049e-02
7.050701230764389038e-02
7.049071043729782104e-02
7.047449797391891479e-02
7.045835256576538086e-02
7.044225931167602539e-02
7.042622566223144531e-02
7.041028887033462524e-02
7.039435952901840210e-02
7.037849724292755127e-02
7.036271691322326660e-02
7.034695893526077271e-02
7.033131271600723267e-02
7.031568884849548340e-02
7.030013203620910645e-02
7.028464227914810181e-02
7.026922702789306641e-02
7.025382667779922485e-02
7.023849338293075562e-02
7.022324949502944946e-02
7.020805031061172485e-02
7.019290328025817871e-02
7.017781585454940796e-02
7.016278058290481567e-02
7.014780491590499878e-02
7.013288140296936035e-02
7.011803239583969116e-02
7.010322809219360352e-02
7.008851319551467896e-02
7.007382065057754517e-02
7.005918771028518677e-02
7.004462182521820068e-02
7.003013789653778076e-02
7.001569122076034546e-02
7.000128179788589478e-02
6.998693943023681641e-02
6.997266411781311035e-02
6.995845586061477661e-02
6.994430720806121826e-02
6.993018090724945068e-02
6.991612911224365234e-02
6.990215927362442017e-02
6.988821923732757568e-02
6.987433135509490967e-02
6.986051052808761597e-02
6.984674930572509766e-02
6.983306258916854858e-02
6.981936097145080566e-02
6.980578601360321045e-02
6.979224830865859985e-02
6.977874040603637695e-02
6.976533681154251099e-02
6.975196301937103271e-02
6.973862648010253906e-02
6.972537189722061157e-02
6.971218436956405640e-02
6.969901919364929199e-02
6.968593597412109375e-02
6.967289745807647705e-02
6.965991109609603882e-02
6.964696943759918213e-02
6.963412463665008545e-02
6.962127238512039185e-02
6.960850954055786133e-02
6.959581375122070312e-02
6.958315521478652954e-02
6.957056373357772827e-02
6.955801695585250854e-02
6.954549998044967651e-02
6.953304260969161987e-02
6.952065974473953247e-02
6.950833648443222046e-02
6.949603557586669922e-02
6.948380917310714722e-02
6.947164982557296753e-02
6.945951282978057861e-02
6.944745779037475586e-02
6.943544745445251465e-02
6.942345947027206421e-02
6.941156834363937378e-02
6.939969211816787720e-02
6.938787549734115601e-02
6.937613338232040405e-02
6.936440616846084595e-02
6.935276091098785400e-02
6.934111565351486206e-02
6.932955235242843628e-02
6.931805610656738281e-02
6.930658221244812012e-02
6.929516792297363281e-02
6.928381323814392090e-02
6.927248835563659668e-02
6.926118582487106323e-02
6.924996525049209595e-02
6.923880428075790405e-02
6.922767311334609985e-02
6.921655684709548950e-02
6.920555233955383301e-02
6.919456273317337036e-02
6.918359547853469849e-02
6.917270272970199585e-02
6.916179507970809937e-02
6.915098428726196289e-02
6.914021819829940796e-02
6.912948936223983765e-02
6.911876797676086426e-02
6.910815089941024780e-02
6.909753382205963135e-02
6.908689439296722412e-02
6.907640397548675537e-02
6.906589865684509277e-02
6.905543059110641479e-02
6.904502958059310913e-02
6.903463602066040039e-02
6.902425736188888550e-02
6.901393085718154907e-02
6.900365650653839111e-02
6.899338215589523315e-02
6.898314505815505981e-02
6.897292286157608032e-02
6.896277517080307007e-02
6.895266473293304443e-02
6.894253194332122803e-02
6.893241405487060547e-02
6.892237812280654907e-02
6.891233474016189575e-02
6.890231370925903320e-02
6.889232993125915527e-02
6.888236105442047119e-02
6.887241452932357788e-02
6.886245310306549072e-02
6.885252147912979126e-02
6.884261220693588257e-02
6.883271783590316772e-02
6.882284581661224365e-02
6.881296634674072266e-02
6.880307942628860474e-02
6.879322230815887451e-02
6.878336519002914429e-02
6.877351552248001099e-02
6.876371800899505615e-02
6.875383108854293823e-02
6.874400377273559570e-02
6.873416155576705933e-02
6.872433423995971680e-02
6.871446967124938965e-02
6.870460510253906250e-02
6.869471818208694458e-02
6.868482381105422974e-02
6.867495924234390259e-02
6.866503506898880005e-02
6.865509599447250366e-02
6.864511966705322266e-02
6.863515824079513550e-02
6.862515211105346680e-02
6.861514598131179810e-02
6.860508024692535400e-02
6.859505921602249146e-02
6.858490407466888428e-02
6.857479363679885864e-02
6.856457889080047607e-02
6.855435669422149658e-02
6.854407489299774170e-02
6.853375583887100220e-02
6.852340698242187500e-02
6.851302832365036011e-02
6.850254535675048828e-02
6.849204748868942261e-02
6.848148256540298462e-02
6.847090274095535278e-02
6.846017390489578247e-02
6.844945251941680908e-02
6.843861937522888184e-02
6.842777132987976074e-02
6.841680407524108887e-02
6.840578466653823853e-02
6.839471310377120972e-02
6.838352233171463013e-02
6.837228685617446899e-02
6.836098432540893555e-02
6.834954023361206055e-02
6.833807379007339478e-02
6.832649558782577515e-02
6.831479817628860474e-02
6.830302625894546509e-02
6.829115003347396851e-02
6.827920675277709961e-02
6.826713681221008301e-02
6.825493276119232178e-02
6.824266910552978516e-02
6.823026388883590698e-02
6.821777671575546265e-02
6.820516288280487061e-02
6.819243729114532471e-02
6.817959249019622803e-02
6.816665083169937134e-02
6.815353780984878540e-02
6.814033538103103638e-02
6.812698394060134888e-02
6.811351329088211060e-02
6.809991598129272461e-02
6.808613985776901245e-02
6.807225942611694336e-02
6.805822998285293579e-02
6.804413348436355591e-02
6.802984327077865601e-02
6.801540404558181763e-02
6.800083070993423462e-02
6.798608601093292236e-02
6.797119230031967163e-02
6.795616447925567627e-02
6.794100254774093628e-02
6.792560964822769165e-02
6.791011244058609009e-02
6.789447367191314697e-02
6.787867099046707153e-02
6.786266714334487915e-02
6.784649938344955444e-02
6.783021241426467896e-02
6.781369447708129883e-02
6.779702752828598022e-02
6.778020411729812622e-02
6.776324659585952759e-02
6.774603575468063354e-02
6.772867590188980103e-02
6.771113723516464233e-02
6.769344955682754517e-02
6.767553836107254028e-02
6.765741109848022461e-02
6.763918697834014893e-02
6.762072443962097168e-02
6.760212033987045288e-02
6.758329272270202637e-02
6.756424903869628906e-02
6.754507124423980713e-02
6.752566993236541748e-02
6.750609725713729858e-02
6.748633831739425659e-02
6.746637076139450073e-02
6.744618713855743408e-02
6.742583960294723511e-02
6.740528345108032227e-02
6.738454848527908325e-02
6.736359000205993652e-02
6.734245270490646362e-02
6.732112169265747070e-02
6.729954481124877930e-02
6.727779656648635864e-02
6.725589931011199951e-02
6.723374873399734497e-02
6.721141189336776733e-02
6.718887388706207275e-02
6.716612726449966431e-02
6.714319437742233276e-02
6.712005287408828735e-02
6.709672510623931885e-02
6.707321107387542725e-02
6.704945862293243408e-02
6.702551245689392090e-02
6.700141727924346924e-02
6.697706878185272217e-02
6.695254147052764893e-02
6.692782044410705566e-02
6.690289080142974854e-02
6.687778234481811523e-02
6.685248017311096191e-02
6.682696938514709473e-02
6.680128723382949829e-02
6.677538901567459106e-02
6.674932688474655151e-02
6.672304868698120117e-02
6.669659912586212158e-02
6.666994839906692505e-02
6.664310395717620850e-02
6.661611050367355347e-02
6.658886373043060303e-02
6.656149029731750488e-02
6.653390824794769287e-02
6.650619953870773315e-02
6.647826731204986572e-02
6.645017117261886597e-02
6.642188876867294312e-02
6.639343500137329102e-02
6.636481732130050659e-02
6.633602082729339600e-02
6.630706787109375000e-02
6.627792865037918091e-02
6.624864041805267334e-02
6.621924787759780884e-02
6.618962436914443970e-02
6.615988910198211670e-02
6.612994521856307983e-02
6.609991192817687988e-02
6.606968492269515991e-02
6.603929400444030762e-02
6.600876897573471069e-02
6.597813963890075684e-02
6.594727933406829834e-02
6.591636687517166138e-02
6.588528305292129517e-02
6.585408002138137817e-02
6.582272052764892578e-02
6.579124927520751953e-02
6.575964391231536865e-02
6.572792679071426392e-02
6.569606810808181763e-02
6.566409766674041748e-02
6.563199311494827271e-02
6.559979915618896484e-02
6.556744873523712158e-02
6.553503870964050293e-02
6.550252437591552734e-02
6.546986103057861328e-02
6.543711572885513306e-02
6.540426611900329590e-02
6.537134200334548950e-02
6.533833593130111694e-02
6.530519574880599976e-02
6.527198851108551025e-02
6.523869186639785767e-02
6.520532816648483276e-02
6.517186015844345093e-02
6.513828039169311523e-02
6.510465592145919800e-02
6.507099419832229614e-02
6.503725051879882812e-02
6.500340998172760010e-02
6.496952474117279053e-02
6.493556499481201172e-02
6.490153819322586060e-02
6.486744433641433716e-02
6.483332812786102295e-02
6.479912251234054565e-02
6.476488709449768066e-02
6.473060697317123413e-02
6.469628959894180298e-02
6.466189026832580566e-02
6.462752074003219604e-02
6.459303945302963257e-02
6.455856561660766602e-02
6.452405452728271484e-02
6.448948383331298828e-02
6.445489823818206787e-02
6.442031264305114746e-02
6.438565254211425781e-02
6.435104459524154663e-02
6.431637704372406006e-02
6.428169459104537964e-02
6.424699723720550537e-02
6.421231478452682495e-02
6.417761743068695068e-02
6.414289027452468872e-02
6.410817056894302368e-02
6.407344341278076172e-02
6.403873860836029053e-02
6.400400400161743164e-02
6.396930664777755737e-02
6.393460929393768311e-02
6.389992684125900269e-02
6.386524438858032227e-02
6.383056193590164185e-02
6.379590183496475220e-02
6.376131623983383179e-02
6.372670084238052368e-02
6.369212269783020020e-02
6.365758925676345825e-02
6.362305581569671631e-02
6.358854472637176514e-02
6.355410814285278320e-02
6.351967900991439819e-02
6.348529458045959473e-02
6.345094740390777588e-02
6.341664493083953857e-02
6.338238716125488281e-02
6.334818899631500244e-02
6.331397593021392822e-02
6.327985972166061401e-02
6.324578821659088135e-02
6.321175396442413330e-02
6.317782402038574219e-02
6.314385682344436646e-02
6.311004608869552612e-02
6.307622790336608887e-02
6.304251402616500854e-02
6.300885975360870361e-02
6.297526508569717407e-02
6.294173747301101685e-02
6.290825456380844116e-02
6.287489086389541626e-02
6.284156441688537598e-02
6.280833482742309570e-02
6.277516484260559082e-02
6.274204701185226440e-02
6.270904093980789185e-02
6.267611682415008545e-02
6.264326721429824829e-02
6.261050701141357422e-02
6.257780641317367554e-02
6.254521757364273071e-02
6.251271069049835205e-02
6.248027831315994263e-02
6.244793906807899475e-02
6.241575628519058228e-02
6.238362193107604980e-02
6.235155463218688965e-02
6.231959164142608643e-02
6.228774413466453552e-02
6.225599721074104309e-02
6.222434714436531067e-02
6.219278275966644287e-02
6.216130778193473816e-02
6.212996318936347961e-02
6.209868565201759338e-02
6.206755340099334717e-02
6.203653290867805481e-02
6.200559437274932861e-02
6.197475641965866089e-02
6.194406747817993164e-02
6.191344931721687317e-02
6.188294664025306702e-02
6.185257062315940857e-02
6.182229518890380859e-02
6.179210916161537170e-02
6.176207214593887329e-02
6.173213571310043335e-02
6.170232594013214111e-02
6.167258694767951965e-02
6.164302676916122437e-02
6.161353364586830139e-02
6.158416345715522766e-02
6.155491247773170471e-02
6.152579933404922485e-02
6.149677559733390808e-02
6.146784499287605286e-02
6.143912300467491150e-02
6.141041591763496399e-02
6.138189882040023804e-02
6.135343387722969055e-02
6.132518127560615540e-02
6.129697337746620178e-02
6.126889586448669434e-02
6.124097853899002075e-02
6.121314316987991333e-02
6.118546426296234131e-02
6.115787103772163391e-02
6.113040447235107422e-02
6.110309064388275146e-02
6.107586622238159180e-02
6.104873865842819214e-02
6.102178618311882019e-02
6.099493056535720825e-02
6.096814200282096863e-02
6.094160303473472595e-02
6.091511249542236328e-02
6.088873371481895447e-02
6.086251884698867798e-02
6.083637103438377380e-02
6.081035360693931580e-02
6.078448519110679626e-02
6.075870990753173828e-02
6.073306128382682800e-02
6.070753931999206543e-02
6.068210676312446594e-02
6.065681576728820801e-02
6.063163653016090393e-02
6.060658022761344910e-02
6.058163195848464966e-02
6.055682525038719177e-02
6.053210422396659851e-02
6.050753220915794373e-02
6.048307195305824280e-02
6.045873463153839111e-02
6.043447926640510559e-02
6.041036173701286316e-02
6.038637459278106689e-02
6.036248803138732910e-02
6.033874675631523132e-02
6.031510233879089355e-02
6.029153615236282349e-02
6.026809662580490112e-02
6.024477258324623108e-02
6.022155284881591797e-02
6.019849330186843872e-02
6.017548218369483948e-02
6.015259400010108948e-02
6.012985110282897949e-02
6.010716781020164490e-02
6.008467450737953186e-02
6.006224080920219421e-02
6.003990769386291504e-02
6.001766771078109741e-02
5.999559164047241211e-02
5.997359380125999451e-02
5.995169281959533691e-02
5.992990732192993164e-02
5.990825220942497253e-02
5.988666787743568420e-02
5.986522138118743896e-02
5.984383076429367065e-02
5.982257798314094543e-02
5.980141088366508484e-02
5.978035554289817810e-02
5.975940451025962830e-02
5.973856523633003235e-02
5.971780046820640564e-02
5.969712510704994202e-02
5.967660248279571533e-02
5.965617299079895020e-02
5.963578820228576660e-02
5.961550772190093994e-02
5.959536880254745483e-02
5.957527458667755127e-02
5.955532938241958618e-02
5.953541398048400879e-02
5.951561406254768372e-02
5.949593707919120789e-02
5.947633832693099976e-02
5.945684388279914856e-02
5.943742394447326660e-02
5.941810458898544312e-02
5.939885973930358887e-02
5.937973782420158386e-02
5.936071276664733887e-02
5.934177339076995850e-02
5.932290107011795044e-02
5.930409207940101624e-02
5.928544327616691589e-02
5.926682054996490479e-02
5.924830958247184753e-02
5.922988802194595337e-02
5.921152979135513306e-02
5.919329077005386353e-02
5.917510762810707092e-02
5.915704742074012756e-02
5.913902819156646729e-02
5.912110954523086548e-02
5.910330265760421753e-02
5.908553674817085266e-02
5.906785652041435242e-02
5.905026942491531372e-02
5.903274938464164734e-02
5.901530012488365173e-02
5.899797752499580383e-02
5.898068472743034363e-02
5.896348878741264343e-02
5.894636362791061401e-02
5.892932415008544922e-02
5.891240388154983521e-02
5.889552459120750427e-02
5.887876078486442566e-02
5.886198580265045166e-02
5.884535983204841614e-02
5.882878974080085754e-02
5.881226807832717896e-02
5.879582837224006653e-02
5.877948179841041565e-02
5.876317992806434631e-02
5.874698236584663391e-02
5.873084813356399536e-02
5.871479958295822144e-02
5.869880691170692444e-02
5.868291109800338745e-02
5.866705998778343201e-02
5.865126475691795349e-02
5.863556265830993652e-02
5.861994624137878418e-02
5.860436707735061646e-02
5.858885869383811951e-02
5.857344344258308411e-02
5.855808407068252563e-02
5.854276940226554871e-02
5.852754414081573486e-02
5.851238965988159180e-02
5.849732458591461182e-02
5.848226696252822876e-02
5.846731737256050110e-02
5.845244973897933960e-02
5.843758955597877502e-02
5.842285230755805969e-02
5.840815603733062744e-02
5.839350819587707520e-02
5.837892368435859680e-02
5.836444348096847534e-02
5.834996327757835388e-02
5.833559110760688782e-02
5.832127854228019714e-02
5.830700695514678955e-02
5.829278379678726196e-02
5.827866867184638977e-02
5.826458707451820374e-02
5.825056135654449463e-02
5.823661759495735168e-02
5.822273716330528259e-02
5.820884928107261658e-02
5.819508805871009827e-02
5.818138271570205688e-02
5.816773697733879089e-02
5.815415084362030029e-02
5.814062431454658508e-02
5.812717601656913757e-02
5.811373144388198853e-02
5.810037255287170410e-02
5.808705464005470276e-02
5.807379633188247681e-02
5.806059017777442932e-02
5.804746598005294800e-02
5.803440883755683899e-02
5.802138894796371460e-02
5.800841376185417175e-02
5.799552798271179199e-02
5.798270180821418762e-02
5.796987935900688171e-02
5.795717239379882812e-02
5.794451385736465454e-02
5.793187394738197327e-02
5.791931599378585815e-02
5.790679156780242920e-02
5.789428949356079102e-02
5.788192152976989746e-02
5.786959081888198853e-02
5.785730108618736267e-02
5.784505605697631836e-02
5.783287435770034790e-02
5.782075598835945129e-02
5.780867487192153931e-02
5.779664963483810425e-02
5.778466537594795227e-02
5.777272954583168030e-02
5.776083841919898987e-02
5.774901434779167175e-02
5.773726850748062134e-02
5.772552266716957092e-02
5.771388486027717590e-02
5.770230665802955627e-02
5.769072845578193665e-02
5.767919868230819702e-02
5.766776576638221741e-02
5.765636265277862549e-02
5.764498189091682434e-02
5.763366445899009705e-02
5.762246251106262207e-02
5.761124193668365479e-02
5.760008469223976135e-02
5.758899450302124023e-02
5.757790431380271912e-02
5.756692588329315186e-02
5.755596607923507690e-02
5.754505097866058350e-02
5.753419175744056702e-02
5.752338469028472900e-02
5.751259252429008484e-02
5.750188603997230530e-02
5.749118700623512268e-02
5.748055502772331238e-02
5.746998265385627747e-02
5.745945870876312256e-02
5.744901299476623535e-02
5.743857473134994507e-02
5.742816627025604248e-02
5.741780996322631836e-02
5.740753188729286194e-02
5.739731341600418091e-02
5.738715082406997681e-02
5.737696588039398193e-02
5.736688151955604553e-02
5.735683441162109375e-02
5.734681710600852966e-02
5.733684450387954712e-02
5.732694268226623535e-02
5.731705948710441589e-02
5.730725452303886414e-02
5.729747191071510315e-02
5.728771537542343140e-02
5.727804079651832581e-02
5.726841837167739868e-02
5.725880712270736694e-02
5.724924802780151367e-02
5.723974481225013733e-02
5.723025649785995483e-02
5.722087249159812927e-02
5.721146240830421448e-02
5.720213055610656738e-02
5.719284340739250183e-02
5.718358233571052551e-02
5.717440322041511536e-02
5.716523155570030212e-02
5.715610831975936890e-02
5.714705213904380798e-02
5.713803321123123169e-02
5.712905153632164001e-02
5.712008103728294373e-02
5.711118876934051514e-02
5.710231885313987732e-02
5.709352716803550720e-02
5.708472430706024170e-02
5.707598850131034851e-02
5.706729739904403687e-02
5.705862864851951599e-02
5.705001950263977051e-02
5.704148858785629272e-02
5.703292787075042725e-02
5.702445283532142639e-02
5.701603367924690247e-02
5.700763687491416931e-02
5.699925869703292847e-02
5.699095502495765686e-02
5.698267370462417603e-02
5.697442963719367981e-02
5.696623399853706360e-02
5.695804953575134277e-02
5.694993585348129272e-02
5.694185942411422729e-02
5.693381279706954956e-02
5.692581832408905029e-02
5.691784620285034180e-02
5.690993741154670715e-02
5.690208449959754944e-02
5.689424648880958557e-02
5.688641220331192017e-02
5.687865987420082092e-02
5.687094852328300476e-02
5.686321854591369629e-02
5.685558915138244629e-02
5.684799700975418091e-02
5.684038996696472168e-02
5.683284997940063477e-02
5.682535842061042786e-02
5.681788548827171326e-02
5.681046098470687866e-02
5.680303275585174561e-02
5.679569765925407410e-02
5.678837001323699951e-02
5.678109452128410339e-02
5.677383393049240112e-02
5.676666274666786194e-02
5.675948038697242737e-02
5.675233528017997742e-02
5.674520507454872131e-02
5.673813447356224060e-02
5.673109740018844604e-02
5.672410875558853149e-02
5.671714618802070618e-02
5.671022087335586548e-02
5.670331791043281555e-02
5.669647827744483948e-02
5.668960884213447571e-02
5.668281018733978271e-02
5.667607486248016357e-02
5.666933953762054443e-02
5.666266009211540222e-02
5.665599182248115540e-02
5.664938688278198242e-02
5.664277449250221252e-02
5.663623660802841187e-02
5.662972107529640198e-02
5.662319064140319824e-02
5.661674216389656067e-02
5.661034956574440002e-02
5.660394579172134399e-02
5.659757182002067566e-02
5.659125000238418579e-02
5.658495053648948669e-02
5.657867714762687683e-02
5.657246708869934082e-02
5.656620860099792480e-02
5.656000971794128418e-02
5.655389279127120972e-02
5.654777958989143372e-02
5.654167383909225464e-02
5.653559789061546326e-02
5.652955919504165649e-02
5.652355775237083435e-02
5.651761963963508606e-02
5.651172623038291931e-02
5.650573968887329102e-02
5.649989098310470581e-02
5.649401620030403137e-02
5.648822337388992310e-02
5.648243427276611328e-02
5.647665262222290039e-02
5.647095292806625366e-02
5.646520107984542847e-02
5.645951628684997559e-02
5.645383521914482117e-02
5.644823610782623291e-02
5.644263327121734619e-02
5.643704161047935486e-02
5.643149092793464661e-02
5.642597377300262451e-02
5.642046034336090088e-02
5.641497671604156494e-02
5.640956014394760132e-02
5.640412122011184692e-02
5.639873817563056946e-02
5.639336630702018738e-02
5.638802051544189453e-02
5.638267844915390015e-02
5.637741833925247192e-02
5.637214332818984985e-02
5.636690184473991394e-02
5.636169388890266418e-02
5.635649710893630981e-02
5.635133013129234314e-02
5.634620413184165955e-02
5.634105578064918518e-02
5.633594840764999390e-02
5.633089318871498108e-02
5.632581189274787903e-02
5.632074922323226929e-02
5.631572753190994263e-02
5.631075054407119751e-02
5.630578845739364624e-02
5.630089715123176575e-02
5.629593506455421448e-02
5.629110336303710938e-02
5.628621950745582581e-02
5.628139525651931763e-02
5.627655610442161560e-02
5.627173930406570435e-02
5.626699328422546387e-02
5.626216903328895569e-02
5.625744909048080444e-02
5.625274032354354858e-02
5.624803155660629272e-02
5.624332278966903687e-02
5.623869597911834717e-02
5.623404681682586670e-02
5.622937902808189392e-02
5.622476339340209961e-02
5.622021481394767761e-02
5.621566995978355408e-02
5.621108785271644592e-02
5.620659515261650085e-02
5.620208755135536194e-02
5.619760975241661072e-02
5.619314312934875488e-02
5.618868395686149597e-02
5.618424713611602783e-02
5.617986619472503662e-02
5.617548525333404541e-02
5.617111176252365112e-02
5.616673454642295837e-02
5.616242811083793640e-02
5.615813657641410828e-02
5.615380406379699707e-02
5.614953860640525818e-02
5.614530667662620544e-02
5.614103004336357117e-02
5.613676458597183228e-02
5.613257735967636108e-02
5.612836778163909912e-02
5.612422898411750793e-02
5.612007156014442444e-02
5.611590296030044556e-02
5.611180141568183899e-02
5.610767751932144165e-02
5.610363557934761047e-02
5.609951168298721313e-02
5.609541758894920349e-02
5.609143897891044617e-02
5.608741939067840576e-02
5.608342215418815613e-02
5.607941001653671265e-02
5.607542395591735840e-02
5.607140436768531799e-02
5.606750771403312683e-02
5.606354400515556335e-02
5.605961009860038757e-02
5.605569481849670410e-02
5.605181306600570679e-02
5.604792758822441101e-02
5.604404583573341370e-02
5.604021623730659485e-02
5.603634193539619446e-02
5.603255704045295715e-02
5.602874606847763062e-02
5.602496862411499023e-02
5.602114275097846985e-02
5.601739510893821716e-02
5.601367354393005371e-02
5.600990727543830872e-02
5.600623413920402527e-02
5.600252747535705566e-02
5.599880591034889221e-02
5.599512159824371338e-02
5.599145963788032532e-02
5.598779395222663879e-02
5.598413944244384766e-02
5.598052218556404114e-02
5.597689375281333923e-02
5.597326159477233887e-02
5.596967041492462158e-02
5.596610158681869507e-02
5.596252903342247009e-02
5.595896393060684204e-02
5.595546215772628784e-02
5.595191568136215210e-02
5.594841390848159790e-02
5.594489723443984985e-02
5.594142526388168335e-02
5.593794956803321838e-02
5.593449994921684265e-02
5.593100935220718384e-02
5.592758581042289734e-02
5.592415109276771545e-02
5.592076852917671204e-02
5.591735243797302246e-02
5.591395869851112366e-02
5.591059476137161255e-02
5.590723827481269836e-02
5.590388923883438110e-02
5.590054020285606384e-02
5.589719489216804504e-02
5.589386820793151855e-02
5.589055269956588745e-02
5.588725581765174866e-02
5.588401481509208679e-02
5.588076636195182800e-02
5.587743222713470459e-02
5.587416514754295349e-02
5.587093904614448547e-02
5.586774274706840515e-02
5.586445704102516174e-02
5.586130917072296143e-02
5.585809051990509033e-02
5.585488677024841309e-02
5.585170909762382507e-02
5.584853515028953552e-02
5.584536492824554443e-02
5.584219843149185181e-02
5.583903938531875610e-02
5.583590641617774963e-02
5.583279579877853394e-02
5.582971870899200439e-02
5.582661926746368408e-02
5.582354217767715454e-02
5.582049861550331116e-02
5.581741780042648315e-02
5.581441521644592285e-02
5.581137165427207947e-02
5.580830201506614685e-02
5.580525100231170654e-02
5.580225586891174316e-02
5.579929053783416748e-02
5.579629540443420410e-02
5.579331889748573303e-02
5.579036101698875427e-02
5.578741058707237244e-02
5.578446015715599060e-02
5.578152462840080261e-02
5.577860027551651001e-02
5.577571317553520203e-02
5.577278137207031250e-02
5.576989427208900452e-02
5.576701462268829346e-02
5.576413124799728394e-02
5.576128140091896057e-02
5.575841292738914490e-02
5.575559288263320923e-02
5.575275048613548279e-02
5.574992671608924866e-02
5.574713274836540222e-02
5.574432760477066040e-02
5.574157088994979858e-02
5.573876947164535522e-02
5.573601275682449341e-02
5.573326721787452698e-02
5.573052167892456055e-02
5.572776496410369873e-02
5.572500079870223999e-02
5.572230368852615356e-02
5.571957305073738098e-02
5.571687594056129456e-02
5.571420490741729736e-02
5.571148544549942017e-02
5.570884793996810913e-02
5.570616945624351501e-02
5.570352077484130859e-02
5.570087954401969910e-02
5.569821596145629883e-02
5.569564178586006165e-02
5.569301545619964600e-02
5.569039285182952881e-02
5.568781495094299316e-02
5.568524077534675598e-02
5.568265914916992188e-02
5.568012222647666931e-02
5.567757412791252136e-02
5.567501857876777649e-02
5.567247420549392700e-02
5.566997826099395752e-02
5.566747114062309265e-02
5.566494166851043701e-02
5.566246062517166138e-02
5.566000193357467651e-02
5.565755069255828857e-02
5.565509945154190063e-02
5.565263703465461731e-02
5.565017089247703552e-02
5.564775690436363220e-02
5.564533919095993042e-02
5.564289540052413940e-02
5.564046651124954224e-02
5.563806369900703430e-02
5.563566833734512329e-02
5.563326552510261536e-02
5.563091114163398743e-02
5.562856420874595642e-02
5.562622100114822388e-02
5.562388524413108826e-02
5.562159046530723572e-02
5.561925843358039856e-02
5.561696365475654602e-02
5.561463162302970886e-02
5.561237037181854248e-02
5.561009794473648071e-02
5.560785904526710510e-02
5.560559406876564026e-02
5.560338497161865234e-02
5.560114979743957520e-02
5.559889227151870728e-02
5.559669435024261475e-02
5.559451505541801453e-02
5.559229105710983276e-02
5.559012293815612793e-02
5.558796972036361694e-02
5.558582767844200134e-02
5.558368936181068420e-02
5.558153986930847168e-02
5.557943880558013916e-02
5.557728558778762817e-02
5.557515844702720642e-02
5.557309091091156006e-02
5.557101592421531677e-02
5.556895583868026733e-02
5.556690320372581482e-02
5.556485056877136230e-02
5.556282028555870056e-02
5.556079000234603882e-02
5.555878207087516785e-02
5.555674061179161072e-02
5.555474758148193359e-02
5.555274710059165955e-02
5.555080622434616089e-02
5.554883554577827454e-02
5.554686486721038818e-02
5.554491654038429260e-02
5.554299801588058472e-02
5.554109066724777222e-02
5.553919449448585510e-02
5.553729832172393799e-02
5.553540587425231934e-02
5.553353577852249146e-02
5.553166940808296204e-02
5.552978441119194031e-02
5.552795156836509705e-02
5.552610754966735840e-02
5.552428215742111206e-02
5.552249774336814880e-02
5.552067235112190247e-02
5.551886931061744690e-02
5.551709607243537903e-02
5.551534518599510193e-02
5.551359057426452637e-02
5.551186203956604004e-02
5.551008880138397217e-02
5.550837144255638123e-02
5.550669506192207336e-02
5.550499260425567627e-02
5.550330504775047302e-02
5.550164729356765747e-02
5.549996346235275269e-02
5.549834296107292175e-02
5.549669638276100159e-02
5.549503117799758911e-02
5.549347028136253357e-02
5.549180135130882263e-02
5.549019947648048401e-02
5.548864975571632385e-02
5.548708513379096985e-02
5.548552796244621277e-02
5.548402667045593262e-02
5.548250675201416016e-02
5.548096820712089539e-02
5.547948554158210754e-02
5.547799915075302124e-02
5.547647923231124878e-02
5.547500401735305786e-02
5.547352880239486694e-02
5.547209456562995911e-02
5.547063797712326050e-02
5.546921864151954651e-02
5.546785145998001099e-02
5.546644330024719238e-02
5.546507611870765686e-02
5.546372756361961365e-02
5.546235665678977966e-02
5.546098574995994568e-02
5.545968562364578247e-02
5.545832961797714233e-02
5.545702949166297913e-02
5.545574426651000977e-02
5.545443296432495117e-02
5.545317009091377258e-02
5.545189231634140015e-02
5.545066669583320618e-02
5.544939264655113220e-02
5.544817075133323669e-02
5.544699728488922119e-02
5.544580519199371338e-02
5.544459819793701172e-02
5.544346943497657776e-02
5.544231086969375610e-02
5.544119328260421753e-02
5.544004589319229126e-02
5.543890967965126038e-02
5.543781444430351257e-02
5.543671548366546631e-02
5.543563514947891235e-02
5.543458834290504456e-02
5.543354153633117676e-02
5.543253570795059204e-02
5.543152242898941040e-02
5.543054640293121338e-02
5.542954429984092712e-02
5.542854592204093933e-02
5.542758479714393616e-02
5.542661994695663452e-02
5.542564764618873596e-02
5.542476102709770203e-02
5.542382970452308655e-02
5.542296171188354492e-02
5.542206391692161560e-02
5.542118847370147705e-02
5.542030930519104004e-02
5.541952699422836304e-02
5.541865155100822449e-02
5.541786178946495056e-02
5.541708320379257202e-02
5.541628971695899963e-02
5.541554465889930725e-02
5.541482940316200256e-02
5.541404709219932556e-02
5.541333556175231934e-02
5.541259050369262695e-02
5.541188269853591919e-02
5.541122332215309143e-02
5.541056767106056213e-02
5.540991574525833130e-02
5.540930107235908508e-02
5.540865659713745117e-02
5.540803819894790649e-02
5.540740117430686951e-02
5.540680512785911560e-02
5.540624260902404785e-02
5.540570244193077087e-02
5.540519580245018005e-02
5.540464445948600769e-02
5.540414154529571533e-02
5.540364235639572144e-02
5.540313944220542908e-02
5.540269240736961365e-02
5.540223419666290283e-02
5.540180951356887817e-02
5.540139228105545044e-02
5.540101230144500732e-02
5.540062859654426575e-02
5.540024861693382263e-02
5.539986863732337952e-02
5.539960786700248718e-02
5.539924651384353638e-02
5.539893358945846558e-02
5.539864674210548401e-02
5.539833381772041321e-02
5.539813265204429626e-02
5.539785325527191162e-02
5.539761856198310852e-02
5.539739131927490234e-02
5.539722368121147156e-02
5.539702624082565308e-02
5.539688840508460999e-02
5.539674684405326843e-02
5.539659410715103149e-02
5.539650097489356995e-02
5.539642646908760071e-02
5.539632588624954224e-02
5.539625138044357300e-02
5.539622530341148376e-02
5.539616942405700684e-02
5.539618059992790222e-02
5.539616942405700684e-02
5.539619550108909607e-02
5.539622530341148376e-02
5.539628863334655762e-02
5.539634823799133301e-02
5.539640411734580994e-02
5.539653077721595764e-02
5.539665371179580688e-02
5.539679154753684998e-02
5.539694055914878845e-02
5.539709702134132385e-02
5.539727956056594849e-02
5.539743602275848389e-02
5.539764463901519775e-02
5.539786070585250854e-02
5.539815127849578857e-02
5.539842322468757629e-02
5.539874359965324402e-02
5.539903417229652405e-02
5.539939925074577332e-02
5.539973080158233643e-02
5.540007725358009338e-02
5.540043488144874573e-02
5.540082976222038269e-02
5.540122836828231812e-02
5.540164187550544739e-02
5.540207773447036743e-02
5.540250986814498901e-02
5.540300533175468445e-02
5.540350824594497681e-02
5.540402233600616455e-02
5.540454387664794922e-02
5.540511757135391235e-02
5.540570989251136780e-02
5.540625378489494324e-02
5.540683865547180176e-02
5.540746077895164490e-02
5.540807545185089111e-02
5.540873855352401733e-02
5.540941283106803894e-02
5.541010573506355286e-02
5.541080608963966370e-02
5.541153624653816223e-02
5.541231855750083923e-02
5.541314557194709778e-02
5.541393905878067017e-02
5.541477352380752563e-02
5.541554465889930725e-02
5.541639775037765503e-02
5.541724711656570435e-02
5.541814118623733521e-02
5.541903525590896606e-02
5.541992932558059692e-02
5.542089790105819702e-02
5.542183667421340942e-02
5.542283505201339722e-02
5.542382597923278809e-02
5.542483925819396973e-02
5.542587116360664368e-02
5.542691051959991455e-02
5.542797595262527466e-02
5.542907118797302246e-02
5.543019995093345642e-02
5.543132498860359192e-02
5.543247237801551819e-02
5.543360486626625061e-02
5.543480068445205688e-02
5.543599650263786316e-02
5.543724074959754944e-02
5.543846637010574341e-02
5.543972179293632507e-02
5.544102936983108521e-02
5.544232577085494995e-02
5.544363707304000854e-02
5.544498190283775330e-02
5.544630810618400574e-02
5.544767901301383972e-02
5.544907227158546448e-02
5.545052140951156616e-02
5.545198917388916016e-02
5.545345321297645569e-02
5.545492470264434814e-02
5.545642971992492676e-02
5.545791611075401306e-02
5.545945838093757629e-02
5.546104907989501953e-02
5.546261370182037354e-02
5.546420440077781677e-02
5.546582862734794617e-02
5.546748638153076172e-02
5.546910315752029419e-02
5.547082051634788513e-02
5.547250807285308838e-02
5.547425150871276855e-02
5.547600612044334412e-02
5.547774583101272583e-02
5.547952279448509216e-02
5.548131838440895081e-02
5.548311769962310791e-02
5.548496916890144348e-02
5.548682808876037598e-02
5.548867210745811462e-02
5.549059435725212097e-02
5.549249425530433655e-02
5.549441650509834290e-02
5.549637600779533386e-02
5.549839884042739868e-02
5.550034344196319580e-02
5.550238117575645447e-02
5.550440773367881775e-02
5.550646409392356873e-02
5.550854653120040894e-02
5.551062524318695068e-02
5.551277846097946167e-02
5.551493167877197266e-02
5.551708117127418518e-02
5.551927164196968079e-02
5.552148073911666870e-02
5.552371591329574585e-02
5.552595853805541992e-02
5.552822723984718323e-02
5.553051829338073730e-02
5.553284287452697754e-02
5.553513765335083008e-02
5.553746595978736877e-02
5.553986504673957825e-02
5.554224178194999695e-02
5.554462969303131104e-02
5.554705113172531128e-02
5.554951354861259460e-02
5.555196106433868408e-02
5.555445700883865356e-02
5.555700883269309998e-02
5.555955320596694946e-02
5.556211248040199280e-02
5.556465685367584229e-02
5.556726083159446716e-02
5.556986108422279358e-02
5.557247623801231384e-02
5.557512119412422180e-02
5.557778850197792053e-02
5.558053031563758850e-02
5.558325722813606262e-02
5.558602139353752136e-02
5.558872967958450317e-02
5.559156462550163269e-02
5.559433624148368835e-02
5.559712275862693787e-02
5.560001358389854431e-02
5.560284852981567383e-02
5.560569465160369873e-02
5.560859292745590210e-02
5.561151728034019470e-02
5.561448261141777039e-02
5.561742931604385376e-02
5.562045052647590637e-02
5.562341213226318359e-02
5.562642961740493774e-02
5.562948063015937805e-02
5.563258379697799683e-02
5.563566088676452637e-02
5.563878640532493591e-02
5.564189702272415161e-02
5.564504861831665039e-02
5.564820021390914917e-02
5.565136671066284180e-02
5.565457791090011597e-02
5.565780773758888245e-02
5.566107109189033508e-02
5.566434562206268311e-02
5.566761642694473267e-02
5.567095056176185608e-02
5.567428842186927795e-02
5.567763000726699829e-02
5.568098649382591248e-02
5.568438023328781128e-02
5.568778514862060547e-02
5.569120869040489197e-02
5.569464713335037231e-02
5.569814890623092651e-02
5.570166185498237610e-02
5.570513010025024414e-02
5.570870265364646912e-02
5.571227893233299255e-02
5.571582913398742676e-02
5.571939796209335327e-02
5.572304129600524902e-02
5.572669208049774170e-02
5.573035031557083130e-02
5.573402717709541321e-02
5.573774129152297974e-02
5.574149265885353088e-02
5.574519187211990356e-02
5.574894696474075317e-02
5.575268343091011047e-02
5.575653910636901855e-02
5.576038733124732971e-02
5.576420202851295471e-02
5.576805397868156433e-02
5.577195808291435242e-02
5.577586591243743896e-02
5.577976629137992859e-02
5.578370764851570129e-02
5.578768998384475708e-02
5.579168349504470825e-02
5.579564347863197327e-02
5.579969659447669983e-02
5.580369010567665100e-02
5.580775439739227295e-02
5.581185966730117798e-02
5.581593140959739685e-02
5.582005158066749573e-02
5.582423880696296692e-02
5.582838505506515503e-02
5.583253875374794006e-02
5.583675205707550049e-02
5.584100261330604553e-02
5.584523826837539673e-02
5.584946274757385254e-02
5.585371330380439758e-02
5.585804954171180725e-02
5.586238950490951538e-02
5.586674064397811890e-02
5.587108433246612549e-02
5.587547272443771362e-02
5.587985366582870483e-02
5.588427931070327759e-02
5.588871985673904419e-02
5.589318647980690002e-02
5.589767172932624817e-02
5.590213835239410400e-02
5.590667948126792908e-02
5.591122433543205261e-02
5.591578036546707153e-02
5.592034384608268738e-02
5.592494457960128784e-02
5.592957884073257446e-02
5.593420937657356262e-02
5.593888089060783386e-02
5.594355240464210510e-02
5.594822019338607788e-02
5.595294386148452759e-02
5.595771968364715576e-02
5.596243590116500854e-02
5.596721172332763672e-02
5.597203597426414490e-02
5.597682669758796692e-02
5.598164722323417664e-02
5.598651245236396790e-02
5.599134042859077454e-02
5.599623918533325195e-02
5.600112304091453552e-02
5.600605905055999756e-02
5.601103976368904114e-02
5.601598694920539856e-02
5.602099746465682983e-02
5.602599307894706726e-02
5.603101104497909546e-02
5.603602156043052673e-02
5.604111775755882263e-02
5.604619160294532776e-02
5.605127289891242981e-02
5.605645477771759033e-02
5.606158077716827393e-02
5.606672912836074829e-02
5.607188865542411804e-02
5.607711151242256165e-02
5.608230829238891602e-02
5.608756095170974731e-02
5.609278380870819092e-02
5.609807372093200684e-02
5.610335245728492737e-02
5.610863864421844482e-02
5.611397698521614075e-02
5.611929297447204590e-02
5.612465739250183105e-02
5.613008886575698853e-02
5.613549798727035522e-02
5.614092946052551270e-02
5.614639073610305786e-02
5.615178123116493225e-02
5.615724995732307434e-02
5.616275966167449951e-02
5.616823956370353699e-02
5.617380142211914062e-02
5.617938563227653503e-02
5.618493258953094482e-02
5.619052052497863770e-02
5.619610846042633057e-02
5.620171874761581421e-02
5.620735883712768555e-02
5.621302500367164612e-02
5.621871352195739746e-02
5.622432753443717957e-02
5.623009800910949707e-02
5.623583495616912842e-02
5.624158680438995361e-02
5.624735727906227112e-02
5.625314638018608093e-02
5.625894665718078613e-02
5.626481026411056519e-02
5.627067014575004578e-02
5.627653375267982483e-02
5.628239735960960388e-02
5.628828331828117371e-02
5.629425495862960815e-02
5.630016699433326721e-02
5.630613118410110474e-02
5.631205439567565918e-02
5.631807073950767517e-02
5.632404983043670654e-02
5.633005872368812561e-02
5.633609741926193237e-02
5.634218826889991760e-02
5.634826421737670898e-02
5.635436251759529114e-02
5.636047571897506714e-02
5.636658892035484314e-02
5.637277662754058838e-02
5.637891218066215515e-02
5.638509988784790039e-02
5.639129132032394409e-02
5.639749765396118164e-02
5.640367791056632996e-02
5.640990287065505981e-02
5.641617998480796814e-02
5.642246454954147339e-02
5.642877519130706787e-02
5.643508210778236389e-02
5.644141510128974915e-02
5.644778534770011902e-02
5.645415931940078735e-02
5.646055191755294800e-02
5.646693333983421326e-02
5.647333711385726929e-02
5.647972226142883301e-02
5.648618191480636597e-02
5.649263784289360046e-02
5.649914219975471497e-02
5.650560930371284485e-02
5.651210993528366089e-02
5.651868134737014771e-02
5.652521923184394836e-02
5.653176829218864441e-02
5.653836578130722046e-02
5.654493719339370728e-02
5.655153840780258179e-02
5.655816942453384399e-02
5.656480416655540466e-02
5.657146126031875610e-02
5.657812207937240601e-02
5.658474937081336975e-02
5.659143626689910889e-02
5.659815669059753418e-02
5.660488083958625793e-02
5.661163851618766785e-02
5.661836266517639160e-02
5.662517994642257690e-02
5.663194507360458374e-02
5.663875490427017212e-02
5.664556100964546204e-02
5.665239691734313965e-02
5.665927380323410034e-02
5.666608735918998718e-02
5.667294934391975403e-02
5.667990818619728088e-02
5.668682232499122620e-02
5.669372528791427612e-02
5.670068785548210144e-02
5.670764297246932983e-02
5.671463906764984131e-02
5.672162771224975586e-02
5.672858655452728271e-02
5.673561245203018188e-02
5.674263462424278259e-02
5.674963071942329407e-02
5.675668641924858093e-02
5.676371231675148010e-02
5.677081272006034851e-02
5.677792429924011230e-02
5.678501725196838379e-02
5.679212883114814758e-02
5.679930746555328369e-02
5.680643394589424133e-02
5.681358650326728821e-02
5.682073533535003662e-02
5.682792887091636658e-02
5.683510750532150269e-02
5.684233456850051880e-02
5.684954300522804260e-02
5.685680359601974487e-02
5.686406046152114868e-02
5.687130987644195557e-02
5.687856674194335938e-02
5.688584595918655396e-02
5.689312517642974854e-02
5.690046027302742004e-02
5.690776184201240540e-02
5.691508948802947998e-02
5.692240595817565918e-02
5.692980810999870300e-02
5.693714320659637451e-02
5.694451928138732910e-02
5.695187672972679138e-02
5.695929005742073059e-02
5.696665123105049133e-02
5.697409063577651978e-02
5.698151141405105591e-02
5.698895826935768127e-02
5.699640139937400818e-02
5.700381845235824585e-02
5.701132863759994507e-02
5.701879039406776428e-02
5.702630430459976196e-02
5.703378468751907349e-02
5.704126134514808655e-02
5.704877525568008423e-02
5.705624818801879883e-02
5.706377699971199036e-02
5.707131698727607727e-02
5.707879737019538879e-02
5.708640068769454956e-02
5.709391832351684570e-02
5.710149556398391724e-02
5.710906535387039185e-02
5.711663886904716492e-02
5.712422728538513184e-02
5.713183432817459106e-02
5.713939294219017029e-02
5.714699998497962952e-02
5.715460330247879028e-02
5.716226622462272644e-02
5.716985836625099182e-02
5.717748776078224182e-02
5.718513578176498413e-02
5.719274282455444336e-02
5.720039084553718567e-02
5.720805749297142029e-02
5.721569806337356567e-02
5.722334980964660645e-02
5.723104625940322876e-02
5.723870545625686646e-02
5.724634230136871338e-02
5.725405365228652954e-02
5.726169794797897339e-02
5.726941674947738647e-02
5.727704614400863647e-02
5.728476867079734802e-02
5.729239806532859802e-02
5.730011314153671265e-02
5.730778723955154419e-02
5.731551721692085266e-02
5.732317641377449036e-02
5.733088403940200806e-02
5.733858048915863037e-02
5.734629184007644653e-02
5.735396593809127808e-02
5.736163258552551270e-02
5.736933276057243347e-02
5.737700685858726501e-02
5.738475173711776733e-02
5.739242583513259888e-02
5.740014091134071350e-02
5.740782991051673889e-02
5.741550773382186890e-02
5.742321163415908813e-02
5.743092671036720276e-02
5.743860825896263123e-02
5.744627863168716431e-02
5.745398253202438354e-02
5.746172741055488586e-02
5.746939778327941895e-02
5.747706443071365356e-02
5.748478695750236511e-02
5.749243497848510742e-02
5.750007554888725281e-02
5.750773474574089050e-02
5.751535296440124512e-02
5.752303078770637512e-02
5.753068625926971436e-02
5.753835290670394897e-02
5.754600465297698975e-02
5.755361542105674744e-02
5.756128206849098206e-02
5.756889656186103821e-02
5.757648870348930359e-02
5.758412182331085205e-02
5.759173631668090820e-02
5.759930983185768127e-02
5.760691687464714050e-02
5.761448666453361511e-02
5.762206390500068665e-02
5.762962251901626587e-02
5.763719603419303894e-02
5.764472484588623047e-02
5.765232071280479431e-02
5.765984952449798584e-02
5.766740441322326660e-02
5.767487362027168274e-02
5.768240988254547119e-02
5.768985673785209656e-02
5.769738927483558655e-02
5.770487338304519653e-02
5.771235749125480652e-02
5.771982297301292419e-02
5.772723257541656494e-02
5.773469060659408569e-02
5.774205550551414490e-02
5.774943530559539795e-02
5.775686353445053101e-02
5.776425451040267944e-02
5.777164176106452942e-02
5.777898803353309631e-02
5.778630077838897705e-02
5.779364332556724548e-02
5.780091509222984314e-02
5.780822783708572388e-02
5.781549215316772461e-02
5.782276019454002380e-02
5.782999470829963684e-02
5.783719569444656372e-02
5.784443020820617676e-02
5.785166472196578979e-02
5.785881727933883667e-02
5.786597356200218201e-02
5.787312984466552734e-02
5.788026750087738037e-02
5.788735672831535339e-02
5.789443850517272949e-02
5.790153145790100098e-02
5.790857225656509399e-02
5.791564285755157471e-02
5.792265012860298157e-02
5.792964622378349304e-02
5.793661624193191528e-02
5.794360116124153137e-02
5.795055627822875977e-02
5.795746669173240662e-02
5.796435102820396423e-02
5.797128379344940186e-02
5.797816440463066101e-02
5.798501893877983093e-02
5.799179524183273315e-02
5.799860507249832153e-02
5.800535902380943298e-02
5.801211297512054443e-02
5.801885575056076050e-02
5.802555382251739502e-02
5.803223326802253723e-02
5.803883075714111328e-02
5.804552510380744934e-02
5.805210396647453308e-02
5.805868655443191528e-02
5.806522443890571594e-02
5.807182192802429199e-02
5.807832628488540649e-02
5.808484554290771484e-02
5.809129774570465088e-02
5.809775367379188538e-02
5.810413882136344910e-02
5.811052769422531128e-02
5.811687931418418884e-02
5.812324211001396179e-02
5.812954157590866089e-02
5.813583359122276306e-02
5.814206600189208984e-02
5.814826488494873047e-02
5.815448611974716187e-02
5.816063284873962402e-02
5.816678330302238464e-02
5.817289277911186218e-02
5.817895755171775818e-02
5.818501114845275879e-02
5.819101259112358093e-02
5.819700285792350769e-02
5.820298567414283752e-02
5.820894613862037659e-02
5.821485444903373718e-02
5.822077393531799316e-02
5.822661146521568298e-02
5.823243409395217896e-02
5.823820829391479492e-02
5.824398621916770935e-02
5.824974924325942993e-02
5.825548619031906128e-02
5.826117098331451416e-02
5.826677009463310242e-02
5.827238038182258606e-02
5.827795341610908508e-02
5.828354135155677795e-02
5.828902125358581543e-02
5.829449370503425598e-02
5.829995498061180115e-02
5.830538645386695862e-02
5.831076204776763916e-02
5.831609666347503662e-02
5.832138657569885254e-02
5.832668021321296692e-02
5.833193659782409668e-02
5.833716690540313721e-02
5.834230780601501465e-02
5.834747850894927979e-02
5.835263058543205261e-02
5.835772305727005005e-02
5.836276337504386902e-02
5.836775526404380798e-02
5.837276205420494080e-02
5.837772041559219360e-02
5.838266760110855103e-02
5.838754773139953613e-02
5.839240178465843201e-02
5.839722603559494019e-02
5.840205028653144836e-02
5.840678885579109192e-02
5.841151252388954163e-02
5.841618403792381287e-02
5.842087790369987488e-02
5.842550843954086304e-02
5.843009054660797119e-02
5.843462049961090088e-02
5.843914672732353210e-02
5.844364315271377563e-02
5.844813212752342224e-02
5.845253169536590576e-02
5.845689773559570312e-02
5.846123397350311279e-02
5.846557766199111938e-02
5.846983939409255981e-02
5.847407504916191101e-02
5.847826600074768066e-02
5.848244950175285339e-02
5.848654732108116150e-02
5.849067866802215576e-02
5.849471688270568848e-02
5.849874019622802734e-02
5.850274115800857544e-02
5.850667878985404968e-02
5.851062014698982239e-02
5.851454287767410278e-02
5.851839110255241394e-02
5.852221325039863586e-02
5.852600559592247009e-02
5.852973461151123047e-02
5.853347107768058777e-02
5.853715911507606506e-02
5.854078009724617004e-02
5.854440852999687195e-02
5.854799598455429077e-02
5.855150893330574036e-02
5.855499207973480225e-02
5.855848267674446106e-02
5.856191739439964294e-02
5.856530740857124329e-02
5.856864899396896362e-02
5.857197567820549011e-02
5.857529118657112122e-02
5.857855081558227539e-02
5.858178809285163879e-02
5.858498811721801758e-02
5.858817324042320251e-02
5.859127268195152283e-02
5.859436094760894775e-02
5.859741941094398499e-02
5.860043317079544067e-02
5.860343575477600098e-02
5.860639363527297974e-02
5.860931426286697388e-02
5.861224606633186340e-02
5.861510336399078369e-02
5.861787497997283936e-02
5.862063542008399963e-02
5.862346291542053223e-02
5.862619355320930481e-02
5.862884223461151123e-02
5.863147974014282227e-02
5.863409861922264099e-02
5.863672494888305664e-02
5.863929912447929382e-02
5.864182114601135254e-02
5.864435434341430664e-02
5.864680185914039612e-02
5.864922329783439636e-02
5.865162611007690430e-02
5.865401029586791992e-02
5.865633487701416016e-02
5.865860730409622192e-02
5.866086483001708984e-02
5.866311118006706238e-02
5.866533517837524414e-02
5.866747722029685974e-02
5.866963043808937073e-02
5.867173150181770325e-02
5.867388099431991577e-02
5.867590382695198059e-02
5.867793038487434387e-02
5.867995321750640869e-02
5.868193507194519043e-02
5.868386104702949524e-02
5.868579074740409851e-02
5.868768319487571716e-02
5.868956446647644043e-02
5.869139358401298523e-02
5.869316682219505310e-02
5.869492515921592712e-02
5.869669467210769653e-02
5.869837477803230286e-02
5.870007723569869995e-02
5.870171636343002319e-02
5.870332568883895874e-02
5.870494619011878967e-02
5.870655179023742676e-02
5.870808660984039307e-02
5.870961025357246399e-02
5.871108919382095337e-02
5.871256813406944275e-02
5.871404707431793213e-02
5.871547013521194458e-02
5.871685594320297241e-02
5.871822685003280640e-02
5.871960520744323730e-02
5.872090160846710205e-02
5.872219800949096680e-02
5.872350558638572693e-02
5.872474983334541321e-02
5.872593075037002563e-02
5.872711166739463806e-02
5.872830748558044434e-02
5.872946977615356445e-02
5.873060598969459534e-02
5.873172730207443237e-02
5.873277410864830017e-02
5.873384326696395874e-02
5.873488262295722961e-02
5.873592197895050049e-02
5.873691663146018982e-02
5.873792245984077454e-02
5.873886123299598694e-02
5.873981118202209473e-02
5.874073505401611328e-02
5.874162539839744568e-02
5.874248966574668884e-02
5.874335020780563354e-02
5.874419584870338440e-02
5.874499678611755371e-02
5.874580517411231995e-02
5.874657258391380310e-02
5.874735489487648010e-02
5.874811857938766479e-02
5.874884873628616333e-02
5.874959379434585571e-02
5.875028297305107117e-02
5.875097587704658508e-02
5.875168368220329285e-02
5.875231325626373291e-02
5.875292047858238220e-02
5.875354632735252380e-02
5.875413864850997925e-02
5.875472724437713623e-02
5.875529348850250244e-02
5.875587835907936096e-02
5.875639617443084717e-02
5.875694379210472107e-02
5.875745788216590881e-02
5.875795334577560425e-02
5.875845625996589661e-02
5.875895544886589050e-02
5.875940620899200439e-02
5.875984951853752136e-02
5.876032263040542603e-02
5.876071751117706299e-02
5.876115337014198303e-02
5.876155570149421692e-02
5.876198783516883850e-02
5.876238644123077393e-02
5.876273289322853088e-02
5.876309797167778015e-02
5.876347795128822327e-02
5.876384675502777100e-02
5.876419320702552795e-02
5.876450985670089722e-02
5.876483768224716187e-02
5.876515805721282959e-02
5.876548215746879578e-02
5.876581743359565735e-02
5.876611173152923584e-02
5.876640602946281433e-02
5.876667797565460205e-02
5.876693502068519592e-02
5.876721814274787903e-02
5.876749753952026367e-02
5.876776948571205139e-02
5.876803025603294373e-02
5.876827239990234375e-02
5.876854062080383301e-02
5.876875296235084534e-02
5.876898020505905151e-02
5.876917392015457153e-02
5.876941233873367310e-02
5.876963585615158081e-02
5.876983329653739929e-02
5.877005681395530701e-02
5.877023562788963318e-02
5.877041071653366089e-02
5.877064913511276245e-02
5.877080559730529785e-02
5.877102538943290710e-02
5.877117812633514404e-02
5.877137929201126099e-02
5.877157673239707947e-02
5.877173319458961487e-02
5.877189338207244873e-02
5.877204611897468567e-02
5.877218768000602722e-02
5.877237766981124878e-02
5.877249315381050110e-02
5.877268686890602112e-02
5.877284705638885498e-02
5.877298489212989807e-02
5.877314135432243347e-02
5.877329781651496887e-02
5.877344682812690735e-02
5.877361446619033813e-02
5.877377465367317200e-02
5.877390876412391663e-02
5.877406150102615356e-02
5.877422168850898743e-02
5.877433717250823975e-02
5.877447873353958130e-02
5.877462774515151978e-02
5.877475440502166748e-02
5.877487733960151672e-02
5.877504870295524597e-02
5.877518281340599060e-02
5.877528712153434753e-02
5.877543613314628601e-02
5.877558887004852295e-02
5.877570807933807373e-02
5.877587571740150452e-02
5.877600610256195068e-02
5.877615511417388916e-02
5.877626314759254456e-02
5.877636745572090149e-02
5.877644941210746765e-02
5.877659097313880920e-02
5.877672508358955383e-02
5.877689272165298462e-02
5.877702310681343079e-02
5.877716094255447388e-02
5.877729505300521851e-02
5.877743661403656006e-02
5.877758190035820007e-02
5.877773463726043701e-02
5.877789482474327087e-02
5.877800285816192627e-02
5.877811834216117859e-02
5.877823382616043091e-02
5.877838656306266785e-02
5.877849459648132324e-02
5.877861008048057556e-02
5.877876654267311096e-02
5.877890810370445251e-02
5.877908691763877869e-02
5.877918004989624023e-02
5.877931043505668640e-02
5.877946317195892334e-02
5.877961590886116028e-02
5.877978727221488953e-02
5.877990648150444031e-02
5.878006294369697571e-02
5.878019705414772034e-02
5.878036469221115112e-02
5.878050625324249268e-02
5.878061428666114807e-02
5.878075957298278809e-02
5.878092721104621887e-02
5.878109484910964966e-02
5.878121778368949890e-02
5.878137797117233276e-02
5.878155305981636047e-02
5.878168717026710510e-02
5.878180265426635742e-02
5.878199636936187744e-02
5.878213420510292053e-02
5.878227949142456055e-02
5.878246948122978210e-02
5.878261849284172058e-02
5.878280475735664368e-02
5.878294631838798523e-02
5.878312513232231140e-02
5.878327786922454834e-02
5.878344550728797913e-02
5.878362059593200684e-02
5.878378450870513916e-02
5.878397077322006226e-02
5.878412351012229919e-02
5.878431349992752075e-02
5.878452956676483154e-02
5.878471955657005310e-02
5.878489091992378235e-02
5.878512933850288391e-02
5.878533422946929932e-02
5.878553539514541626e-02
5.878573656082153320e-02
5.878596007823944092e-02
5.878619104623794556e-02
5.878639966249465942e-02
5.878661572933197021e-02
5.878685042262077332e-02
5.878703668713569641e-02
5.878726020455360413e-02
5.878750234842300415e-02
5.878773331642150879e-02
5.878796800971031189e-02
5.878820642828941345e-02
5.878840386867523193e-02
5.878866091370582581e-02
5.878891423344612122e-02
5.878914892673492432e-02
5.878941342234611511e-02
5.878970399498939514e-02
5.878995358943939209e-02
5.879022553563117981e-02
5.879051238298416138e-02
5.879079177975654602e-02
5.879107490181922913e-02
5.879138037562370300e-02
5.879166722297668457e-02
5.879195407032966614e-02
5.879224836826324463e-02
5.879257991909980774e-02
5.879290401935577393e-02
5.879321694374084473e-02
5.879356339573860168e-02
5.879385769367218018e-02
5.879421159625053406e-02
5.879455804824829102e-02
5.879487469792366028e-02
5.879522114992141724e-02
5.879558622837066650e-02
5.879594013094902039e-02
5.879631638526916504e-02
5.879669263958930969e-02
5.879705399274826050e-02
5.879745259881019592e-02
5.879784375429153442e-02
5.879819393157958984e-02
5.879860743880271912e-02
5.879905447363853455e-02
5.879945307970046997e-02
5.879986658692359924e-02
5.880032107234001160e-02
5.880080163478851318e-02
5.880123749375343323e-02
5.880168825387954712e-02
5.880216509103775024e-02
5.880262330174446106e-02
5.880314111709594727e-02
5.880362167954444885e-02
5.880413204431533813e-02
5.880464613437652588e-02
5.880518630146980286e-02
5.880569294095039368e-02
5.880626663565635681e-02
5.880681425333023071e-02
5.880738422274589539e-02
5.880799889564514160e-02
5.880853906273841858e-02
5.880915001034736633e-02
5.880978703498840332e-02
5.881038308143615723e-02
5.881105363368988037e-02
5.881166830658912659e-02
5.881232768297195435e-02
5.881302058696746826e-02
5.881368741393089294e-02
5.881441012024879456e-02
5.881508812308311462e-02
5.881577357649803162e-02
5.881652608513832092e-02
5.881726741790771484e-02
5.881800130009651184e-02
5.881876125931739807e-02
5.881952866911888123e-02
5.882031098008155823e-02
5.882113054394721985e-02
5.882196500897407532e-02
5.882274731993675232e-02
5.882359668612480164e-02
5.882443860173225403e-02
5.882534384727478027e-02
5.882622674107551575e-02
5.882711708545684814e-02
5.882802978157997131e-02
5.882899463176727295e-02
5.882992967963218689e-02
5.883087590336799622e-02
5.883187428116798401e-02
5.883286893367767334e-02
5.883388966321945190e-02
5.883491039276123047e-02
5.883593112230300903e-02
5.883699283003807068e-02
5.883805081248283386e-02
5.883917212486267090e-02
5.884029716253280640e-02
5.884137377142906189e-02
5.884255468845367432e-02
5.884367227554321289e-02
5.884487554430961609e-02
5.884606018662452698e-02
5.884730070829391479e-02
5.884851887822151184e-02
5.884976685047149658e-02
5.885102972388267517e-02
5.885232985019683838e-02
5.885360389947891235e-02
5.885498225688934326e-02
5.885633081197738647e-02
5.885770171880722046e-02
5.885909497737884521e-02
5.886049941182136536e-02
5.886194854974746704e-02
5.886339396238327026e-02
5.886482819914817810e-02
5.886634439229965210e-02
5.886788666248321533e-02
5.886943265795707703e-02
5.887098237872123718e-02
5.887257680296897888e-02
5.887419357895851135e-02
5.887581780552864075e-02
5.887747928500175476e-02
5.887915939092636108e-02
5.888088792562484741e-02
5.888262391090393066e-02
5.888439714908599854e-02
5.888619646430015564e-02
5.888801440596580505e-02
5.888980999588966370e-02
5.889166891574859619e-02
5.889353156089782715e-02
5.889545008540153503e-02
5.889741331338882446e-02
5.889937281608581543e-02
5.890139192342758179e-02
5.890341475605964661e-02
5.890548229217529297e-02
5.890757218003273010e-02
5.890970304608345032e-02
5.891183391213417053e-02
5.891398712992668152e-02
5.891622230410575867e-02
5.891839414834976196e-02
5.892065912485122681e-02
5.892293900251388550e-02
5.892525613307952881e-02
5.892759934067726135e-02
5.892997607588768005e-02
5.893235653638839722e-02
5.893478542566299438e-02
5.893726646900177002e-02
5.893974378705024719e-02
5.894229188561439514e-02
5.894488096237182617e-02
5.894750729203224182e-02
5.895013362169265747e-02
5.895280465483665466e-02
5.895553901791572571e-02
5.895823240280151367e-02
5.896100029349327087e-02
5.896380171179771423e-02
5.896663665771484375e-02
5.896947532892227173e-02
5.897240340709686279e-02
5.897536501288414001e-02
5.897830426692962646e-02
5.898129194974899292e-02
5.898436531424522400e-02
5.898745357990264893e-02
5.899056792259216309e-02
5.899368226528167725e-02
5.899687483906745911e-02
5.900006741285324097e-02
5.900331214070320129e-02
5.900663509964942932e-02
5.900998413562774658e-02
5.901334807276725769e-02
5.901677533984184265e-02
5.902025476098060608e-02
5.902375653386116028e-02
5.902723968029022217e-02
5.903084576129913330e-02
5.903441086411476135e-02
5.903806537389755249e-02
5.904176458716392517e-02
5.904548242688179016e-02
5.904925242066383362e-02
5.905306711792945862e-02
5.905689299106597900e-02
5.906075611710548401e-02
5.906468257308006287e-02
5.906863883137702942e-02
5.907266214489936829e-02
5.907670035958290100e-02
5.908075347542762756e-02
5.908492952585220337e-02
5.908908694982528687e-02
5.909331515431404114e-02
5.909759551286697388e-02
5.910186842083930969e-02
5.910621583461761475e-02
5.911055207252502441e-02
5.911500751972198486e-02
5.911945924162864685e-02
5.912395939230918884e-02
5.912850797176361084e-02
5.913312360644340515e-02
5.913776531815528870e-02
5.914241075515747070e-02
5.914708971977233887e-02
5.915184319019317627e-02
5.915664508938789368e-02
5.916146934032440186e-02
5.916632711887359619e-02
5.917122960090637207e-02
5.917615815997123718e-02
5.918117240071296692e-02
5.918618291616439819e-02
5.919128283858299255e-02
5.919638648629188538e-02
5.920156091451644897e-02
5.920673161745071411e-02
5.921196192502975464e-02
5.921725928783416748e-02
5.922253802418708801e-02
5.922789871692657471e-02
5.923324823379516602e-02
5.923866480588912964e-02
5.924414470791816711e-02
5.924962833523750305e-02
5.925518274307250977e-02
5.926072597503662109e-02
5.926628038287162781e-02
5.927190929651260376e-02
5.927756801247596741e-02
5.928323417901992798e-02
5.928900092840194702e-02
5.929475277662277222e-02
5.930050462484359741e-02
5.930635705590248108e-02
5.931220576167106628e-02
5.931811034679412842e-02
5.932398140430450439e-02
5.932995676994323730e-02
5.933593586087226868e-02
5.934193730354309082e-02
5.934793874621391296e-02
5.935398861765861511e-02
5.936005711555480957e-02
5.936614051461219788e-02
5.937226116657257080e-02
5.937839671969413757e-02
5.938458815217018127e-02
5.939073488116264343e-02
5.939695611596107483e-02
5.940318480134010315e-02
5.940940603613853455e-02
5.941568315029144287e-02
5.942197889089584351e-02
5.942827463150024414e-02
5.943457037210464478e-02
5.944089964032173157e-02
5.944722890853881836e-02
5.945355072617530823e-02
5.945989489555358887e-02
5.946625396609306335e-02
5.947265774011611938e-02
5.947899073362350464e-02
5.948537215590476990e-02
5.949176847934722900e-02
5.949814245104789734e-02
5.950453504920005798e-02
5.951092764735221863e-02
5.951732024550437927e-02
5.952367931604385376e-02
5.953007936477661133e-02
5.953641608357429504e-02
5.954281985759735107e-02
5.954917147755622864e-02
5.955554917454719543e-02
5.956186354160308838e-02
5.956821143627166748e-02
5.957451462745666504e-02
5.958086997270584106e-02
5.958710983395576477e-02
5.959342047572135925e-02
5.959970876574516296e-02
5.960594490170478821e-02
5.961215868592262268e-02
5.961832776665687561e-02
5.962456390261650085e-02
5.963074788451194763e-02
5.963689088821411133e-02
5.964302644133567810e-02
5.964911356568336487e-02
5.965522676706314087e-02
5.966124311089515686e-02
5.966729670763015747e-02
5.967325717210769653e-02
5.967925116419792175e-02
5.968516692519187927e-02
5.969108641147613525e-02
5.969698354601860046e-02
5.970281362533569336e-02
5.970860272645950317e-02
5.971437692642211914e-02
5.972009524703025818e-02
5.972576886415481567e-02
5.973142758011817932e-02
5.973701551556587219e-02
5.974259600043296814e-02
5.974812805652618408e-02
5.975361913442611694e-02
5.975907295942306519e-02
5.976445972919464111e-02
5.976982787251472473e-02
5.977518483996391296e-02
5.978044494986534119e-02
5.978568643331527710e-02
5.979086831212043762e-02
5.979602783918380737e-02
5.980110913515090942e-02
5.980619788169860840e-02
5.981120467185974121e-02
5.981610715389251709e-02
5.982102826237678528e-02
5.982585996389389038e-02
5.983065441250801086e-02
5.983541160821914673e-02
5.984012782573699951e-02
5.984474346041679382e-02
5.984936654567718506e-02
5.985394492745399475e-02
5.985845252871513367e-02
5.986293405294418335e-02
5.986731499433517456e-02
5.987167730927467346e-02
5.987596884369850159e-02
5.988026410341262817e-02
5.988446250557899475e-02
5.988866090774536133e-02
5.989278852939605713e-02
5.989683046936988831e-02
