3.469600081443786621e-01
4.359799921512603760e-01
4.666999876499176025e-01
4.875600039958953857e-01
5.018600225448608398e-01
5.116999745368957520e-01
5.167599916458129883e-01
5.231000185012817383e-01
5.289800167083740234e-01
5.283200144767761230e-01
5.322200059890747070e-01
5.379199981689453125e-01
5.376999974250793457e-01
5.442000031471252441e-01
5.505800247192382812e-01
5.562599897384643555e-01
5.588200092315673828e-01
5.646799802780151367e-01
5.699800252914428711e-01
5.742599964141845703e-01
5.785199999809265137e-01
5.792000293731689453e-01
5.807600021362304688e-01
5.801399946212768555e-01
5.845400094985961914e-01
5.840399861335754395e-01
5.881400108337402344e-01
5.899599790573120117e-01
5.900400280952453613e-01
5.920799970626831055e-01
5.914000272750854492e-01
5.957800149917602539e-01
5.972200036048889160e-01
5.962799787521362305e-01
5.985000133514404297e-01
5.988600254058837891e-01
6.031000018119812012e-01
6.014199852943420410e-01
6.036400198936462402e-01
6.074399948120117188e-01
6.071400046348571777e-01
6.077600121498107910e-01
6.101999878883361816e-01
6.117399930953979492e-01
6.110399961471557617e-01
6.147199869155883789e-01
6.117200255393981934e-01
6.123999953269958496e-01
6.137800216674804688e-01
6.172999739646911621e-01
6.161400079727172852e-01
6.192600131034851074e-01
6.190800070762634277e-01
6.185200214385986328e-01
6.172999739646911621e-01
6.199399828910827637e-01
6.180400252342224121e-01
6.230800151824951172e-01
6.236000061035156250e-01
6.219400167465209961e-01
6.221200227737426758e-01
6.251599788665771484e-01
6.232399940490722656e-01
6.247199773788452148e-01
6.245999932289123535e-01
6.245200037956237793e-01
6.243000030517578125e-01
6.251400113105773926e-01
6.268399953842163086e-01
6.262199878692626953e-01
6.271799802780151367e-01
6.266400218009948730e-01
6.301000118255615234e-01
6.273999810218811035e-01
6.263399720191955566e-01
6.287599802017211914e-01
6.260399818420410156e-01
6.297199726104736328e-01
6.303600072860717773e-01
6.265599727630615234e-01
6.296399831771850586e-01
6.305199861526489258e-01
6.290599703788757324e-01
6.289200186729431152e-01
6.344400048255920410e-01
6.312400102615356445e-01
6.319599747657775879e-01
6.328999996185302734e-01
6.340199708938598633e-01
6.304399967193603516e-01
6.323800086975097656e-01
6.322399973869323730e-01
6.325799822807312012e-01
6.358799934387207031e-01
6.338199973106384277e-01
6.337599754333496094e-01
6.341000199317932129e-01
6.338199973106384277e-01
6.361200213432312012e-01
6.356999874114990234e-01
