1.764862656593322754e+00
1.523765325546264648e+00
1.430208444595336914e+00
1.377988457679748535e+00
1.348551273345947266e+00
1.322762370109558105e+00
1.302696943283081055e+00
1.288396596908569336e+00
1.274252891540527344e+00
1.272104024887084961e+00
1.263665318489074707e+00
1.246999979019165039e+00
1.243894696235656738e+00
1.236659049987792969e+00
1.212855815887451172e+00
1.200111150741577148e+00
1.191673040390014648e+00
1.175700902938842773e+00
1.170822620391845703e+00
1.160069823265075684e+00
1.146690726280212402e+00
1.145298957824707031e+00
1.135634422302246094e+00
1.132557630538940430e+00
1.127696275711059570e+00
1.126356840133666992e+00
1.118894815444946289e+00
1.121492862701416016e+00
1.114272117614746094e+00
1.106090903282165527e+00
1.105449080467224121e+00
1.097329258918762207e+00
1.094061613082885742e+00
1.095118403434753418e+00
1.090171456336975098e+00
1.089394092559814453e+00
1.078549623489379883e+00
1.074433803558349609e+00
1.072417736053466797e+00
1.068101525306701660e+00
1.068321466445922852e+00
1.063774585723876953e+00
1.055853605270385742e+00
1.057732343673706055e+00
1.054276585578918457e+00
1.044916629791259766e+00
1.050070643424987793e+00
1.049171447753906250e+00
1.039625287055969238e+00
1.038738131523132324e+00
1.039348006248474121e+00
1.030219912528991699e+00
1.033007740974426270e+00
1.029825329780578613e+00
1.034056425094604492e+00
1.032422661781311035e+00
1.032681584358215332e+00
1.021410226821899414e+00
1.020924806594848633e+00
1.022564411163330078e+00
1.022150635719299316e+00
1.017849802970886230e+00
1.021857261657714844e+00
1.016559243202209473e+00
1.019350409507751465e+00
1.015403628349304199e+00
1.014353275299072266e+00
1.017016053199768066e+00
1.011465311050415039e+00
1.013396382331848145e+00
1.011928677558898926e+00
1.011751294136047363e+00
1.006080985069274902e+00
1.004308581352233887e+00
1.008563876152038574e+00
1.003955960273742676e+00
1.007922768592834473e+00
1.003056049346923828e+00
1.002599120140075684e+00
1.002778649330139160e+00
1.003424644470214844e+00
9.993745088577270508e-01
1.002709388732910156e+00
1.004731297492980957e+00
9.938582777976989746e-01
9.969692826271057129e-01
9.949116110801696777e-01
9.949865341186523438e-01
9.886710643768310547e-01
9.969700574874877930e-01
9.887488484382629395e-01
9.946689009666442871e-01
9.905841946601867676e-01
9.903548359870910645e-01
9.962856769561767578e-01
9.908437728881835938e-01
9.885603189468383789e-01
9.870927333831787109e-01
9.801691174507141113e-01
9.869204163551330566e-01
