1.928700804710388184e-01
1.900611370801925659e-01
1.883643567562103271e-01
1.868678331375122070e-01
1.853338479995727539e-01
1.836488693952560425e-01
1.819072812795639038e-01
1.803102344274520874e-01
1.789687275886535645e-01
1.778582185506820679e-01
1.769019365310668945e-01
1.760302186012268066e-01
1.751910001039505005e-01
1.743437051773071289e-01
1.734504848718643188e-01
1.724672913551330566e-01
1.713361144065856934e-01
1.699724048376083374e-01
1.682538837194442749e-01
1.660242676734924316e-01
1.631503850221633911e-01
1.596445441246032715e-01
1.557180136442184448e-01
1.516498774290084839e-01
1.476318389177322388e-01
1.436982750892639160e-01
1.397480070590972900e-01
1.356173008680343628e-01
1.311497539281845093e-01
1.263308972120285034e-01
1.214468479156494141e-01
1.169272065162658691e-01
1.130283698439598083e-01
1.098572015762329102e-01
1.072793453931808472e-01
1.051071733236312866e-01
1.032599583268165588e-01
1.016496196389198303e-01
1.001644805073738098e-01
9.871897846460342407e-02
9.728210419416427612e-02
9.589218348264694214e-02
9.461888670921325684e-02
9.347409754991531372e-02
9.242704510688781738e-02
9.145037084817886353e-02
9.052643179893493652e-02
8.964511007070541382e-02
8.880081772804260254e-02
8.798823505640029907e-02
8.720118552446365356e-02
8.644362539052963257e-02
8.573567122220993042e-02
8.509127795696258545e-02
8.450711518526077271e-02
8.397244662046432495e-02
8.347630500793457031e-02
8.300961554050445557e-02
8.256482332944869995e-02
8.213580399751663208e-02
8.171779662370681763e-02
8.130727708339691162e-02
8.090136945247650146e-02
8.049768209457397461e-02
8.009367436170578003e-02
7.968697696924209595e-02
7.927578687667846680e-02
7.885910570621490479e-02
7.843687385320663452e-02
7.801087200641632080e-02
7.758395373821258545e-02
7.715933769941329956e-02
7.673966139554977417e-02
7.632675021886825562e-02
7.592145353555679321e-02
7.552413642406463623e-02
7.513499259948730469e-02
7.475432753562927246e-02
7.438309490680694580e-02
7.402295619249343872e-02
7.367588579654693604e-02
7.334407418966293335e-02
7.302945107221603394e-02
7.273346930742263794e-02
7.245668768882751465e-02
7.220071554183959961e-02
7.196830213069915771e-02
7.176323235034942627e-02
7.159607112407684326e-02
7.144831866025924683e-02
7.126086205244064331e-02
7.102055847644805908e-02
7.074540853500366211e-02
7.044696807861328125e-02
7.013250887393951416e-02
6.981012225151062012e-02
6.948760151863098145e-02
6.916933506727218628e-02
6.885632872581481934e-02
6.854806095361709595e-02
6.824431568384170532e-02
6.794662773609161377e-02
6.765782088041305542e-02
6.738083809614181519e-02
6.711708009243011475e-02
6.686604022979736328e-02
6.662616878747940063e-02
6.639527529478073120e-02
6.617125123739242554e-02
6.595245748758316040e-02
6.573739647865295410e-02
6.552526354789733887e-02
6.531635671854019165e-02
6.511218100786209106e-02
6.491505354642868042e-02
6.472669541835784912e-02
6.454750895500183105e-02
6.437616050243377686e-02
6.421028822660446167e-02
6.404643505811691284e-02
6.388136744499206543e-02
6.371255218982696533e-02
6.353808194398880005e-02
6.335747241973876953e-02
6.317178905010223389e-02
6.298441439867019653e-02
6.280113756656646729e-02
6.262921541929244995e-02
6.247650831937789917e-02
6.234556436538696289e-02
6.223338469862937927e-02
6.213054433465003967e-02
6.203716993331909180e-02
6.193192303180694580e-02
6.196017563343048096e-02
6.168980896472930908e-02
6.193831935524940491e-02
6.138557195663452148e-02
6.176542490720748901e-02
6.111909076571464539e-02
6.174020096659660339e-02
6.115381047129631042e-02
6.169369816780090332e-02
6.194189190864562988e-02
6.197734549641609192e-02
6.185499578714370728e-02
6.184291094541549683e-02
6.188900023698806763e-02
6.156083568930625916e-02
6.100239604711532593e-02
6.098071113228797913e-02
6.080961972475051880e-02
6.067864596843719482e-02
6.053735688328742981e-02
6.038396060466766357e-02
6.024888902902603149e-02
6.008901447057723999e-02
6.008658185601234436e-02
5.951405689120292664e-02
5.989519506692886353e-02
5.990561842918395996e-02
5.992958322167396545e-02
5.942567810416221619e-02
5.931995436549186707e-02
5.920612066984176636e-02
5.929947644472122192e-02
5.854101851582527161e-02
5.857135728001594543e-02
5.800747871398925781e-02
5.826773867011070251e-02
5.900581926107406616e-02
5.922966822981834412e-02
5.863611772656440735e-02
5.812850967049598694e-02
5.943734198808670044e-02
5.799926444888114929e-02
5.758836492896080017e-02
5.793831497430801392e-02
5.803221091628074646e-02
5.687713623046875000e-02
5.637580528855323792e-02
5.681693181395530701e-02
5.678071454167366028e-02
5.683088675141334534e-02
5.664629489183425903e-02
5.606936290860176086e-02
5.667877569794654846e-02
5.683784559369087219e-02
5.623641610145568848e-02
5.552067607641220093e-02
5.510427802801132202e-02
5.480613932013511658e-02
5.503114312887191772e-02
5.429621785879135132e-02
5.535987764596939087e-02
5.425744876265525818e-02
5.426600202918052673e-02
5.443396046757698059e-02
5.395406484603881836e-02
5.600667372345924377e-02
5.424322187900543213e-02
5.400031805038452148e-02
5.372107774019241333e-02
5.324813351035118103e-02
5.397702381014823914e-02
5.332567915320396423e-02
5.346592515707015991e-02
5.274148285388946533e-02
5.293452739715576172e-02
5.267885327339172363e-02
5.249460041522979736e-02
5.229572206735610962e-02
5.355994775891304016e-02
5.199457332491874695e-02
5.249508470296859741e-02
5.173940211534500122e-02
5.161289498209953308e-02
5.107407271862030029e-02
5.253819376230239868e-02
5.250710621476173401e-02
5.108620598912239075e-02
5.297613888978958130e-02
5.163170397281646729e-02
5.239523574709892273e-02
5.072244629263877869e-02
5.259260535240173340e-02
5.257096886634826660e-02
5.184173956513404846e-02
5.199788883328437805e-02
5.016722902655601501e-02
5.013225227594375610e-02
5.084441602230072021e-02
4.991520941257476807e-02
5.011342838406562805e-02
5.048327520489692688e-02
4.961340874433517456e-02
4.947567731142044067e-02
4.987576976418495178e-02
4.994973912835121155e-02
4.991428926587104797e-02
5.124227702617645264e-02
4.923394694924354553e-02
4.948922991752624512e-02
4.921036586165428162e-02
4.922319203615188599e-02
5.050262436270713806e-02
4.878148436546325684e-02
4.937178641557693481e-02
5.085534229874610901e-02
4.938942939043045044e-02
4.921805486083030701e-02
4.938351362943649292e-02
4.927422851324081421e-02
4.990308731794357300e-02
4.921616986393928528e-02
4.973702132701873779e-02
4.914335533976554871e-02
4.936395958065986633e-02
4.893284663558006287e-02
4.941905662417411804e-02
4.981725662946701050e-02
5.126026645302772522e-02
4.866253212094306946e-02
4.986997693777084351e-02
5.034894123673439026e-02
4.849952831864356995e-02
5.025599896907806396e-02
5.066777765750885010e-02
4.754023998975753784e-02
4.896451160311698914e-02
4.920869693160057068e-02
4.837082698941230774e-02
5.032734572887420654e-02
4.706861078739166260e-02
4.818363115191459656e-02
4.808076098561286926e-02
4.822322353720664978e-02
4.749491065740585327e-02
4.687309637665748596e-02
4.654067754745483398e-02
4.658499360084533691e-02
4.762600734829902649e-02
4.673346132040023804e-02
4.666640982031822205e-02
4.647276550531387329e-02
4.545724019408226013e-02
4.635638743638992310e-02
4.601949825882911682e-02
4.578424990177154541e-02
4.566472768783569336e-02
4.545467346906661987e-02
4.512958601117134094e-02
4.534674063324928284e-02
4.513926059007644653e-02
4.569711163640022278e-02
4.529766738414764404e-02
4.526412859559059143e-02
4.525047540664672852e-02
4.516630619764328003e-02
4.509156197309494019e-02
4.504827037453651428e-02
4.499244317412376404e-02
4.476458579301834106e-02
4.470670968294143677e-02
4.468145966529846191e-02
4.458895325660705566e-02
4.452253133058547974e-02
4.446767643094062805e-02
4.441545903682708740e-02
4.437484964728355408e-02
4.436154663562774658e-02
4.439503327012062073e-02
4.447332769632339478e-02
4.558545723557472229e-02
4.554622247815132141e-02
4.402818158268928528e-02
4.410151764750480652e-02
4.494766891002655029e-02
4.575404897332191467e-02
4.651977494359016418e-02
4.496426880359649658e-02
4.498550295829772949e-02
4.548474401235580444e-02
4.683081433176994324e-02
4.644482582807540894e-02
4.434763640165328979e-02
4.386446252465248108e-02
4.662035405635833740e-02
4.503750428557395935e-02
4.650180414319038391e-02
4.419453814625740051e-02
4.509853571653366089e-02
4.436464980244636536e-02
4.572080448269844055e-02
4.450352117419242859e-02
4.415355250239372253e-02
4.503428563475608826e-02
4.430795833468437195e-02
4.458789899945259094e-02
4.397112876176834106e-02
4.383565858006477356e-02
4.702406004071235657e-02
4.395834356546401978e-02
4.498471319675445557e-02
4.559464380145072937e-02
4.380761831998825073e-02
4.515460506081581116e-02
4.390834644436836243e-02
4.493559151887893677e-02
4.517573118209838867e-02
4.379294440150260925e-02
4.526801407337188721e-02
4.407990351319313049e-02
4.419314116239547729e-02
4.528524354100227356e-02
4.652803763747215271e-02
4.328570887446403503e-02
4.364401474595069885e-02
4.316516965627670288e-02
4.560984298586845398e-02
4.330478608608245850e-02
4.387576133012771606e-02
4.343834146857261658e-02
4.477221891283988953e-02
4.295708611607551575e-02
4.294873401522636414e-02
4.295999184250831604e-02
4.429019615054130554e-02
4.888199642300605774e-02
4.340470209717750549e-02
4.262559115886688232e-02
4.273745045065879822e-02
4.226047173142433167e-02
4.218458756804466248e-02
4.203096032142639160e-02
4.207355529069900513e-02
4.216119647026062012e-02
4.219235852360725403e-02
4.220390692353248596e-02
4.261244833469390869e-02
4.350056499242782593e-02
4.215877130627632141e-02
4.200303927063941956e-02
4.310841113328933716e-02
4.231448471546173096e-02
4.374809935688972473e-02
4.196580499410629272e-02
4.178826883435249329e-02
4.161533340811729431e-02
4.198767989873886108e-02
4.142104089260101318e-02
4.186350107192993164e-02
4.227229207754135132e-02
4.221206903457641602e-02
4.193715006113052368e-02
4.186895117163658142e-02
4.159903526306152344e-02
4.265723004937171936e-02
4.133081808686256409e-02
4.102343320846557617e-02
4.119905456900596619e-02
4.119354486465454102e-02
4.178974777460098267e-02
4.086769744753837585e-02
4.087657481431961060e-02
4.472254216670989990e-02
4.052479192614555359e-02
4.053359851241111755e-02
4.089262336492538452e-02
4.112095758318901062e-02
3.946236893534660339e-02
4.016647115349769592e-02
3.969888016581535339e-02
3.980415314435958862e-02
3.912653401494026184e-02
3.916937485337257385e-02
3.883445635437965393e-02
3.855871781706809998e-02
3.862532973289489746e-02
3.847806155681610107e-02
3.841201215982437134e-02
3.837833553552627563e-02
3.834914043545722961e-02
3.831215202808380127e-02
3.825809061527252197e-02
3.820281475782394409e-02
3.814702481031417847e-02
3.808060288429260254e-02
3.800074011087417603e-02
3.790728375315666199e-02
3.780232742428779602e-02
3.768929094076156616e-02
3.757194802165031433e-02
3.745261207222938538e-02
3.733022883534431458e-02
3.720096126198768616e-02
3.706268593668937683e-02
3.691847994923591614e-02
3.678122535347938538e-02
3.666616231203079224e-02
3.657823801040649414e-02
3.651381656527519226e-02
3.646789118647575378e-02
3.643524274230003357e-02
3.641065210103988647e-02
3.639425337314605713e-02
3.638248890638351440e-02
3.636166080832481384e-02
3.632099553942680359e-02
3.626155108213424683e-02
3.619193658232688904e-02
3.620870783925056458e-02
3.680203109979629517e-02
3.715959936380386353e-02
3.585324436426162720e-02
3.660948574542999268e-02
3.872143477201461792e-02
3.620536625385284424e-02
3.590093925595283508e-02
3.619518876075744629e-02
3.759263083338737488e-02
3.660852834582328796e-02
3.669196739792823792e-02
3.761335089802742004e-02
3.569836169481277466e-02
3.463945910334587097e-02
3.460166975855827332e-02
3.441526740789413452e-02
3.580406308174133301e-02
3.442738577723503113e-02
3.419402614235877991e-02
3.407048806548118591e-02
3.561966121196746826e-02
3.423790261149406433e-02
3.572056815028190613e-02
3.598443791270256042e-02
3.454315662384033203e-02
3.401017934083938599e-02
3.589870780706405640e-02
3.381192684173583984e-02
3.415093943476676941e-02
3.504287451505661011e-02
3.311460092663764954e-02
3.370136767625808716e-02
3.446158766746520996e-02
3.385917097330093384e-02
3.421978279948234558e-02
3.350950777530670166e-02
3.331324830651283264e-02
3.349273279309272766e-02
3.304098546504974365e-02
3.321842476725578308e-02
3.297641873359680176e-02
3.236060217022895813e-02
3.230131790041923523e-02
3.167802095413208008e-02
3.213165327906608582e-02
3.195516765117645264e-02
3.176693245768547058e-02
3.165888786315917969e-02
