1.954029500484466553e-01
1.945334970951080322e-01
1.936976611614227295e-01
1.929650157690048218e-01
1.923249959945678711e-01
1.917684227228164673e-01
1.912867128849029541e-01
1.908719241619110107e-01
1.905161589384078979e-01
1.902118176221847534e-01
1.899518221616744995e-01
1.897295564413070679e-01
1.895390450954437256e-01
1.893752813339233398e-01
1.892338693141937256e-01
1.891110390424728394e-01
1.890039145946502686e-01
1.889094412326812744e-01
1.888258606195449829e-01
1.887511014938354492e-01
1.886841803789138794e-01
1.886235922574996948e-01
1.885682940483093262e-01
1.885179728269577026e-01
1.884714365005493164e-01
1.884281337261199951e-01
1.883877068758010864e-01
1.883497089147567749e-01
1.883137524127960205e-01
1.882794350385665894e-01
1.882465332746505737e-01
1.882149130105972290e-01
1.881840080022811890e-01
1.881538480520248413e-01
1.881239712238311768e-01
1.880943179130554199e-01
1.880645006895065308e-01
1.880343854427337646e-01
1.880037039518356323e-01
1.879719048738479614e-01
1.879391372203826904e-01
1.879045367240905762e-01
1.878679990768432617e-01
1.878288388252258301e-01
1.877863705158233643e-01
1.877400428056716919e-01
1.876886934041976929e-01
1.876312941312789917e-01
1.875660419464111328e-01
1.874911934137344360e-01
1.874039322137832642e-01
1.873011142015457153e-01
1.871776729822158813e-01
1.870274692773818970e-01
1.868420988321304321e-01
1.866099089384078979e-01
1.863151937723159790e-01
1.859372407197952271e-01
1.854490190744400024e-01
1.848189830780029297e-01
1.840133219957351685e-01
1.830090284347534180e-01
1.818134039640426636e-01
1.804836690425872803e-01
1.791207790374755859e-01
1.778255701065063477e-01
1.766537129878997803e-01
1.756077706813812256e-01
1.746593117713928223e-01
1.737705618143081665e-01
1.729051321744918823e-01
1.720339953899383545e-01
1.711331158876419067e-01
1.701829731464385986e-01
1.691691726446151733e-01
1.680820733308792114e-01
1.669173985719680786e-01
1.656763851642608643e-01
1.643631905317306519e-01
1.629831343889236450e-01
1.615381836891174316e-01
1.600268036127090454e-01
1.584432572126388550e-01
1.567775458097457886e-01
1.550209075212478638e-01
1.531728059053421021e-01
1.512471288442611694e-01
1.492600440979003906e-01
1.472007632255554199e-01
1.450086385011672974e-01
1.425840407609939575e-01
1.398176699876785278e-01
1.366643458604812622e-01
1.332627683877944946e-01
1.299143433570861816e-01
1.268764734268188477e-01
1.242094784975051880e-01
1.217954829335212708e-01
1.194773763418197632e-01
1.171658262610435486e-01
1.148718670010566711e-01
1.126490607857704163e-01
1.105253770947456360e-01
1.085075885057449341e-01
1.066165566444396973e-01
1.048777326941490173e-01
1.033016666769981384e-01
1.018562093377113342e-01
1.004509180784225464e-01
9.912199527025222778e-02
9.786473959684371948e-02
9.666749089956283569e-02
9.552508592605590820e-02
9.442927688360214233e-02
9.338805079460144043e-02
9.241305291652679443e-02
9.149600565433502197e-02
9.062357991933822632e-02
8.974486589431762695e-02
8.881054073572158813e-02
8.792858570814132690e-02
8.710397034883499146e-02
8.630546182394027710e-02
8.554358780384063721e-02
8.483471721410751343e-02
8.418224006891250610e-02
8.358050137758255005e-02
8.303301781415939331e-02
8.255366235971450806e-02
8.213231712579727173e-02
8.173722028732299805e-02
8.134976774454116821e-02
8.096565306186676025e-02
8.058172464370727539e-02
8.019525557756423950e-02
7.980483770370483398e-02
7.941128313541412354e-02
7.901675999164581299e-02
7.862395793199539185e-02
7.823485136032104492e-02
7.785057276487350464e-02
7.747054100036621094e-02
7.709328085184097290e-02
7.671866565942764282e-02
7.635645568370819092e-02
7.603903114795684814e-02
7.581322640180587769e-02
7.563716918230056763e-02
7.537956535816192627e-02
7.511221617460250854e-02
7.486893236637115479e-02
7.468891888856887817e-02
7.448265701532363892e-02
7.419127970933914185e-02
7.384016364812850952e-02
7.347276806831359863e-02
7.311847805976867676e-02
7.280623912811279297e-02
7.257761806249618530e-02
7.246582955121994019e-02
7.236387580633163452e-02
7.217853516340255737e-02
7.195370644330978394e-02
7.170318067073822021e-02
7.142820209264755249e-02
7.113710045814514160e-02
7.085032016038894653e-02
7.058690488338470459e-02
7.034898549318313599e-02
7.012839615345001221e-02
6.991845369338989258e-02
6.971589475870132446e-02
6.951975822448730469e-02
6.932825595140457153e-02
6.913725286722183228e-02
6.894207000732421875e-02
6.874074041843414307e-02
6.853572279214859009e-02
6.833125650882720947e-02
6.812601536512374878e-02
6.790816038846969604e-02
6.766646355390548706e-02
6.740472465753555298e-02
6.713643670082092285e-02
6.687681376934051514e-02
6.663914769887924194e-02
6.642704457044601440e-02
6.624563038349151611e-02
6.610473990440368652e-02
6.593896448612213135e-02
6.556089967489242554e-02
6.530558317899703979e-02
6.520751863718032837e-02
6.496308743953704834e-02
6.501911580562591553e-02
6.466217339038848877e-02
6.477877497673034668e-02
6.446959823369979858e-02
6.453776359558105469e-02
6.448514759540557861e-02
6.442434340715408325e-02
6.432432681322097778e-02
6.418827921152114868e-02
6.418455392122268677e-02
6.399644166231155396e-02
6.385668367147445679e-02
6.345275044441223145e-02
6.350401788949966431e-02
6.279614567756652832e-02
6.301428377628326416e-02
6.304650753736495972e-02
6.317953765392303467e-02
6.343349069356918335e-02
6.224945932626724243e-02
6.251902878284454346e-02
6.170218810439109802e-02
6.176786869764328003e-02
6.173946335911750793e-02
6.175640970468521118e-02
6.204551085829734802e-02
6.207269802689552307e-02
6.099836155772209167e-02
6.098346412181854248e-02
6.148826330900192261e-02
6.059739366173744202e-02
6.060329079627990723e-02
6.037236005067825317e-02
5.981147661805152893e-02
5.970689654350280762e-02
5.933327972888946533e-02
5.893119052052497864e-02
5.874858796596527100e-02
5.866792798042297363e-02
5.854113772511482239e-02
5.843210592865943909e-02
5.830834060907363892e-02
5.819778516888618469e-02
5.809279158711433411e-02
5.798905342817306519e-02
5.788400396704673767e-02
5.778827890753746033e-02
5.770020186901092529e-02
5.756754428148269653e-02
5.737534165382385254e-02
5.717108398675918579e-02
5.708939209580421448e-02
5.908385664224624634e-02
5.951496213674545288e-02
5.728007853031158447e-02
5.828746035695075989e-02
5.726550519466400146e-02
5.855274572968482971e-02
5.667974054813385010e-02
5.854310095310211182e-02
5.670709162950515747e-02
5.851152539253234863e-02
5.948110669851303101e-02
5.667010322213172913e-02
5.787597969174385071e-02
5.624546483159065247e-02
5.838147178292274475e-02
5.667471140623092651e-02
5.628017708659172058e-02
5.660777166485786438e-02
5.528645962476730347e-02
5.546508356928825378e-02
5.616234987974166870e-02
5.617779865860939026e-02
5.817004293203353882e-02
5.555856227874755859e-02
5.731916427612304688e-02
5.781242623925209045e-02
5.487151071429252625e-02
5.716234445571899414e-02
5.490561574697494507e-02
5.483265593647956848e-02
5.616325512528419495e-02
5.490764603018760681e-02
5.684787034988403320e-02
5.462014675140380859e-02
5.553653836250305176e-02
5.433464795351028442e-02
5.467198416590690613e-02
5.448355153203010559e-02
5.384876951575279236e-02
5.560016259551048279e-02
5.354629084467887878e-02
5.482677742838859558e-02
5.489966645836830139e-02
5.469954386353492737e-02
5.470194667577743530e-02
5.384548008441925049e-02
5.297670513391494751e-02
5.319223925471305847e-02
5.423624441027641296e-02
5.283756554126739502e-02
5.532992631196975708e-02
5.273034796118736267e-02
5.396001040935516357e-02
5.374876782298088074e-02
5.227176472544670105e-02
5.193422362208366394e-02
5.202731862664222717e-02
5.604853481054306030e-02
5.534211546182632446e-02
5.176327750086784363e-02
5.315965786576271057e-02
5.211633816361427307e-02
5.189258977770805359e-02
5.204659327864646912e-02
5.121628940105438232e-02
5.155758559703826904e-02
5.100027844309806824e-02
5.403117835521697998e-02
5.747272446751594543e-02
5.231096595525741577e-02
5.248129367828369141e-02
5.121494457125663757e-02
5.048432573676109314e-02
5.071309208869934082e-02
5.536458268761634827e-02
5.291543528437614441e-02
5.231006070971488953e-02
5.329044908285140991e-02
5.174278467893600464e-02
5.255442857742309570e-02
5.147605016827583313e-02
5.053614452481269836e-02
5.063512176275253296e-02
5.536239594221115112e-02
5.141845718026161194e-02
5.056356638669967651e-02
5.188472941517829895e-02
5.802576988935470581e-02
5.406775698065757751e-02
5.101308971643447876e-02
5.025925859808921814e-02
5.156243219971656799e-02
5.135550722479820251e-02
5.356453731656074524e-02
5.215793102979660034e-02
5.018888786435127258e-02
5.093870311975479126e-02
5.046487599611282349e-02
4.940123856067657471e-02
4.983600601553916931e-02
5.018611997365951538e-02
4.966481775045394897e-02
5.055928602814674377e-02
4.907021299004554749e-02
5.239769443869590759e-02
4.935597255825996399e-02
5.036876350641250610e-02
4.940611496567726135e-02
5.042252317070960999e-02
4.945467412471771240e-02
4.855734109878540039e-02
4.946468025445938110e-02
4.852033406496047974e-02
5.135889351367950439e-02
5.075811967253684998e-02
4.918561503291130066e-02
5.074262619018554688e-02
4.829953238368034363e-02
4.878036677837371826e-02
4.862550273537635803e-02
5.014630407094955444e-02
4.769388586282730103e-02
4.806893691420555115e-02
4.855376854538917542e-02
4.794936254620552063e-02
4.787796363234519958e-02
4.741093143820762634e-02
4.966533929109573364e-02
4.730524495244026184e-02
4.758630692958831787e-02
4.758068174123764038e-02
4.779642820358276367e-02
5.098230764269828796e-02
4.993950203061103821e-02
4.775296524167060852e-02
4.751270636916160583e-02
4.680088907480239868e-02
4.705392569303512573e-02
4.704453051090240479e-02
5.189364030957221985e-02
4.745748266577720642e-02
4.792148619890213013e-02
4.758080840110778809e-02
4.749141260981559753e-02
4.633333161473274231e-02
4.605954885482788086e-02
5.087481439113616943e-02
4.719112440943717957e-02
4.968602582812309265e-02
5.148031935095787048e-02
5.010825023055076599e-02
4.742462560534477234e-02
4.869170114398002625e-02
4.849496856331825256e-02
4.703444615006446838e-02
4.907467588782310486e-02
4.681954160332679749e-02
4.691158235073089600e-02
4.686808586120605469e-02
4.665400832891464233e-02
4.925509542226791382e-02
4.769291728734970093e-02
4.681535065174102783e-02
4.731897264719009399e-02
4.568020626902580261e-02
4.525829851627349854e-02
4.655357450246810913e-02
4.760677739977836609e-02
4.695751890540122986e-02
4.594545438885688782e-02
4.821703210473060608e-02
4.490431398153305054e-02
4.510048776865005493e-02
4.534699767827987671e-02
4.764752089977264404e-02
4.786991328001022339e-02
5.054770410060882568e-02
4.812463745474815369e-02
4.408977925777435303e-02
4.419880360364913940e-02
4.376304149627685547e-02
4.382731392979621887e-02
4.432283714413642883e-02
4.405480995774269104e-02
4.548187553882598877e-02
4.425761103630065918e-02
4.425159469246864319e-02
4.468043521046638489e-02
4.446745663881301880e-02
4.578994959592819214e-02
4.853661358356475830e-02
5.182496830821037292e-02
4.594638198614120483e-02
4.603480920195579529e-02
4.489917308092117310e-02
4.553914070129394531e-02
4.783313348889350891e-02
4.361754283308982849e-02
4.229783639311790466e-02
5.060365051031112671e-02
4.516577348113059998e-02
4.301218688488006592e-02
4.437044262886047363e-02
4.575761407613754272e-02
4.361696913838386536e-02
4.514193534851074219e-02
4.993946477770805359e-02
4.282198846340179443e-02
4.272060841321945190e-02
4.273148626089096069e-02
4.651870951056480408e-02
4.484482109546661377e-02
4.386708512902259827e-02
4.186762124300003052e-02
4.583746567368507385e-02
4.163169860839843750e-02
4.126336053013801575e-02
4.191676899790763855e-02
4.135727137327194214e-02
4.162086173892021179e-02
4.556967318058013916e-02
4.300703108310699463e-02
4.698226228356361389e-02
4.080529883503913879e-02
4.076498001813888550e-02
4.333573207259178162e-02
4.777483642101287842e-02
4.178843647241592407e-02
5.171352624893188477e-02
4.606489464640617371e-02
4.407061263918876648e-02
4.477857798337936401e-02
4.069137200713157654e-02
4.342883825302124023e-02
4.064187407493591309e-02
4.516429081559181213e-02
4.214151576161384583e-02
4.124858230352401733e-02
4.475205391645431519e-02
4.395199194550514221e-02
4.693315550684928894e-02
4.607739672064781189e-02
4.135622456669807434e-02
4.450863972306251526e-02
4.054042324423789978e-02
4.029184207320213318e-02
4.308829084038734436e-02
4.089874401688575745e-02
4.366699233651161194e-02
4.153217747807502747e-02
4.543667286634445190e-02
4.403001442551612854e-02
4.170423001050949097e-02
4.152498021721839905e-02
