2.439024448394775391e-01
2.416851371526718140e-01
2.549889087677001953e-01
2.527716159820556641e-01
2.594234943389892578e-01
2.660754024982452393e-01
2.660754024982452393e-01
2.594234943389892578e-01
2.572062015533447266e-01
2.594234943389892578e-01
2.594234943389892578e-01
2.616407871246337891e-01
2.594234943389892578e-01
2.572062015533447266e-01
2.616407871246337891e-01
2.638580799102783203e-01
2.682926952838897705e-01
2.638580799102783203e-01
2.638580799102783203e-01
2.705099880695343018e-01
2.705099880695343018e-01
2.682926952838897705e-01
2.660754024982452393e-01
2.616407871246337891e-01
2.572062015533447266e-01
2.527716159820556641e-01
2.527716159820556641e-01
2.527716159820556641e-01
2.527716159820556641e-01
2.527716159820556641e-01
2.527716159820556641e-01
2.527716159820556641e-01
2.505543231964111328e-01
2.505543231964111328e-01
2.505543231964111328e-01
2.505543231964111328e-01
2.505543231964111328e-01
2.505543231964111328e-01
2.505543231964111328e-01
2.483370304107666016e-01
2.483370304107666016e-01
2.483370304107666016e-01
2.483370304107666016e-01
2.483370304107666016e-01
2.483370304107666016e-01
2.483370304107666016e-01
2.483370304107666016e-01
2.483370304107666016e-01
2.461197376251220703e-01
2.483370304107666016e-01
2.527716159820556641e-01
2.594234943389892578e-01
2.549889087677001953e-01
2.594234943389892578e-01
2.682926952838897705e-01
2.727272808551788330e-01
2.771618664264678955e-01
2.882483303546905518e-01
2.815964519977569580e-01
2.815964519977569580e-01
2.771618664264678955e-01
2.971175312995910645e-01
3.303769528865814209e-01
3.458980023860931396e-01
3.503325879573822021e-01
3.592017590999603271e-01
3.636363744735717773e-01
3.725055456161499023e-01
3.791574239730834961e-01
3.858093023300170898e-01
3.902438879013061523e-01
3.968957960605621338e-01
4.124168455600738525e-01
4.279379248619079590e-01
4.323725104331970215e-01
4.412416815757751465e-01
4.368070960044860840e-01
4.412416815757751465e-01
4.456762671470642090e-01
4.523281455039978027e-01
4.567627608776092529e-01
4.545454680919647217e-01
4.700665175914764404e-01
4.745011031627655029e-01
4.878048896789550781e-01
4.900221824645996094e-01
4.855875968933105469e-01
4.988913536071777344e-01
5.077605247497558594e-01
5.277161598205566406e-01
5.388026833534240723e-01
5.587583184242248535e-01
5.698447823524475098e-01
5.809312462806701660e-01
5.809312462806701660e-01
5.853658318519592285e-01
6.031042337417602539e-01
6.031042337417602539e-01
6.164079904556274414e-01
6.341463327407836914e-01
6.452327966690063477e-01
6.474500894546508789e-01
6.541019678115844727e-01
6.607539057731628418e-01
6.674057841300964355e-01
6.718403697013854980e-01
6.784922480583190918e-01
6.807095408439636230e-01
6.829268336296081543e-01
6.917960047721862793e-01
7.050997614860534668e-01
7.095343470573425293e-01
7.139689326286315918e-01
7.250554561614990234e-01
7.339246273040771484e-01
7.339246273040771484e-01
7.383592128753662109e-01
7.383592128753662109e-01
7.361419200897216797e-01
7.361419200897216797e-01
7.427937984466552734e-01
7.472283840179443359e-01
7.538802623748779297e-01
7.516629695892333984e-01
7.516629695892333984e-01
7.538802623748779297e-01
7.494456768035888672e-01
7.538802623748779297e-01
7.583148479461669922e-01
7.583148479461669922e-01
7.560975551605224609e-01
7.560975551605224609e-01
7.560975551605224609e-01
7.560975551605224609e-01
7.605321407318115234e-01
7.649667263031005859e-01
7.649667263031005859e-01
7.671840190887451172e-01
7.671840190887451172e-01
7.649667263031005859e-01
7.649667263031005859e-01
7.649667263031005859e-01
7.649667263031005859e-01
7.649667263031005859e-01
7.671840190887451172e-01
7.694013118743896484e-01
7.694013118743896484e-01
7.671840190887451172e-01
7.649667263031005859e-01
7.627494335174560547e-01
7.605321407318115234e-01
7.583148479461669922e-01
7.583148479461669922e-01
7.605321407318115234e-01
7.649667263031005859e-01
7.627494335174560547e-01
7.649667263031005859e-01
7.671840190887451172e-01
7.694013118743896484e-01
7.760531902313232422e-01
7.760531902313232422e-01
7.760531902313232422e-01
7.782704830169677734e-01
7.804877758026123047e-01
7.782704830169677734e-01
7.804877758026123047e-01
7.804877758026123047e-01
7.804877758026123047e-01
7.827051281929016113e-01
7.804877758026123047e-01
7.827051281929016113e-01
7.849224209785461426e-01
7.871397137641906738e-01
7.915742993354797363e-01
7.937915921211242676e-01
7.937915921211242676e-01
7.937915921211242676e-01
7.960088849067687988e-01
7.960088849067687988e-01
7.960088849067687988e-01
7.960088849067687988e-01
7.982261776924133301e-01
7.982261776924133301e-01
8.026607632637023926e-01
8.048780560493469238e-01
8.093126416206359863e-01
8.093126416206359863e-01
8.070953488349914551e-01
8.070953488349914551e-01
8.048780560493469238e-01
8.048780560493469238e-01
8.048780560493469238e-01
7.982261776924133301e-01
7.982261776924133301e-01
7.982261776924133301e-01
8.026607632637023926e-01
7.960088849067687988e-01
8.004434704780578613e-01
7.982261776924133301e-01
7.960088849067687988e-01
8.070953488349914551e-01
8.048780560493469238e-01
8.070953488349914551e-01
7.982261776924133301e-01
8.004434704780578613e-01
8.004434704780578613e-01
8.048780560493469238e-01
8.026607632637023926e-01
8.093126416206359863e-01
8.093126416206359863e-01
8.048780560493469238e-01
8.093126416206359863e-01
8.070953488349914551e-01
8.137472271919250488e-01
8.181818127632141113e-01
8.181818127632141113e-01
8.159645199775695801e-01
8.115299344062805176e-01
8.137472271919250488e-01
8.181818127632141113e-01
8.248336911201477051e-01
8.203991055488586426e-01
8.203991055488586426e-01
8.203991055488586426e-01
8.226163983345031738e-01
8.137472271919250488e-01
8.137472271919250488e-01
8.159645199775695801e-01
8.203991055488586426e-01
8.248336911201477051e-01
8.248336911201477051e-01
8.226163983345031738e-01
8.226163983345031738e-01
8.203991055488586426e-01
8.248336911201477051e-01
8.248336911201477051e-01
8.270509839057922363e-01
8.270509839057922363e-01
8.270509839057922363e-01
8.292682766914367676e-01
8.292682766914367676e-01
8.292682766914367676e-01
8.292682766914367676e-01
8.314855694770812988e-01
8.314855694770812988e-01
8.292682766914367676e-01
8.270509839057922363e-01
8.292682766914367676e-01
8.314855694770812988e-01
8.314855694770812988e-01
8.270509839057922363e-01
8.226163983345031738e-01
8.381374478340148926e-01
8.292682766914367676e-01
8.314855694770812988e-01
8.292682766914367676e-01
8.270509839057922363e-01
8.359201550483703613e-01
8.314855694770812988e-01
8.359201550483703613e-01
8.292682766914367676e-01
8.337028622627258301e-01
8.447893857955932617e-01
8.403547406196594238e-01
8.381374478340148926e-01
8.447893857955932617e-01
8.381374478340148926e-01
8.381374478340148926e-01
8.292682766914367676e-01
8.425720334053039551e-01
8.359201550483703613e-01
8.359201550483703613e-01
8.447893857955932617e-01
8.337028622627258301e-01
8.425720334053039551e-01
8.447893857955932617e-01
8.403547406196594238e-01
8.403547406196594238e-01
8.403547406196594238e-01
8.381374478340148926e-01
8.425720334053039551e-01
8.470066785812377930e-01
8.470066785812377930e-01
8.447893857955932617e-01
8.403547406196594238e-01
8.425720334053039551e-01
8.425720334053039551e-01
8.447893857955932617e-01
8.447893857955932617e-01
8.359201550483703613e-01
8.425720334053039551e-01
8.470066785812377930e-01
8.470066785812377930e-01
8.492239713668823242e-01
8.425720334053039551e-01
8.447893857955932617e-01
8.447893857955932617e-01
8.492239713668823242e-01
8.447893857955932617e-01
8.381374478340148926e-01
8.470066785812377930e-01
8.536585569381713867e-01
8.492239713668823242e-01
8.403547406196594238e-01
8.381374478340148926e-01
8.492239713668823242e-01
8.470066785812377930e-01
8.514412641525268555e-01
8.536585569381713867e-01
8.536585569381713867e-01
8.558758497238159180e-01
8.580931425094604492e-01
8.580931425094604492e-01
8.492239713668823242e-01
8.314855694770812988e-01
8.514412641525268555e-01
8.470066785812377930e-01
8.536585569381713867e-01
8.625277280807495117e-01
8.558758497238159180e-01
8.403547406196594238e-01
8.447893857955932617e-01
8.447893857955932617e-01
8.492239713668823242e-01
8.514412641525268555e-01
8.580931425094604492e-01
8.492239713668823242e-01
8.514412641525268555e-01
8.558758497238159180e-01
8.381374478340148926e-01
8.492239713668823242e-01
8.580931425094604492e-01
8.625277280807495117e-01
8.137472271919250488e-01
8.381374478340148926e-01
8.536585569381713867e-01
8.647450208663940430e-01
8.580931425094604492e-01
8.514412641525268555e-01
8.447893857955932617e-01
8.447893857955932617e-01
8.536585569381713867e-01
8.625277280807495117e-01
8.558758497238159180e-01
8.625277280807495117e-01
8.580931425094604492e-01
8.625277280807495117e-01
8.625277280807495117e-01
8.625277280807495117e-01
8.625277280807495117e-01
8.514412641525268555e-01
8.647450208663940430e-01
8.625277280807495117e-01
8.580931425094604492e-01
8.625277280807495117e-01
8.603104352951049805e-01
8.580931425094604492e-01
8.625277280807495117e-01
8.669623136520385742e-01
8.580931425094604492e-01
8.470066785812377930e-01
8.625277280807495117e-01
8.603104352951049805e-01
8.736141920089721680e-01
8.736141920089721680e-01
8.713968992233276367e-01
8.603104352951049805e-01
8.736141920089721680e-01
8.736141920089721680e-01
8.736141920089721680e-01
8.736141920089721680e-01
8.780487775802612305e-01
8.780487775802612305e-01
8.713968992233276367e-01
8.802660703659057617e-01
8.780487775802612305e-01
8.758314847946166992e-01
8.780487775802612305e-01
8.691796064376831055e-01
8.625277280807495117e-01
8.713968992233276367e-01
8.758314847946166992e-01
8.780487775802612305e-01
8.736141920089721680e-01
8.824833631515502930e-01
8.536585569381713867e-01
8.780487775802612305e-01
8.713968992233276367e-01
8.713968992233276367e-01
8.691796064376831055e-01
8.780487775802612305e-01
8.802660703659057617e-01
8.669623136520385742e-01
8.625277280807495117e-01
8.647450208663940430e-01
8.536585569381713867e-01
8.647450208663940430e-01
8.713968992233276367e-01
8.625277280807495117e-01
8.669623136520385742e-01
8.713968992233276367e-01
8.713968992233276367e-01
8.780487775802612305e-01
8.780487775802612305e-01
8.758314847946166992e-01
8.758314847946166992e-01
8.580931425094604492e-01
8.713968992233276367e-01
8.780487775802612305e-01
8.625277280807495117e-01
8.891352415084838867e-01
8.802660703659057617e-01
8.713968992233276367e-01
8.603104352951049805e-01
8.780487775802612305e-01
8.780487775802612305e-01
8.713968992233276367e-01
8.802660703659057617e-01
8.847006559371948242e-01
8.847006559371948242e-01
8.736141920089721680e-01
8.647450208663940430e-01
8.625277280807495117e-01
8.647450208663940430e-01
8.736141920089721680e-01
8.802660703659057617e-01
8.824833631515502930e-01
8.869179487228393555e-01
8.802660703659057617e-01
8.802660703659057617e-01
8.802660703659057617e-01
8.780487775802612305e-01
8.802660703659057617e-01
8.713968992233276367e-01
8.847006559371948242e-01
8.780487775802612305e-01
8.736141920089721680e-01
8.580931425094604492e-01
8.713968992233276367e-01
8.824833631515502930e-01
8.736141920089721680e-01
8.780487775802612305e-01
8.669623136520385742e-01
8.802660703659057617e-01
8.847006559371948242e-01
8.536585569381713867e-01
8.780487775802612305e-01
8.869179487228393555e-01
8.847006559371948242e-01
8.691796064376831055e-01
8.780487775802612305e-01
8.713968992233276367e-01
8.647450208663940430e-01
8.869179487228393555e-01
8.824833631515502930e-01
8.847006559371948242e-01
8.669623136520385742e-01
8.802660703659057617e-01
8.780487775802612305e-01
8.913525342941284180e-01
8.758314847946166992e-01
8.891352415084838867e-01
8.913525342941284180e-01
8.957871198654174805e-01
8.935698270797729492e-01
8.913525342941284180e-01
8.713968992233276367e-01
8.758314847946166992e-01
8.780487775802612305e-01
8.891352415084838867e-01
8.891352415084838867e-01
8.802660703659057617e-01
8.669623136520385742e-01
8.847006559371948242e-01
8.470066785812377930e-01
8.713968992233276367e-01
8.824833631515502930e-01
8.758314847946166992e-01
8.913525342941284180e-01
8.824833631515502930e-01
8.913525342941284180e-01
8.824833631515502930e-01
8.802660703659057617e-01
8.891352415084838867e-01
8.758314847946166992e-01
8.758314847946166992e-01
8.736141920089721680e-01
8.802660703659057617e-01
8.847006559371948242e-01
8.824833631515502930e-01
8.869179487228393555e-01
8.935698270797729492e-01
8.847006559371948242e-01
8.980044126510620117e-01
8.891352415084838867e-01
8.824833631515502930e-01
8.780487775802612305e-01
8.780487775802612305e-01
8.935698270797729492e-01
8.913525342941284180e-01
