2.234273403882980347e-01
2.193182855844497681e-01
2.154817283153533936e-01
2.119718044996261597e-01
2.088281512260437012e-01
2.060683369636535645e-01
2.036879509687423706e-01
2.016643881797790527e-01
1.999631971120834351e-01
1.985437273979187012e-01
1.973650306463241577e-01
1.963877379894256592e-01
1.955766826868057251e-01
1.949016153812408447e-01
1.943369954824447632e-01
1.938617676496505737e-01
1.934590190649032593e-01
1.931148618459701538e-01
1.928185522556304932e-01
1.925614327192306519e-01
1.923365741968154907e-01
1.921385824680328369e-01
1.919630616903305054e-01
1.918064951896667480e-01
1.916657835245132446e-01
1.915389746427536011e-01
1.914238035678863525e-01
1.913187801837921143e-01
1.912225484848022461e-01
1.911340057849884033e-01
1.910521239042282104e-01
1.909760683774948120e-01
1.909050345420837402e-01
1.908384710550308228e-01
1.907756775617599487e-01
1.907160878181457520e-01
1.906593441963195801e-01
1.906048804521560669e-01
1.905522495508193970e-01
1.905009895563125610e-01
1.904505640268325806e-01
1.904006898403167725e-01
1.903507709503173828e-01
1.903001517057418823e-01
1.902482360601425171e-01
1.901942789554595947e-01
1.901373267173767090e-01
1.900761425495147705e-01
1.900093108415603638e-01
1.899349242448806763e-01
1.898502111434936523e-01
1.897516548633575439e-01
1.896342188119888306e-01
1.894902139902114868e-01
1.893085688352584839e-01
1.890725642442703247e-01
1.887569427490234375e-01
1.883250474929809570e-01
1.877270042896270752e-01
1.869039982557296753e-01
1.858026683330535889e-01
1.844070106744766235e-01
1.827750951051712036e-01
1.810494363307952881e-01
1.793958097696304321e-01
1.779137402772903442e-01
1.766094565391540527e-01
1.754377782344818115e-01
1.743456572294235229e-01
1.732889413833618164e-01
1.722323596477508545e-01
1.711467206478118896e-01
1.700068563222885132e-01
1.687931120395660400e-01
1.674946248531341553e-01
1.661144793033599854e-01
1.646724343299865723e-01
1.632035970687866211e-01
1.617514491081237793e-01
1.603577733039855957e-01
1.590538769960403442e-01
1.578558385372161865e-01
1.567599773406982422e-01
1.557377129793167114e-01
1.547301709651947021e-01
1.536500453948974609e-01
1.524014323949813843e-01
1.509098261594772339e-01
1.491455286741256714e-01
1.471120119094848633e-01
1.447769254446029663e-01
1.420062631368637085e-01
1.386900991201400757e-01
1.349212080240249634e-01
1.310611516237258911e-01
1.276051253080368042e-01
1.246961057186126709e-01
1.221450418233871460e-01
1.197175309062004089e-01
1.172741726040840149e-01
1.147929877042770386e-01
1.123341396450996399e-01
1.099769100546836853e-01
1.077601388096809387e-01
1.056581065058708191e-01
1.036767140030860901e-01
1.019539460539817810e-01
1.005301997065544128e-01
9.928715229034423828e-02
9.818380326032638550e-02
9.713295847177505493e-02
9.606037288904190063e-02
9.494162350893020630e-02
9.378549456596374512e-02
9.260300546884536743e-02
9.139179438352584839e-02
9.016905725002288818e-02
8.896739035844802856e-02
8.778580278158187866e-02
8.663525432348251343e-02
8.557943999767303467e-02
8.466754853725433350e-02
8.389566838741302490e-02
8.320619165897369385e-02
8.254852890968322754e-02
8.192319422960281372e-02
8.136527985334396362e-02
8.088247478008270264e-02
8.043054491281509399e-02
7.997222989797592163e-02
7.949418574571609497e-02
7.898037135601043701e-02
7.842158526182174683e-02
7.782144099473953247e-02
7.718933373689651489e-02
7.653566449880599976e-02
7.587014883756637573e-02
7.520096004009246826e-02
7.453428953886032104e-02
7.387499511241912842e-02
7.322764396667480469e-02
7.259842008352279663e-02
7.199604064226150513e-02
7.143253833055496216e-02
7.092190533876419067e-02
7.047697156667709351e-02
7.010792940855026245e-02
6.981053203344345093e-02
6.956753879785537720e-02
6.933842599391937256e-02
6.904495507478713989e-02
6.870560348033905029e-02
6.834091246128082275e-02
6.797061115503311157e-02
6.761164218187332153e-02
6.727001816034317017e-02
6.694505363702774048e-02
6.663250178098678589e-02
6.632106006145477295e-02
6.599399447441101074e-02
6.565253436565399170e-02
6.533825397491455078e-02
6.507153809070587158e-02
6.484598666429519653e-02
6.465133279561996460e-02
6.447593122720718384e-02
6.431022286415100098e-02
6.414783000946044922e-02
6.398512423038482666e-02
6.382347643375396729e-02
6.366801261901855469e-02
6.352364271879196167e-02
6.339090317487716675e-02
6.326332688331604004e-02
6.312765926122665405e-02
6.296738982200622559e-02
6.276710331439971924e-02
6.251870095729827881e-02
6.224281713366508484e-02
6.200608983635902405e-02
6.188266724348068237e-02
6.188032403588294983e-02
6.197811663150787354e-02
6.223558634519577026e-02
6.269712001085281372e-02
6.332004815340042114e-02
6.404440104961395264e-02
6.480482220649719238e-02
6.541343778371810913e-02
6.587806344032287598e-02
6.691282242536544800e-02
6.715340912342071533e-02
6.763394176959991455e-02
6.737940013408660889e-02
6.726794689893722534e-02
6.697151064872741699e-02
6.608025729656219482e-02
6.643813848495483398e-02
6.540161371231079102e-02
6.473001092672348022e-02
6.438674777746200562e-02
6.446871906518936157e-02
6.501149386167526245e-02
6.515005230903625488e-02
6.558683514595031738e-02
6.617819517850875854e-02
6.658025830984115601e-02
6.705890595912933350e-02
6.661200523376464844e-02
6.558446586132049561e-02
6.551151722669601440e-02
6.522198021411895752e-02
6.648652255535125732e-02
6.714043021202087402e-02
6.675252318382263184e-02
6.656014919281005859e-02
6.564655154943466187e-02
6.554350256919860840e-02
6.577149033546447754e-02
6.456516683101654053e-02
6.588024646043777466e-02
6.675626337528228760e-02
6.724260747432708740e-02
6.740591675043106079e-02
6.823061406612396240e-02
6.738318502902984619e-02
6.748257577419281006e-02
6.693239510059356689e-02
6.466840952634811401e-02
6.651623547077178955e-02
6.635645031929016113e-02
6.680221110582351685e-02
6.701865792274475098e-02
6.718897819519042969e-02
6.730590760707855225e-02
6.736177206039428711e-02
6.734871119260787964e-02
6.726332753896713257e-02
6.714427471160888672e-02
6.703002750873565674e-02
6.692751497030258179e-02
6.683387607336044312e-02
6.685035675764083862e-02
6.696520745754241943e-02
6.713198125362396240e-02
6.743858009576797485e-02
6.406133621931076050e-02
6.704298406839370728e-02
6.739443540573120117e-02
7.016320526599884033e-02
6.938973069190979004e-02
7.037501782178878784e-02
6.795836985111236572e-02
6.583230942487716675e-02
6.604072451591491699e-02
6.528385728597640991e-02
6.980175524950027466e-02
6.682872772216796875e-02
6.454367190599441528e-02
7.025220990180969238e-02
6.700064986944198608e-02
6.442899256944656372e-02
6.353803724050521851e-02
6.373396515846252441e-02
6.341816484928131104e-02
6.306624412536621094e-02
6.546851992607116699e-02
6.701049208641052246e-02
6.295904517173767090e-02
6.488920003175735474e-02
6.339880824089050293e-02
6.349048018455505371e-02
6.483338028192520142e-02
6.302720308303833008e-02
6.374525278806686401e-02
6.501764804124832153e-02
6.270015239715576172e-02
6.536208093166351318e-02
6.210987642407417297e-02
6.560356914997100830e-02
6.315872073173522949e-02
6.361155956983566284e-02
6.423311680555343628e-02
6.342334300279617310e-02
6.722468882799148560e-02
6.477821618318557739e-02
6.876210868358612061e-02
6.287628412246704102e-02
6.355388462543487549e-02
6.998693197965621948e-02
6.685431301593780518e-02
6.441103667020797729e-02
6.637204438447952271e-02
6.673032790422439575e-02
6.593686342239379883e-02
6.761653721332550049e-02
6.479643285274505615e-02
7.149473577737808228e-02
6.850009411573410034e-02
6.787718832492828369e-02
6.887182593345642090e-02
6.910846382379531860e-02
6.835334002971649170e-02
6.916616111993789673e-02
6.615223735570907593e-02
7.230111956596374512e-02
6.935451924800872803e-02
6.655276566743850708e-02
7.031244039535522461e-02
7.168947905302047729e-02
7.335820049047470093e-02
7.155178487300872803e-02
7.268725335597991943e-02
6.843256205320358276e-02
6.440072506666183472e-02
6.933932751417160034e-02
7.075917720794677734e-02
7.012880593538284302e-02
6.955137848854064941e-02
7.112341374158859253e-02
6.607909500598907471e-02
6.707186996936798096e-02
6.799590587615966797e-02
6.746215373277664185e-02
7.392366230487823486e-02
6.790486723184585571e-02
6.966707855463027954e-02
6.872369349002838135e-02
6.804899126291275024e-02
6.862669438123703003e-02
7.202400267124176025e-02
7.098645716905593872e-02
6.764043122529983521e-02
6.897147744894027710e-02
6.658543646335601807e-02
7.287979125976562500e-02
7.075039297342300415e-02
6.739380955696105957e-02
6.788346916437149048e-02
7.032892107963562012e-02
6.900664418935775757e-02
7.373251020908355713e-02
6.964920461177825928e-02
6.712494045495986938e-02
6.815173476934432983e-02
6.893639266490936279e-02
6.914296746253967285e-02
7.288312166929244995e-02
6.710113584995269775e-02
7.100196927785873413e-02
6.779330968856811523e-02
7.120905816555023193e-02
6.664151698350906372e-02
7.459304481744766235e-02
6.870812922716140747e-02
6.945783644914627075e-02
7.469022274017333984e-02
7.094833254814147949e-02
7.275461405515670776e-02
6.747537851333618164e-02
6.865344196557998657e-02
7.213609665632247925e-02
6.968406587839126587e-02
7.101611047983169556e-02
6.984750926494598389e-02
7.359060645103454590e-02
6.935105472803115845e-02
7.189517468214035034e-02
7.362436503171920776e-02
7.172244787216186523e-02
7.238255441188812256e-02
7.365052402019500732e-02
7.159599661827087402e-02
7.549903541803359985e-02
7.334499061107635498e-02
7.113896310329437256e-02
7.455545663833618164e-02
7.084656506776809692e-02
7.063710689544677734e-02
6.681519001722335815e-02
7.516510039567947388e-02
7.127003371715545654e-02
7.421009242534637451e-02
7.099907100200653076e-02
7.397032529115676880e-02
7.191894948482513428e-02
7.130376249551773071e-02
7.228118181228637695e-02
7.205321639776229858e-02
7.200102508068084717e-02
6.767503917217254639e-02
6.903718411922454834e-02
7.371584326028823853e-02
7.061880081892013550e-02
6.997644901275634766e-02
7.257556170225143433e-02
6.481308490037918091e-02
7.964313030242919922e-02
7.553498446941375732e-02
7.260022312402725220e-02
7.359206676483154297e-02
6.765166670083999634e-02
7.395528256893157959e-02
7.593579590320587158e-02
7.259883731603622437e-02
7.223283499479293823e-02
7.402276247739791870e-02
7.136802375316619873e-02
7.383596152067184448e-02
7.231897115707397461e-02
7.672362029552459717e-02
7.226867228746414185e-02
7.429665327072143555e-02
7.376471161842346191e-02
7.125448435544967651e-02
7.366909831762313843e-02
7.568558305501937866e-02
7.473608106374740601e-02
7.427103072404861450e-02
7.491571456193923950e-02
7.573416084051132202e-02
7.320678234100341797e-02
6.966599076986312866e-02
7.120111584663391113e-02
6.748872995376586914e-02
7.518766820430755615e-02
7.552794367074966431e-02
7.307069748640060425e-02
7.387214154005050659e-02
7.388557493686676025e-02
7.523942738771438599e-02
7.418636232614517212e-02
7.346772402524948120e-02
7.418344169855117798e-02
7.187894731760025024e-02
7.179182767868041992e-02
7.548508048057556152e-02
8.078546077013015747e-02
7.111191004514694214e-02
6.820025295019149780e-02
6.694057583808898926e-02
6.961318105459213257e-02
6.750062853097915649e-02
6.783616542816162109e-02
7.014439254999160767e-02
6.496459990739822388e-02
6.864414364099502563e-02
7.114525139331817627e-02
6.935972720384597778e-02
7.170544564723968506e-02
6.925842165946960449e-02
7.705014944076538086e-02
6.852129101753234863e-02
6.801218539476394653e-02
6.896105408668518066e-02
7.099983841180801392e-02
7.438608258962631226e-02
7.621079683303833008e-02
7.275090366601943970e-02
7.581271231174468994e-02
7.375019788742065430e-02
7.073333859443664551e-02
7.128811627626419067e-02
6.913051754236221313e-02
6.914852559566497803e-02
6.738747656345367432e-02
6.908891350030899048e-02
7.269204407930374146e-02
6.483999639749526978e-02
6.887456029653549194e-02
6.750930845737457275e-02
7.107487320899963379e-02
6.790331006050109863e-02
6.838563084602355957e-02
7.204373180866241455e-02
7.475046813488006592e-02
7.830592989921569824e-02
6.595211476087570190e-02
6.834919750690460205e-02
6.895850598812103271e-02
6.979937106370925903e-02
7.366939634084701538e-02
7.180163264274597168e-02
7.228016108274459839e-02
7.179929316043853760e-02
6.994070112705230713e-02
7.412330806255340576e-02
6.573601812124252319e-02
6.564783304929733276e-02
6.786651164293289185e-02
6.685487926006317139e-02
6.901692599058151245e-02
7.062993198633193970e-02
7.355289906263351440e-02
6.619255989789962769e-02
6.664262712001800537e-02
6.972248852252960205e-02
7.388527691364288330e-02
6.565462052822113037e-02
6.547948718070983887e-02
