2.439024448394775391e-01
2.461197376251220703e-01
2.416851371526718140e-01
2.549889087677001953e-01
2.483370304107666016e-01
2.572062015533447266e-01
2.572062015533447266e-01
2.638580799102783203e-01
2.616407871246337891e-01
2.660754024982452393e-01
2.594234943389892578e-01
2.549889087677001953e-01
2.594234943389892578e-01
2.594234943389892578e-01
2.638580799102783203e-01
2.660754024982452393e-01
2.616407871246337891e-01
2.638580799102783203e-01
2.638580799102783203e-01
2.660754024982452393e-01
2.660754024982452393e-01
2.682926952838897705e-01
2.682926952838897705e-01
2.638580799102783203e-01
2.682926952838897705e-01
2.705099880695343018e-01
2.682926952838897705e-01
2.638580799102783203e-01
2.616407871246337891e-01
2.616407871246337891e-01
2.616407871246337891e-01
2.638580799102783203e-01
2.638580799102783203e-01
2.638580799102783203e-01
2.638580799102783203e-01
2.616407871246337891e-01
2.594234943389892578e-01
2.572062015533447266e-01
2.572062015533447266e-01
2.660754024982452393e-01
2.682926952838897705e-01
2.682926952838897705e-01
2.771618664264678955e-01
2.793791592121124268e-01
2.771618664264678955e-01
2.793791592121124268e-01
2.793791592121124268e-01
2.882483303546905518e-01
2.949002087116241455e-01
3.170731663703918457e-01
3.414634168148040771e-01
3.458980023860931396e-01
3.481152951717376709e-01
3.569844663143157959e-01
3.614190816879272461e-01
3.680709600448608398e-01
3.813747167587280273e-01
3.858093023300170898e-01
3.946785032749176025e-01
3.991130888462066650e-01
4.079822599887847900e-01
4.101995527744293213e-01
4.101995527744293213e-01
4.124168455600738525e-01
4.301552176475524902e-01
4.279379248619079590e-01
4.279379248619079590e-01
4.390243887901306152e-01
4.390243887901306152e-01
4.412416815757751465e-01
4.456762671470642090e-01
4.523281455039978027e-01
4.634146392345428467e-01
4.656319320201873779e-01
4.745011031627655029e-01
4.833702743053436279e-01
4.855875968933105469e-01
4.855875968933105469e-01
4.855875968933105469e-01
4.855875968933105469e-01
4.922394752502441406e-01
5.077605247497558594e-01
5.121951103210449219e-01
5.188469886779785156e-01
5.188469886779785156e-01
5.188469886779785156e-01
5.144124031066894531e-01
5.188469886779785156e-01
5.210642814636230469e-01
5.210642814636230469e-01
5.254988670349121094e-01
5.232815742492675781e-01
5.277161598205566406e-01
5.232815742492675781e-01
5.343680977821350098e-01
5.388026833534240723e-01
5.476718544960021973e-01
5.543237328529357910e-01
5.609756112098693848e-01
5.698447823524475098e-01
5.720620751380920410e-01
5.787139534950256348e-01
5.898004174232482910e-01
5.964523553848266602e-01
6.008869409561157227e-01
6.097561120986938477e-01
6.075388193130493164e-01
6.031042337417602539e-01
6.053215265274047852e-01
6.075388193130493164e-01
6.141906976699829102e-01
6.186252832412719727e-01
6.297117471694946289e-01
6.297117471694946289e-01
6.452327966690063477e-01
6.452327966690063477e-01
6.496673822402954102e-01
6.585366129875183105e-01
6.674057841300964355e-01
6.674057841300964355e-01
6.696230769157409668e-01
6.740576624870300293e-01
6.851441264152526855e-01
6.940132975578308105e-01
6.962305903434753418e-01
7.117516398429870605e-01
7.139689326286315918e-01
7.161862254142761230e-01
7.272727489471435547e-01
7.250554561614990234e-01
7.272727489471435547e-01
7.294900417327880859e-01
7.383592128753662109e-01
7.405765056610107422e-01
7.427937984466552734e-01
7.361419200897216797e-01
7.405765056610107422e-01
7.450110912322998047e-01
7.472283840179443359e-01
7.494456768035888672e-01
7.472283840179443359e-01
7.450110912322998047e-01
7.516629695892333984e-01
7.538802623748779297e-01
7.583148479461669922e-01
7.583148479461669922e-01
7.583148479461669922e-01
7.583148479461669922e-01
7.605321407318115234e-01
7.627494335174560547e-01
7.627494335174560547e-01
7.649667263031005859e-01
7.649667263031005859e-01
7.694013118743896484e-01
7.716186046600341797e-01
7.738358974456787109e-01
7.738358974456787109e-01
7.760531902313232422e-01
7.716186046600341797e-01
7.760531902313232422e-01
7.738358974456787109e-01
7.760531902313232422e-01
7.782704830169677734e-01
7.738358974456787109e-01
7.782704830169677734e-01
7.804877758026123047e-01
7.804877758026123047e-01
7.827051281929016113e-01
7.849224209785461426e-01
7.849224209785461426e-01
7.827051281929016113e-01
7.871397137641906738e-01
7.849224209785461426e-01
7.849224209785461426e-01
7.849224209785461426e-01
7.849224209785461426e-01
7.849224209785461426e-01
7.849224209785461426e-01
7.871397137641906738e-01
7.871397137641906738e-01
7.871397137641906738e-01
7.849224209785461426e-01
7.893570065498352051e-01
7.871397137641906738e-01
7.893570065498352051e-01
7.893570065498352051e-01
7.915742993354797363e-01
7.915742993354797363e-01
7.915742993354797363e-01
7.915742993354797363e-01
7.915742993354797363e-01
7.937915921211242676e-01
7.893570065498352051e-01
7.893570065498352051e-01
7.893570065498352051e-01
7.915742993354797363e-01
7.915742993354797363e-01
7.915742993354797363e-01
7.893570065498352051e-01
7.915742993354797363e-01
7.960088849067687988e-01
7.960088849067687988e-01
8.004434704780578613e-01
8.004434704780578613e-01
8.048780560493469238e-01
8.026607632637023926e-01
8.026607632637023926e-01
8.093126416206359863e-01
8.093126416206359863e-01
8.093126416206359863e-01
8.093126416206359863e-01
8.115299344062805176e-01
8.115299344062805176e-01
8.137472271919250488e-01
8.137472271919250488e-01
8.093126416206359863e-01
8.115299344062805176e-01
8.115299344062805176e-01
8.159645199775695801e-01
8.159645199775695801e-01
8.159645199775695801e-01
8.159645199775695801e-01
8.137472271919250488e-01
8.137472271919250488e-01
8.137472271919250488e-01
8.159645199775695801e-01
8.181818127632141113e-01
8.203991055488586426e-01
8.226163983345031738e-01
8.270509839057922363e-01
8.292682766914367676e-01
8.226163983345031738e-01
8.292682766914367676e-01
8.314855694770812988e-01
8.226163983345031738e-01
8.248336911201477051e-01
8.248336911201477051e-01
8.270509839057922363e-01
8.270509839057922363e-01
8.226163983345031738e-01
8.292682766914367676e-01
8.314855694770812988e-01
8.314855694770812988e-01
8.270509839057922363e-01
8.359201550483703613e-01
8.181818127632141113e-01
8.159645199775695801e-01
8.381374478340148926e-01
8.292682766914367676e-01
8.292682766914367676e-01
8.381374478340148926e-01
8.359201550483703613e-01
8.425720334053039551e-01
8.359201550483703613e-01
8.337028622627258301e-01
8.203991055488586426e-01
8.381374478340148926e-01
8.270509839057922363e-01
8.292682766914367676e-01
8.381374478340148926e-01
8.292682766914367676e-01
8.248336911201477051e-01
8.248336911201477051e-01
8.248336911201477051e-01
8.270509839057922363e-01
8.270509839057922363e-01
8.226163983345031738e-01
8.314855694770812988e-01
8.270509839057922363e-01
8.248336911201477051e-01
8.292682766914367676e-01
8.314855694770812988e-01
8.337028622627258301e-01
8.314855694770812988e-01
8.314855694770812988e-01
8.314855694770812988e-01
8.248336911201477051e-01
8.359201550483703613e-01
8.270509839057922363e-01
8.337028622627258301e-01
8.270509839057922363e-01
8.337028622627258301e-01
8.381374478340148926e-01
8.292682766914367676e-01
8.314855694770812988e-01
8.337028622627258301e-01
8.403547406196594238e-01
8.337028622627258301e-01
8.381374478340148926e-01
8.381374478340148926e-01
8.403547406196594238e-01
8.381374478340148926e-01
8.447893857955932617e-01
8.337028622627258301e-01
8.403547406196594238e-01
8.403547406196594238e-01
8.403547406196594238e-01
8.447893857955932617e-01
8.403547406196594238e-01
8.359201550483703613e-01
8.359201550483703613e-01
8.447893857955932617e-01
8.359201550483703613e-01
8.359201550483703613e-01
8.359201550483703613e-01
8.403547406196594238e-01
8.403547406196594238e-01
8.403547406196594238e-01
8.403547406196594238e-01
8.403547406196594238e-01
8.403547406196594238e-01
8.447893857955932617e-01
8.447893857955932617e-01
8.447893857955932617e-01
8.425720334053039551e-01
8.425720334053039551e-01
8.403547406196594238e-01
8.403547406196594238e-01
8.403547406196594238e-01
8.425720334053039551e-01
8.425720334053039551e-01
8.425720334053039551e-01
8.425720334053039551e-01
8.425720334053039551e-01
8.470066785812377930e-01
8.470066785812377930e-01
8.492239713668823242e-01
8.470066785812377930e-01
8.470066785812377930e-01
8.470066785812377930e-01
8.470066785812377930e-01
8.470066785812377930e-01
8.470066785812377930e-01
8.492239713668823242e-01
8.492239713668823242e-01
8.425720334053039551e-01
8.403547406196594238e-01
8.403547406196594238e-01
8.381374478340148926e-01
8.425720334053039551e-01
8.470066785812377930e-01
8.381374478340148926e-01
8.447893857955932617e-01
8.425720334053039551e-01
8.470066785812377930e-01
8.425720334053039551e-01
8.470066785812377930e-01
8.447893857955932617e-01
8.492239713668823242e-01
8.447893857955932617e-01
8.248336911201477051e-01
8.470066785812377930e-01
8.425720334053039551e-01
8.492239713668823242e-01
8.425720334053039551e-01
8.447893857955932617e-01
8.447893857955932617e-01
8.470066785812377930e-01
8.403547406196594238e-01
8.403547406196594238e-01
8.447893857955932617e-01
8.425720334053039551e-01
8.514412641525268555e-01
8.425720334053039551e-01
8.536585569381713867e-01
8.447893857955932617e-01
8.425720334053039551e-01
8.514412641525268555e-01
8.447893857955932617e-01
8.447893857955932617e-01
8.447893857955932617e-01
8.492239713668823242e-01
8.381374478340148926e-01
8.558758497238159180e-01
8.403547406196594238e-01
8.403547406196594238e-01
8.447893857955932617e-01
8.470066785812377930e-01
8.470066785812377930e-01
8.492239713668823242e-01
8.492239713668823242e-01
8.403547406196594238e-01
8.492239713668823242e-01
8.492239713668823242e-01
8.403547406196594238e-01
8.514412641525268555e-01
8.492239713668823242e-01
8.403547406196594238e-01
8.492239713668823242e-01
8.470066785812377930e-01
8.447893857955932617e-01
8.580931425094604492e-01
8.447893857955932617e-01
8.492239713668823242e-01
8.514412641525268555e-01
8.470066785812377930e-01
8.470066785812377930e-01
8.403547406196594238e-01
8.536585569381713867e-01
8.492239713668823242e-01
8.470066785812377930e-01
8.536585569381713867e-01
8.514412641525268555e-01
8.514412641525268555e-01
8.447893857955932617e-01
8.470066785812377930e-01
8.558758497238159180e-01
8.514412641525268555e-01
8.669623136520385742e-01
8.492239713668823242e-01
8.580931425094604492e-01
8.470066785812377930e-01
8.492239713668823242e-01
8.514412641525268555e-01
8.514412641525268555e-01
8.558758497238159180e-01
8.558758497238159180e-01
8.558758497238159180e-01
8.492239713668823242e-01
8.536585569381713867e-01
8.536585569381713867e-01
8.536585569381713867e-01
8.580931425094604492e-01
8.536585569381713867e-01
8.625277280807495117e-01
8.514412641525268555e-01
8.625277280807495117e-01
8.625277280807495117e-01
8.625277280807495117e-01
8.647450208663940430e-01
8.603104352951049805e-01
8.625277280807495117e-01
8.625277280807495117e-01
8.603104352951049805e-01
8.603104352951049805e-01
8.691796064376831055e-01
8.514412641525268555e-01
8.625277280807495117e-01
8.625277280807495117e-01
8.536585569381713867e-01
8.580931425094604492e-01
8.558758497238159180e-01
8.558758497238159180e-01
8.603104352951049805e-01
8.713968992233276367e-01
8.603104352951049805e-01
8.713968992233276367e-01
8.625277280807495117e-01
8.669623136520385742e-01
8.603104352951049805e-01
8.691796064376831055e-01
8.691796064376831055e-01
8.758314847946166992e-01
8.780487775802612305e-01
8.625277280807495117e-01
8.669623136520385742e-01
8.713968992233276367e-01
8.691796064376831055e-01
8.691796064376831055e-01
8.758314847946166992e-01
8.780487775802612305e-01
8.647450208663940430e-01
8.758314847946166992e-01
8.758314847946166992e-01
8.647450208663940430e-01
8.625277280807495117e-01
8.669623136520385742e-01
8.713968992233276367e-01
8.713968992233276367e-01
8.625277280807495117e-01
8.625277280807495117e-01
8.603104352951049805e-01
8.713968992233276367e-01
8.669623136520385742e-01
8.691796064376831055e-01
8.713968992233276367e-01
8.647450208663940430e-01
8.669623136520385742e-01
8.691796064376831055e-01
8.669623136520385742e-01
8.780487775802612305e-01
8.691796064376831055e-01
8.713968992233276367e-01
8.758314847946166992e-01
8.780487775802612305e-01
8.713968992233276367e-01
8.691796064376831055e-01
8.691796064376831055e-01
8.669623136520385742e-01
8.758314847946166992e-01
8.713968992233276367e-01
8.736141920089721680e-01
8.691796064376831055e-01
8.647450208663940430e-01
8.647450208663940430e-01
8.736141920089721680e-01
8.736141920089721680e-01
8.802660703659057617e-01
8.824833631515502930e-01
8.780487775802612305e-01
