200 0.929664450549 110111101111111111100111101111100000101101011000101101111100000111001001001001110111110011001110010010100110010010100110000001110110110100011100011101000110010111011001111111011111011111101000100110100101111111110000111101011110101010011010011000000010111111010010011011110001010111000001001101110000101110011111111001100110010111101101001001111101000111000010000110111011000011000011
300 0.91086146179 110111111111100110101111011111000010101101101001101101110101000101001001001001011110110111001110010010111110010010110110000001010000110111011100011100100110011001111001101011011111010111101000100110001101111110011000111100011111101110010010011000000001101011010010011011111001010111000000100111110101001111010010011011100111010111101001000001111001001111101010000111011110010011011011
400 0.902258490659 110111100110101111110011101111100000100001011000101101111011010111001001101010110111100011001110010011100110000010110100000001111101110110011000011101100111110111010011101110011111011111101111111110110101101011010000111101111110101010011000011000000011110011010011111011110001110111001011001001110011001111011001111001100110000101111111011001111001100011001010100111111111010011000111
500 0.894242857855 110111110111111110110111100111100001100101001000101111101011110011001101100010110111101111001110010111100100010010110110000001110001110011011100001111100111110011011001101010111111011111101101110110110101111010010000101111111110111110010010011000000011110011010011111011110101110111001000100101110011001110011111011001100111000101111101010001101001100111001010001111011111010011001111
600 0.890997452412 111111110111110110100011101111000010101101010001101111111011110101011101000000110100100011001110010011001100010011111100000001111000110111111110001101100110011011011001101011111111011110101111111110010101011011010000111101111110101100111000011000000110100111011010101011110011110011000001111001110011001110010111111001110111110111111111011101111001100111001000101111110111000011010111
700 0.889635543567 110111110111110110110001111111100010100101010001101110111011100101011101001001110100110011001010010111001100010011111000100001111100110001111100001101100110001011011001101011111111011110101110110110110101111010010000111111111010101110111001101100000110100111010000101011110011110011001001101011110011001110011111111001110111110111111111011101110001100111001000101111110111001011010111
800 0.888364800407 110111110111110110110001111111100100100101010001101110011011100101011101011011110100110010001110000111001101010011110000100100111101110001111100001101100110001011011000101111111111011110101110011110110101101010010000011111111110101110111011011100000110100111010100101011110011100011000011101001110011001110011001111101110111110111111111011101110001100111101000111111110010011011010100
900 0.88456980561 011111100111110101000011011111100010101101111001100111111011100001011001011010110101010111010110011011001101000011110101100101011100110111110000011111100010001011011001101111111111011111101011110010011101101010110000001111111111101110011001111100000010100101010010101000110001010111001011111001110001001110011001111001111111100111110101010101111001101101001100101111010111000001010011
1000 0.882914084076 111111100111111101100011111111100010101101111001100111101011100001011111110010110111100011010110011001011110000011110101100001011100110110110000001111100110001111011001101110001111011111101111110010011101101111110000101101111111101110001001111100000010100101011000001000110001000111000011111001110011001110011001111001111111100101110111000101111001101101010010101111111101000011000111
1100 0.879325675752 011111100111111101100111011011100010101001111001100110111011100101010001111010110101000111010100011101001110000011110101100001011110110101000000001111110110001111011001101110111111111111101111110010010101101110010000001111111111100111001001111100000010101111110000101000111011000011000011111001110011001110001001111011111111100110111111010101111001101101010100101001110111000011010110
1200 0.876736816041 001111100111110111000111111011100010111001111001100101111010100000010000111011110101100111010110011101001110000011110101100101110110100111110000001111110110001111011001101110001111001111101011110010010111101110110000001110111111100111001001111010000010111101010000101100111101000111000111110001110011101110001001011001111111110110100111010101111001101001010000101111010111000011000110
1300 0.875099783398 000001100110101101000001111011100010101000111001110101111010101000010001111111110101000101010110011111000110000011110101100011110110100111010000001110110100001111011011111110011111111111101111010100010100101110100000101100111111100111001011111000000010111111010000101010111101000111101001101000110111100110001001111001111111110110101011110101111001101101010000101011010111000011000110
1400 0.875235930985 011001110011111001000111111011100000101100111001110111111000101000111000111111110100100101010101011111001110000011110101100011110110100111000000001110110110001101011001101010011111111101101111010100010100101111010000011000111111101110001011111010011011111111010000001110111111000111100101100100010011100110001001111001111011100110101011010101111001101001011010111111110111000011000110
1500 0.87329277395 011001110011101011000101111011100000100100111001110101111010101001010010101111110100000101010110011111001010100011110101100010110111100110000000111110110110100111011001111100001111011111101111010110010100000111111000101000111111100110101011111010010010111101010000001110111111001000101101111100010111100110001001111001111111110110101011010101111001101101011010001111110111010011000110
1600 0.873146799636 011001110011111011000101111011100000100100110001110101111010101001010011101111110100000101010110011111001010100011110101100010110111100110000000111110110010100111011001111100001111011111101111010110010100000111111000101000111111100110101011111010010010111101010000001111111111001000101111111100010111100110001001111001111111110110101011010101111001101101011010001011110111010011000110
1700 0.87363255542 011001100010111111000001111011100000100101110001110101111010101001010010101111110100010111010110011111001010101011110101111010110111100110011000001110111010000111011001111110001111011111101111010110010100000111111000101011111111110110101011111000100110111111110000001010111111001000000011111100010111101110011001111011111111100110101001010101111001101101100010001011110111000010000111
1800 0.870869396865 011001110011101111000001111011100000100101110001110101111010001001010010001111110100100101011110011111011010100011110101100010110111000110001000001010110010000111011001111010001110011110101111010110010100100111111000001011111111000110101011111010100110111111011001001010111111011000110011111100010111100110001001111011111111100110101001010101111001101101011010001011110111010010001110
1900 0.871545983873 011001110010101111000001111010111010101101110001010001111010101001010011001110110101000111011110011111011001100011111101111010110111000110100010001010010010000111011001111010001110111111000101010110010110101110111000001000111111110110111001111000000110101111111000001010110111011000110111001100010111100010011001111011111111100110101011010101111001100101101010001011110111000010011111
2000 0.872700851118 011001110011100111000001111011101010101101110001110101011010101011010011101110110111001011010101111111011010101011111101100010110111011110010000001110010110000111011001111000001110111111100101010110000101101110111000000000111111010110101011111000000010111111100000011010101111010000111011111100010111100100010001011011110111100110101011010101111011100100011010101011110111000010010111
2100 0.873395238925 001000110011100111000001111011101000100001110001110101111011001001010011111110110111100111010100011111001010100001111101111111110011000110100010001010010011001111001001111010001110101111100111110110000101001010111000000000111111110110101001111000000010011111110000001010111111011010100011101100010111101011010001111001101111100110101011000101111111101100001110101011110111010010110110
2200 0.872382403565 001000110011100111000001111001101000110001110000110101111011001101010011111110110011100110011100011111001010100001111101111111110111000110100010001010110011011111001001111010001110101111100111110110000101001010111000000000111111110110101001111000000010011111110000001010111111011010100011101100010111101011010001111011101111100110101011000101111111101100001110101011110111010010110111
2300 0.872180682231 001000110010100111000001100011101010100000110000110101110011101000011011111110110111100011010110010111001010101111111101111110010001000010100011001010110010011111001001100010001110101010100111011111000101001010111000100100111011010110111001111000000110001111110000001010111111011010110011111000010101101111010000111001101111100110101011000001111111101100101010101011110111010010111110
2400 0.872605644658 011101110010101111000011101011111010101010110001110001011011001011010011011000110110100111010100011111011000110110111101111111010111000101000010001010010011000111010001111010101110101111100011010100000101101111111000000000111111100110110011111000100000001101110000001010011111011010110010110100010111111111010001111011101111100110101011100101111111100110001100101011110111010010101110
2500 0.872849735811 001101110010101111000011111011101010111010110001110001111011101000011011101000110111000111110100001111011000100011111101111100000111000110000010001010010001011111011001111010100110111111100111010100000111101011011000000100111111000010110000111000100010001101110000001110111011011010010010111100010011011110010001111011100111100110111011000101111011101110111110101011110111011011101110
2600 0.870497394538 011101111010101111000011000011100010100100100111110101111011001010010011001010110111101110010100011111011000110110110101001111010101010011100011011110010010010111010011111010001110101110100011010100000101111110101000100010101111100110010001111000100000011111100100001010111111010010100010110100010101111101001001111011101111101110111011110101111011101110011000101010110111010010111110
2700 0.868921771336 001101100010110011000011101011100010100011110001110100111011101001000011001000111110100111110101111110011010110111110101110111110111000110100011001010010001011111110001111010100111101111011010011110000101100010110000000000101011000110110001111000100010001100010000001101111111011110110011111100010110111111010001111111101111101110101011000101011011101111101010101101110111010110101110
2800 0.869464529302 001111100010110011000011101011100010100011110000111100111011111101010001001000111110100111110101111110011010110111110101110111110111000110100111001000010001011111110001111010100111101111011000011110000101100110110000000000101011000110110001111000100010001100010000001001111111011110110011100100010110111111010001111111101111101110101011000101011011111111101010101101110111010110111110
2900 0.86844071771 001111100010100011100011111011100010101011110000110100111011101001010011011000110110100111110100111110011010110011110001110111110111000110100011011000010000011111010000111010100111101111101000011110100101100010110000000100111011000110010001111000000110011100000000001011111111011110110011111100010110101111010001111111001111100110100011000101111011111111001010101101110111010110111110
3000 0.867604519867 001111100111100011000011111010110010100000110100010100101011101000010011111010111110101110110100011100011010100111110101100111110111000110100010001000010001011110010001111010000111101111100100011100000101110010011001000110111011000110110011111000000110011100010000001011111111011110011011111100010111101111010101111011101101100110110111100101011111111101101010111101110001000010111110
3100 0.866264470413 001111100111100010000011111010110010101100110000010100101011101101000011011010111110100110010100011100001010111111110001100111110111010110100010001000010000011111010000111010000111101111100101011100100101100010010000000110111011000110110011111000000110011100010000001011111111011110111011111100010110101111010101111011101101100110110011100101011011110111101010101111110111010110111110
3200 0.866296190946 001111100011100011010011111011110010000110110000110100111011101001000011111010011110000110010100011100011010110010110101100111110111000110100010001000011000011100010000111010010110101111101001011100100101100010011001000110111111000100010011111000000110111101010010001001111111011011111011111100010110101111010100111111110001100110111011100101011011111111101010101111110111010010111110
3300 0.868283593597 100111100111100011100011111010110010101000110001010100101010101001010011111010111110001110010100011100001110010111100001100111110111010010100011011010010000011111111000111010100110000111100001011010100000100010110000110110111111000110110011111000000110011100110000001011111110011110101011101100000110111111010001111011101101100110010111000101010011101111101110101111110111011100101110
3400 0.86717266431 001111110011100010010011110010111010100111110001011100101011101000010011111010111100101110110100011100001110010011100011101011110101010010100011001010011000010111010000111010000111100011100001010110100001100010111000110110011111010110110011111000000110011100110000101011111110011110010011101100000110111111010001111011101001100110110010000101011111100111101110101111110111011000111100
3500 0.86670154221 001111110011100010010011110010111110100111110001011100101111101000010011111010111100101110110100011100001110010011100011101011110101010010000011001010011000010111010000111010000111100011100001010110100001100010111000110110011111010110110011111000000110011101110000101011110110010110010011101100000110111111010001111011101001100110110010000101011111100111001110101111110111010100111110
3600 0.868166033285 001111111011100010010001110010110110100110110001110100101011101001010011011010111100001110110100011100101110010010110011101011110101010010000011001010011000011101010001101010000111100011100001010110100001100011111011110010010010110100110011110100000110011101110000101011110011010110011011101100010100111111011001111011101101100110110010000101011011101111001110101111110111010000111100
3700 0.866961685481 001111110010100010010010110110111110100111111001011101101111101000010001111010111100000110010100011100101110010001100011101010100111110010100011001010011000011111010000101010000111100111100001010100100000000110111001110010011111010110110011111000100010011100110100101011111111010110000011001100010110111111000101111111101011100110111010100101011111100111001110101111110111010010111110
3800 0.868446082791 001110110011101110110001110110111110110011111011111110101111100000011111111010111000000110010100001100100110010101110011101001100101110010110011011010011000010111010000101000000110100111100001110110100011100010111000110010011111010110110011110000100010011100110000101011111111010010001011001100110110101111010001111111101001100011111010000101000111000101001110101111110111010010111110
3900 0.867041935982 000111111010100110010001100110111110110101101011111111100111100000011101111010111100000010011110011101100110010001110011101111100101010110010011001010011000011111010000101000000111100011100001010110100000100000110001110011011111010110110011110000100010011101100000101011111111010110011011001110110110101111000001111011101001100110111111001101010011100101001010101010111111010010111110
4000 0.866767744428 001110011010101111110101100101111110100111111011111110101110101100110000111110111101000011001100011100011110011111100011111010100111110110100010000010111000011111000000101010000011100111100101010100100010101010100001110010011111010110110011111000100100111100100000101111011111010000101011001100010111111111000000111011101001100111101111001101001011100101001110101111010111010010111110
4100 0.867382360734 001110111010101111110101100101111100100111111011111110101111101100110000111110111101010011001100011101011110011111100011101010100110110110100010000010100000011111000000101110000010100111100101010100100010101010100001110010011111010110110011111000100100111100100000101111011111010000101011001100010101111111000000111011101001100011101110001101001011100101001110101111010011010010111111
4200 0.866865136337 001110100010111111010001110011101110110000110001111111101110101110110101111001111101000010010100011101011100010101110011111010100111110110100010001010111000011111010000101000000111100010100001010100101010101010010001111010011111000110110011111010100001010100101000101010011011010010011001001100010111111111010001111011101011100111110111011101101011100101011010001111110111010010111110
4300 0.868238406762 001111100010101111010000110111110111100010110011111110101110101100110100110111111101100101011100011010011110011101110011111000100111110010100010001010111010111111010000101000001111100111101101011100100010101010100001111011011111000110110011111000100000001100100000101110111011010011001101001100010111101111001000111011101001100101110110011101000011100001011010001111110101010010011110
4400 0.867103061342 001001000010101111000100110101111110100000110011101110100111101100110110110011111101100100001101011110011101011101110011111001100111110110100010001010011010110111000000101011001111100111100101011100100010101011101001111011011011000110110011111000100000001100100000101011110011010011001111001100011111101111111000111011101101100111110010001100000011101101001010001111110101010011011110
4500 0.868165718146 001001110010101111010000010101101111100010111011101110111011101101110100110111011100100100000100011110001110011101010011111010101111110110100010011010111000010110010000111010001111100111101101011100000010111010011011110010011101000110110111111000100100001100100000101010111011001011001111101100010011101111000001111011101001100111110110011000001011101101011010001111110111010110011111
4600 0.867455564624 101110100010111101110101100111111110110001110011101110111110101100110100101111111000001101110100011100011110010100110111111110100111010011100010011000111010011111010000101011000111110111101101010100000011101010110000110011011011000110100001101000100110011100000000101011110011010010101011101101010111001110001000111110101100100011011110011101000011000001001010100111110111000010011111
4700 0.868047036898 101110100010111101111101100111111010110001110011101110111110111100110100101111111000001101110110011100011110110110110111111110100111010111100010001000011010111111010000101010000011110111100101010100000011101010110000010011011011000110100001101000100110011110000000101011110011010010101011101101010111101100000000111110101100100011011110011101000011000101001010100111110111000110011111
4800 0.865765761671 001100000010101111110101100110110010100001111011101111111110101110010101111110111101000100011101001100010110110001110111111111100101010111100010001000111010011111000000101010000101110111100101010100000010111011110001110010111001000110110011111000101010111100100000101011110011010010101101001101011110001110011000111111111100110011101010001101100011101001001000100111110001000010011111
4900 0.861996869853 101110000010101111100101101110110010100001011011101111111110101100110001101110111000000000110101001100010110110111110111100111100101010111100110001000111110011111001000101010000111110111100101010100000010111011110001110111011111000110110011111000100010011100100000101011110011010010101001101101011011001110011000111101100101110011101110001101000011101001000000100111110111000010011101
5000 0.866082000027 101110011010101111100001101111111110100001011011001111111110110000010000101111111010000000000100011100011110010111110111110111000101010000110110001010111010011111010000101010000111110111100101011100000011110010110001111011010111100110110011111000000010011100100000101011110010010011001001100111010001000110001000111111100001100011111110011000000011000001101010000111101111010110011110
5100 0.86431328479 001110010010101111110101101111110010100011111011101111011000111100110001111110111011001011111101001100010110110110110101110111100101000111110010001000100010011111101000101010000111110111100101010100000010100011011001110111011101000110110011111000101010111110100000101001110011010011101001101101011111001110010000111110110111110001100010011101000011101001000000100101110111000110010111
5200 0.866086897648 111110010010101011100101101110111110100001110111111101111110100000010001101100111010000001000100001110011110110111110111000111100101110011110011000000111110001111101000101011010111110111100101011100010011111010110001011011010111100110110011111000100000001100110000001001110010010010101011101111010001010100001001111111100101010010111110011000000011100101001010100111110111010010011111
5300 0.864768013157 011110110010101011110101001111110110100001110111111111011110100000100001111110111011000001100100101110011110111111110101100111100101110110100011100000111000011011101100101000000111110111101101011100000011111011110001011010011111100110110011111000000001011100100000001001110010010110101010101110010001001110000101101111100101110111101010011000000011101101001000100011111111000110011001
5400 0.863033109747 011110010010101011100101001111110010100001110111111111111110100000010101101110111001000001100100101110011110111111110111100111100101110010110011000000111000001111111001101010110111110111101101011100010011111000110001011011011111100110110011111000000001001100000000001001110010010010101011100110010001011110001001111111100101010110111010011000000011101101001000100011110011001110011011
5500 0.865066413797 011110010011101011101100001111110010101001110111111101011110101000000101101110011001000001100100101110011110111111110111100111100101110111110011001000011100001111111000101010110111110111101111011100010011101000110001011111001111100110110011111000000000001100100000101001110010010010101011101110010011011110001001111111100001010111100110010000000011101101001000101111110011000110011011
5600 0.864417462143 111111010010101110101101101111110010100000110101111111110110100000100101101110111011000011100100101110011110111111110111100111100101110110110011101000111000001111111001101010110111110111001111011100010011101000110000010011011111100110110011111000100001101100000000001001110010011000101011110000010101011110000001111111100101000110101110001000000001100101001000100111100011000110011110
5700 0.862497187106 111110010010100010101101101111110010100000110101111111110100100000100101101110111011000011000100101111011110111111110101100111100101110110110011001000111000001111111001101010111111110111001111011100010011101010110000010011011111100110110011111000100001101100000000001001110010011000101011110000000100011110000001111111101101000110101110001000000001100101001000100111101011000110011110
5800 0.863871795441 111111110011100010101101101111110010100000010101111111110100100000100101101110111011000011100110101111011110111111110101100011100101110110110011001000111000001111111001101010111111110111001111011100010011101010110000010011011101100110110011111000100001101100000000001001110010011000111011100000000100011110000001111111100101000110101110001000000001100101001000100111101001000110011110
5900 0.865070186551 111111110010101111100100100110100010100000110001111111100100100010000111110110011011001001000100111111011110111111110101100111100101010110111011101000111110001111111001101010110111110111001111010100010011101000100000000011011111100110110011011000100000101100100001001001110011010010101011110000000101010110000010110111101101000110101110011100010011100101101000100111100011000110011110
6000 0.863397680596 111111110010101110100101101111110011100000010001111111110100000010000101111111111011001001000110111111011110111111110101100011100101010010110011001000111010001111111001101010110111110011101111010100010011001010110000000100011111100110110011110000100000101100100001001001110010010000101011110000001100111110000001111111101101000110111110011000010110100101101000000111100011000110011110
6100 0.8660304935 111111110010101110100101101111110011100000010001111111010100000010000001111111011011001001000110111111011111111111110101100011110101010010110011001000111010001111111001101010110111110011101011011100010011001010110000000100011111100110110011110000100000101100100001001001110011010000101011110100001101111110000001111111101101000110111110011000010111100101100000000111101011000110011110
6200 0.863640146295 111111110010101111100001101111110010100000010111111111110100000010100101101101110011000000100110111111011110111111110111110011100101110110110011001000111000001111110001101010111111100110101111011100010011001010100000000011001111101110110011111001100001101100110000100001110010000010101011110000001011111111000001111111101101000111110010000100010011100101001100000111110001000010011110
6300 0.864477567592 011001110010100111000001101011110010100000110101111111101100100010101101111111111111001000100010111110011111111111110101100011101100110110110011001010111010001111111001101010110111110111101110011100011011101010110000000011011101000110110011011000000000101100100001001001010010010010111011010100101101100110000001111111100101000110111110111000010011101101000000000111100011110110011111
6400 0.863062111886 101101110010111111000001101011110010100000000111111111111100100010000101111101110111100000100110111110011010111111110100100011000101110110100011001000111010011111111001101010101111111111101111011100011011101010100000000011001101100010010011111000000000101100101000101001110010000010101011110100101111100110000001111111110101000111110110000100010011100101000000100111110011010110011110
6500 0.863038565195 001001111011110111010001101011110010100000000111111001110100000010000100101101110111001000100110111110011110110111111101100011100100010110100011001000111000011111110001101010101111110110101111111100010111101010110000100001001111100111111011111000101000101110100000101001110010000011101011111101101111100110001001011111110101000100110110000100010011100101000100000111110011010110011110
6600 0.864736326754 101101110010111110011101101111110010100010110111111111010100100010010101111101110111100001100100011110011010111001110101101011000111010110100011001000111000011111111001100010101110111111111111011100011001101010100000010010011101100110010011111000100100001110100000100001110010000011101011110100111010100111000001111111110101100011110110000100110011100101100000100111110011000010011110
6700 0.864639491437 101101110010110110001101101111110010100100110111111111010100100010000101111111100111101000000100011111011010011001110101101111000111010110110011001000111000011111111001100010110100110111110111011100011011101010110000010010011101101110010011110000100000001100100001101001110010000110101011110000111010100111010000111111111100100011110110000100110011000101101000110111011011000010011110
6800 0.867057592706 101101110010111110001101101111110010100110110111111111010100100010010001111011100111101001100100011111011010111001110001100111000111010110110001001000111000010111111011100010111110111111111111011100101001101010100000010010011101100110010011110000100000001100100000100011110010000110101111100010111010101111000001111110110100100010110110001100110011000111101010100111011011000010111111
6900 0.865944871992 101100111010100110010101101111110010100010110111111111010001100010000101011110111111101001010100111110011110010001010101111011000101010110110010001000111101111111111001100010101101110111110111011100011001101010110000010000011011101110010011010000100010101100100001101101110011000110101011111000111010100111010000011111111100100011110110000100110011000101101000100111011011000010011110
7000 0.869044786201 111100110010111111010101101111110010100110100111111111010001100010010011111110100111101001010100111110010110010111010101110011000101010111100010001000111110111111101101100010101101111111101111010100011001101010100000110010011010000110010111111000100000101100100000101001110011000110101011111010111011101110010000111100011101000011110110000100111011001111101000101111001011010010011110
7100 0.867670823973 111100110010111111010101101111111011100110100111111111010001100010010011111110100111101001010100111110011110010111010101100011000101000111100010001010111110111011101101100010111100101111101111010100011001101010100000110010111010000110010111111000000000101100100000101001110011000110111011111010111011101110010000111100011101000011110110000100111011001101101000111111001010010010011110
7200 0.867854462811 111100110010111010010101101111100110000000100111011110010001100010010101101111100111100001010100111110010110110101110001110111010111010111100100001000111111011110111001101010101101101111110111011100011011100000100000110011011010000110110011111000111000101100100000101001110011000111011111110010111011101111010000111100011101100011110110000100110011000111111000101111010011110010111111
7300 0.866281076304 111100010010111111010101101111110001000000100111110110110101100010000011101011110111101011011100111110010111010111010101111011000101010111100010100100111110111111101001101010110101101111101011011100011001101011100000110010011000000110100011111000010000101100100000101011110011000110011111101010011011101110011000011100011101100110010110000110111011000111101010101111011011010010011111
7400 0.866006538297 011101111010111010000101101111110111000000111001010110110001100010000001111011100111101011010100111110010111010111010101111010100100000111100011101000101110011111001001101010000101101111101111011100010011100011101000110110111000001110100011111000000010101100100000101011110011000110000111111010111011100110011010011100011101100101110111010100111011000111101000101111011001010010110110
7500 0.865528672593 001101010010111111010101101111010111000000100111110110111101111010010001101011111111101011010100111110010110010110010101111011000101000111100010000100111110111111101001101110110110101111101011010100011011101010100000010110011000000110110011111000100000101100100000101011110011000110010111100010111011101110011000011100111101100110010110000110111011000001101010000011111011100010011110
7600 0.865953769599 011101010010111011010101111111110110001000100111110110111001111010110111101011111110101011010100111100011110010110010101101011000101010111100010000100011110111111101101101010100101001110101011011000011010101010100000010110111111000110101111111000100001101100100010101011110011000110001101100010111011101111011000011100111101100010010110010110011011000001001100001010101111100010001111
7700 0.866507952156 001101010000111111110101101111110011000000100111111110110101111010010001111111111111101001000100100110010110010110110101111000100101000111101010000100011110111111111001101110111110101010101011010100001001101110100000110110011001000110110111111000100000111100110010101011111011000110000111100010111111101110011000011101101101000110010010000110111011000101001000010111111011100010011110
7800 0.866104608848 011100010010101001010101111111110110001100100111110110111011110010000111101010110011101010110100111110010010110110010001111011000101010100100110000110001110111111001001101010010111001111100111111110011010100110100000010010011111000110101011111100100001101100110000101011111111000010001101101010110101101111011010011110111111100110010110001110111011000101101100001010001001011010001111
7900 0.867396869456 011110010010111101010101111111111110000100110111110110111001111010010101101110110011101000111100011100010110010110010001111011001111010010100111000110100110011111001001101010100110011010100111110100111011100110100000010010011111000110001011111000100001111100100000100001111111000010001101100010111001101101011000011100111111000010010010001110111011000101001110001011010011000010011111
8000 0.866883310788 011110010010111101011101111111111111010100110111110100111001111010010101101110110011101000111100011100010110010110010011111011001111110010100111100110100110011101000001101010100110011010101111110100111010100110110001010010011111100100001011111000100001101100100000100001111111000010001101100010111001101101011000011000111111000010010110011100111011000101000110001011010011000010011111
8100 0.866249132539 011101010011111011010101101100110011000110110111110110111001111010010101101110111011101000010101101100011110110010010111111011100111110010100111101110100110011101001001101010000110000111101111001100111010100110110000010110011111010110101011111000000000111100100010100111111011000010001101100010111101111101011010001001011111000010110010010100111111010101001010001010011001000010011111
8200 0.863978317059 111111111010101111010101100111111111000110100101111110111001111100010101101110110011101000010101011100011110010111010101111111001111010011100111000100100110111111001001101010100010011110101111110110001011100110000000100010011101000110000011111000000001011100100000100001111111000110001101100000111011101111011000011001111100000010110111010110111011011101001100001101011011000010011111
8300 0.864600262057 111111111010111111110001101110111100001100100101111100111011101101010101101100110111001000110100011100110110010101010101101011111101010111100111000110100111111111001001101010000010011010101111110110011010110110100000101010011101000110001011111000001001011100100000100001111111000010001101100100111111001111011000011001110110000010110111000110111011011101001110101001011011000010011111
8400 0.861581917775 110101111010111111010101101110111111000110110001111110111001111100010100101110110010001000010101111100001110110111010101111011000110010011100111000100100110111111001001101010100110001110100101110110101010100110000000110010011101000110000011111000000001111100100000100001111111000110001101100000111101101111001000011001111101100010010110011100111001010101001100101101011011000010011101
8500 0.86428071225 111100110010101011110001101010111111000110100000111110111001111100010100101110110110001000011101111100001110110111110101111111000111010001100111000100100110111111001001101010100110010110101101111010011011000110000000110110011101000110101011111000100000110100100000101001111111000110001101110000111101101011011000010001111101100010011110010100111111011101001100101101011011001110011101
8600 0.863228897796 111101110010101111110101101010110111000100100001111110111011111100010101101110110110100000111110111100001110110011110101111111100011100011100011000100100110111001001001101010100110000010101101111110111011001110100000110110011101010110001011110000000001011100100000101001111111000010001101100001111101101011011000011001111101100010101111010100001011010101101100101101001011001010011111
8700 0.863599664677 111101110100101111110101101100110111000100110001111110111011111100010101111110110010100000110100011100101110110111010101111011100011110011100011000100100110111101001001101010100110001010101101110110011010000110100000110010011101010110000011111000000001011100100000101001111111010010000101100000111101100111111100011001110101100010111011010100101011010101001000101111011011010010011111
8800 0.862484080923 101101110010101111110101001110110111000100110001110110111111111100110101111110111010100000111111010100101110110110110101111111100011110011100011000100000110111011100001101010100110010000101101110110011010001110000000110010011101010110000011110000000001011100100000101001111010000110000101100001111101100111011000011001111101100010111011010100000011010101101100101111011011010010011111
8900 0.86194827249 101101110010101111110111001110110111000101110001111110111111111100110101111111111010100000101111010100101110110110110101111111100011100111100011010100000010111011100001101010100110010000101101110110011010001110000000110010011101010110000011111000000001011100100000101001111010000110000101100001111101100110011000011101110101100010111011010100000011010101100100101111011011000010011111
9000 0.862805958224 001111110110101111110101101110110111000101100001111100111101100100110101101110111010101010011011010100101110110110010101111111100011100110100101010100000110111111100001101010100111010100101101110110011010000110100000110010011101010111100011111000000001011100100000101001111010000110011101100000111101101111111000010001110111100010111011010100011011010001110000101111111111000010011110
9100 0.862441294172 001001010110101111010101101110110011000101101000110100111101101000110100101110111010101010011011010100101110111110010101111111100101000111100111010100101110111101101000101011000111000110101101110110011010001110100000100010011101011110101010111000000001101100100000101001111011000010001101100000111101101111101100011001110111100010111111010101011011010101110100101111011111000010011110
9200 0.861140810568 001001000110101111010101101110110011000100101000110100111101101000110100100110111010101010011010010100101110111110010101101111100101000111100111000110101110111101101000101011000111000110101101110110011010001110100000100010011101011110101010110000000001101100100000101001111011000010001101101000110101101111101100011001110111100010111111010101011011010101110100101111001111000010011100
9300 0.862284629077 001011110010101010110101101110101111000100111001111100111111101000110110100110111010001100011010000100101110111110010101111111100111000111100111000110011110111101100010001011000111000110111101010110011010001110110000100010011101010110011011110000000001101110100000100001111011000010001101101000110001100111011100111011110111100010111010010100011011010111111100101111001011000010011101
9400 0.860736444061 001111010010101111110101101110101111100100110100111100111101101100110100100110111010000010011010010100101010111110010101101111100011000110000111000110011110111101111000101011000111010111101101010110011010001110110000100010011001100111011011110000100001100110100000101001011011000000001101110000110101101111011100111001111111100010111011010100011001010111110100101111000011100011001011
9500 0.857793513001 000001110010101010110001101110110111100110111101110100111101101100110100101110111110001100011110000100101110111110010101111111100101000101100111000010001110110101100011101011000111000110101101010110010010001110100000100010011101010110110011110000000001001100110000101001111011000010011101101000110001100110111101011001110111100010111111010101011011010001010100001111001111000010001110
9600 0.862332157935 000001111011101010110001101100110111100110111101110100111101101100110100111110111110001100011110001110101110111110110101111111100101000101100111100010001100010101100011101011000111000110101101010110010010001110100001100010011101010110110011100000000011001100110000101001111011001000001101101100110001100110111101011001110110100010111111010101011011010001000100001101001111010110001110
9700 0.862822549675 000011110010001011110101101110110111100110111101111101111001101000110100100100111000101100111110010100101110111100110101110101100111110101100110001110001110111101100001111101000111001010001111010100000010001110100000100010011101010110110011110000000010101100110000101001111011000010011101101000100011101110011100111001010111100110111111010101000111010110010100101011110111000010011111
9800 0.862134855755 001001010010001010110101101110111111100110111101111100111001001000000110101110111100101110011101001010101110111100110111110111101111010111100111001111101110111101100001111001000011000010001101110100000010001110100000100010011111010110010011110000000010001100110000101001111011000010001111101000110001100110011101011001010111100010111111010101011011010110000100001011001111010110001111
9900 0.864598927118 011001010010001010110101101110111111100110111101111100111001011000000110101110111100101010011101101010101110110100110111110011101111010111100111001111101110111101100001111001000011000010001001110100000010001110100000110010011111010111010011110000000010001100110010101001111011000010001111101000110001101110111101011001010011100010111111010001011011010110000100101011000111010110001111
10000 0.866795608194 001001010010101010110101101110101111100110111101111100011001001000000110101110111101101110011101101010101110111110110101110111101111010111110111011111101110111101100001101001001011000010001101110101000010001110100000110010011111010110011011110000000010001100110110101001111011000010000111101000110001101110001101011001010011100010111111010101011011010110000100100011001111010100001111
10100 0.866217354315 011001010010000010110101100110111111100110111101111100111011101001000100101110111100101111111010001010101110110100110101110001101111110111100011001111000110111111100001111001100011000010101111110100000010101110110001110100011011010111000011110000100010101100110001101001111011000000001111110000110001101110011101011001010111100100111111110111011011000110000000101011110111010010101111
Mejor resultado: 0.857793513001 000001110010101010110001101110110111100110111101110100111101101100110100101110111110001100011110000100101110111110010101111111100101000101100111000010001110110101100011101011000111000110101101010110010010001110100000100010011101010110110011110000000001001100110000101001111011000010011101101000110001100110111101011001110111100010111111010101011011010001010100001111001111000010001110
