200 0.911054314436 100111110110100011000011110010000011010000111011111111001101111000000100101111001100111000001011011110111101101110110101110001101111011100101111001111110010101011011011110001101100001011011101010110110110100011010101100010110010001110101010110100111100101001101011001011110101111011101010011111110101111101111101000101100110110111111101000010100101100001011110101010101110010100111000
300 0.907328196066 110111110110101011100011110010000011010000111011111111101101111000000100101111001100111000001010011110111101101100110101110001101111011100101111001101110110101011111011110001101100001011011101010110110110100011010101100010110011001110101010110100111100101001101001001011110101111011101010011111110101111100111101000101100110110111111101000010100101100001011110101010101110010100111000
400 0.899402571901 110011110110100011100111110110000011010000110011111111001101111000000100101111001000111000001010011110111111101110110101110001101111011100101111001111111010101011111011110001000100001011001101011110110110100011010101101010110010001110101011110100111000101001101001011011110101101010011010011101110000111101111101000101100111100111111101010000100101000001011110101011101110010110111000
500 0.892871954262 110011110110100011000111100110100011010000110011111111101101111010100101101111101000111000101011011110111111101111110100100001100111011100101111001111110010111011111011110001100100001011011101011100110110100101010101100110110010101110101010110100111000101101101011001011110101111010011110111101110001111101111101000101100111100111111101111000100101001001011110101011001110011110111000
600 0.887866867844 100111110111100101010011110010000011010000111001111110001001111000010100100111001001101000001010000110111101111111110101111001101111011100010111101111110000101111111011101011101101001011011101011110110110100011011101110010110011101110101011111100111000101100101001001001110100111111101011111111110101101100101101000101100110110111110101000010100101100001011110101010100110010110111100
700 0.885023913061 000111111110110011000111110010100011010100110011010111101011111010000100101111100001111000101011000110110110111110110101110001110111011101101111001011110010111010111001101000100101001011111001011100010110100101010101100110110011101110101011111100111001101100101010001001110011011011011010111111110000101100011101000101100111110111111101001000100101101011001110101011001110111000111000
800 0.883049046903 000110111110100010100111100010000011011110100001011111101011111000000100101111000011101000101010000100111111111110110101110001101111010101100111001011110010111011111001101000100100001011111111011100110110101001111101101010110011101110101011111100101000101100101000101001110111111010100010111111100111101100011111000101100111110111111001001000101101001011101110101011001010011110011000
900 0.881139606137 000111111110100010101111100010000011011110100001011111101011111000000100101110010011101000101010000100011111111110110001110001101111010101100111001011110010111011111001101000100101001011111111011100110110101001010101101010110011101110101011111100101000101100101000101011110111111010101010111111100111101110011111000101100111110111111001001000101101001111101110101001001010011110011000
1000 0.880050657445 000110011110100010101111100010001011011110100001011111101011111000000101101111100011101000101110000100011111101110110001110001100101010101100111001011110010111011111001101000100100001011111111011110110110101011110001101010110110101110101111111101101000101100101001101011110011111010101010111111100111101110011111000101100011110111111000001000101111001011101100101011001110010110011000
1100 0.879454775572 100111111111101011000111110010100011011000100011011110101001111000010000110101001001001011001011000110110101111111110101110111101110010101110100001010101000111111111001101010100101001011110111011100110110101111011101101000011011100110101011111100111000100100100001101011110001010011001111110000110101001110011101000111000111100111111001001000000001011001001110000011000110111010111010
1200 0.877121144619 100111011111101011100111100010000010011010100011111111101101111000010100101100100001001010001011000110010101111110110101110111111111010101110110001010101000111111111001101011100101001001111111010100100110101110101000101000010011101010101011111100101000101100101001101001110010010011101011111101100101001110011111000101100111110111111011001001100001001101001110100011000010011010111010
1300 0.87733408943 100111011111100001101111100010100011011000100011110111111101101000010000101100100011001011001011000100110101111110110101110001101111010101110110001010101000111011111001101011100100001011011111011110100110101111110000101010010011101010101011111100101000101100100001101001111010010011101111111101101101101111011111100011100111100111111011001000100001001101001000100011000010011000111000
1400 0.876144555454 100111011111101011101011111010101010111000100011011111101101001000010000111011101001110011001010000110010101100111110101110111101111010101000111001010111000111111111001101010000101000011111111011100100110101011101001101000010011100110100011111100101000101101111001001011110000010011101011110000110001001110011101000111101111101110111001000001100101011011001110100010001010011010111100
1500 0.876272875815 100111011110101011001010110010101010111000100011011111111001001000000000111111101011100011001010000110101101000110110101100111101011010101110111001010111000101111111011101010000111001001011101011110000110111011111101101010010011100110100011111100101000101101111001101011111010010111100011110100000001001110011101000110101011100110111111001000110001011001001110100110011010011110111010
1600 0.873321326 100011011110101010001011110011101010101000100011010111100001001000010000111111101000100010001100010110111101001011010101100111101010010111110101001010111100101111111101101011100111000001111111011110110010111011111000101010010011100010100011111100101000101101110001001011111010010011101111110100010000001110011101000111001011110110111011000000110101011101011110100110101010011010111100
1700 0.871359237029 101111111110101001000011101010100010100010100011011111101001001000010000111111101001101011001011000110101101001100110001100111101110010101110111001010110000011111111010101010000111001011011111011110001110101011111001101010010011100110100011111100101100010101111001101011111011010011101011110000000001101110011101000110100011000110111111000100110101011001001100101111011010001110110010
1800 0.869419715599 101110111110101001000011101010100010100010100011111110101000001000010000111111111001101011001011000110101101001101110001100111101110010111110111001010110100011111111010101010000111001011011111011110001110101011111001101010010111100110110011111100101100010101110001101011111011000011101111110000001001101110011101000110100111000110111111000100110101011001001100101101001010001110110010
1900 0.867745461218 101110111110101011000011101011111010100110100011111110101111001000010000111111111000101110001111010110001101101100100101100111100111010111100111001010110110001111110011101010000101000011001111011110011110100011110001101010010011001110100011111100101110000101110001001011111011010011101111110000010001101110011001100110101011000111011111000100100001101101001000101111011010111010111010
2000 0.87002199413 101110111110101011000001101011110010100111100011111110101111001000010000111111011000100110001110010110001101101100100101100011100111010111100111001010110010001111110011101010000101000011001111011110001110100011110001101010010011001110000011111100101110000101110001001011111011010011101111110100010001101110101001100110111111000111011111000100100001100101101000101111011010110010111010
2100 0.869381453902 101110110010101011000011101010110111100110100010111110100001001001010000111011111110101111001100010110101111111111100101100111100111010111100100001010100100011111101001101010000111000011001111011010001110100001111011101010010011000110110001111110101110000101110001001011111011010011101111110000001000101111011101100110110011000110011111000101110101010101000100101101111010011010111010
2200 0.869004908537 101110110011101011000011101011110101100010111010101110100001101001010000111011111100100111001101010110101111111111100101100101100101010111100100001010100100111111101001101010000111000011001111011110001110100011111011100010010111000110110001111110001110000101100001001011111011010011101111110100110000101111001101100110100011000110011111000100110101000101000100101101111010010010111000
2300 0.868758392998 111110110011111111001011101011101101100100101010110100100001101001010000101011111100101101001000010110101111111111100101100111100101010111100110001010110100111111101001101100000111000011001111011110001110100011111001100011010011000110110001111100001110000101110001001001111011010011011111110100110000101111011000110010110110000110010111010100110101101101100110101111011010010010101001
2400 0.86690777627 000110111010111011000011101011111000100100111010011100101001101001010000101011111100101111001100011110101111011111110101110111101101010110100110001000110100001110101001101010011111010011001001011111011110100011111001100010010011100011110001111100000110100101000001101001111011010111011111110000110000101111011000101110100111000110011111000100110001000101100110101111011010010010011001
2500 0.870257776304 101110110010101100001111101010101010100100110000111111101011101101010000101111111100100101001000000110001111111111100101110111100101010111100100001110110100101111101011101010001111010011001111011010010110100011111001110011010111000110111011111110000010100100110001100010111010010011001111010110111100101111011001111110101110000110011111010010010001100101001100100001111010010010101000
2600 0.869091631879 101110111010111110001011111011111000100100110001011110101001011001010010101111111000100101001001010110101111111101110101110111100101010110000110001010110100001110101001101010001111000010001011011110011110100011111011110010010001101110110001111110001010100100110001101011111001010111011111110000110000101111011110111110100111000110011101010000110001000101000110101011111010010010101000
2700 0.868827255593 001110111010111110001011101111111001100100110000011111101001011001010010101111111100100101001000010110001111111111111101110111100001010111000110001000110100001111101001111010000111011010001011011000011100100011110001110010011001110010110001111100001010100100100001100111110001010111011111110100110100101111011001111111100111000110011011000100111001000101110100101011111010010010111000
2800 0.868302343598 001110111010011110000011101111111000100110111010011100101001111001110010111001110100100101001100010111011111111111110101100111100101010011000110001000110100011011111001101000001111010011001101011110010010100011111001110010010011100010111000110100000011010111000011101011110111010111001110110000110000101111001000111110100111100110011111000110110001000101101110101011111001010010101000
2900 0.863679690631 101110110010111110010011101111110010100100100011011101001001011101010000101111111100100001001100011111111011111101110101110111000101010111000111001010010000011110101001101010000111001010001011011110111100100011111001100010010111000110110001111110000010100110100101111011111001010111100111110100010000101011011000111100100111001110110011000100111001000101111100101111000110010010101000
3000 0.866735165376 101110110010111110010011101111110110100100100011011101001001001101011000101110111100100000001100011111111011111101110101110111000101010111100111001010010010011110101001101010000111001010001011011100101100010011101001100010010111001110110001111110010010101100110101111011111001010111100111110100010000101111011000111100100111001110110011000100111001001101111101101111000110010011101100
3100 0.86824247553 101110110010111110110011101101110010100000100011011101001000011101011000101110111100101001001100011111111011001101110001111111000101010111001111001010010000011111111001101010000111001010001011011010111100000111111001100010010111001110110001111110000010101100110101110011111101010110100111110100010100101111010000111100110111101110110011000100111011000101111100101110001110010011101100
3200 0.869049305891 101101100010111110010001101101100010101110100011011101001000011001111000001111111100100001001100111111011110011001110001111111000111010111001111101110110100011110111001101010000111001010001111011000111100000011011001110010010111111110110001111110000010101110110101101011110001010111100111110100010100101111010000111101100111000110110001000000111001001101101100101111001110010011011000
3300 0.869719525174 101101110000111111011001101111110010101110100001011101001001011011011000001111111100101001001110101001011011111101110001111111100101010111011111001010110000011110101011101010000111001110001011111000001100000111111001100011010111100110110001111110000010101110100001100011111001010111100111110100010101101111010000110100100011100110110011000100111001100101101100101110001110010011001000
3400 0.870481498117 111101110011110110000111101111100010101100111011011101001001001101110100001111111100110000001100111111011111111101100101110111000101010010101110101010010000011010011001101010000111001110101011111110001000100010110001100010110111000110110001111110000010111100110101101011111000010111100111110100010110101111010000111110110111110110111000000000111001001101100110101010011110010011011101
3500 0.868289587037 101101110010111110001011101111110000101110100101011101101001111101010000101111110100110100001101010011110001111111110001100111100101010111010110001010110100011111100001101010000111000110101001011110001110110111001011100001010111100110111001111110010011101110100001101010111000010111000111100100010001101111011100011110100110100111110011000110011000100101100010101111100110000111101100
3600 0.868353491493 111101110011111110001011101110100010100110000101011101101001101101010010101111111100110100001001010010110011111111110101101111000100110011110110101010010100011011100001101010000011001110101001011110001100111110011001100010110111110110111001111100000110101100100000101011111000010111000111100100010001101111011000011110100111100111110000100110011001101101100010100111101110000011111100
3700 0.866775686292 101101110010101101011000101111100010110100011001111101101000111101010001101111100100100110111111101101011011111111110001110011110101010011110111001010110100011111100000101010000011001010101011011010001110100010010001100011110111100110110001111000000111111110100000101011111001010110000001000100111001001110011000111101101111100111110001100000011001000101100010100110000110010001111101
3800 0.866438061702 011000110010101101001011111011100010100110011101011101101000101101010000101111110100101100101111011111011011111111110101110011110101010011110110001110110100011111100000101010000011011110101001011011001110110010010001100011110111100110110001111000000011101110100000101011111000010111001111101100110001101110011000011111101111100111010001100100110001000101100010100111100110000000101101
3900 0.865426879775 011100010011101110000001110011100010100010011101011101101011101101010000101111111000110000011011011111111110111111010101110111110111010111110110001010110100011111100001101010001011011110101001011010001110100001010001101011010111101110110001111000000011101110100000101011111001110111000111100110010001101111011000011110101110100111010011000100011001000101100010100111100110000000101101
4000 0.86552499368 001100010010100010000101110011100010100110011101010101100010101101010000101111111000101000001011011111111111111111110101110111110111010011110110001010110100011111100001101010001011011111101001011010001010110001010001100011000111101110110101111000001010101110100000101001111011011111000111100110010001101111011000011111101111100111010011000100011001000101100010100111100110100000101101
4100 0.863613326207 001101110010101111100001101001101010001110111011011101101010100101010000111111010110101101101100011111010010101111110001100110000101010011010110001110110101011111100000101110011010001110101101011110000110110011010001100010110111000110110001111000100011110111100000101011111010110111001011101100110000101110011101011111101011100011000001100110010001001101000000100111100011010000101101
4200 0.865006954673 011101010010101101110101110001100010101110111001010101101010001101010000101110111100101101101000011111110011101111110101101100100111010011011110001110110100011111000001101010011010011111101001011110000010110011010001100010110111000110111001111000000010101111100000101011111011010110000011101010110001101110011101011111101011100011010011100000010001001101000000100101100111010000101101
4300 0.866300466471 010101010010101101110101111011110010001110111001011100111010101101010000100110111110101100101100011111110011111111110101101110100111010011010110001110110100011111100001101011001010011111111000011110000010100011010001100010110111000110111001101000000010111111100000101011101011010111000001100010110001101010011101011111101011100011011011110010010101000101000000100010110111010000111101
4400 0.865566911412 011101010010101100010101111011010010101110111101010101101010101101010100101010111010101100101110111110110110101111110101101110100111010010110110001100110100011011100001101011011010011010111001001110000010110011010001110010010111010110111001111010000010101111100000101001111011010110000001110110110001001110011101011111101011101011011011100011010001000101000000101010110111010000101100
4500 0.865231620752 010101011010101111110001110011100011101110111001010101101010001001010000100110111110000100101001011111110011101111111101101101100110110011010110001111110110011111000001101010000010011110111101010110000011101011010001100010110111100110011001111001000000101110100000111011111111010011000011101110110001101110001101011110101101100011000001110000010011000101000100100101110111010000101100
4600 0.866085482537 010100011010101111011001110111100010100110110001010101101110001001010000100111111110101100101001011111110011101111111111101101100110110010010110001111100110011111100001101010001010001110111100010110000011101011011001100010110111100110011001111000000001101110100000101011111111010011000001100110110001101010101101011110101001100011000011010010010001000101100100100101111011010000101110
4700 0.866563925166 011101011010101101111001110111100111101110111101010101101010111101000010101110001111000100101001001111110110101101111101101101100111100011110011101111110100011111100001101010010010011111111101010110000010100010010001100010010101000110011001111001100000101100100010101001111011010011000011101100110001001100011101011110101111100011010011110000010001000001000000101110110111110110101100
4800 0.867543593969 011101011010101101110101101001110010001010111001010101111110101011010001100110110111001000101001011111111010100111111001111101000110110010010110001110111010011111100001101011010011011111111000111110000010101011110001100010001111100110011001110010000001101110100000101001111111010111000011101110110101100110101101011110100111100011000111010000010011001101000100100110011011010001011100
4900 0.866380164336 011001011010101101111101101000110110101110111001110100001010101011000000100110010111001000001100011111111011101111111101101101100111110010010110001110111010011111100001111000110011011111110100011110000100101111010001100010011111110110011001110000000001101100100000101001111111010111000011101110110101001110011101011111100111000111010011010000110011000101000100100110011011010000000100
5000 0.866871128592 011000011000101101111001101010110110111110111001110100101010101001010001100110111101001000001000011111011011101111111101101101100111110010010010001110111110000111101001101000110111011111111100010110001100101111010001100010011111100110011001111000010000101110100000101011111110010111000001001110111001001110011101011110100110000011010111110100110011000101100100100110011111010000101100
5100 0.867219181808 001001011010101110011001101000110010101110111101110100101010111001100000101110011101001100011100011111110011101111111001101111100101110011010110001110111010001111101001101000100111001110111110100110001110101010010001100110011111101110011001110101010001001100100000101001111011010110100111001110110001001110011101011111101110000111011111110100110011000101100100100110011011010000101000
5200 0.866596527847 011001011010111110011101101000110011001110110101010101101010011001010000100110111111101000011110011111111011101111111001110111100101110011010010001110111010011111100001101001100101001010111011101111001110101001010001000010011111100110011001111001010001001100100000101001101010010111000011111110111001001110011101011101101110000110011011010100110011000101000100101101011110010000001000
5300 0.866333364513 011100011010111101011101101000110111001110110001011100111011111001000100100110111110000000010100010111111011100110111011110111100101110011010110001110111010010111101001101001110111010110110001010110001110101001010001100010111111000110010011110000010100101100101000101011010110010111001011101111110001001110011101011101111110100111011011011100010011000101100000101111111110010000100000
5400 0.866256655135 011000010010101101011101101010110110001110111001111101101011101001000000100110111110000110011100011111111111101110110001101111100011110111010110001110111010010111101001101001110111001111111001010110001010101101010001100010011101000110010000110000010100001100101100101011011110010111100001101110110001001010010101011111111111100111011011011100110011000101110000100111001011010000100110
5500 0.865986499613 011000111001101100011001101000110010100110110001010000111010101011010101100100110011101000010110011111110011100111111001110111100101110010000110001111111110011111100001001010100111000110111101111101001110101100110000100010011111100100111011110000000101111100100000101001110011011110000011100101101001001110011111011111001110100111111101011100010011000101101000001111110110010000101110
5600 0.866875842305 011100001010101111111001101010111010100110111000110111100010111101000100100110111100001010001001010010111010110011111001110111100101000010010010101111111111010111101001101011100101000110111101010110001110101011010101101010111111101110111010110000000001111110100000101001111101110110010011101110100011001111011101011110111100000111111011010000011011000101101000001010010110010010001110
5700 0.866094567907 011101011001001101111001101010111011100110100001010110100010111101110100100110111100101000000100010111110010100011111001110111100101101010010110101111111110010111101001000011100101000110111101011110001110101001010000100010011111100110111010110000000001101100100000101011111001010110000011100100100011001111011111011110111100001011111011010100011011000101101000101111010010010010101110
5800 0.867020596356 011101011001001111111001101010110011100111111001110110100011111111000100100110111100011010000000010110110010100011111101111111100011001010010110101111011010011110101001100011110111000100111101011110001010101101100000100010011111100110111010110000000001101110110000101011111010010110000011100101100011001011011101011110011100101111111011010100011011000111111000101111110010010010101110
5900 0.867551297002 011101011011001110111001100110110110100101111001110010100011111111000100100110111000011010000000010110110010100011111101111111100111000110011110101110011010011110101001100011111111000100111101011110011010001101100000100010011111100110111110110000000001111110110000101011111010010110000011100101100011001111011101011110001100101111111011010100011011000111111000101111110010010010101110
6000 0.867331899708 011011011000101111111001101011110010100110111101010110100011111101000110100110111100010010000101010110110010100010010111111111100111000010011110101110011011010110101101101011101111000100111101011110011010101101100000100010011011110110111010110010000001111110100000101011110010011110000011100100100011011111011101011110001100100110111011010100011011000111111000101111110010010110101110
6100 0.865659754333 011001011010101101011001101011110011100110110001010100100000111101010100100110001110111000001101000110110011100110111011110111100111010110011110101110011010010111101011101011100111000101011000011110111110101000100000101011011001100110111010110000000000101010100000101010110111000010000111100100100011011110110101011111111111101111111011010100011011010111101000101111110010010110101010
6200 0.864223236112 001001011000101111111001101011110010100110110001010111100011111101010110100110011100001000001101000100110010000110100111110101100111000010011110101110111010010111101011101011100111000101111101011110111110101010100000100010011001110110111010110000000000101110100000101010110111011110000011100100100011011111000101011110101110100110111011010100011011010111101000111110110010010110101110
6300 0.86342873952 001000011010101111111011101011110000100110110101010100100011111101010110001110011111100000000100110100110010000110111111111101100111000010001110101110101010011111101011101011000111000101111101011110111110101110100000100010111001100110000010110000000001111110100000101011110111001110000011100100100011011011100101011111001110100110111011010100011011010111001000111110011011010110101110
6400 0.865931511141 100001011000101011111011101011100011100110110111011100100011111111010110101110111101100000000101110100110110000110110011110101100111000010000110101110111010000111101011101011010111000011111101011111111110101110101000100010011001110110011010010000001001101110100000101011110111001110000011100100100011011011000101011111101110100110111011010100011011010111001000111010010011010110101101
6500 0.861660727785 000001001010101111110011111011110010100100110101010101100011111101010100110110111101110000000101010100010111000111110011110101100111000010010110101110101010110111101001101011011111000011111101011101111010101010000000100010011001100110011010011000000001111110100001101111110011011110000011100000100111011111000001001111101110100110111011010100011010010111101001101011000011010010101001
6600 0.866360845991 000001001010101111100010111011110010100100110001000111100011101101010100110110111101110000000101010100010111000111110011110101000111000010010110101110111010010111111000111011111111010011101101011111111010101010000001100010011001100110011010111000000001111110100001101111110011011110000011110000100111011111000001011111101110100110110011010100011010010111101001101011001011010010101011
6700 0.866042149851 000011001010000011110001101001110010100110110101010111110001111101010100110110111101010001000101010100010110000111110011110101000111000010000110101110111010010111111000101011111111010111100111011110111010101010000000100010101101100110011111111100001001111110100001101111110011011110001011110100100111011111001000011111101110000110110010011100011010010111101001101011001011000010101011
6800 0.867261963309 001001001011101111110010111011110010101110110101010100100011101101010100111110111101101101001101010101010110000111110011110000000111000010010110000110111010010111101001101111011111000100101101011111110010101010101001100010011101100110111011011100000011111010100101001111110011011000001011110100100101010111001100011111101110100110110011010101011010011101101000101111000011000010100010
6900 0.867415885925 001001011010001111000001101111110000000101100001000111110000111101010100110101110101001000000101010110010011101011010101111101011111000111001110101110100010010111110001101011111111010010101111001000110010101010000000100110011001100110111111110000000011111100101001101010110011110110010011110000111111111111000101011111101111100000111111111100011010110111110001101011000111010010101111
7000 0.865540831631 001101011010001111000101101111110000000001100001000111110000111101010100110111110101001000000101010110010011101011010101111101011111000111001110101110110010010111110001101011111111010010101111001000110010100010000001100110011001100110111111110000000011111100101001101001110011110110010011110000111111111111000101011111101101101000111111011100011011110111110001100011000111010010101101
7100 0.866963716257 001101011010001111000001101111110000100101101001010111111000111101010100110111111100001010000101110110010011100011110101111001011110000111001111101110110010010111110001101011111111010000101111001100110010111110000001100100011001110110111111110000000011111100101000101010111011111110010011110000111111111111000001011111101111000000110011010110011011101111110001100011000111010010101010
7200 0.865560520632 000001011010101111000001111111110010100100101001010111110000111000010101110111010101001000010101110110010111101111110001111101001011000110101010001110100010000111111001101011111111010011111111001110110110111010010000100010001001100110111111111010000000111100101001100011111011111110000011111000100011011011000001111001101111100000111111110100011010110111110000101011000111010010101010
7300 0.866088246273 000101011010101011000001111111010000100100101001010111110000111100010101110111111100001010000101110110110111101011110001111101010110011111001010101110100010000111100001001011011111010010101111000100100110111110010000000000011011111110111111110000000010111100100000011011111011101110011011110000011011011111000001111111100111100010111011010100100011111101110000101011000111010011100010
7400 0.866405790597 001101011000101111000001111111110001100100101000010111110000111110010100110111110100001000110101110110010011101011110101111001000010001110000110001110110001010111110001101011011011010010101111001100100010101110010000000000011011101110010101110000000011111100000000101011010011101111111011111000111111011111000101011111100111000000111011111100110011011101110000101011010111010110101111
7500 0.865254260116 000101011010100111000001111111110000100100101001110111110101111000010100110111011100001010011101110100110011101111110001111100010111010111101011001110110010110111101001001011110111010010111111011100100110101110010000000000011001111110111111101000001010111110100000101011111010001111010001011001111011001111010001111001101111100000111111000100101010111111010000101010000111010010100010
7600 0.864144894432 000101011000100111000001111111010000100100101001010111110101111000010100100110110100001010001111110110110011100111110001111001010111010111101000001110110010010111101001101011110111010010111111011100100010101110010000000000010001101110111101100000000010011100101000001011111011001010010001011000110011000111010101011111101111100000111111010100101010011111110000101011100111010010101110
7700 0.863453016653 000101011010110101010001110111110000100101100001010111111000111100010100110111111101000010010101110110110011100111110101111001100011100110000011101110001010110101101001101011010111000010101011011100110010101110110000010000011011101100111111011000000000111100100001101011111010111011101001101010011011111111000001111001101111100100111100011101010011011111110100101011010111010110101010
7800 0.86361835606 001001001010100111000001110110000000100100101001110111010101111000010010110111100100000000101111110110010010100111110101110111010101010110101111101010110010010111101001101011101111100010100111011100100010100110110000010100110011101110111001110100011001111100100000001011111001001111000001011100101001001111011101011111100111100000111110010100111110001111110100101011000111010110111110
7900 0.864917859991 001001001010100111000001110110000000100100101101110111010101111000110010111111101100000000101111111110010010100111110100110111010101010110101111101010110010010111101001101011101111000010100111011100000011101110100000010100110011101110111001110100011001111100101000101011111011001101000001011101101001001111011101011011100111100000111111010100011110001111010100101011000111010110111110
8000 0.863430704659 000111000010100101010101101101110000110100110001010111111101111100010111111111101101001010111111110110110010001111010101101101110111010110000011101110011010110101111001101011000101000010101111010000000010101110010000010000011011101110111101110000100000111100100001000011111010001011001001101000011001001111110101001011100111100100111100011101011011010101010100100011011111011110101110
8100 0.864197197169 000101011010110101110001110111000000100100100001010110111101111000010110100110111100000010011101110110110110110111110101101101100001010010000111101110111000110101101001101000110111100010100101011100000010101100111000010000011011100100101111011000100001111100100001101011111001011011101101101000111011000111011001111111101111100010111100011011011000001111111110101011100101010010101111
8200 0.862373291407 000101011010110101010001110111000000100100101001010101111111111001010010110110110000000110001101110110110111110101110001100001100001010110011011001110111000010101100001101011010101100011101001011100100010101110110000010010011111100110101111010000110001111100100000101011111011011011101101101110111011100111111001011011101111100010111100010000111010101111111110100011000111000010101110
8300 0.862362112843 000101010010101101010101011111100000110100100111010110011101111100001010101110111100001110111100110010010110101111100101101111100011001111100111001010111010110111101001101010000111000111101101001100001010101111010000010000010001100110111101110000000001111100100001001011110110011010110011101000011011001110011101011111100111000110110110000101010000010111111100100111101111010010100110
8400 0.86418404292 011101010110101101010001100111100000100101110001010110111111111100010110111111110100001010011100110110100101100111110001100111110111010010110001101010011010110101110001101001110101100010101111011100000110100111100000010000011110100110101101010000100000111100100001001011110011011011101111101010001011000111110001101011100111100100111010010101111010001111011100101011011111001000111110
8500 0.862627974578 000101010010101101010001111111100100010010111101011110111111111000000100101110101000101110111111110110010110111111100101101111100010100110100011001110011010110101010001101011010101000011101111011100000010101100010000010000011011100110111101010000000001111000100001001011110011010011011111101000111011001111001100101111001111100110111111110111011011010101111000100111111011000000010111
8600 0.864576673912 000101010010101101010001111111000100110000111101010110011111111100100100101110101100001010111111110110010110101111100101101111110011100110100111001110111010110101000001101011010111000011101101011100010010101100011010011000011011100110111101110000000001111100101001001011110011010010110111101000011011101111000000001111001111100110111111110111011011010001111000100111111011010010110110
8700 0.864736187606 001101110010101111010001111111100001100110110111011110111111111000100100101110101000011110111100110110011110111111110101100111100110000110100011001110111010110101000001101010000100000011101111011100000010100110110000010000011001101110111101010000000101111100100001001101111111010010101111101101111011100110101100011011101111100000111011010101001111110101110100100000111111000000001010
8800 0.862556733337 001001011010101001010001111111100000100000110001011111111111111100110100101110111110000110111111111100011110101111110101100111100000001100110011001010011010110100001001101010010111100111101111011110100110101111110000010000010101101110111101011000000011111100000001001101111011010011101111111000011011100110001100001011101111100010111011000101011011110101111000100001011011000010110010
8900 0.863302167187 011001011010101001010001111111100100100000110001011111111111111100110100101110111110000110110111111100011110101111110101100101100000001100110011001110011010110101001001101010010111100111101111001110100100101111110000110000010101101110111101011000000011111100000001001101110011010011101111111000011011100110001100001111101111100010111111000101011011110101110000100001011011000010110011
9000 0.865610712655 001001011000101011010101101011100000010000110101011101111111101100110100101110111100001010111111111100011111101110110101100101100011000101110011011110111010010101000001101010010111000111101111011110100110101111110010110000010101101110101001010100000011111110000000001101111011010000101111101000011110100110001100001011101111100110111011001101011011110101101000100000111011010010011000
9100 0.861455498911 001001010010101111010001101111100000110000110101011101111111001010110100001110111110001110111110111100010110100010110101000101100011000101110011011110011110110101010001101010010111000111101101011110100010101111110000111000010111101110101101010100000011101100000000001101110011000011101111111000011011100110001100001011101111100110111011001101011011111101101000100100111011010010111010
9200 0.861987697369 011001010010101111010001101101100000100000100101011001111111001000110000001110111110001010110110111101011110111110110101100001100111001111110110011110011110110101011001101010010111000011101101011110100010101111010000110000010100100111111101010000001011101100000001001101110011001010001111111000011011100110001100001101101111101110111111000101011011110101101000101101011011010010111010
9300 0.862158619901 001001010010100111010101101101100000100000100101010001111011001000110000001110111110001010110110111111011110101110110101100000100111001111110110010110011110110101011001101011010111000011101101011110100010101111010000110000010100100111111101010000011001101100100001001101110001001110001111111001001011100110001101001101101111101010111111000101011011100101101100101101001011010110111010
9400 0.86378264453 001101010010101101010001101111100000111000110101010001011011101011010000001110111110001010110110111110011110101010110101100110101111000111100010001110011110100101011001101010010111001011101101011111100010101111110000110010010100000110111101010000010001001100100000001101010111100111001111110001010011100110001101001111101111101111111111000101011011100100101101100100010011010110111100
9500 0.865212635198 001011110010101111010101101101100000101000110101111001111111001000110000001110111111001010110110011110011010110111110101000110100111001111100110001110011110111101110001101010000111100010101101111110100010101111110000010100010100100110111001010000000111101100100000001101110010001011001101111001110001100110001100011011101111101010011011000101001010110101101000110101010011010010110001
9600 0.86540562903 011101010010101110010101101001100000101010110101111001110011001000010011001110111110001010110110011110010110111110110101110110100111000111100110001110011110110101111001101010000111100011101101010100100010101111111000010100010100100110111101111000001111101110100000001101110011000010001101111011011000100110001100001111101111101010101011000101011011110101101001110001011011010001111000
9700 0.865570578231 011101010010011111010101101101100000101000110101011001111111101000110000101110111111001010110110011110010010111010110101010110100111001111100110001110011110111101111001101010000111000111111101010100000010101111110000010100010001100110111000010000001111101110100000001001110011000011001101111001111001100111001100011011001111101010101011000101011111110101101000110001010011010011111001
9800 0.866250803806 000000011010101110110001101111100000100010110001110001110111001010010001001110111111101011110110001100011110110110110101110111100111000111110111001110011110110101111001101010100111111011001101111010100010101110011010010010010101101110111111011000001100001100100000001001110010000000001101111001010100100110001000001111001010100010111011010101011111110100101100100101011011010100111100
9900 0.86595670136 000001111010101111110001101111100000101000110101110001111111001010000001000110110101101111010110001110011110111110110100110110100111000110110111001110011110110101111000101010100111110010001101011010100010101111110000010010010111100110011111010000001001011100100010001001110010000010001100111001111100100110011000011111001011100010101011010101011011110100101100110101010111010110111101
10000 0.867539139914 001010011010001100010001111111001000100010110001110001110101011000110001101110111111101010110110101000011111111101111001010001100111000111100111001010011100111101111101101010000111011110101100011010101010101101111000010011010101101100111111111000000110101100110000001001110110010010001101111001110000100110001101101111101011100001111011010100011110110101101100100101011011010010111100
10100 0.868192260763 001010011010001101010001100111100000101011110001110001111111001110110001001010111101101011110110001111011110101111111011110011100101100111110111001110011100011101111011101000000111100010101101011110000011101111110000010011010000100100111111111000100101111100100000001001110000010001001001011100110000000110001101111111001011100010111011000100011111110101101101000101110011010110111101
Mejor resultado: 0.861455498911 001001010010101111010001101111100000110000110101011101111111001010110100001110111110001110111110111100010110100010110101000101100011000101110011011110011110110101010001101010010111000111101101011110100010101111110000111000010111101110101101010100000011101100000000001101110011000011101111111000011011100110001100001011101111100110111011001101011011111101101000100100111011010010111010
