200 0.929582206536 011111000111110011000100010101111111100000111000111100110010100110010001111100111101001101010101011110000001011101110111111100011111010111101011111001100000111110100010111111011010111001000001001110001111000110000111110001110011100111111111110101111101101011011101111001001011110100000110001011100001101010101101111100101000110111101110111110100101010111101000101111011100011000111111
300 0.927140816184 001111111111010011000101000111001010111110110000000101010000101011000011110011101010001101011111110111011101000111110100100111000100110111100101101101001001001000010011110000010111001100011010110010010110101000111111011010001101010000111101011000111011000101111011101011101111101111110111101000011001100010011111010111110001000110111111010111001110101011111011000110100011010000111001
400 0.911852517442 011111111110001011000101100101101010111110110010000111010010101001010001110011101010001101011010010110110101100111110000100101100111111011101111101101001111001000010011111000110111001100111110010010010110101001001110001110011101110101010101010000111101010101111011101011101101111111110111101000010011100011001111010101110010000110111111000111011001101011001010000100101011011000111101
500 0.902534199133 001111101111001111000101100001101010110110110010000111100010101001010001101011101100001101011110010111011101000111110100101110010111110011100111111101101011000100010010111111110111000101110111110000010010100011001111010010011100010101010111010100111001000101111011101011101111111011010101111100011011100011001111011101110010000110111111000111011011101111101010001100101011011110111101
600 0.894565868096 011101110111111110000110010101101011100110110101011000111001100000110011111011111010100101000111101111110010100011110000111001101001110100100110101101110111001110111011111110000110111010111111010010010111101111010111010011010111010101011101011000110011001001101001111000111111101011010110001001010011101010101111011001110111100111101011010101110011100011001110001101001111101001111101
700 0.890529556165 011111110111111100000110110101101001110010111001111111111101000100110011101010111011100101001111100100101010100011110000111011101101110010001111001100101111011110110001111110001110111110110111010000010111000011010111011010010111010001011111111000111001100101101001111001111001101011000111101101011011101010101100011101000111110011101000011001111011000111001110101101001111011011111101
800 0.88539899055 001001110110111110000101001101101011110111110000010100101000101001010111100011111010100101010110010101011000100111110101111101010101110110101101101100110011011110111001111110000110111010111110010010000110101111010111010011011101010101011001010000110011101000101001101010011111101010010111001011011001101110101111001101100101100111110011000101110011100011111010101101001111001001011111
900 0.883996240814 001011110111111111100111010101101010110110110110110101001010001001010110101001101010100101011111010111010010110111110100111101111101110110100000101111110011011110111001101110100110101010111111000010000010101011010111000011001101000101111001010000110011101000111000101010011111011100010110001000011001101010101111001111110111100010111011000111110011100001111111101101010111000000111101
1000 0.880541204006 001010111110101100100101111101101010110110110111110100101000000000010110101011111000100100010110101111011010110011110101111101111101110111100101001110110110011110110000111110100111101010101111010000000010101000010111110011011111010111111001010000110111000100111100101110011111010000010100011000011011001001101111001001111101100100111110010111111011100011111111101101011110000100111101
1100 0.87844929302 001001111010101100001001101111101010110001100100010101101011100100010010101111010100100100011100110110011111100111010111111100110100010011100111101100100011010110110000111110110111110000100111010000000111101000110001110011011001000111111101010000110111000101011111101011011111001100100101101000011011101011011100011101111111110111011111001001011011001001101110101101111111010011111111
1200 0.877685632017 001001111010001100001101101111111001100110111000010001101001000100010110101011011101101100010100110111001011010111110110111111110101110010100111011110100111011110110000101101010111101010100111110010110111101001100000100110011111110011100010111000100010101101011011101111111111001011100110111101111001101101101001011011110001110110111001000010111010111111011000101100011010000010111101
1300 0.878265081958 001000111010101110000101111111011001100110110000011001101011000100010110101011011001100100010000111111111011000111110101111111110101100010100011011110110111011110111001101000010111111111101101110010100111101101000000110100011110110111010010110010100110001101111011101101011110001111100000111100011011111001101001011010111111100100101111000100111110101111001100101110011111010010101100
1400 0.877636684103 001000111010001110000111101111111000100100110010010001101001001101010110100011111011101000110000111110111011010111010101111101110111100010100101011110110111011111010001111010010111101100100101100000110011101001000100110010011111010110010011110000000110011101111011101111011110111101100000111100011011101011100001011011111111100001111111010101110110000100011100101110011110010000111101
1500 0.879883012869 001000111011101100000111101111101100101100110010111100111000001101010110100000110110101100110000101110011110010111010101111101110111100110100101111110111111011111011001111110010111100010101101000010110011101000000110111010011101000100011110110000000100101111111011101111110101011101100000101100010111101011010001110111111101101101110011010101110011000100100110101000011110010000111101
1600 0.876656456656 001101111010101100000101001111011010001110110000010101101010000001010111101010111110101100111000001110011010110111110101111101110111101111100001001110110101011011010001111100010111011010101111110000001011101101110101110110011111100100000011110011011011010101110001101011111110011111010101111010111111100111001101010110101111100101001101110101010010000100001010101100011011000100110111
1700 0.875389478066 000001011101100110001011001011011011101100110001011101101000100100000110101010111011101101101100111101111010110011011101011101110101000111000001001110100011011111110001101010110111110010101110010010001010101000110101111010011111100110010110110100110101011100110010001011111111011010100000101110110011101000000001111011111111100100111101001000010011100100101110101111010011010000111100
1800 0.8733122117 001001111101001110001100101011110010100110110001111101101000110100010110101001111011101101111000111101101010000110110101111101010101010101100111111110100011010110010000101110000101110010001111010010100010001001010101010010011111100110110110110100100100011100110011101011111111011010100010101000110111101000100001011111111111000100111111011100011011101000101100101111010111010010111000
1900 0.874227125467 001101111111001110101100000111001000101110110101110101001010010100010110101011111000101100001100111110111010000110110101111101010101010010100011101011110011010110010000111100000100111010001111010010000011001001010100110010011011001110110010110100100101011100111001101011111111011110101111101000110111001000101101111101111011110100111111011100010011101000100000001111010111010010111100
2000 0.87514793289 001001011011101110100001010111011011100110100001100001101011011000010110101111111000011100101110111110010010000010110101110100011101010011100011111000110111011111010001111110100110011010001011010010100011001001110100110010011111000110010100110101100101001100110011101111111110010111101101101100111111001000001101111101111111010110101111110101011011101100101011000111011010000010111100
2100 0.873908158076 100101011010111110010001101111111000100110100010010101101001001100110110001010011100101001001011111110110010100011110101111011110101010111100000001011110011000111010001111010110111011000011101010000000110101011110001111011011100100100110100111101001001111100100011000001110111111111110111100100010011001010000101111111111111110011110010011101110001011101111110101110011010010100001000
2200 0.872913352315 010111011111101110001000101111001100101100100011010101101010111101100100101101111110000101101000010101110011100110110001111101111001100111010111111100111001111110010000100010000111000110001101011010000001101100011001100010011101000111110111110100000100111100101001111001111111011010101001101001010011100100010101011111111111110011111111011101010001101101101101101111011101000011111110
2300 0.874721207438 000101011011111100111001110111111010101110101011010101101001001110110100101110011101101001001010011110101110000101010101111011100100010111100011111011110011101101010011111010010110010000001111010000100110001010111000111111011111100110111000010101001001111100110011001101111111000111111111111100110010001010000101111111111111100010100110010001110011001100010110101110011010000100011100
2400 0.873127390001 001101011111110100111001111111110010000111101001010111101000001100010100101111011101101011111010001110100100000001010101111011100101010111101010101001110011001100010001111010010111010000001101010000000110101010110001111110011111101110111000010101101000001100110010001001110111000111111111101101010011001110010101111111111111110011101111011101110011001100010100001111011011000000011100
2500 0.871842569162 011101111110110100111001111111110010000111101001010111101000011100010100101111011101101011111010101110100100000001010101101011000101010111101010101001110011001100000001111010010111010000101101010000000110101010110001111110011111101110111000010101101000001100110010001001110111000111111111101101010111001110010101111110111111110011101111011101110011001100000100001111011011000000011110
2600 0.866720514123 001000010111001010010101101111111000111111100001110101101100000100010010100110111001110111000100001110110110110100010101111011100100110110100111011010111011101111100000101110010111010010101111111100101001111011111000101010010111000111111001011000100001001100110010101011111100000110101111110100101000000010001001111101011111100011110011010101011011011101101101101110010011000110100111
2700 0.870274722792 001000000010101000010101101111111010110011101011000101101000001010010101101110011110101100001100101111011111010101010101111101110001011110100110001110111011111100000001110110000111000101001111110000000101101010110000100010011111100110111011011110100001011100111001101111110111000010111011110100110110100010001101101101111110000011101110110100001011111101101100101111010011010100111111
2800 0.873369665132 001101000010111010010001101111111011110011100001001100101000001100010111101010111100001111001000101110111010010101110101110111100000010010110100001100111111111111000001100110000111001111101111110001100100101010111000100111011111100110111011111100100001011100101101100111110111000010111011110100100110101110001001110100010110100011111111110100001011101101101111111111010011010100011111
2900 0.874265188904 001001010010001010010001001111111010111011100001101101101101001101010111100010111001100111000000011110111110010111110101111111100000110010100110011010111111101111000001100110000111000010101111111101101110111011111000100010011011100110111001011101100101011100100100100111110111000110101111110100101010000110001001110111000110100011111011010101000011111101101111101110000011000110100111
3000 0.873006195654 000001011111101010111101101111011000111100101111000101111110001000000011101100111100111100010110000111110110011100010100111111100101110110010111011010011010001111100001101010011111011001001011101000101101111110111000101010010111001110111001111111100010101101110011101011111101000110101111100100101000100110001000111011101111100010111010110000110011001101001101101111100011000010101010
3100 0.869931703554 000000011011101110100101101111101010101011110101000100111011000001010100101110010010101111001110101110111110100100010101111111100100110111010111001100101011100111010001100010010011010000111001011100100011110010111001000010011101001111101011110101111111111100010010101110110111000011111111110000100010101100001101111111101111100010111011110110011011100101001100111110110011000010100100
3200 0.873975173676 001101011010001010011011001101011100100110101111010101110000011101010011111111111100101000000110000101110110111101110101111111100100011011010111011000011010001111110001001110010011001011101011101000101101101000111000111011011101100111111001101100100010101100110001101011010101011110001011110110110110110111111100110010101011110011111110010000011010001101111101001111110011010010001110
3300 0.871781247997 001001010010001011011011001111011110101011101101010101110000001100010010111111011100011100001110100111111110100101110101111111100100011111010011011100101010001111100001101010010011001011111011110100100110110011011001101010011101000111101011101100000011101100110111101100110101001111001111110010100110101100101100111010101011100011111110010100010010101101101100001111110011000010000110
3400 0.869898636655 001001010111101010011001101110111000011111100111110101111001000000000001101000111110011100001000101110110110111111010001111111101100101111101000111100011010001111110001101010010111001011101111011001101011101010111010010011011101100110001001111100010101101100100100101011110101011010001111100000100000001100011101110011101110100100111010110101011011111001000001101011110011010110111110
3500 0.87156498285 001101010111101010001001101110110000000111100101010101110001000000110001101000111110011101101000100110111111111110010001110111101100111111101001101110011010100111111101100010010110001011001110011011101010101010110000000010111111000111011001111100100001111100110100101011110111010010011111101101100001001100001001110111100110100111111010010101011011101101000001101111110111011010100110
3600 0.871831954916 001111000010101110001101001110111010000010101100110101101011001000001110100010010110111001001010100110110110100100010101111111100100010110100111101100010010110111000001100111000011100011101011110111001011101011111010100010011101000110111001101000101000011101010000011101110011010011111111110000110101101110101100110110100111100101010010010110111011100101101000101111111011100010111110
3700 0.869168160844 111011111111101111011101101111010010101101101101000101100011101100010100111110111100101000000000101111011110011010010000111110100100000110110011010010111000000101101000100010000010011010111111001100101010111111111001001010010101000110111101110001101111101111110001101111110011000110011011101010000100101010001000111001100111100000110111010010110011101111001100101111111010010010101100
3800 0.869104557893 111011110111101110000101101111110010101111111101010100100010101000010100101110111100101110001000101111010110011000110001110110100000110100100011010100011010100111000010101010000001010011111111011101101010101000111000101110011101000111111001111000101110101110010001101111110011011111011001100010010000101011101100111011100111100100111010010000110011101100001110101111111010010010101100
3900 0.869885775467 101101111111101110101101101110110000000110111001010111101010001000010100111110011101110000000100111110011101011110110101110111000101000110110111011110111110000111101001101010010011010111100110010100001010100011111000000010011101000111111001110000100001101100010101101111110110010010101011101011100100000110001001011011100111100111111111100101110011011101000101101101100011010011101000
4000 0.870186580969 001111110110110111100100101111000110000010111001110101110011011110000000101001111101000010000110101110110010011111110001100111111100010110000101011000111111111101110001100010001111010011101111010100000110101110111000000010011101000110101001011000101001101101111100001001111111010001001011110001100101001010001100011111100111100100010011010100001101110111101000101111101011010111100100
4100 0.865743353722 011111110110110111100101101111100001000010111001100101110010011000000101111110011101010010000100100110110010010110110011111111010100010010100101011100111111100101100001100010001111010011101111010100000110101111111001101010111101000110111001010000101001101100101001001011111111010010101111100001100101000110001100011011100111100111010011010100101001110111101010101111110000000110101000
4200 0.870610360719 101111111110101111000110101101100011111010111001010101100011001000000100011110011101011000000100110110010010011110110111011111010101010010110101011110111010110101111001111010000101010011101011010100001110101011011000101010111001000110110000110100101001101100001001101011111111010010001111100001100101100110001100011010100111100111110011001100111011110111101010101101100010100000101110
4300 0.86874150356 001101110011101110000001101111100011000100110100110101110011011010010101111000001101000011000000110100011010110110110111111111010110010110110011001100001111101110101001101100001011110000101111010110000110101101011001100011111111110111111000010000001101101110111001001111111101010011111011110000000101001010000100011011100011101110110010010111101010101111001000101111110010011110111000
4400 0.867235740902 011101110111101110101101101111001011000110111001110101011011001000010000110010101111010000000111101111110010000110110101111111100100100100110101111100011110100111100000100011001101010111000111011100011000101111111000100011101101000110011001110000100000101100101000101111111111100000011111100000010101001111001000111111111101100111110001110101010001101111001000101111010001101110111100
4500 0.86900002512 011101110110010110100111101111101011100110110101110101111001011000010100110010111111000010000110110110110010111110110111111111100110100010100101111100001100100111101001100011110101110010101111010100011010101110111000100011111001000110101000010010100100101100100000001111111111010010011111110000001101001110110100010011111101001111010001010101011010001111110001111111110010001010111100
4600 0.868722759275 010111110011100111100001100111001011111100011101010101011011001000010100001110111110000010000110110111101010100110110101010111100100100011101111011001111111000110100001100010110101000110111111010100000010101110011000100111011001000110101001111000100001101100100000001011111111011011011011100000000101001110101101110011111001000111110011000101011010001111100001111111111010111110111100
4700 0.869485519674 011101110011101110000111101110100011110100111001110100110011101000110110111010111101000010000110001110111000111111110111110011100100100010110100111110001001010101111001100000000101100011101101010100011011101110110011101010111100100110101001010100000100101100100000101100111111010110011111100010011101000110110101011110111110100011011000110101111011101101111011101111100111000110011010
4800 0.869086143402 001011111010001111100011111001100011110101111001100101111011010000110101111110101101000010000100110111010010100110110111111110100100100010000111010011111001101111110001100001000101001010101101010110100011101010011000100111011101000110111001101000110000101101110000101111111111000011110001111000010101001110010101011010011111100011111011110101100001011001100000101111111010011110101001
4900 0.868215602865 001101111010001111010111101110110001110100111101100100010011110000110100111110111111010000000110001110011000111011110111110011100100100110010001101110101001011110111101100001001111000010101111010100011010101011111001000010111100000010111001011000001000101100110001001111011111010010111111101001010101001110010101011110110111100011110001110101011011111101111011101111101000001110100010
5000 0.8679952633 011101110110001101100001101111110000110100111001100101111010011000110100101110001111000001000100110111000011110110110011111111100100100110011101000000111010111111111001100100000101000010111101110110100011001010011000100011011100000010111101111000111000111100110000001111111111000001010011111000010101001101011101011010111111100011110001110101100010111101111001101111001010011110101110
5100 0.869130878228 010001111010101110001001111011100010111100011101100101001011111100011101111110101101000010000101000111011010100110110111111010110100110010101001000010111011101111101001101010010101000110101111011110000010101110111000100000111001000110001001011100100000101101100000100110111011000111111011101000010001101110101111111111110111101111111110010100110111101101100011101111101011011110101001
5200 0.869554272 011111111011101111010001101111100010111010111011100101110011111010110100100010101101000010100100110110001010110111110111111011100101110010100010011000001001000111011001100101000101100110101111011110101111101010111000101010011001000111111001101000000010001100100100001111111011011111001101111010010001001100011100011010110101100111111011110100010001101100110010101111101011101110011101
5300 0.867218552973 011110111011101111010001101111100010111110111111100101110010111110110100100010101101000010100100110110001010111111110111111011110101110010100010011001011001000111011001100101000101100110101111011110101011101110111000101010011001000111111001001000000010001100100100101111101011011111001101111010010001001100011000011010110101100110111011110100010001101100110010101111001111101110011001
5400 0.870482593813 001111111010101111011101101111100010111110111011010111111000111000110100111110101101000010100110110111011010111010010101111011110101110010110001011000001001000110011001001011010001100111001111001110100011101010111000100010011011100011111101010000000010001100101100101111100011001111010111101010010001001111011000011110110111100100101011110101010000111100010110001111001011101110101101
5500 0.872184978238 110100111111100111001011101111100010101100101111010111111011110110100100000010101101001010100010100101001100110011010101110111100101100011000000001010011011001111011000101111110101100110101111000100100111100110101000101010011011000111111001100100000010101010100000101111100111011111001111101000010001001100011101011011110111100111111011110110010011101100100010101111101111111111111000
5600 0.869392597527 101111011011111111000001101111100011111000110001100001010011110000110100100110111101010010110100101110010010100111111101100011011101110110100111001011101001011111011000101011000101000110111111011110001111001010100000100010011011001111011000111100000010101100100000100011101011010101001101111010011101001110011110011011010101100110111011010100001001101101100010101111101011111100111010
5700 0.868177207532 001101011011101111000001001111100010111000010011100101100011111000110100100110111101000010001100111110000010100111111101100001010101110111100101001011101000001111011000101001000101110111111111010110001111001010101000100010011111000110011001111100000010101100100000101011100111010101011101101010010101111110111111111010010101100111110011110100110000101100100000101111101011011110011000
5800 0.870401528616 001101111010101111011111101111100011110000110011000101111011111000100100110110011101000010111110101101001010101111110100100101111101010111100010001010011001011101001000001011000001000010101111011110000101101010111000111011011100001010111001111100001010100100101000101111110011011111111111101010010001101110000000011111010101100010010011011100010000111101111110111111001000110011101011
5900 0.869490884326 001101111010101111000001101101100011100000110011000101111111111000001100111110011101000010111110101100001010001111110110110001111101010111110010000010101001011101011000101011001001100010101101111010010011101010111001111011011110000010110001011100000010101100101010101111111011011111111111101001010001001010010000011011110101100010010011010100110001111101101110101101000000110110101011
6000 0.870438777645 001111010111101111100011100111101011100100111001101100100011011100010100111110011101000011101110101100101010100111110101101101011101011110110001001010101011001111011000101101000111100110111111011110000111101010001000101010111110001010001011111100000110001100100000101011010111010101111111101001010101000110000110011111010101100010111011000110010100111110111001101111000001010011101110
6100 0.868299736977 001111110011101011001001110101101011100000110001010100110011111010110100101110010101000010100110001100111010101110110001111101110111000111110010111010001001001111011000100111000101100110101111010110000111001010011000101011011010100100111011110100110110101100111000101111110011011011111011100001011001001110010101011110110111111011110011000100010001110101011010100111011001010110111010
6200 0.869910299803 000101101010111101010111101101100011110000111011000100100010010110101100111110011100000010100110101111001010111110110110110011110101110010000010001010001101011111001000101110100111100010101101011010000101101010011000111111011100100111011001110100000010101100111010001111111001010111111111101000100001001100010110011111110111100110111011010100010010111101101010101110000101110111101010
6300 0.87055130282 101111101111001111100111100011101011100100010001110111111010111000110100111110111101000110110101011100111010101011110101111110100111001111000010011010000010001101001000101101100110101110101111011110100111011010011000111010111100101010110011111100001010000100100000101111010111001110011111001000011101100110001111111011100111101011110011100100010001111100110000101011100011000010101100
6400 0.870666697353 000100111110101011100101100011111010100000110100000110111011111000011000111110111101000010111100101100111011100111110101100101110111011111100011011010101010010011001111001100101011001110101111011100001101100100011001111011011111100010101001111100100110101101111000101001111111000111011111100000010011100110000111011011101111100111100110110100111001000100111010001101001011010010101010
6500 0.867253004004 001111111110101010000101101011101010100000111111000110100011011000011100111110111101100110111100001100011010101111110111100101010101010111100010011010001100010111001010101100100011001010101011011010001111101110011001001011111101100011001001111100000010101110110010101011111111010111110111100000010111101110001101011011011011100011111010010100110011000101100010101101000010010010101010
6600 0.86715603479 001111111110101010000001101011101000100000111111000111100010011000011100111110111101100110111100001100011010101111111101100101010101010111100010011010001100010111001010101100100011001010101001011010001111101110111001001011111001100011001001111100000010111110110010101011111111011111110111100000010111100110001101010011011011100111111010010100110011000101100110101100000010010010101010
6700 0.867256230709 010010101110100101100101101011111010100000110110110101100011011000011100111101001111100111000110000100110010101111110101100101100101011111100000011110011000010111101001101100000001001011101111011100101111100111111100110001011111100110100001100100000010101100111000101111111011010111101101100001010011101110000100101110010111100110110011000100011011000101111110101101001001000010111110
6800 0.868620045486 111111100110101101001101101011101010100000110110010111100010011110011100101111110100100101000110011100110010110010110101100101100110011111101000011110011000010111001001001110101101101011101111011000101101001111111000111000011111100110010011101100000010101100101000001011111010000110111100100000010011101110010100111110010011100110111111000100011011001101111010001011001011000110111111
6900 0.871525833935 011110001010101010011011111011101000100000110111101111100010001000010100101110011111100100101100010100011011101111110101110101110101010110110010111010001010011111001010101110101110101111111101011100101100101010111101111010011011000110000001010100000010001100000010111111111111011111101111110001010010101110000111011011011011100111100011001100011011000101101010001101100011000010111010
7000 0.86822012978 011110111010100111101111101011101010001000111101101111100011111010000100101111011111010100101110010000011110101100110111000101110100010110110010101010001010011111001011101110101110101110101111011100001000101010111001110010011010000110100000010000100010001100001011101101111111000011000111100001110111101110000101011011110011100111110011000100110111000101111010001111100011000010111100
7100 0.871740300364 000101111110101111101111101011101010101000111110010011100011001100011101101110011100011100001110000001010110101011110001100111010100011110100010010010101000101111101101101001101111101111110111011000001100101011101000111010011110111110000001011000000011011000100010101111110011010111011101110000000011100110010101011111110011100011111001000110011101000101101000101111110011000010111100
7200 0.871339555905 001110111110100111101101101011101001111100000001010111100011010010010100101011011100100111111001011101000110111111110011100101110111110100111010011010111110010100001000101111011111000011001101011110100011101111111000111110011111100110001001110100000010101110100000101111111011010101110111100100000110101100000001111111000111010110101011011100011011010100011000111111001001000110111011
7300 0.867516937234 001111011010101110100011101111101010100100110001111111110011001100010100101110011100000100010110000101010010001010010001110001111100011111100000010010000010010111111101101110101101001111000110001100001010101011111001100010110001000110010001110100100000111000101000101111110011010111111011100000010001111110011111011111101111100011111111010110110101000101111110101101110010010010111100
7400 0.868558125953 001110010010100111000011101011101001100100010101110111110110001110010100101111011101100100110001000111010010110010010111110001100100010110101100011010000010011111101001101000001001001111000111011110011110001011111101100010111011010110011001110100100010111100101100001111110011010111110011101100010100001100011101011110100111110010111011000110111001000101101110001101101011010110110101
7500 0.87084811507 001111110010100110100011001111101001100001110001110111110011101000010000101111011100100100000101000111110010110110110101110001101100010110100100000100000010010111111000111000101001000110000110011010101111101011111101100010011011110110000001110101100000101100101000101111110011010111110011100000010011001111111111011110100111110111110111000110111101001001110100101101101011010110111101
7600 0.870444847747 001111010010100110100101001111101000101001100000110101010011001000010000101110011100100100000100000110011111111111010100110101101000000111100100000000000011010111111001111000101101000010101110011010011011111111111001100010011001100110110001110011100000101100101000101111110011010111111111000000110001001110110110011111100111100111111111010100101101000101100100101101011111011010111100
7700 0.87144525032 100101110010101010100101110011101010110100010001110111110101111110110100101101011100100011100101010101000011110100110101110001110000010110100110001110010010010111101000101100001110100000000110001110110110001011110001100010111111100110010001100001000000011001110001001110110111110111111011100001010011101010110101011111100111100111110111000100111101000111001101101011101111010010111111
7800 0.872725630922 001101110110111010100101101111101010100100100101110011110101101110010100101001011100100111000100010110010011111110010101110101110100010110100111001110101010010111101000100000100111000110011111010100110100100111111001100010111101110010010101100110101010011100111001101110110111010111011011000001010011011110110101111011100111100111110110110100111101001101011101101001000111010010110101
7900 0.870219754574 111111111000101010000001101101101010100000110001110111110011011000010111101111011110110100000101000111000010111001010101110101110101000110110010000110100110001111001001101100001110000011010111001110111100001110110000101010111101000110110001110000000000011000100010101101111111010111111011000001110011001111010110011111101110100100110110000100111001010101110001100011110111010110111100
8000 0.866529848862 011111111010101010100001101101111010110000111011010101110010010010010111111110111000000000000100011110000010110011110101110101110101000100100110010010110001001111011001101010001110000111010111011110111000001001111001101000111001100110010001110000000000011101100010111111111111010011001111010000110111001111010111011111110010100010110011000100101001000111011001111111111111000010111110
8100 0.869482491232 001111011011110111111101100111101010100110111100110110110011010111110111101010011111000110001100001110011010111111110101101001010000000111100000000101100011101101101011101001101111000110101101011110111011001011100001110110011101000111000001111000000001111111110000101111111011010111101010010001010011001101000001011011110111100110110111010110011001111100001100101110111111000010011111
8200 0.866964873155 001111110010000110100100101111111010100100011001010100101010110000110011101110011100100110000000111010011010110101100101110001111101010111100011110010100010001111111001101010111110000010101100011110110001101011111001101010110011100110010001110100000010001101100010100111111111010011101111001000110111000111000100011111111111100010110111010100101001000100111001100101101111000110111110
8300 0.869679017477 001101011010101110001100101011100111100101110100110001111001111010110111101100001111100111001001100110011011110111010111110001110111001110110010011110110010001111100001101011100011010010111101010100110001001001111001001110110101000110010101111000000000101001100010100111111111110011111100100000010011000111010110011111011001100111110111010100101010000101001001101101011011000010111110
8400 0.871157381314 100111101010100010110101101111111100110100111101010111110000011100110110111100010101000000000111110110011010111111111101100001110101110110100111000110100000010111110001101011011110000000101101011110110010001110110001100010010001100110011101110100000000101100111111101111110011110111100100100000000111100101110000111101111000110010111011000100101111011101100101111001101111000111111101
8500 0.871255089358 001101110010111111110001101111101010100010110101010111010111011100010111111001011101101000010111000110110010001101111011110111110101010111001001100110001001001110111001101010111011000011100100000110111011100011110000100011111101001000010111111010000001110101100000101110111111100110011101111100010011011011010100111011101010100010110111010101111100101101100001101111111101010010111000
8600 0.871615761465 011111110011011111110001100110111100100001101101010111110011011010111111101100011100100010000101101110111001101111100100100101110101110110100111000110110011011101101001101000111111000010111100011110111000000100010000100111110011001110011011010000100001100101110111001101111111100110011111111000010011001111011000011111110011100010101111010100101001001101000101101111111011000010111101
8700 0.87123452562 011111111010001011110001001110011110101000110101010101010111111101010100101001111101001000011111000110000110100100110111110101110101010111100011000111101000111111110001001000101111010110100100100110111010111010110001110100010101101111110001111010010011110100000001101101111111001011100001011001110001111111100101011111011100100110110011010000101001001101100000101111010101011010011010
8800 0.873480950856 001111100010010011110001101111101000100001100101010110010101011100110110110101111110001010000101111100111000111111110101110101111101010111100101110100011011111111100001001010101011100010110101001111111011100011011001100111111101101110011111111010000000111100000101001111110111010011010101111000110011100111000100110011101011000010111101010100111100001101100001101101111001010010101100
8900 0.871505951205 001011100010100111010001101111101000100001110101010101010101110101110100110001111101001000001101111110110100011110110101110101101101010111100111000101010010111111100001001110101011100010111101101110010010101010011001100011011101001110011101111010010001111100000001000101110111011011010001011000110011110111000100111011101010000110101111010100111101101101100100101111111011010010111100
9000 0.869476368136 001111110010000111010001101111001000100010110101011110000011011010110010111001111111001110010111111100011110100101111101110111110111010100100011110110000010001111110001101010101111011011110001011110111010100000011001100001110011000010010011110000000000111100011011101110110111110010101101111000110101100111000110011011111111110110111111010100111001001101000101101101011101000010100110
9100 0.867050640548 001101100011100101110101101111111101111001111101010101010001011100110110111000010111001000011111101110111010100100110101101101100101010111100011100100001010011100100001001100101111000110010101001100011010101101110100110011010100100111111011111100100000101100000000101111111111010010011101110010000001011011001111011111111110100010100111010100000011001110101110101011110111000010111100
9200 0.868331171338 001101100011110101110101111111111101110001111101010101010001011100110110111000010111001000011110111110111010100100110101111101100101010111100011100100000010011101100001001100101111000110000101001100011010011100110100110011010101100111111011111100100001101100000000101111111111010010011101110010000001011011011111011111111111100010100111010100000011001110101010001011110111000010011100
9300 0.871251388252 010101100001010101100101101101001000110001111101010111010001011101110110111000010111100000011110101110011110000100110111110111100101110111100011100100001010001101100001101100100101000010011101001110011010110110110100010010010101100110011001111100100011101100001010001111101110011011001100101010000011010111011101011111101111101110010111010100001001001111101100111111000011100010111100
9400 0.871320007442 011101110000110101100101101111011100010011111101110101000001011101110100111000011110101000011110111110010110001100110111110111100101010110100011101010001011001111100001101000101011000010110001011110011011111110110000110011000011100111111011101100100001101000000111001111101111010011000101111000000011001011010111111110111111101110110010010100101011001110100000100011101011110010111100
9500 0.871304955601 001011100010110111100101101111111100000011111001110101000111011101110100111000111110000000011100111010111011001110110110110111111110110110100011101100001011011111100001001000001111000010100001011100001011111110111000110010010000100111011011101100100001111001001101001111111110010110001101111100000001011111011101010111111111101110101011010100101001001111000100101111110011000010111100
9600 0.871098311128 010101000010100101000101101110001000111001110011010111111111010100110110111000111100001000011111111110101000100100110111100010110111000110100010000110001010111111100001101001110101001110011111001111010010100010100000100011010011100111111011101010000010101110000100101101111111011011100111110001000000001111011100110111111111001110110100010101110011001111101100111111110011010010111000
9700 0.870877131404 001111100010000011000111101110111110001111111101110001011001011101110100011110111100001000001110100110111111101010110001111101110111000110110011110100100010011111000000101011001111100010001111011010000010100110111000000011010101100011011011011110010011101101101001101111110111010111111101111010100001011110001001011011010111110010101111011100101011011100001000100011000111010011010100
9800 0.872599356577 011111011010100101100101101110111011010101110101100111000101110001111110001000111110001000010011101010111001110010110111101101111111010110100110000101001010111011100001101000011111000100011101010011000010100011111000110011011001100111111111101000110000101100000000001101111111010111110111111000010011001110101101011110111111000011101111010101010011101110101101101101100111000010101100
9900 0.872049778135 001101111010100111010101101101111001110101101101010111111101111100110110111010011100101001011011100111110011101111110111100011110110110110000011001011000000001111111000101001001101110110101011110100110011100110111001010011010100100111101000111100010010101110000000000100011101010011011011101010010001001100010101011010111111101110100011011100011001011111101100101010010101000100101100
10000 0.870924613727 001101100010100101000101101110011000100100101111010111111101011101110100001000011110001000010011100010110011100110010111110011100111110110100010001110001000111111101011101010011101100110001111010011001111100010111101111011010100100110111111100000000010111110000000001111101111010011101111111111010001001110011101011000110111111010101010100100110111011110001000101011110001010000111100
10100 0.868630595899 101101110011100011000100101111111000110101100111110111011101011100110100111010001100001000011111101010111011100110111111101001110111110110100011000011001010110111101000101000011101000010101101000000111011100110111001011011010100100111111001111000010000101111100000001111111101010011000000111111010110001010001101111010010111001100100011010100010011001111111000101111110011010110101100
Mejor resultado: 0.865743353722 011111110110110111100101101111100001000010111001100101110010011000000101111110011101010010000100100110110010010110110011111111010100010010100101011100111111100101100001100010001111010011101111010100000110101111111001101010111101000110111001010000101001101100101001001011111111010010101111100001100101000110001100011011100111100111010011010100101001110111101010101111110000000110101000
