1, 0000000000000000000000000000000000000000000000000000000000000000, 13039.73
3, 0000000000000010000000000000000000000000000000000000000000000000, 12604.93
7, 0000000000000110000000000000000000000000000000000000000000000000, 12340.1
19, 0000000000010010000000000000000000000000000000000000000000000000, 12091.6
23, 0000000000010110000000000000000000000000000000000000000000000000, 11826.77
55, 0000000000110110000000000000000000000000000000000000000000000000, 11761.38
87, 0000000001010110000000000000000000000000000000000000000000000000, 11679.32
119, 0000000001110110000000000000000000000000000000000000000000000000, 11613.93
151, 0000000010010110000000000000000000000000000000000000000000000000, 11453.24
183, 0000000010110110000000000000000000000000000000000000000000000000, 11387.85
215, 0000000011010110000000000000000000000000000000000000000000000000, 11305.79
247, 0000000011110110000000000000000000000000000000000000000000000000, 11240.4
503, 0000000111110110000000000000000000000000000000000000000000000000, 11196.6
2071, 0000100000010110000000000000000000000000000000000000000000000000, 11033.75
2103, 0000100000110110000000000000000000000000000000000000000000000000, 10968.36
2135, 0000100001010110000000000000000000000000000000000000000000000000, 10886.3
2167, 0000100001110110000000000000000000000000000000000000000000000000, 10820.91
2199, 0000100010010110000000000000000000000000000000000000000000000000, 10660.22
2231, 0000100010110110000000000000000000000000000000000000000000000000, 10594.83
2263, 0000100011010110000000000000000000000000000000000000000000000000, 10512.77
2295, 0000100011110110000000000000000000000000000000000000000000000000, 10447.38
2551, 0000100111110110000000000000000000000000000000000000000000000000, 10403.58