200 0.915564707156 001111100111100011101110111001101011111110001000110110000101101010111110111100011110101110110111001100101100000100110100000010100101100110010111001111000011110101100111100010101111111010111101100110101110010111010001011011010111101111001111111101010101111110011101001010111000001111000001101100110001110111011010011111001101101001010001000111011010110111010100100010001011110111000001
300 0.907893572016 100111100111100001100110011011101001111110111000110110000111111001111110111000111110101110110101101000101100110110100111100110100100100110010111001110010010110111100011101010100111111010100101100110101110010101010001011010010101001010000011111110110101111110011011101010111000000111001111101100100001110011011010001110110111101001010101000111011001110110000101101011100011110101001011
400 0.893881390272 101111110111100111101111010010101000111010111000111100100111111100110110111000111110001111110101101100100100011111100111100111100101101110010111001010110000110111100011001010000111111010100101010110101111010001011001001110010101011110000001111011100001111110001011111011100010010111001111101100101011111101010110001110110111101111110111000101111001110100000101101111100011111101011011
500 0.88809780881 001111000111100011101110111010101011111110100000111110000001111110011111111000111111100111110101001110101011000100110101010111001100100110110111000100100010010111001001101010001111111110110001110100001110111011011000000010100111101111001001101100111101101110000001001011110010010111001111101100110110100100011111011111111101100011010111011110110001111110010100101110001011110101111010
600 0.884910053096 100111010111100011101111011000100000011010100000111100110111111101010111111000111011101010100101001100110011010111110111100011101100101110110111101011110001010111100101101011011111111010101101011110101111110001010001001010000101101010000011111000010001101110010101001011100010010111001111111000110010110111011110011110101111101011110111000101111001100100010101101101100011111100011010
700 0.883304524672 001111101111100111100111101010101010101110101000111100110100100100011110111000111111101110110100001100100101011110110101100111101100100110110111101111110000110111000011100010000111111010111101010111101111110001011001101010000011111110001011111100101001101100001011001011101010000101001011101100100011101101010100001110011111101011110101010100111000100110010101101111001011110111111101
800 0.879859412716 001111110111100111101111111011101011111110100000110100101111011100011110111000110110101110110101111100110111010100101111100110100100100010111110001010110000110111101101001010000111011010101101000110101111111001010000001010010111101110000001111000011001100100000100001011100001010111001001101000111010101101001100001110101111101011110101000101111001101100010100101111001011110101111111
900 0.874969021153 001111010111100111101101101010101011111110100000110100010111101100111110111000111110011010110001100100100111010111110101101011100100110110100110101110010000010111001001101011000111111010111101000110101111100001010000001010000111110110000001111100111011101110000001111011101011000111001111101000100010011101010110011110111111101011110111000100111000101101000100101111000011110110111100
1000 0.873477430145 001111000111100111001101101010101011111110100000110100010111011000111100111000110110011010110001100100100111010111110111100111101100101110100110001110110000010111101001001011000111111010101101010110101111100001010000101010010111110110000001111100101011101110000001011011110010000111001111101000100011101101010110011010101111101011110111000100111001101100000100101111001011110110111000
1100 0.870628267514 001111010011100110101101101010100011011110100000111100000111101100000111111000111110001010110001001110100011010111110111110101101101110110110111001100011010010111101001101010000111111010011101010110001111110011001000001010010001110110000001111000110001101110010000001011100111000111001111101000100011101101011100011111111101100011010011000011111000111101000100101111000011110110111100
1200 0.867347778353 001111010011100110001101100010100011011110100000110100001111101100000111111000111110011010110001000110101111010111110111110101101101110110111111001100010000010111101001101010000111011010111101010110001111100001011000000010010001100110000001111000100001101110000001001011100010010111001111101000100011101101011100011111111101100011010011000010111000111101000100101111001011110110111100
1300 0.865447301512 001111110111100111001101100010101011011110100000110100001111001100000111111000111110011010110101000110111111010110110111110111101101100110000111001100111000010111000001101010000111010010101101010110001111100001001001100010010001100110000001110000100001101110010001001011100010010111001011101000100011101101010000011111111101100011110011000110111001111101000100101111000011110110111100
1400 0.865118007818 001111110111100111001101100010101011011110100000110100001111001100000111111000111110011010110101000110111111010110110111110111101101100110000111001100111000010111000001101010000111010010101101010110001111100001001001100010010001100110000001110000100001101110010001001011100010010111001011101000100011101101010000011111111101100011110011000110110001111101000100101111000011110110111100
1500 0.864043525046 001111010011100111101101101010100000111110100000110100101111101000000111111000111111011010110001001100101011010110110101110111101101110110110111001110011010010111010001101011010110111010001101010110001111100011001000000010010011100110000001101000100001101100010001001011110111000111001111101000100011001101011100011010111001100011110011010100011000111101000100101111000011110110111110
1600 0.862352182891 001111100011100111001101101010101011010110100000110100010111001101000111110000111110011010110101000110111011011111110111110111101101100110100111001110111010010111000001101010000111010010101101011110001111100001001001110010010001100110000001110000100001001100010001001011100010010111001010101000100011101111010100011011111101100011110011000100011001111101000100101111000011010110111100
1700 0.860720376466 001111110011100111101101101010101011010110100000010100101111001100000101111000111110001010110001000100110011010110110111110111100101100110100111000100111010010111000001101010000111111010101101010110001111100001001000000010010011100110000001111000101001101100010000101011110110010111011011101000100011101111010001011111111100100011110001000100111001111101000100101111000011110110111100
1800 0.861393436199 001111110010100111101101101010101000010110100000010100001111001100000101111000111110011010110101000110110011010010110111110111101101100111100111000100011010000111100001101010000111110010101101010110001111101001000000000010010111100110000001111000100001101100000000101011100111010111011011101000100011101111011001011111110101100011110001010100111001111101001100101111000011110110111100
1900 0.859970605394 001111110010100111001001101010101011010110100000010100100111101000000101111000111110011010110101001110111011011110110101110111100101100110100010001110011000010111001011101011001111011010101101010110001111101011000000000010110001000110000001011000101001101100010001001011110111000111101010101000100011101011010100011011111110100011110011000100011001111101001100101111000011110110111100
2000 0.858774588743 001111010011100111100101101000101010110110100000010100111111001100000111111000111110001010110001000100111011010111110111110111100101000110100111000100011000010111000001101010000111101010101101011110001110100001000000100110010001100110000001110000101000101100010000001011110110010111001011101001110011101111010101011111111111100011110011010100011001111101000100101111001011110110111100
2100 0.858010124411 001110110010100101101001101010101010000110100001110100101111001100000101111000111110001010110101001110111011011010110101100111100101100111100110000110011110010111000001101010000111111010101101011110001111101011011000100010010001100110000001011000100001101100010001101011110011000111101011100000110011101111010001011111111110100011110011000100011001111101000100101111000011110110111110
2200 0.856363459323 001111110011100111100001101011001010110110100000110100101111011000100111111000111110001010110001001100111011010110110101100111110101100110100110001100011000010111100001101011101111010010101101010110001111101001000000110010010001000110000001111000100001101100010001001011110010000111011111101000000011101111010101011111110101100011110010010100011001111100101000101111000011010110111100
2300 0.855317538229 001111110011100111100000101011101010110110100000110100100111011000000101111000111110001010110101001110111011010110110111100101110101100110100100000100011000010111100001101011000111010010101101110110001111101011001001100010010001000110000001111000100001101100010000001011110011000111001111101000000001101110010100011111110101100011110011010100011001111101001000101111000011010110111100
2400 0.854836642823 001111100011100111000001101011101001010110101000010100101111001100010101111010111111000010010001000100111011110110110111100111110101100110100110001110011000010111100001101011000111000010101101010110001111101011000000100010010001100110000001111000100001101101010001001011110111000111111011100000101011100111010001011111111101100011110011010100011001111101100100101111000011010110111100
2500 0.854519034483 001111110011100110100000101011101011010110100000110100101111011000111100111000111111001010110001000110111010001010110101100111100101100110100111001110010010010111100001101010000111000010101101010110001111101011001001100010010001000110000001110000100001101100010000001011110011000111111001101000001001101111011101011111111100100011110011010100011001111101001100101111000011010110111100
2600 0.853702096099 001111110011101111100001101011101011010110100000110100100111011000011100111000111111001010100001000100111010101110110101100111000101100110100110001110010010010111000001101010000111000010101101011110001111101011001000100010010001100110000001110000100001101100010000001011110011000111001111101000101011101111010101011111111101100011110011010100011001111101000100101111000011010110101100
2700 0.852540906134 001111110011101110100001101011001011010110100001100100100111011000010100111010111110001010100001000100111010101110110101100111000101100110100100001110011001000111000001101010000111000010101101011110001111101011001001100010011001100110000001111000100001101100010000001011110011000111001111101000001001101110010011011111111111100011110011010100011001111101001100101111000011010110111100
2800 0.85203319562 001101110011100111100001101011101010010110100010010100101110011000010100111010111111000010110101000100100011111110110101100111100101000110100110001110010010010111100001101011000111000010101101010110001111101011000001100010010101100110000001110000100001101100010001001011110110000111001011101000100011101111010101011111110101100011110010110100011001101101101000101111001011010110111100
2900 0.851173578047 001111110011100110100001101011101010010110100000010100101111011000010000111010111111001010110101000100111011111110110101100111100101000110100110001110010010010111100001101010000111010010101101010110001111101001000000110010010001000110000001110000000001101100010000001011110011000111001111101000000011101111010101011111110101100011110010110100011001101101101000101111000011010110111100
3000 0.850433151735 001101110011100111100001101011101110010110100001000100100111011000010000111010111110000010100101000100111011111110110101100111100101000110100110001110010010010111100001101010000111010110101101010110001111101011001000100010010001100110000001110000100001101100010000001011110011000111001111101000000011101111010101011111111101100011110010110100011001101101101000101111000011010110111100
3100 0.849829832145 001100110010100111100001101011101010010110100010110100101110011010010100111010111110001010110101000100101011111110110101100111100101110110100100001000011000010111100001101010000111000010101001011110001111101011010000100010010101100110000001111000100001101100010001001011110011000111001011101000000011101110010101011111111101100011110010010100011001101101100000101111100011010110111100
3200 0.849833442002 001101110010100110000001101011101010010000100001010100101111011000010100111010111111001010100101000100111011011110110101100111100101000110100110001110010010010111100001101110001111000010101101010110001111101011001000110010010001000110000001110000000001001100010001001011110011000111001111101000000011101111010101011111111101100011110010110100011001101101101000101111000011010010111100
3300 0.848947555913 001101110011100111100001101011101010010100100001010100001110011000010000111010111110001010100101000100110011011110110101100111100101000110100110001110010010010111100001101010001111010010101101010111001111101011010001110010010001000110000001111000100001101100110000001011110011000111001011100000000011101110010101011111011101100011110010010100011001111101101000101111000011010110111100
3400 0.847865033336 001101110010100111100001101010101010010110100011110100101111011000010000111010111110001010100101000100001010111110110101100111100101010110100110001110011010010111100001101010001110000010101101011110001111101001000000110010010101000110000001110000100001101100010000001011110011000011001111101000000001101111010101111111111101100011110011010100011001101101101000101111000011010110111100
3500 0.84711564522 001101111010100111100001101010101010010100100001111100101111010000010100111010111110001010100101000100001010111110110101100111100101000110100110001100010010010111100001101010001110000010101101011110001111101011110000100010010101000110010001110000100001101100010000001011110011000011001111101000000011101111010101011111111101100011110011010100011001101101101000101111000011010010111100
3600 0.847058771685 001101110010100111100001101010101010010110100010110100100111011000010000111010111110001010100101000100001011110110110101100111100101010110100110001110011000010111100001101010000111000010101001011110001111101011110000110010010101000110000001110000000001101100010001001011110011000011001011101000010011101111010101111111111101100011110010010100011001101101101000101111000011010110111100
3700 0.84740418078 001101110011100111100001101011101010000000100001110110101110011010010100111010111110001010100101000100001010111110110001100111100101000110100110001110011000000111100001101010000111000010101011011110001111101011110000110010011101000110000001110000000001101100010001101011110011000011001011101000010111101111010101111111111101100011110010010100011001100101101000101111000011010110111100
3800 0.846040845864 001101110010100111100001101011101010000100100001010100101111011000010100111010111110001010100101000100001010110110110001100111100101010110100110001110011010000111100001101010000110000010101001011110001111101011110000110010011101000110000001110000100001101100010001101011110011000011001011101000010011101111010101011111111101100011110010010100011001101101101000101011000011010110111100
3900 0.846572118001 001101110010100111100001101011001010000000100001010100100011011000010100111010111110001010100101000100011010110110110101100111100101010110100100001110011010010111100001101010000110000010101001010110001111101011110000110010011101000110001011110000100001101100010001101011110111000011001011101000010111101110010101011111110101101011110010010100011001101101101000101011000011010110111100
4000 0.846440069157 001101110010100111100001100011101010010100100001010100101011011000010100111010111110001010100101010100011010110110110101100101100101010110100110001110011000000111100001101010000110000010101001011110001111101011010000110010011101000110010001110000000001101100010000001011110011001011001111101000010011101110010100011111111101100011110010010100011001101101100000111111000011010110111100
4100 0.845977934281 001101110011100111100001101011001010000000100001010100100011011000010100111010111110001010100101000100011010110110110101100111100101010110100100001110011010010111100001101010000111000010101001011110001111101010110000110010010111000110000011110000100001101100010001101011110111000011001011101000000111101110010101011111100101101011110011010100011001001101100000101111000011010110111100
4200 0.846335550347 001101110010101110110001101011101010100000100011010100101011011000010000111010111110001010100101000100011011110110110001100111100101010110100110001110011010010111100001101010000110000010101001010110001111100011010000110010011101000111000001110000000001101100010001111011110111000011001111101000010011101111010101011111111101100011110011010100011001101101000000101111000011010110111100
4300 0.845500217586 001001110010101110100001100011101010000100100001010100001011011000010100111010111110001010110101000110011010110110110101100101100101010110100110001110010000000111100001101010000111000010101001011110001111101011110000110010011101000110000001110000000001101100000000001011110011000011001111101000010011101111011101011111111101100111110010010100011001101101100000111111000011010110111100
4400 0.844966808802 001101100010101111100001101011111010000000100011010100100011011000110000111011110110001010100101000100011010110110110101100111100101010110100110001110010010010111100001101010000111000010101001011110001111101010010000110010011101000110000001110000100001101100110001101011110011000010001011101000010011101111010101011111111101100011110010010100011001101101101000101111000011010110111100
4500 0.845124589707 001101110010100011100001101011111010100000100011010100101011011000110000101110111110101010100101000110011011110110110101100111100101010110100110001110011010010111100001101010000111000010101001011110001111101010010000110010011101000110000001110000000001101100110001101011110011000110001011101000010011101111000101011111111101100010110010010100011001101101000000101111000011010110111100
4600 0.843694252215 001101110010100111100001101011101010100000100011010100001011011000110000101010111110101010100101000110011011110110110101100111100101010110100110001110011000010111100001101010000111000110101001011110001111101011010000110010011101000110100001110000000001101100000001101011110011000010001111101000010011101111000101011111111101000010110010010101011001101101000000101111000011010010111100
4700 0.843601992906 001101110010100111100001101011101010000000100011010100101010011000010000101010110010101010100111000110011010110110110101100111100101010110100110011110011100010111100001101010000111000010101001011110001111101010110000110010011101000110000001110000000101001100110001101011110011000110001011101000010011101110010100011111111101100011110010010100011001001101100000101111000011010110111100
4800 0.84309064505 001101110010100110100001101011111010000000100001010100101010011000010000101010110110001010100101000101011010110110110101110111100101010110100110011110010010011111100001101010000111000010101001011110001111101010110000110010011101000110010001110000000101101100110001101011110011000011001111101000010011101110010100011111111101000010110011010100011001001101100000101111000011010110111100
4900 0.843170968326 001100110010100011000001101011101010100000100011010100101011011100110000101110111110101010100101000110011011110110110101100111100101010110100110001110011010010111100001101000010111000010101001011110001111101011010000110010011101000110000001110000000001101100100001101011110011000110001011101000010011101111000101011111111101100010110010010100011000101101000000101111000011010010111100
5000 0.844149793716 001100110010100011000001101011101010100100100001010100001011011000110000101010110110101010100101000111011010110110110101100111100101010110100111011110011010010111100001101010010111000010101101011110001111101010110000110010011101000110100001110000000001101110110001101011110011000010001111101000010011101110010101011111111101000110110011010100011001101101100000101111000011010010111100
5100 0.842550751088 001101110010100011000001101011101010100100100001010100001011001100110000101010111110101010100101000110011010110110110101110111100101000111100111001110011010010111100001101010010111000010101101011110001111101010110000110010011101000110100001110000000001101100100001101111110011000010001011101000010001101110000101011111111101000110110011010100011000101101000000101111000011010010111100
5200 0.843578215012 001101110010100011100001101011101010100100100001010100101011011100110000101010111110101010100101000110011011110110110101100111110101010110100110001110011010010111000001101010000111000010101001010110001110101010010000110010011101000110000001110000000011101100100001101011111011000110001011101001010011101111000100011111111101000010110011000100011001101101001000101111000011010110111100
5300 0.842894507818 001100110010100010000001101011101010100100100001010100101011001100110000101010111110101010000101000110011011110110110101100111100101000111100111001110011010010111100001101010000111000010101101011110000110101011110000110010011101000110100001110000000001101100100001101011110011000010001011101000010001101110000101011111111101100110110111010100011000111101100100101111000011010010111100
5400 0.842638532932 001100110010100111000001101011101010100100101001010100101010011000110000101110111111101010100101000110011011110110110101100111100101000110100110001110011010010111100001101010000111000010101001010010001110101010010000110010011101000110000001110000100000101100110001101011110011000110001111101000010011101111000101011111111101100110110011010100001001101101001000101111000011010110111100
5500 0.84206447844 001100110010100111000001101011101010100100101001010100101010011000110000101110111110101010100101000110011011110110110101100111100101000110100111001110011010010111100001101010000111000010101001011010000110101010010000110010011101000110100001110000100000101100110001101011110011000010001111101000010001101110000101011111111101100110110010010100001001101101001100101111000011010010111100
5600 0.842952342638 001100110010100111000001101011101010100100101001010100101010011000110000101110111110101010100101000110011011110110110101100111100101000110100111001110011010010111100001101010000111000010101001011010000110101010010000010010011101000110100001110000100000101100110001101011110011000010001111101000010001101110000101011111111101100110110010010100001001101101001100101111000011000010111100
5700 0.843527381295 001101110010100011100001101011101010100100101001010101100011011100010000101110111110101010000101100110011010110110110001100111100101010111100111000110011010011111101001101000000111000010101101011110001110101010110000100010011101000100100001110000000001101100100001101011111011000010001011100000010001001110000101011111111101100110110011010100011000101100101000101111000011010010111100
5800 0.841898524548 001100110010100011000001101111101010100100101001110101100011011000110000101110111111101010000101000100011000110110110101100111100101000110100010001110011010010111100001101010000111000010101101011110000110101010010000110010011101000110100001110000000010101100100001101011110011000110001011101100010001101110001101011011111101100110110011010100011001101101001000101111000010010010111110
5900 0.84181889766 001101110010100011000001101011101010100100100001010101100010011100110000101110111110101010000101100110011010110110110000100111100101010111100111000110011010011111100001101010000111000010101101011110000110101010110000110010011101000110101001110000000000101100100000101011111011000110001011100000010001001110000101011011111101100110110011010100011001101101101000101111000011000010111110
6000 0.842815798521 001100110010100101000001101011101010100100101001110101100011011010110000101110111111101010000101000100011010110110110101100111100101010110100010001110011010011111100001101010000111000110101101011110000110111010010000110010011101000010000001010000000010101100100001101011110011000010001011101100010001101110000101011111111101100110110011010100011001101101001000101111000011010010111110
6100 0.842447159556 011101110010101111100001101011101010100100100001010101100010011100110000101110111110101010100101000100011010110110110101100111100101000100100111001110010010011111100001101010000111000010101101011110101110101010110000110010011100000110000001110000000000101100100001101011110011000010001011101000010001001110000101011111111101100100110011010100011000101101101000101111000011010010111100
6200 0.8426458474 001100010010100011100001101011111010100100001001010101100011011000110000101111111110101010100101000100011010100110110101100111100101010110100111001110011010010111100001101010000111000010100101011110100010101000110000110010011101000110000001110000000011101100110000101011111011000010001111101000010001101110000101011111111101100110110011010100011001101101101000101111000011010010011100
6300 0.841638790036 001101110010101110000001101011101010100100101001010100100011011000110000101110111110101010100101000101011010100110110101100111100101000110100110001110001010010111100001101010000111000010101101011110001110101010110001100010011101000110100001110000000011101100110000101011111011000010001111101100010001101110000101001111111101100110110011010100011001100101001000101111000011010010111100
6400 0.841693014505 001101010010101011000001101011111010100100101001010100100011011000110000101110111110101010100101000101011010101110110101100111100101000110100110001110011010010111100001101010000111000010101101011110001010101010110000110010011101000010100001110000000011101100110001101011111011000010001111101000010001001110000101011111111101100110110011010100011001100100101000101111000011010010111100
6500 0.841491190576 001101110010101111000001101011111010100100101001010101100011011000110000101110111110101010000101000100011010000110110101100111100101010110100111001110011010011111100001101010000111000010101101011110001110101010110000100010011101000110100001110000000000101110100000101011110011000010001011101100010001001100000101001111111101100110110010010100111001101101001000101111000011010010111100
6600 0.842182246369 001100110010100111000001101011111010100100101001010101100011011000110000101110111110101010000101000101010010101110110101100111100101010110100111001110011010010111100001101010000111000010101101011110001010101010110000110010011101000110000001110000000001101110100000101011111011000010001011101100010001001110000100011111111101100110110010010100011001100101001000101111000011010010111100
6700 0.842011264783 001000110010101111000001101011001010100100101001010101100011011100110000101110101110101010000101000101011010110110110101100111100101010110100111001110011010011111100001101010000111000010101101011010001010101010110000100010011101000110000001110000000001101110100000101011111011000010001011100100010001001110000101011111111101100110110010010100011001100101001000101111000011010010011100
6800 0.841728821532 001100110010100111100001101011111010100100101001010101100011011000110000101110111110101010001100100101010010101111110101100111100101010110100111001110011010010111100001101010000111000010101101011100001010101010110000000010011101000111000001111000000001101110100000101011111111000010001011100000010001001110000001011111111101100110100010010100011001100101001000101111000011010010111100
6900 0.841177494138 000000110010101011000001101011101010100100101001010101100011011100110000101110111110101010000101000111011010110110110101100111100101010110100111001110011010011111100001101010000111000010101101011010001010101010110000100010011101000110000001110000000001111100100000101011111011000010001011100100010001001110000101011111111001100110110011010100011001000101001000101111001011010010011100
7000 0.840893914091 001100110010100011000001101011111010100100101001010101100011011100110000101110111110100010000100100101011010110111110101100111100101010110100111001110011010011111100001101010000111000010101101011100001010101010110000000010011101000110000001111000000001101110100000101011111011000010001011100000010001001110000101011111111101100110110010010100011001000101001000101111001011010010111100
7100 0.841564914168 000100110010100101000001101011111010100100101001010100100011011000110000101110111110101010000100000111011010111111110101100111100101010110100111001100011010011111100001001010000111000010101101011110001010101010110000100010011101000110001001110000000001111100100000101011111011000010001011100100011001001110000101011111111101100110110011010100011001100101001000101111000011010010111110
7200 0.841768385559 001000110010101011110001101011101010100100101001010100100011011000110000101110111110101010000111100111010010110111110101100111100101010110100111001110011010011111100001101010000111000000101101011000001010101010110000100010011101000110000001111000000001101110100000101011111011000010001001101000010001001110000101011111111101100110110010010100011001000101001000101111000011010010111100
7300 0.841393637202 001100110010100101000001101011101010100100101001010100100011011000110000101110111110101010000101100101011010010111110101100111100101010110100111001110011000011111100001101010000111000010101101011100001010101010110000100010011101100110000001110000000001111100100000101011111011000010001001101100011001000110001101011111111101100110110011010100011001100101001000101111000011010010111100
7400 0.841382761328 001100110010100101000001101011101010100100101001010100100011011000110000101110111110101010000101100101011010010111110101100111100101010110100111001110011000011111100001101010000111000010101101011100001010101010110000100010011101100110100001110000000001111100100000101011111011000010001001101100011001000110001101011111111101100110110011010100011001100001001000101111000011010010111100
7500 0.842016229466 001000111010100011000001101011110010100100101001010101100011011000110001101110111110101000000100000101011010110111110101100111100101010110100111001110011010011111100001101010000111000010101101011110001010101010110000000010011101000110000001110000000000101100110000101011111011000011001011101000010001001110000100011111111101100110110010110100011001110101001000101111000011010010111100
7600 0.840622444281 001000110010100011010001101011100010100100101001010101100011011000110000101110011110101000000101001101011010110110110101100111100101010110100011001110011000011111101001101010000111000010101101011000001010101010110000100010011101000110000001111000000000101100110000101011111011000010001001101000010001001110001101011111111111100110110011010100011001100101001000101111000011010010111100
7700 0.841873311632 001100111010100101000001101011111010100100101001010101100011011000110001111110111110101010000101000101001010110110110101100111100101010110100111001110011010011111100001101010000111000010101101011100001010101010110000100010011101000110000001111000000000101100100000101011111011000011001011100000010001001110000101000111111111100100110011010100011001110101001000101111000011010010111100
7800 0.841363331779 001100110010101011000001101011101010100100101001010101100011011000110000101110111110101010000100010101011010110110110101100111100101010110100111001110011010011111100000101010000111000010101101011110001010101010110000100010011100000110000001101000000000111110110000101011111011000010001011101000010001000110000101011111111101100110110011010100011001100101001000101111000011010010111100
7900 0.841753986348 001010110010101001000001101011101010100100101001010110100011011000110000101110111110101010000101100101010010000110110101100111100101010110100011001110011010010111100001101010000111000010101101011100001010101010110000100010011101000110000001111000000001101110100000101011111111000010001001101100010001001110001101011111111101100110110011010100011001100101001000101111000111010010111100
8000 0.841075873962 101000110010101011000001101011101010100100101001010101100011011000110001101110011110101010000101000101010010110110110001100111100101010110100111001110011010001111100001101010000111000110101101011110001010101010010000000010011101100110000001111000000001101100100000101011111011000011001011101000010001001110000101011111111101100110110011010100011001100101000000101111000011010010111100
8100 0.842092100028 001000110010101111000001101111101010100100100001010100100011010000110000101110111111101110000100100101011010110110110001100111100101010110100111101110011010011111100001101010000111000010101101011110001010101010110000000000011101000110100001111000000000101110100000101011111011001010001101101000010001001110000101011110111111100110110011010100011001100101000000001111100011010010111100
8200 0.841211238854 001000110010101111000001101111101010100100100001010100100011011000110000101110111110101010000110100101011010110110110001100111100101010110100111101110011010011111100001101010000101000010101101011110001011101010110000000010011001000110100001111000000000101100100000101011111011001010001001101000010001001110000101101111111111100110110011010100011001100101000000101111100011010010111100
8300 0.841084217602 001000110010101111000001101111101010100100101001010100100011001000110000101110111110101010000110000101010010110110110001100111100101010110100111101110011010011111100001101010000111000010101101011110001010101010110001000010011001000110100001111000000010101100100000101011111011000010001001101000010001001110000101111111111111100110110011010100011001100101001000101111100011010010111101
8400 0.840588748538 001000110010101111000001101111101010100100101001010100100011011000110000101110111111101010000110000101010010110110110101100111100101000110100111001110011010011111100001101010000111000010101101011110001010101010110000100010011101000110100001111100000000101100100000101011111011000010001101001000010001001110000101011111111101100110110011010100011000100101001000101111000011010010111101
8500 0.841648819206 001000010010101111000001101111101010100100101001010101100011111000010000101110111110101010000110000101010010010111110101100111100101010110100111001110011010011111100001101010000111000010111101011100001010101010110001000010011001000110100001111000000000111100100000101011111011001010001001101000010001001110000101011111111111100110110011010100011001100101000000101111000011010010111100
8600 0.841205581066 001000110010101110000001101111101010100100101001010101100011111000010000101110111111101010000110100101010010010110110001100111100101010110100110001110011010011111100001101010000111000010101101011100001010101010010000010010011101000110100001111100000001101100100000101011111011000010001101101000010001001110000101011111111101100110110011010100011001100101000000101111110011010010111100
8700 0.840314573282 001000110010101110000001101011101010100100101001010101100011111000010000101110111111101010000110100101010010110110110001100111100101010110100111001110011010011111100001101010000111000010101101011100001010101010110000010010011101000110100001111000000001101100100000101011111011000010001101100000010001001110000100111111111100100110110011010100011001100101001000101111000011010010111100
8800 0.841115533818 001000110010101111000001101111101010100100101001010101100011111000010000101110111111101010000010100101010010110110110001100111100101010110100011001110011010011111100001101010000111000010101101011100001010101010110000010010011101000110100001111000000000111100100000101011111011000010001111101000010001001110000100011111111110100110110011010100011001100101001000101101000011010010111100
8900 0.83974919586 001000110010101111000001101111101010100100101001010101100011011000010000101110111111101010000010000101010010110110110101100111100101010110100111001110011010011111100001101010000111000010101101011100001010101010110000010010011101000110100001111000000000101100100000101011111011000010001101100000010001000110001100011111111101100010110011010100011001100101001000101101000011010010111100
9000 0.840343376954 001000110010101111000001101011101010100100101001010101100011111000010000101110111111101010000010000101010010110110110101100111100101010110100101001110011010011111100001101010000111000010101101011100001010101010110000010010011101000110100001111000000001101100100000101011111011000010001101100000010001000110001100011111111101100110110011010100011001100101001000101101000011010010111100
9100 0.840863838897 001000110010101110000001101111101010100100101001010101100011111000010000101110111111101010000110000101010010010111110101100111100101010110100111001110011010011111100001101010000111000010101101011100001010101010110001110010011101000110100001111000000000001100100000101111111011000010001001100000010001000110000100011111111100100110110011000100011001101101001000101111010011010010111100
9200 0.841091403424 001000110010101110000001101111101010100100101001010101100011011000010000101110111101101110000110100101010010110110110001100111100101010110100110001110011010011111100001101010100111000010101101011100001010101010110000010010011101000110100001110100000000001100100000101011111010000010000111101000011001001110000101011111111111100110110011010100011001100101001000101111010011010010111100
9300 0.841101400035 001000110010101110000001101111101010100100101001010100100001111000010000101110111111101010000010000111010010110110110101100111100101010110110111001110011000011111100001101010000111000010101101011100001010101010110000110010011101000110100001111000000100001100100000101011111001000010001001100000010001001110000100011011111101100110110011010100011001101101001000101111000011010010111100
9400 0.841298135608 001000110010101110000001101111101010100100101101010101100011011000110000101110111111100000000110000101010010110110110101110111100101010110100111001110011010011111100001101010000111000010101101011100001010001010110000110010011101000110100001111000000000101100100000101111111011000011001001100000010001000110000100011111111100100110110011000100011001101101001000101111000011010010111100
9500 0.840209287709 001000110010101110000001101111101010100100101001010101100011010000010000101110111111101010000110000101010010110100110101110101100101010110100111001110011010011111100001101010000111000010101101011100001010101010110000110010011101000110100001110000000001101100100000101011111011000110001001100000010001001110000100011111111100100110111011000100011001101101001000101111000011010010111100
9600 0.841085439743 001000110010101111000001101111111010100100101001010101100011101000010000101110111111101010000100000101010010111110010101100111100101010110100111001110011010011111100001101010000111000010101101011100001010101010110000110010011101000110100001111000000001001100110000101111110011000010001001100000010001001110000100011111111101100110110001011100011001101100001000101111000011010010111100
9700 0.840911045415 001000110010101110010001101111101010100100101001010101100011011010110000111010111111100000000111000101010010110110110101100111100101010110100111001110011010011111100001101010000111000010101101011100001010101010110000110010011101000110100011111000000000001100100000101011110011000011001101100000010000000110000100011111101101100010110001010100011001101101001000101111000111010010111100
9800 0.841197874095 001000110010101111000001101111101010100100101001010101100011110000010000111110111111100010000110000101010010110100110101100111100101010110100111001110011010011111100001101010000111000010101101011100000010001010110000000010010101000110110001111000000001011101100000101011111011000010001001101000010001001110000100011111111101100110110011010100011001101101001000101111000111010010111100
9900 0.840630969982 001000110010101110010001101111101010100000101001010101100011111000110000101110111110100000001111000101010010110111110101100111100101010110100111001110011010011111100001101010000111000010101101011100001010101010110000110010011101000110100011111000000000001100100000101011111011000010001111100000010001001110000100011111111001100010110001010100011001101101001000101111000011010010111100
10000 0.841356981266 001000110010101111000001101111101010100100101001010101100011111000010000111110111110100010000110000101011000111111110101100111000101010110100111001110011010011111100001101010000111000010101101011100000010001010110000110010011101000110110011111000000001011100100000101011111011000010001001100000010001000110000100011111101001100010110011010100011001101101001000101111000011010000111100
10100 0.84177031263 001000110010101110000101101111101010100000101001010101100011111000010000101110111111101000000111010101010010110110110101100111100101000110100111001110011010011111100001101010000111000010100101011100001010101010110000010010011001000110100001111000000001101100100000101011111011000010001111101000000001001110000100011111101100100010110011010100011001101101001100101111000011010010111100
Mejor resultado: 0.83974919586 001000110010101111000001101111101010100100101001010101100011011000010000101110111111101010000010000101010010110110110101100111100101010110100111001110011010011111100001101010000111000010101101011100001010101010110000010010011101000110100001111000000000101100100000101011111011000010001101100000010001000110001100011111111101100010110011010100011001100101001000101101000011010010111100
