400 0.923212638598 001010000000110111011110101110111111110100110011111110001100101110001111100011111110101001001101010101111011010111110011100101101100001001110110001011010110101111111100101101010001101111111000010101100111111101010111010111100110001111100011111110111000111110110111000001011101001001001111110011011101000100010110100010101011110111111111011101111000011001000110111001111001000110010010
600 0.901218237273 111101011010110111111101101010111110001101011111011111001110110010000101001100111101101000101111101101101101101100110111010000011100010111100010101001101111001111100001100111011010100011001111111100010110101111101001110110011011001001001011111110111101111001110001110111010111010011001101101111010010101111111101110101111101111001110011110100001010011011000001100111001010000010000111
800 0.893772796935 011001111010010111011111101110111110111001011011101111010010111110000101101000111111101001101111001101101101101000110111000100110100010101110011001011101111001111110101100111011000100111011101111100100110111111111001110111000011001101100001111110111100111100111011010111011111010011001101101011010010001110111101110101101101111001111011011101011001011101010001101011011010000110000111
1000 0.886839345196 111000010010011111001101101111111010001000010111101111110010111100000111100001111111101010001111101101011110000111110111110000111110000110110010001011100110101111100100100001001001001111101111111101101100101111110011010010010111001111111011111010111100111101110101001011110111010011011111100110011011000111110101110100111110111010101011011101011000111111010110111001011101001110000011
1200 0.885229677771 001100000010110111111100111101101110101100110011010110101100110110010101111111110101001000101110000110000100100111010001111110100100100111100000001010011011001111111001111110011110100010101110011100010100111010011011010110111110101111100011110110101101111101110001111111111111010111011101111111011000001100111101010101111011111101111111101101011010011101100100101101010111000011010111
1400 0.881892061719 101010010010101111001101101111111010011001111111111111010010111100000111101011111111101000001111101101111111000111110111110110110110000110110011001010000110101111110100100011001000001111101111111100101110111111110001110110000111001111000011111100000101111101111001011011110101010011011101100010011010000101011101110100101101111000111011011100011101111101010100101001011101000010000011
1600 0.877403787384 001100000010010111011101101111111110100100110111011110111010110110000111101011111101101000001110101100001110100111010011011010100101100110110010001010101110001111110100101010001010100110111111111100010110101010010001010010010110001111100011111110111101111101111001011011110111010111011101111010011000001100011101110101101011111101111011011100111000111111110100101011010111000110010011
1800 0.872802716387 001110010110100111001101101110111010001101111011001110001010111110010111001001111101101001001110101101100111100110110111110110110101000110110011001000000010101111110101101011001000000010001111011100100110111110111001110010000111001111100011110000101101111101110001001111111111010010101101111010011011000111011101111101101111110000111011111100011001111101010100101001010111000010000011
2000 0.869542394522 001100010110100111001101101100111010101100110011001111011010111100010101001001111101101001001110100101000111000110110111010100110101000110110011001011000010001111110101111011001010000010101111011100100100111110111001110010010011001111000011110000000001111101110001001111111111010010011101110010011011000111011101111110111111111001111011111100011011011101010100101011010011000010000011
2200 0.866884134001 001100010010110111001100101100111010101100110111011110011010111100000101101111111101001001101110100100000011100111110111111100110101010110110001001011001010001111110001101010001010001010101111010100011110111010011001110011011011001111100011110000101101111101110001101011110111010011001111110110010011000111011101111101101001110111111011111110011000111101000000001001010011000010010010
2400 0.864995053307 001100010010100111011101101111101010100000110011011110001010111100000101101010111101101000001110100100001111100111010111110110110101000010110011001110001010101101110000101010011100100110101111011100010100101010111001010110001111001111100011110110100001111101110001101011110111010011101101111011011001000111001101110101111110111000111011111100011001011101010000101011010011000110010011
2600 0.862711676145 001100010010110111001101101111111010100100110111001111011010110110010111101010111101101000101110100100000111000110110101110110110101000110110011001000000010001111110001100010011100100010101111011100010110101110011001110110010001001111100011110000100001111100110001101111111011010011101101111000011011000100011101110111111111111000111011011101010011011101000100101011011011000010000011
2800 0.860186464911 001110010010100111001101101111101010000101110011001110111010111000000100101001111101101010001110100101000111100110110101110111100101000110110001001010101010001111110000101011011010000000101111011100000110111110010001010010010111001111010011110000000101111100110001101011111111010011001101111010011001000111011101111111111011110100111011011100010011011101010000101011010011000010000011
3000 0.857531332599 001100010010100111001101101111101010000100110111001111111010110000000101101000111100001010001110100101000111110110110101110111110101000110110001001001001010000111110001101011011010000010101111011100000110111110110001010010010011001111000011110000000001111100110001001011111111010011001101111000011001000111111101111111111111110000111011011100010001011101010100101011010011000010010011
3200 0.857276921234 001100010010100111001101101111101010100100110111011111011010111110010101101001111101101010101110100100000110100110110111110100110101000110110001001000001010001111110001101011011000000010101111011100000110101110011001110010010011000111100011110000000001111100110001101011111011010011101101111000011011000100011101111111111111110000111011011101010001011101010100101011011011000010000011
3400 0.856086722479 001100010010100111001101101111101010000100110111001110011010111000010101101000111101101010001110100100000110010110110101110111110101010110110011001001001010000111110001101011011010100010001111011100010110101110110001010010010111001110100011110000000001111100110001101011111111010011001101111000011001000110011101110111111111110000111011011100010001011101010100101011010011000110010011
3600 0.854005156555 001100010010100101001101101111111010100100110011011111011010111100110101101000111100001010001110100100000110110110110101110101110101000110110011001000001010001111110001101001011100000010101111010100000110101110010001110010010011001111100011110000000001111101110001101011111011010010001101111000011001000110011101111111111111110000111011111100011001011101010100101011011011000010010011
3800 0.853457553129 001100010010100111001101101111101010100000110011011111011010111100010101101000111100001010101110100100000110110110110101110100110101000110110011001000001010000111110001101001011110000010101111010100000110101110011001110010010111000111100011110000000001111100110001101011111111010011001101110000011011000111011101110101111111110010111011011100011001011101000100101011011011000010010011
4000 0.852449314305 001100010010100111001101101111101010100100110111001100011010111100010101101000111100001010001110100100000110000110110101110110110101000110110011001010001010001111110001101000011110000010101111011100000110101110110001110010010111000111101011110000000001111100110001101011111111010011001101111100011011000110011101111111111111110000111011011100011001011101000100101011010011000010110011
4200 0.851608946475 001100010010100111001101101111111010100100110111001100011010111000010101101000111100001010001110100100000110000110110101110110110101000110110001001000001010001111110001101001111110000010101111011100010110101110110001110010010111000110101011110000000001111100110001101011111111010011001101111100011011000110011101111111111111110000111011011100011001011101000100101011010011000010110011
4400 0.850295308137 001100010010101111001101101111101010100100110111000100011010111000010101101000111100001010001110100100000010000110110101110111110101000110110011001000001010001111110001101000101110000010101111011100010110111110110001010010010111000111000011110000000001111100110001101011111111010011001101111000011001100110011101011111111111110000111011011100011001010101000100101011011011000010010011
4600 0.849507604629 001100010010100111001101101111101010100100110101000100011010111000010101101000111100001010001110100100000110100110110101110101110101000110110011001000000010001111110001101010011110000010101111011100000110101110110001010010010111000110100011110000000001111100110001101011111111010011001101111100011011100110011101111111111111110000111011010100011001011101010100101011010011000010100011
4800 0.848527579148 001100010010101111001101101111101010100000110111010100011010111000010101101000111100001010001110100100000010000110110101100111110101000110110011001010001110001111110001101000001110000010101111011100000110111110110001110010010111000110100011110000000001101100110001101011111111010011001101111000011001000110011101011111111111110000111011011100011001010101000100101011011011000010010011
5000 0.848577097564 001100010010100111001101101111101010100100110101000100011010111000010101101000111101101000101110100100000110100110110101100101110101000110110011001000000010001111110001101010011110000010101111011100000010101110110001010010010111000110100011110000000001101100100001001011111111010011001101111100011011100110011101011111111111110010111011010100011001011101000100101011011011000010100011
5200 0.846896792705 001100010010100111001101101111101010100100110111000100011010111000010101101000111100101000101110100100000110100110110101100101110101000110110011001010000010001111110001101000001110000010101111011100000010101110110001110010010111000110100011110000000001101100100001101011111111010011001101111100011001000110011101011111111111110010111011010100011001010101000100101011011011000010110011
5400 0.846430547858 001100010010101111001101101111101010100100110111010100111010111000010101101000111100001010001110100100000110110110110101100111110101000110110011001000000010001111110001101000011110000010101111011100000110101110110001110010010111000110100011111000000001101100100001001011111111010011001101111100011001000110010101011111111111100010111011010100011001010101000000101011011011000010010011
5600 0.845024350851 001100010010101111001001101111101010100100110011010100111010111000010101101000111100001010101110000100000010100110110101100101110101000110110011001010001010001111110001101000011110000010101111010100000110101110110001110010010111000110100011111000000001101100110001101011111111010011001101101100011011000110011101011111111111100010111011010100011001011101000100101011010011000010010011
5800 0.845413930554 001100010010101111001001101111101010100100110001010100111010011000010101101000111100001010101110100100000110100110110101100101110101010110110011001010001010001111110001101000011110000010101111001100000010101110110001110010010111000110100011110000000001101100110001101011111111010011001101101000011011100110011101011111111111100010111011010100011001011101000100101011010011000010010011
6000 0.844467131215 001100010010101111001001101111101010100100110001010100111010111000010101101000111100001010001110100100000010110110110101100101110101000110110011001010001010001111110001101000011110000010101101010100000110101110110001110010010111000110100011111000000001101100100001101011111111000011001101101100011011000110011101011111111111100010111011010100011001011101000100101011011011000010010011
6200 0.843874317088 001100010010101111001001101111101010100100110101010100111010111000010101101000111100001000001110100100000010100110110101100101100101000110110011001010001010001111110001101000011110000010101111011100000110101110110001110010010111000110100011111000000001101100100001101011111111010010001101101100011001000110011101011111111111100010111011010100011001010101000100101011010011000010110011
6400 0.843896463958 001100010010101111001001101111101010100100110101010100111010111000010100101000111100001010101110100100000010100110110101100101110101000110110011001010001010001111110001101000011110000010101111011100000010101110110001110010010111000110100011111000000001101100110001101011111111010011001101101100011011000110011101011111111111100010111011010100011001010101000100101011010011000010010010
6600 0.843529460641 001100010010101111001001101111101010100100110101010100111010111000010100101000111100001010101110100100000010100110110101100101110101000110110011001000001010001111100001101000011110000010101111011100000010101110110001110010010111000110100011111000000001101100110001101011111111010011001101101100011011000110011101011111111111100010111011010100011001011101000100101011010011000010011010
6800 0.844271048111 001100010010101111001001101111101010100100110101010100111010111000010100101000111100001000001100000100000010100110110101100101110101010110110011001110001010001111110001101000011110000010101111011100000010101110110001110010010111000110100111111000000001101100100001101011111111010011001101101000011011000110011101011111111111100010111011010100011001010101000100101011010011000010110011
7000 0.843589190893 001100010010101111001001101111101010100100110001010100111010111100010100101000111100001010001110000100000010100110110101100101100101010110110011001110001010001111110001101000011110000010101111011100000010101110110001010010010111000110100011111000000001101100100001101011111111010011001101101000001011000110011101011111111111100010111011010100011001011101000100101011010011000010110010
7200 0.842655891011 001100010010101111001001101111101010100100110001010100111010111000010100101000111100001010001110000100010010100110110101100101100101000110110011001110001010001111110001101000011110000010101111011100000010101110110001010010010111000110100011111000000001101100100001101011111111010011001101101000011011000110011101011111111111100010111011010100011001011101000100101011010011000010011010
7400 0.842581761789 001100010010101111001001101111101010100100110001010100111010111000010100101000111100001010001110100100000010100110110101100101100101000110110011001010001010001111100001101000011110000010101101011100000010101110110001111010010111000110100011111000000001101100100001101011111111010010001101101100011011001110011101111111111111100010111011010100011001011101000100101011010011000010111010
7600 0.842251918911 001100010010101111001001101111101010100100110001010100111010111000010100101000111000001010001110100100010010110110110101100101100101000110110011001010001010011111100001101000011110000010101101011100000010101110110001110010011111000110100011111000000001101100100001101011111111000010001101101100011011000110011101011111111111100010111011010100011001011101000100101011000011000010111011
7800 0.841615056083 001100010010101111001001101111101010100100110001010100111011111000010100101000111100001010001110100100000010100110110101100101100101010110100011001010001010001111100001101000011110000110101101011100000110101110110001110010010111000110100011111000000001101100100001101011111011000010001101101000011011000110011101111111110111100010111011010100011001011101000100101011010011000010111010
8000 0.841283090539 001100010010101111001001101111101010100100110001010100111011111000010100101000111100001010001110000100000010100110110101100101100101000110110011001010001010011111110001101000011110000110101101011100000010101110110001110010011111000110100011111000000001101100100001101011111011000010001101101000011011000110011101111111110111100010111011010100011001011101000100101011010011000010111010
8200 0.841493935471 001100010010101111001001101111101010100100110001010100111010111000010100101000111000001010001110000100010010100110110101100101100101000110110011001010001010011111110001101000011110000110101101011100000010101110110001110010011111000110100011111000000001101100100001101011111111000011001101101000011001000110011101011111111111100010111011000100011001011101000100101011010011000010111010
