200 0.923536034761 101111111100111011100001000111111011111100011011110010100011001100000010100001111111100111010100010001111111011101010100100011000100011110001010101111010010111000101000101001011100111111101111110010010110100101010001001001011010110111111000011001111110101100110111111011010111010010011111110110001100110011010101011101110110110111011011010110010101010011101111111010001110010011011010
300 0.915162609129 001111111010101011101011010111011101111000000011011010110111001100000010101011111110110111011000010001110110010111110100100001010100111100001010101111010111011000001010101010111100111100111011011110000110000101110001011011011000110111111001111000011110000110110011101001110111110010011101001110001100111011011111011110101111100011011111010111010101010001111100111010000110010011011111
400 0.896269298024 100110110010101011000011010111011001100000010101111011110111001110000110111011101110111011011000000101111110000101010111110001111100011110101011111111011111111000000010111000111010111011110111010110100111000001110001111011011000110110011001111000010110000110110011101001010111000010011110001110011110001011011111111111111110101011111111011111110001010001001100111110100111010011111011
500 0.894187369378 100101111011001011100001011111011000110010010111111011110000011110000110111111101111111111011000010100111110100101100101111011000100111111011011101111011111111110001010111000111011110011110101010110101100000001110001010011011000010110111001111001010110101000110011101001011110000010011110100110010110000011011101111110111110100111111011000101110001110001001110111110101111010001111011
600 0.889335493934 100111111000101011000100010111011011100100010111111010110011001000000010111000111111111011011010000101111010000101110111100001111110111000101010101111001110111101101010101010101010011011111111011110100111010001110011101011011000110110011101111000010110000111110010100011010110000011011110101110100100100011011101011111111111110011111011011111111001010111001101101010010111010010011011
700 0.886091871381 101111110000101011100100100111011111000100011111110011110011001100000010111000111110111011010010100101111110100101110101110101100100101100111110001111011010011101001010101010101010011001111111011010000111100001110011101001011100000110111101111000010110000010110010100001111110000011011100111110010010100011011101111111111111111111111011011111110011011111001101101110010110010010111011
800 0.884234253871 101111111110101010100101001111101000100100110111110010100101011000000010111001101110001011011010011101111010000111100101110011011111011111101011101111001010111101111010101010011001110010111001110100001111000001010011010011001101101110001101111010010010101110110010101001011110010011010110101110011001000011010101111111111111100010111011111101110001011101001110100101010101010000111011
900 0.879064765044 101111111010101011110100000111111001110100010110110010100001001000000011111011101110001101011000000101111110100111110101110001110100001110101010101111011110111111011000011000111111110010110101111010000111101011110001010010001101110110111001111000000110001100110011101001011111000010011010100110011101101011011101111111111111100111010011011100110001011001001100101010011111010010111010
1000 0.875634528815 101111111010101010100100101111101011100000010111110010100001001000100010111011101110001001001010101100111110100111111101110101110111100110101010101111001110111111001001101100011101010010110101111000101111100001110000110000001101110110111001111000000100101100110010001001001110000010011010100110011001101111011101111101111111100111011011111100110001011101101110101000011110010010111011
1100 0.873185807506 001111111010101001000100000011011001110100010111110010000101001001000011111010110110001011001110000100111110000111110100110111100101001100101010101111011010111101011000111000101111010010110101111010001111100010110001101010001001100110111011111010000100011110110000101011011011010110011010100110011100100011011101111111111111100111110111010101110001011001001100101011110111010010111100
1200 0.875153479127 000111011010001011100101011011111111100100110111110011100001001001000011101101100110001001111010000100111010101111110101110111100100100110101010101111001110011111001000101000111101000010110101011011100111100001110001110010001001110110110101111000001100111110110011001001011111000110010011100111011001000111011101111111110111100111110011100101110011011101101010101000011111010010111101
1300 0.869228968504 001111111010101011110001001011011001100000110111110010100011011001000001111011110110001001101110100100111110101111111101110101100100010110001010101111001010101111001000101100011111000010110101011100000111100001110001110010010100100110110001110000001100111110110011001001011100010110111011100110011001000011011101111011111111100111110011101101110001010001101110101011011111000010111101
1400 0.86976385336 001111111010101011110001101011001001100000110101100110100101111001000001111001111110001001101110000100111010101111110101110111110100010110001000101111011010111101001000101100001111100010110101011000001111100001010001111010010100100110111101111010001100111110110011001011011100010110101001100110011001000011011101111011111111100111110011001101010001000001101100101011011011000000111101
1500 0.870494957207 001101111010101011100001001010011001100000110101010110100111011001000001111011111110001001100110000100111010101111111101110111110101010110001010101111011011111111001000101101011100100010110101011000001111100001010001111010010101100110111111111000001100111110100011001011011100000110101001100110011001000011011101111011111111101111110011011101011001010001101110101011011011100010011101
1600 0.872054470693 001101110010001011110001001010001011110100110101100111100111001001100001111011111110000001010110000100111010111101010101110111100100010110001101101111011000101111001000101101010111100010111101011010001111100001010001111000010101100110111111111010001000111110100011001111011100010111101101100110111001001011011101111011111011101111110011010101010001000001101110101011111011000010011100
1700 0.870624308355 001001111011000011011001101011001111100100110101110111100001001000100010111001111110011000001111000100011010101101100101111111100110010011001011101111111010011110001000101100011111000010111001001010000111100001110001110010010101100110110111111110100100111110110010001110011100010110101111100110000000001011011101111011111011110111110011010101010001001101101010101011111010001010111101
1800 0.870296159708 001001111010000011011001101011001111100100110101110111100001001000100010111001111110011000001111000100011010101101100101111111110110010011101011101111111010011110001000101100011111000010111001001010000111100001110001110010100101100110110101111110100100111110110000001110010100010110101111100110000001001111001101011011111011110111111011010101011001001101101010101011110010001010111111
1900 0.870072177577 011001110000000011111001101011001101100100110100110111100000001000100000111000111010001011011110001100111010101111111001111111110110010111101011101111111010011110001000101100010101000110111101001110001111100000110001110010111101100110110111010110000100111110110000001111010100010110101101100110001001001111011101111011111111110101111011011101011011001101101010101011100111000010111101
2000 0.869034311477 001101110011000011010011101011001011100100011101110101100001001000010001101011111110111000011111000100101110110111100101111111110110010110000010101111110100111101011000101101011111000010101101001010101011100001110000110010010101110110010011111110010001111000110000000111011101010110101000100110010001001010011101111011011011100101110011100101110001000001001000101111100010010011111101
2100 0.869186549462 001101110011000011110101101011101000100100010001100101100001001001110001101011101110101000011111000100111110100101110101010101110110010110000011101011000110111101001000101101010111000010101101001000101111100001110001110010010101100111011011111110001100111100110001000111111100010110111101100110010001001010011101111011011011110101110011100101110011100001001000101111110110000010111101
2200 0.867674013879 001101110011000011010111101111001001100100110001000101101001001010010100100011111110101000011111000100111110100111110101010111110110010110000110101011110110111111010000101101010111000010001101001000101010100001110000110110110111100110011011111110011100011100100010001111111100011110001101100110000001001010001101111011011011100100110011100101110011100101001000101011110010010011111101
2300 0.867473487736 001111110011000011110111101111101000100100110001110001100001001000111100100011111110101000001111010100111010100101110111010111110011010110000111101001010010111111011000101101010101100010001101001000011010100001110000010010010111100110111011111110001101111100100000001111111101010110101101100110000001001100011101111001011001100101010010101100110101100101001000101111111110000010111111
2400 0.867142003141 001111110011001011110011101111001010100100010001110101100001011000111101101001111110101000011011110100101110100101110111110111110111000110000011101000010110111111000001101101010101100010101101001010011010100001110010011110111111100110011001111110000101011100100000001111111100011110101101100110001001001110001101110001011111100110010010101100110001100101000000101111111110000010101111
2500 0.864477187327 101101010011000011010111101111000111100100110001010101101001101100110100101011100111100000011111000110111110011101110001110111110111010110000011001100110110111101011001101101010111000010100101001000001011110001010001110010111101100110111011110110000100011100100000001111101101011100011101100110101001001010001100101101001011100011110111000100110001000101101010101111000110010010111101
2600 0.865909651205 101101010010001010010011101111000011100000110001010101101001011100010100101011101110101010011111100111101110011100110101110111100111010110000111000000010110111101011001101000010111000010100101001010001011100001111010110010101101100110110010110110000101011110100000001111111100011010011101010110101001001010001100111111011011100111110001010100111001110101101000101110100111000010110111
2700 0.864948663944 101101010001001010010011111110001011000000110001010101101001001100010100101011111111101010001101000110101100011110110101110111100111010110000011000010110110101111011001101000110111000011100101001000001011110001011010111010111101100110110010111110000101011100000100001111111101011110011101110110001001001010101100111111011111100110110011000100110001110101010000101111100011000110111110
2800 0.867470942868 101101010011001011010111101111101001100000110101010101101001001000010000110011101110101010001111100101111110011100110011110001100111010100110011000110110110111111011001101001000111010110100101001000001011100001000011110010111000100110111010011100010101011110100000001111111101011010011101010110101001101110001100101101111111100011010101010100110001110101101000101111010011010010110111
2900 0.867108744101 101101110011001011010111101111111001100000110101010101101001001000010000110011101111101010001111100101011110011100110011110001100111000100110011000110110100111111011001101001000111010110100101001100001011100001010011110010111000100110111010011100110001011110100000001111111101011010011101010110101001111110001100101101111111100011010101010110010001110101101000101110010011010000110111
3000 0.866114248004 100111110010101011010010101111001011100000111001110101101101011100110100111001111011100010001111000101111100010111110101110110000111010110100101001111100110101111010001101001010101001010100101001000001011101001111000111010011101100110111010110010000011011110000000001111110001001010011101110100001011101010001100111101101011100111110111001101110001100101000000101110110010000011111110
3100 0.866486220098 100111111010101011010011101111101011100001110001010101111001011010110101111001111111110110001111010101111100010110111001110111000111010110100111101111110110111110010001101001010101000010100011001010001011111001000001111010001001100110111010110010000011011110000000000111110101001010011001111110000101101110101100101111101101100010110001010100010001100101001000101111010010000010111111
3200 0.866486453762 101111111010100011011011101110111110100000110000010101011001111010010100110001111111011110001111110100101111010111111001111011110101010010100111001111110110111110010001101000110111000010100011001110001011001001010001001010011101100110111011111100000000011110000000000111110101011010011111110111000001101110101100101111001011100010110001010100110001101111001000100111010011000110111111
3300 0.868241461321 001111111010100011011011101110011110000000110001110101011001111010010100111001111101100111100111010100101111110100110001111001010101010010101111001111110100111111110001101001011111000000100111001000101010010001010001111010011101100110011001110000000001011110000000100111110001011010011101111110010001101110101100101011011011100010110001011100110101101111001000000111111010000110111101
3400 0.867364310732 000111101011101011011011100110101110100000110001010101011001111110010100111001111111101110100111010100101111110111110101111001010101110010100011001111110110101110111001101101000111001000000111001000101001111001010001111010011101100010011001110000000010011110000000100111110001001010011111110111011001101110101100101011000011100010111001010100110101101111001000000111111011000010111101
3500 0.870149552949 000111101010100011011011100110101110100000110000110101011001111110010100111011111101101110100101010100111111110100110101111001010101010010101111001111110100101110110001101100001111001000100111001000101001111001011001111010011101100110011001011000000001011110000000100111110001001010011101110111011001101110101100001011001011100010110011010100110101101111001000000111111011000011111101
3600 0.869747661378 001111100010101111011011100110101110100000110001010101111011111110010100111001111101111100100101010110111111010101110101111101010111011110100011001111110100101111100001100000101111011000001111001000100001101001010001111010011001100010010001110000000011011110000000001111110001001010011111110111011001100110101100001001001100100010110011100100110101100101000000100111101111000011111001
3700 0.869251246595 001011110010111011011011100010101010100000110001010110011010111110010100111001111111111110100111000101111111010101110001111101110011010010100111001111100110111111101001111100001111000010101101001010001001100011010001111011011000110110010001111000100011011010010000101111111001001010011101110101011001100110001100111111101110100010100011110100111001100101000001000111110101000011111001
3800 0.869135374465 000101000010100011110011101110101111100101110000010101111001101110110100111010101111101110100001010101111010110100110101111001110111010111100011001011010010111111010001101010101111001000001011101000111010101001010001111010011111100111111011110000000000111110001000100111110001000010111100110110010001101111111100101001010011100011110001010100110101101111001001000111111111001110111101
3900 0.867917669552 001110110010100011010011101100011010110000110001010111010111100010110100111110111111101010010001000100111110110110110001111001110101010010100011001111100110111110110000101000010101100010101111001100101101111001010011011110111000100110110001111010100100011110010000101011110001111010011101110101010001100011011100111001100011100011110011000100010001101101101000000101111111100110111101
4000 0.868118793841 000101010010100010110111101110111111110110110001010101111011101110110100101010111101000010100001010001001010110110100101111001110111010011101001001111110110111111010001101010111111111100001111101000111010001000010001111010001111100110110011110000100000011110000000101111110001000110011101110110010001001111011100111001001001100001110001010100110111101111101000000101111111000110111101
4100 0.867028983316 001101110011100010110011101110111010010100010001010101111010101100110110101110111100000000100001010100111011010110110101111001111111010101100101001111110100111111000001101010001101100000001111001000111010101001010001111011011011100110010011110010100000011110000000101111110001001110011101110101010001101111011100011001111010101011011001010100110011101101101010000001111111010110111101
4200 0.866937867514 000101011010100010100111101111111110110100010001110101111011101010100100101110111100001010100001010001101000110110100101111101110111110110101001001111110010111111110001100010101111100010001101101000011010101010010001111010001111100110111011110001100100000111000000101111111001000110001101110110010001001110011100111001111101100010110001010100011001101111101000111101111111100110111101
4300 0.865795269323 000101010011100010100101101100111011110101110001010100111010001011110100101110111000101010100001010000101011110110110101111001110110110111101011001111111100111111000101111000001111100010101101101000111010101010010001110010001111100110110011111001100000001110000000101111110001000111001101110101011001001110011100101001101001100011111010010100111010101111101000010101111111000010111101
4400 0.867222881049 011001110010100111010111100110111001100000110001010101111010111100100100101010111001111010001001000101111110100110110101110001110011010010100011001111110110111111100001101010011111011110101111111100111000001010010011111010001111100110100011110001100001011010000001101110110000000110011001010000010001101111111101111001011011100010110110010110110001101101101000001100101111001110111101
4500 0.870471429524 000101010011100111100101100110111000110000110001010101110100101100110110101110111100101010000001100011111010110110111101111111101011110010100001001011010110111111010101101110001111010110101111111100111010001000010011111010001111100110110111110001100101010110000101101110111001000110011001000000011001000110011101011001001011100010010010000110111000101111101100001101011111000110111101
4600 0.868637390916 000100010010101111101101110110111000110110110001010101110100101110110110110110111110101011100001110011110010110110101101110111100011110110100000000011011111111111010001101110001011010110101101111100111011101110010001111010001111100110010111100000100010000110000001101110111001000110011001010000011001001110001100010000100011100011110011010100111000101101101100101101011111000110111101
4700 0.868973777702 001101110010100011010101101010111010100101100000010101011110111110010100111110111011100000101000000000110111011110110101111101110111010101101011001101010010110111011001101010001111001100001101100100000010101010010001101010001111100101101011011001100101010111000000101111111011100110011111111100010001001111011100010001101110110011100010010100111010111111101100001110100011001110111111
4800 0.869354018083 000000010010100111100101100110111010110001110001011111011011011101110100111110111000001011101001010001111110110100110101110111100110111110100010000111010110110111000001101110010111110110001101111100010010101100110011111110011111100111110101110000100001011110000001101011111001000110001101110100011001001010111100110011110001110010111111010000100011101101000101100101001111000110111110
4900 0.871805946814 001000010011101010110111101111111010100001100001011101011010111011010111111110111010101010101001110000111111011110110101011111111110110111100011001101011010100111000001101010000101010110001101101000000010101110010001101111001101100110111011010001100001101010100001101111011011000111001101110100010001001011011100001011111000100011001110010000110011101101001100100110100111000110111110
5000 0.871137673238 001100010010100110110011101110101110101000111101011111101010011110110100111110111110101010100001010000111111011110110101110101101110111111101011001100001110110111000000101111000101000011101101101000110010101101010001011001011111100111111011111000100111010110100001101111011011000011101111010100010001011111010100111101011110000110101011000000110011100101001000011111101011001010111110
5100 0.8715141767 001100010010000110110010101110111010101001110101011101101010011111110100111110111110101010101001110000111110011110110101010101111110100111101011001100001110110111000001101011000101000010101001101000011011111101010001111011011111100101111011111000100111110110100011101111011011000111111111010101010001011111010101011111010110000110101010010000110011100101001000101111001011101010111110
5200 0.868817470588 001100110010100011010100101110101110100000110101111101101010011110010100111110111110101010001001010000111111011110110101110101101110110111100011001100001110110111000000101011000101000110101101101000011000101011010001111011011111100111111001111100100101100110100001100111111011000111011111010100010001111110010100011111010110011110101010000000110011100101001100100111001111101010111100
5300 0.866660722761 000101010010101011100101101110111010111100110101101101101010011110010100111010111110101110101001110000111101011110110001110001101110100111100011001110000110010101000000101011000101000010101101101000110000101111110001111011011111100111111001011001101110100110100000101111111011000110011111010100010001101110011100011110010110000110111010000000110011100101011000001111001011101010111110
5400 0.868723248894 100100111111100010010101111111100110101100111101110100101010011011010100101010111011100001100001011000110110111110110011110111011010110111100011001100001000011111000000101110000001010000101101101100010010101010010001101010011111100111110101010100100011101100100000101111111011000111101111110100010111011110011101011111111110111110100011100100110011100101011100101111001011100010011110
5500 0.866365784726 100100111011100010010101111111100110111101111101010100101010011011110000101010110011000001100001011000110110111110110111110111111010110111100011001100001000011111000001101110000001010000101101011100010010101010010001101010011111100111110101010100100011101100100000101011111011000111101111110100010111011110011101011111111100111110100011100100110011100001001100101111001010100010011110
5600 0.867169459964 110101010010101111010101101111111011101100110101111101111000111110000100101010101110101100001010000010111101111110111101100001101110110111100011011100001010010101000000101010000101000110101101100101111001111111110000111011000111100111011001011001001111101110110001101111111011000110011111010100010001101011011000011111010110100110101011001000110001101101111000001011101011000010111100
5700 0.868095057885 100100000010100011011100111100111110110100110001111100101010010110010000101110110110101011001111011000111111110110110111110010100110100110100011011110001110011101001001101111000101000010101101111110011100100111010001111011011000100111011101010000101111101101100000101111110011000110001111111100000001110110011100011011111100100110110010010100010011111101111001111111101011001010011110
5800 0.868954358264 100100001110110011011001101101011110110110110101111101101010011111110000101110111110101100001011010000111111011110110001111011100110100110100011011110001110011111001001101111000111010011101101111100011100100111110000101000011000100111011001011000101011100111100000100011110011000110001011110110110001110111011100011111111011000100111010010100100011111101111001001011101111001010011100
5900 0.869746830761 100100011110100011111101101110011010110101110101101101110010011101110100111010111110101010010110010000111111011111110001110011100110100111100011011000001110010101001001001111000111110011101111001001010011101111110000111100011101000101011001011100100011100110110000101011110011000110011011101000111011001110011001011111111011100110101010011100101001101101111101000010101011000010011100
6000 0.868784114407 100101000111100011110001111100111110111100110001111101101110001010110100101110111110101000101001000010100111111010110111101010100110100110100011011100011110010011001001101110001111000011111101111100011100101011110101101011111010000110110101010000000111101100100000101011110011000011111011111010010001101110001100011111011101000000111010011100110011111101011001101011001111000010011110
6100 0.869265559178 100101000011101111010001111101111110101110110001111101010110001010010100101110111110111000001011100010010111011110010001100010101110011110100011011010011100010111100001101111101101000010111101011100110000101111110001111011110000100111100101010000000111101110100111101111110011000111110111100010010001101110000100011111111111100100111010001100011011101101001001101011011011000000010100
6200 0.868945692771 110101010011100011011001011111111110101101110001111101011010011010010100100110101110101010101111101010110011010110101001111011100111100111100011011010010110010111001101101111000110100010101101011110011000101011110000101010011101000111010101001001001110101100100010101011110011011110101011100010010001001110000100110111011111010100101011000000111011101101111000101011001011010010010011
6300 0.867868287051 100111111010110011010000111101011100100101110001111101110010001010110100100110011010101100001011111110000011111110110001110110110011000110100101011010011110010111000000101111000101010010101001011100111010111111110001110001011101101111000011010000001111101110000011101001111011000110110011101000110001001111011111111111111001100010111110010100111011110101001001001011100111010010011100
6400 0.870063746953 100111111010110011000000111101011100100101110001111101110010001010110100100110011010101100001011111110000011111110110001110010110011000110100111011010011110010111000000101111000101010010101101011100111010111111110001110001010101101111000011000000001111101110000011101000111011000110111011101000110001101111011111111111111001100010111110010100111011100101001001001011100111010010011100
6500 0.868691473522 100101011010111011010100011100011010100100110001011101110010101110010100001010011110101101101011111110011011111110111001110110100001000110100111111110010110010111001000111111000111010100101011011100011011101111110001100010111101100111010001011000000011101110000011101001011011010110001010101000110110101111111111011111011011100010111100010100111011110101101000001011100111000110001110
6600 0.869603317582 101111110010010010000001101111011010100101110001110101110011011010110100100110011010101100001010110110110011101110110000110111110011000110100111011010011100010110010001111111000011010010101101011100110010111111110001110000001101101011010111000001011111101110010010101011100011000110100011101000110011101100011101111111111101100010101010010110011011110111101001001011100011010010011100
6700 0.871298565287 101111010010010010000001101111011010100101110101110101100011011010111100110110011010101100001010011110110011101110110001110111110011000110100111011010011100111110010001111111000001010010101101011000110010111111110001110000001100101111010111100001011111101110010010101011100011010110100011101000110011001100011101111111111101100010101010010110011011110111101001001011100111010010011110
6800 0.869335128061 000111111010111101010111101100011000100100110111010001011011101110010110001111001010111111100011101110011111111110110011111111111111000010100111111000110100000111100000001111000101010110101101011100101101101110100001111010011101100111010011011000000111101110000010101001110011011110010010101000010101101110111101011110101010000110000010010101110011100100101000001011100011000010011100
6900 0.869719650921 011111110010100101011100101110011000100100110111010011001010101110110100001111011010101111100011011110010111111110110001110110111110000110100011011010100100101111100000001111000111011110101101011100100111100110100001111000001111100111000101111000011111101110010010101011111011011011110010101000010111001110011100111011110100100110101010010101011011100110101000001011110011000010011100
7000 0.870150804704 101011110010100011101101101011001110101100110101111101100000101010110100101100111010101100001000011100010010111110110001110010110111000100100101011010001100011111100100111111010111011100101101011110010010001111110000110000011001101111010111010000001011101111101011101001111011010110100011101000110011101100011101011011111111100010101111100100011011100000101001001011000111000011011100
7100 0.868132968543 101011111010101011100101101111010010100100110101011101101000001010110110101100011000101100101100011101011000111110010001110010110111000110100101011010001110010111100000111111000111011000101101011110010010001111100000101000011100101111010111011000000011001101000011000011111111010111000011111000110011111100011100011111111111101110101111110100011011000101101001001111000111100110001110
7200 0.866169614644 111111011010101011000101101111000010100100110101000111101000101010110110101100011000101100001100011111011010111110110001110011111110010110100001011010001110010111100000101101100111011001101101011100010010001111111001111000011100101111010111101000000011001101010011001011110110011111100011110010010011101100001101011010111111101110101011010100011011000101001001001111001011000110000110
7300 0.870105199015 111111110000101011001101101110001110100110100101100001111010101010111100101100111000101100101100111110011010011110010001110101111101010100100101011010001110010111100000101111101111010000101101011100010010001111100001111000011100101111000111001000000011011101010010001011110011011011001011101100110011101111001101110111111111111010111111110000011011000101101001001011001011010110010100
7400 0.870780704516 111011110010100111000001001110101010000100110101010101101011001010110110101101111010001101101101010110011000111110010001111011110111000110110001010010100100110111000000111111100111010101101111011110011011001110110001110000011110000110110011011000000111011100000010001001110010011011010011111110110101111100010101111111110111101011101011110000011011000101000001001101001111110110011110
7500 0.868344092428 111011100010100010000101111111000010100100110001110111011010001010110100011100011100101100101110011110011010110000110101110111100110110110100101011010100111110111100000101111101111011000101101011101110011101110111001111000110101100111010001111000100001011101010010001010110011010011100000111000001011101010000101110100111111100110111011100100011011010100101000001011001011010010011101
7600 0.871100540365 101011101110100011010101111111000010100100110001100101110010001010110100101101011000101100111110110110011010110100110101110110110111110110100101011010000111110111100001101111000111010000101101011101110011101110111011111000111101100111000000011000000101011101110010001010110011010111100001111001011111101111000101110110111101101010101011100100011011000101101000001011000011010001001101
7700 0.870096126021 101011111011101011010101101110100010100100110001100101001110001010110100101101011101101111111110111110101011110100110111111111110111110110100101010110000100110111100001101111100110000000111101011001110010101111111000010110111101100110000000011000100101011101010000101010110011010111101000011001011111101110000101101100111001100010101011110000011011010101100000001001001011010100011101
7800 0.867922297643 101111100010001011000001111001000111000100100001100110101010001110010100111100111000001101111100110111011010111100110101110110100111010110110101011010011110110111110001101111010111011011101111011100000011101110111001111000011101100010000011010100000001111101010010100010111111000111001001111000010011101110001100010111101101101111101111000100011011001101101001011011000111010000011100
7900 0.869448465809 101111111010001111010101101001101101000100000001110100101000001110010100011100011000001001111100110100001010111100110101110010110101010110110010001111111100100101100001101111010111010110101101011010110010101111111001101110011101110010001001010000000011111111010000101011111111000111001001111000000011101110001101100101101101100111101111110101011011000101100001001011000111010110011101
8000 0.862286522737 101111011010001111010101101011111101001100100101110100101000001010010101101100011000000011111110111110101010110110110111110011010101010110100101001111111110100101000001101011111111111010101011011110010010101110110001101010010111110010100001010000000001111100010000101011111011000111001101111100000011101110001100001100001101100001101111110101010011001101100001001111000011010110011101
8100 0.865768603791 101111011010101111010101101011111101001100100101110100111001001010010101101100011000000011111110111110101010110110100111110011110101010110100101001111111110100101000001101011111111111010111011011110010010101110110001101010010111110011101001010000001001111000010000101011111011010111001101110100000011101100001100001100001100100001101111110101010011001101100001001111000011010110111101
8200 0.867579397081 101111011110000111010101101111111111001100000101110100111000101110110111100100011000100111111110110110111010110110010111110011110100010110110101001010111110100101001001101011111111111110101011011110100010101110010001110010010111100010001011010000000001011000010010001011111111000111001011110100000011101000001100010101001101100001101111010100010001001101100001101111000011010110101101
8300 0.865269830964 101111111110000111000101101111111101010100000001110100111000001000110111101100011000100011011110111110111010111110110101111011010101010110110111011110110110100111000001101010111111011110101001001110101010101110110001111010010111110010101011010000000001011100010000101011110010000111000011110000000011101001001100010101000101100111101100010101011011001111101001101111000011010110011001
8400 0.865909811902 001111011010100111001001100011101000101100100100010100111001001110010101101100011100100011111110111111101010110100110101111011110111110110100111001011011110000110000001101111111111110010101101011110111111100110011001111010010000101011001011011000000001111100010000101111111011011111001101110110000011101010001000011000010101100111101011010100001010001100100001101011001111010110011101
8500 0.867682471726 001011011010100011001001101011101101001110100111010100111001101010010101101100010110000111111110111111001011011110110101111110110101110110100111001010111111001111000001101010111111011010101101011110111111101110110001100010011100101010100001011000010011011110010000101011110010110110001111011100100011101011001100001000001100100011101111010001010011000101101001101110000111110110011101
8600 0.864662767726 001111101010000111000001101111111000100100110111010100111000001000110101101100011100000011111010111110001011111100110101111011110111110110110111001010111110101110010001101011111111000010101001011110110011100101011001110010011100100011000011011010000101011100011010101011101011010111001101111000010011100100001100110001000111100111001011000101011011001101101001101111010111000110011100
8700 0.868127803213 001111101000000111000001100111111111000100100111010100111010001100110101110100011110000011001110110110101010111100110110110011111111110110100111001000111110111110000011101111111111100010101101011110010011100101011001111010011101110010000011010100000001011110110000101011101011000111001111111000010011100110001100011101010111100111001100000100111010001111101001101111000011000110111100
8800 0.867740565898 001111101000000110000001101111111011100100110101010000111010001000100101100100011110000011111110111111101011111100110111110011110101110110010101001010111110101110010001101010111111000010101001011100110010101101011001101010011101000010000011010100010001011100111000101111111011000111101101011001000111101110001000011101001111100011001111000100011010001001101001101111010111010110111100
8900 0.866739580217 001011101000000110000001111111110011100100110100010000111010011000110101100100011110000011111110111111101110111100111111110011110101110110010101001010111110101110010001101010111111000010101001011100110010101101011001101010011101010010000011011100010001001100111000101111111111000111101101011101010111101110001000011101001111100011001111000100011010101001101001101111010111010110111100
9000 0.866878960577 001101111100100111001001101111011011100000110010010000111010011101010100111100110100000011001111111110101111011011110111110111110101110110000100001110111110010100010001101010011111000000101001011100100111101111111001111010111101111010000011001000000000111101111000101010111011010010101111111000010111100100000001011001100111100001111111000101011011001110101001101111000011010010111101
9100 0.868480044697 001101111110001111010001101111111111100000110010010100111011001101010000111000011100101011011011101110101011001100101111100111100101010110100100001110101111010111010001101010101111011010101001011100100111111101011000111000111101111010000011010010010010011101100000101011111011010010101111111100010011100110000000011001000110110101101111110100110011110100111001101111000011010010111001
9200 0.869090760233 010111110000100011011001101111001010000100110001110100101001101110000101111100101110100011011110000110001001011100111111110111110110110110010101001100111101110111001001101011011111001010101101011110110011111101010001011010011101111111100011001000001000001110010000101011111011010110111111100001000011101110000000010001100111100000100111000101011000001111111001101111001111110110111101
9300 0.866860961873 001101101010101111011001101111011110101000110110000100111001000111000101110100111110000011001011110110101111110100110111111101110101010110100000001110101111000110000001111010111111001000101101011110110011111111011000111010011001101010000011011000000000101100111000101010111010010010101011101000010111110110000000011001101110110100101011110101010011001101101001101111011101010110111001
9400 0.869183231754 011101110010100110001001101111011010101100110111010110101001001110010101101100111110100011001111111110101101110101010011110101110001010110110000001110101110000110000001101010011101000000101110010110110001101110011000111010111101100010000001011000000001101110110000101010111010011011101010001010010111111110000001011011101011100100111111100101010011101101101001101111110001110111111001
9500 0.867193524722 001101110010101111000010101111001010101100110111011100111000001111000101101100111110111011001111111110101111110100110111111101110101010110100000000010101110000110001001101010111100000000101100011100110011111110011000111010111101101010000001011100000000101110111000101010111010011010101011101100010111111110000001011011101111100000111111100101010011001101101001101111010001010111001000
9600 0.86905564436 000101110000100011010011111101111011101010110011010101111001101100000101110000111110100011011110111111110011001010111111100011100110010110100001001111101001001000000001101000111101100010101101011010100010101000011100111001111101111010100011011000100001111100100100101011111011010110101111111100010011101110000100010101101111100100110001010000010011101101111001101011001010000110111100
9700 0.86929715285 000101110000100111011011101101111011101000100010011101111001101111000101110000111111100011011110111110010001000010111111110011100110010110110001111110101101000111000001100001111101100010101111011000000010101100011100111011011001100010100011001110100101011100100000101010111011010110101011111000010011111110000100110111101111110000111111010100010011100101111000101011001111000110101100
9800 0.868888595235 001010110010100111011001100111111011100100110001011100111001100111000101111100110110011011011110101110001001111100111001110111110101010010100010101010101110101111100000101011011111010000101100011011100110111110010001110011011101110010100011001101100000001000100000101010111011010111110010111100010111101110100000011111100111000010110011000111010111101101101000001111001011100110111000
9900 0.869443066095 001101110010100011000001101101111010101000100101010101111001101101100101010100111110000101010110111100100011011110111101100101110011010110110101001011101101011101000000100011111111100000101100010011010011101100111100110001111101100110110011011100110001011110110010101000111111000110101011110100010011101110000101010011101011100000110011010101010001101101111000100111000110000110111100
10000 0.869005929729 011101111010100011001001101101101010101000100011011101100001101011000101110100111111011101010110111110001011011110111101100111110011000110110101001011110101010101000001101001111111000000101110010011000011101101010100111101010101100010110011111100110001001110100000101110111111010110101011110100010010101111000101010111101111100100110111010101010001101101111000001011000110000110001110
10100 0.867285895483 011101110010100011111000101111111010101000100111110101111001101011100101110100111110011100010110111110001011001101111101100111100111010110110000001011110101010111100000100001110111000000101110010011000010111100010100111000011001100010110011110100100001001100100000101000111111010110101011110100010011111101001101011111111111100100100011010100010000101111111000101111011110001110101010
Mejor resultado: 0.862286522737 101111011010001111010101101011111101001100100101110100101000001010010101101100011000000011111110111110101010110110110111110011010101010110100101001111111110100101000001101011111111111010101011011110010010101110110001101010010111110010100001010000000001111100010000101011111011000111001101111100000011101110001100001100001101100001101111110101010011001101100001001111000011010110011101
