200 0.927076707418 101101111101001110111011000001110110110011111101010000010010011010110110110111111111100111111001101100010011111100000110011011001101010000010110010110111100001101011010111101110110110111101101001000101011011111101110001001110111111110000111100010111101110101100100101110100001110111110100110011101000111111111101101111010010111001110011011110010001011101100001111001101011010100111101
300 0.909896716273 011101111101011110111011100110111110110010101101010001110110001001110110111110101111100111111001101110010111101100110111011111101101010101011110011100111100001100111000011011110110011111001101001000101011011111111010001001111110101111001011110001011111110001100110001111100111110111110100110011100001111011110101101101111110101001110011010010010000011100100001111000101011000110111001
400 0.898419932543 001100111101001110111011100010111111110010101101010101110110001000110110111110111111100111111001101110010111101100111110011111101101010111010110011100111100001101111010111111110110110011101101001000101011001111111010001001111111111111001011110011111111110001100100001111100111110111110101110011100001111011110101101111110110111001100001010110010001011100101001111001101011010100111001
500 0.893331447849 011101111100111110110001100110111110110010110101010111100110011110110010111011101111101111111001101110010101100100110111011110111101010101011110001100111100001100111000011011111110011111001101001000100101011111111000001001101111101111011011110101001111110100100110001011100111111111110100110010000011111111010101111101111100100011110011011010010000111100101001111001101011000110111001
600 0.889550286034 011101111100001110110011100010101110111010101101010001110010001000110110111111111111100111111001101100010111011100111111011111101101110110010110011100111100001101111000111001110110110111101101001000001010001111101010001001111111001110001001110001111111110101100010001111110111110111110101100011100001111011111101101111110110101001110001010110010001011101100001111001101011001110111001
700 0.886227118134 011101111100011110110001100010101110111010101101010001110010111000110110111111111111100111011001101110010111111100111111011111101101010110011110011100111100001101110000111001110110010111101101001000001101011111111000001001111111101110001001110001111111110101100010001011110111110111110101110010000011111011111101101101110110100011110001010110010001001100100001111001101011001110111001
800 0.884467895323 011101111100011110110001100010101110011010101101010101110010111010110110111011101111100111011001101100010111111100111111011111101101110111011110011100111100101101111010111001010110010110100101001000101101001111111000000001111111101110011011110000101111110101100000001011110111110111110101110010000001111111110101101101110110100001110011010110010001001111000001111001101011001010111001
900 0.880791609921 011101111100001110110001100111111110010010101101010001110110001010110010111011101111100111011001101100010111111100111111011110101101110110010110011100111100001101111000111001110110110110101101101000101010001111111000000001111111000110011011110000101111110101100000001011110111110111110101110010000001111111110101101111111110101001110011010100010001001101011001111001101011001110111000
1000 0.877142359465 011101111100001110110001100111101110011000101101010101110010111010110010111011101111100111011001101100010111111100111111111111101101110110010110011100111100001101101000111001010110010110101101001000101010001111101000000001111111100110011011110000111111110101100000001011110111110111110101110010000011111111110101101101110110100011110011010100010001001101010001111001101011001010111000
1100 0.875620268752 011101111110001110110001100111111110011000101101010101110010011000110010111011101111100111001001101100010111111100111111111110101101110110010110011100111100001101101000111001010110110110101101001000001010011011101000000001011111100110011011110000111111110101100000001111110111110111110101110010000011111011110101101111110110100011110011010100010001001101011001101001101011001010111000
1200 0.874196059592 010101111100001110110001100111111010100000101110010001110010001000110010111111111111100111110001101100010111111100111111111111100101110110010110011100111100001101100000111001010110010111101101101000101010001111101000001001111111000110011001110000101101110101100000001011110111110111100101110010000001111111110101101101111110100011110111010100011001011101101001101001101011001110111100
1300 0.871951193866 011101111100001110110001100111111010000000101101010001110010011000100010111011111111100111011001101100010110111100111111111111101101110110010110000100111100001101101000111001010110010110101101101000101010001111111000001001111101100110011001110000101101110101100000001011110110110111110101100010001011111111110101111101110111100011110011010100011001011101101001101001101011000110111100
1400 0.870489383194 011101111100001110110001100111111010000000101101010001110010011000100010111011111111100111110001101100010110111100111111111111101101110110010110001100111100001101100000101001010110010110101101101000101010001111111000001001111111000110011001110000101101110101100000001011110111110111110101100010000011111111111101111101110111100011110011010100011001011101101001101001001011000110111100
1500 0.869639139981 011101111100101110110001100111111010000000101100010001110010001000110010111111111111100111110001101000010110111100111111111111100101110110010110001100111100001101100000101001010110010110001101101000101010001111111000001001111111000110011001110000001101111101100000001011110111110111110101100000000011111111110101101101111111100011110011010100011001011101101001101001001011000110111100
1600 0.86718847884 011101111100101110110001100111111010000000101101110001110010001000110010111011111111100111110001101000010110111100111111111111100101110110010110001100111100001101100000101001010110010110101101101000101010001111111000001001111111000110011001110000001101111101100000001011110111110111110101100000000011111111110101101101110111100011110011010100011001011101101001101001001011000110111100
1700 0.866457608083 011101111000101110010001100111111010100000101101010001110010011000110010111010111111100111110001100100010110111100011111111111100101110110010110001100111100001101100000101001010110010110101101101000101010001110111000001001111111000110011001110000101101111101100000001011110111110111110101100000000011111110110101111101110111100011110011010100011001011101101001101001101111000110111100
1800 0.864116462853 011101111000101110010001100111111010000000101101010001110010011000110010111010111111100111110001100100010110111100011111111111100101110110010110001100111100001101100000101001010110010110101101101000101010001110111000001001111111000110011001110000101101111101100000001011110111111110110101100000000011111110110101111001110111100011110011010100011001011101101001101001000111000110111100
1900 0.864162667913 011101111100001110010001100111111010100000101111010001100010011000010010111010111111100011110001100100010110111100011111111111100101110110010110001100111100001101100000101001010111010110101101101000101010001111111000001001111111000110011001110000101101111101100000001011110111100111110101100000000011101110111101101101110111100011110011010100011001011101101001101001001011000110111100
2000 0.862898150981 011101110000101110010001101111111010000000101101010001110010011000110010111010111111100011110001100100010110111100011111111111100101110110010110001100111100011101100000101001010111010110101101101000101010001110111000001001111111000110011001110000101101111101100000001001110111100110110101100000000011111110111101111001110111100011110011010100011001011101101001001011100011000110111100
2100 0.860646797273 011101011000001110010001100111111010100000101101010001100010011000110010111010111111100111110101100100010110111100011101111111100101110110010110001110111100001101100000101001010110010110101101101000101010111110111000001001111111100110011001110000101001101101100000001011110111010110110101100000000011111110110101111101110111100010110011010100011001011101101001101011000011000110111100
2200 0.860954053513 011101011000001110010001100111111010000000101101010001110010011000110010111010111111100111110101100100010110111100011101110111100101110110010110001110111100011101100000101001010111010110101101101000101010111110111000001001111111000110011001110000101001101101100000001011110111010110110101100000000011111110111101111101110111100010110011010100011001011101101001101011000011000110111100
2300 0.859044519141 011101110010101110010001101111111010100000111101010001110010011000110010110010111111100011110001100100000110111100011101111111100101110110010110001100111100011101100000101001010111010110101101101000101010001110111000001001111111000110011001110000101000111101100000001001110111010110110101100000000011111110111101111001110111100010110011010100011001011101101001001011000011000110111100
2400 0.85924249943 011101111010001110010001101101111010000000101101010001110010111001110010111010111111100011110101100100010110111100011101110111100101110110010110001100111100011101100000101001010111010110101101101000101010001110111000001001111111000110011001110000101001101101100000001001110111010110110101100000000011111110111101111001110111100010110011010100011001011101101001101011000011000110111100
2500 0.85924249943 011101111010001110010001101101111010000000101101010001110010111001110010111010111111100011110101100100010110111100011101110111100101110110010110001100111100011101100000101001010111010110101101101000101010001110111000001001111111000110011001110000101001101101100000001001110111010110110101100000000011111110111101111001110111100010110011010100011001011101101001101011000011000110111100
2600 0.858641418687 010101110010001110010001101111111010100000101101010001110010111001110010111010111111100010110101100100010110111100011101111111100101110110010110001100111100011101100000101001010111010110101101101100001010001110111000011001111111000110011001110000101000111100100000001001110111010110110101100000000011111110011101111001110111100010110011011100011001011101101001101011000011000110111100
2700 0.857232560469 011101110010101100010101101111111010100000100101010001110010111000110010111010111011100010110101100100010110011101011101110111100101110110010110001100111100011101100000101001010111010110101101101000001010001110111000011001101101000110011001110000101000111100100000001001110111010110110101100000000011111110001101111001111111100010110011010100011001011101101001101011000011000110111110
2800 0.856234065958 000101110010001110010001101111111010100000101101010001110010011000110010111010111111100010110101100100010110111100011001111111100101110110010110001100111100011101100000101001010111010110101101111100001010001110111000011001111111000110011001110000101000111100100000001001110111010110110101100000000011111110011101111001110111100010110011011100011001011101101001101011000011000110111100
2900 0.854842588126 001101110010101110010001101111111010100000100101010001110010111000110010101010111111100010110101100100010110111100011101110111100101110110010110001100111100011101100000101001010111010110101101011100001010001110111000011001111101000110011001110000101000101100100000001001110111010110110101100000000011111110001101111001111111100010110011010100011001011101101001101011000011000110111100
3000 0.854099035402 001101110010101110010001101111111010100000100101010001110010111000110010101010111111100010110101100000010110111100011101110111100101110110011110001100111100011101100000101001010111010110101101011100001010001110111000011001111101000110011001110000101000101100100000001001110111010110100101100000000011111110001101111001111111100010110011010100011001011101101001101011000011000110111100
3100 0.853881327445 000101110010101110010001101111111010100100100101011001110010111000110010101010111111000010110101100100010110111100011101111111100101110110010110001100111100011101100000101001010111010110101101011000001010001110111000011001111111000110111001110000101000101100100000001001110111010110110101100000000011101110011101111001110111100000110011010100011001001101101001101011000011000110111100
3200 0.852993394179 001001110010101110010001101111111010100000100101010001110010111000110010101010111111000010110101100100010110111100011101111111100101110110010110001100111100011101100000101001010111010110101101011100001010001110111000001001111111000110111001110000101000101100100000001011110111010110110101100000000001101110001101111001111111100010111011010100011001001101101001101011000011000110111100
3300 0.852032478945 001100110011101111010001101111111010100000100101010001111010111000110010101010111111000010110101100100010110111100111101111111100101110110010110001100111100011101100000101001010111010110101101011100001010001110011000001000111101000110111001110100101000101100100000001011110111010110100101100000000011101110001001111001111111100010110111010100011001001101101001101011000011000110111100
3400 0.850875649502 001100110010101110010001101111101010100000100101010001111010111000110010101010111111000010110101100100010110111100110101111111100101110110010110001100111100011101100000101001010111010110101101011100001010101110011000001000111101000110111001110000101000101100100000001011110111010110110101100000000011101110001101111001111111100010110111010100011001001101101001101011000011000110111100
3500 0.850473050506 001101110010001111010001101111111010100000100001010001111010111000110010101010111111000010110111100100010110111100110101111111101101010110010110001100111100011101100000101001010111010110101101011100000010101110011000101000111101000110111001110000101000101100100000001011110111010110100101100000000011101110001101111001111111100010110011010100011001001101101001101011000011000110111100
3600 0.850077914315 001101110010101111010001101111111010100000100101010001011010111000110010101010111111000010110111101100010110111100110101111111100101010110010110001100011100011101100000101001010111010110101101011100000010101110011000101000011101000110111001110000101000101100100000001010110101010110110101100000000011101110001111111011111111100010110011010100011001001101101001101011000011000110111100
3700 0.847858160221 001101110010101111010001101111111010100000100001010001011010111000010010101010111111000010110101101100010110111100110101111111100101010110010110001100011100011101100000101001010111010110101101011100000010101110011000100000011101000110111001110000101000101100100000101011110111010110000101100000000011101110001101111001111111100010110011010100011001001101101001101011000011000110111100
3800 0.847208718285 001101110010101111010001101111111010100000100001010001011010111000110010101010111111000010110111100100010110111100110101111111100101010110010110001100001100011101100000101001010111010110101101011100000010101110011001100000011101000110111001110100101000101100100000001011110111010110000101100000000011101110001101111001111111100010110011010100011001001101101001101011000011000110111100
3900 0.847455652478 001101110010100111010001101111111010100000100001010001011010111000010010101010111111000010110101101100010110111100110101111111100101010110010110001100011100011111100000101001010111010110100101011100000010101110011000100000011101000110111001110000101000101100100000101011110111010110000101100000000011101110001101111001111111100010110011010100011001001101101011101011000011000110111100
4000 0.847388297051 001101110010101111010001101111111010100000100001010001011010111000010010101010111111000010110101101100010110111100110101111111100101000110010111001100011100011101100000101001010111010110101101011100000010101110011000100000010101000110111001110000101000101100100000101011110111010110100101100000010011101110001101111001111111100010110011010100011001001101001000101011000011010110111100
4100 0.846646514682 001101110010101111010001101111111011100000100001010001011010111000010010101010111111000010010101101100010110111100110101111111100101000110010111001100011100011101100000101001010111010110101101011100000010101110010000100000010101000110111001110000101000101100100000101011110111010110100101100000010011101110001101111001111111100110110011010100011001001101001000101011000011010110111100
4200 0.84593886121 001101110010101111010001101111111010100000100001010101111010111000010000101010111111000010110101101100010110110100110101111111100101000110010111001100011100011111100000101001010111010110101101011100000010101010011000100000010101000110111001110000101000101100100000001011110111010110000101100000000010101110001101111001111111100010110011010100011001011101111000101011000011010110111100
4300 0.845892972505 001101110011101111010001101011111010100010100001110101111010111000010000101010111111000000110101101100010110110100110101111111100101000110010111001100011100011111100001101001010111010110101101010100000010101010011000100000011101000110111001110000101000101100100000101011110111010110000101100000000011101110001101111001111111100010110011010100011001011101001000101011010011000110111000
4400 0.845796813238 001101110011001111010001101011111010100010100001010101111010111000010000101010111111000000110101101100010110110100110101111111100101000110010111001100011100011111100000101001010111010110101101011100000010101110011000100000011101000110111001110000101000101100100000101011110111010110100101100000000011101110001101111001111111100010110011010100011001001101011000101011000011000110111101
4500 0.845708148382 001101110010101111110001101111111010100000100001010101111010111000010000101010111111000000100101101100010110110110110101111111100101000110010111001100011100011111100001101001010111010110101101010100000010101110011000100000010101000110111001110000101000101100110000101011110110010110000001100000010010101110001101111001111111100010110011010100011001001101001000101011000011000110111100
4600 0.8448097655 001101110010101111010001101111111010100000101001010101111010111000010000101010111111000000100101101100010110110110110101111111000101000110010111001100011100011101100000101001010111010110101101010100000000101010011000100000010101000110111011110000101000101100110000101011110111010110100001100000010011101110001101111101111111100010110011010100011001001101001000101011000011000110111100
4700 0.845189653268 001101110010101111010001101111111010100000100001010100111010111000010100101010111111000010100101100000010110110110110101111111100101000110010111001100011100011111100000101001010111010110101101010100000010101110011000100000010101000110111011110000101000101100110000101011110111010110100101100000000011101110011101111001111111100010110011010100011001001101001000101011000011000110111100
4800 0.843331501356 001101110010101111010001101111111010100000100001010100111010111000010000101010111110000010100101101000010110110110110101111111100101000110010111001100011100011111100001101001010111010110101101010100000010101110011000100000010101000110111011110000101000101100110000101011110111010110000001100000000011101110001101111001111111100010110011010100011001001101001000101111000011000110111100
4900 0.843885603837 001101110010101111010001101111111010100000100001010100111010111000010000101010111110000010100101101000010110110110110101111111100101000110010111001100011100011111100001101001010111010110101101010100000010101110011000100000010101000110111011110000101000101100110000101011110111010110000001100000000011101110001101111001111111100010111011010100011001001101001000101111000011000110111100
5000 0.844153061073 001101110010101111010001101111111010100000100001010100111010111000010000101010111110000010100101001000010110110110110101111111100101000110010111001100011100011111100001101001010111010110101101010100000010101110011000100000010101100110111011110000101000101100110000101011110111010110001001100000000011101110001101111001111111100010110011010100011001001101001000101111000011000110111100
5100 0.84304517904 001101110010101111010001101111111010100000100001010100111010111000010000101010111110000010100101001000010110110110110101111111100101000110010111001100011000011111100001101001010111010110101101010100000010101110011000100000010101100110111011110000101000101100110000101011110111010110001001100000000011101110001101111001111111100010110011010100011001001101001000101111000011000110111100
5200 0.842685169888 001101110011101111010001101111111010100000100001010100101011111000010000101010111110000010100101001100010110110110110101111111100101000110010011001100011000011111100001101001010111010110101101010100000010101110010000100000011001000110111011110000101010101100110000101011110011010110001001100000000001101110001101111001111111100010110011010100011001001101001100101111000011000110111100
5300 0.843233766827 001101110010101111010001101111111010100000110001010100111010111000010000101010111110000010100101001000010110110110110101111111100101000110010111001100011000011111100001101000010111010110101101010100000010101110011000100000010101100110111011110000101000101100110000101011110111010110001001100000000011101110001101111001111111100010110011010100011001001101001000101111000011000110111100
5400 0.843016171896 001101110010101111010001101111111010100000100001010100101010111000010000101010111110000010100101001100010110110110110101111111100101000110010111001100011000011111100001101000010111010110101101010100000010101110011000100000010101100110111111110000101000101100110000101011110111010010001001100000000011101110001101111001111111100010110011010100011001001101101000101111000011000110111100
5500 0.842918284975 001101110010101111010001101111111010100000100001010100101010111000010000101010111111000010100101001100010110110110110101111111100101000110010011001100011000011111100001101001010111010110101101010100000010101110110000100000010001000110111011110000101000101100110000101011110011010010001001100000000011101110001101011001111111100010110011110100011001001101101100101111000011000110111100
5600 0.842784322153 001111110010101111010001101111111010100000100001010100101010111000010000101010011110000010100101101100010110110110110101111111100101000110010011001100011000011111100001101001010111010110101101010100000010101110110000100000010001100110010011110000101000101100110000101011110111010110001001110000000001101110001101011001111111100010110011010100011001001101001100101111000011000110111100
5700 0.842420152237 000101110010101111010001101111111010100100100001010100101000111000010000101010111110000010100101001100010110110110110101111111100101000110010011001100011010011111100001101000010111010110101101010100000010101110010000100000010101100110110011110000101000111100110000101011110111010010001011100000000001101110001101111001111111100010110011010100011001001101101000101111000011000110111100
5800 0.842304639005 000101110010101111010001101111111010000000100001010100101010101000010000101010111110000010100101001100010110110110110101111111100101000110010011001110011000111111100001101000010111010110101101010100000010101110010000100000010111100110010011110000101000111100110000101011110111010010001011110000000001101110001101111001111111100010110011010100011001001101101100101111000011000110111100
5900 0.842798588779 000101110010101111010001101111111010000000100001010100101010111000110000101010111110000010100101001100010110110110110101111111100101000110010011001110011000011111100001101010010111010110101101010100000010101110010000100000010011100110010011110000101000101100110000101011110111010110001011110000000001101110001101111001111111100010110011010100011001001101101100101111000011000110111100
6000 0.842132360494 000101110010101111010001101111111010000000100001010100100010111000010000101010111100000010101101111100011110110110110101110111100101000110010011001100011000011111100001101001010111010110101101010100000010101110010000100000011101100110010001111000101000101100110000101011110111010010001001110000000001101110001101011001111111100010110011010100011001001101101100101111000011000110111100
6100 0.842526328305 000101110010101111010001101111111010000000100001010100100010111001010000101010111100000010101101111100011110110110110101110111100101000110010011001100011000011111100001101001010111010110101101010100000010101110010000100000011101100110010001111000101000101100110000101011110111010010001001110000000001101110001101011001111111100010110011010100011001001101101100101111000011000110111100
6200 0.841556086135 001101110010101111010001101111111010100100100001010100101000111000010000101010111110000010100101100100011110110110110101111111100101000110110011001100011010011111100001101000010111010110101101010100000010101110100000100000010101100110010011110000100000101100110000101011110111010010001011110000000011101110001101011001111111100010100011010100011011001101101000101111010011000110111100
6300 0.841615783329 001101110010101111010001101111111010100100100001010100101000111000010000101010111110000010100101101100011110110110110101111111100101000110110011001100011010011111100001101001010111010110101101010100000010101110110000100000010101100110010011110000100000101100110000101011110111010010001001110000000011101110001101011001011111100010100011010100011001001101101000101111000011000110111100
6400 0.841466858023 001101110010101111010001101111111010100100100001010100101000111000010000101010111110000010100101100100011110110110110101111111100101000110110011001100011010011111100001101000010111010110101101010100000010101110110000100000010111100110010011110000100000101100110000101011110111010010001001110000000011101110001101011001111111100000100011010100011001001101101000101111010011000110111100
6500 0.84099919544 001101110010101111010001101111111010100100100001010100101000011000010000101010111100000010100101101100011110110110110101111111100101000110110011001100011010011111100001101001010111010110101101010100000010101110110000100000010101100110010011110000100000101100110000101011110111010010001001110000000011101110001101011001111111100000100011010100011001001101101000101111010011000110111100
6600 0.841241469482 001101110010101111010001101111111010100100100011010100101000111000010000101010111110000010100101100100011111110110110101111111100101000110110011001100011010011111100001101000010111010110101101010100000010101010110000000000010101100110010011110000100000101100110000101011110111010010001001100000000001101110001101011001111111100010100011010100011011001101101000101111010011000110111100
6700 0.841549285781 001101110010101111010001101111111010100100100001010100101000011000010000101010111110000010000101100100011110110110110101111111100101000110110011001100001010011111100001101001010111010110101101010100000010101110110000100000010101100110010011110000100000101100110000101011110011010010001011110000100001101110001101011001111111100010100011010100011001001101101000101111010011000110111100
6800 0.841092730793 001101110010101111010001101111111010000100110001010100111000011000010000101010111110000010100101101100011110110110110101111111100101000110110011001100001010011111100001101001010111010110101101010100000010101010110000100000010101100110010011110000100000101100110000101011110011010010001001100000100001101110001101011001111111100010100011010100011001001101101000101111010011000110111100
6900 0.841105245072 001101110010101111010001101111111010000100110001010100111001011000010000101010111110000010100101101100011110110110110101111111100101000110110011001100001010011111100001101001010111010110101101010100000010101010110000100000010101000110010011110000100000101100110000101011110011010010001001100000100001101110001101011001111111100010100011010100011001001101101000101111010011000110111100
7000 0.840989325108 001101111010101111010001101111111010100100100001010100101000101000010000101010111100000010100101100100011110110110110101111111100101000110110011001100001010011111100001101001010111010110101101010100000010101010110000100000010101100110010011110000100000101100110000101011110111010010001011110000000001101110001101011101111111100010100011010100011001001101101000101111010011000110111100
7100 0.840815300622 001101110010101111010001101111111010100100100001010100101001111000010001101010111110000010100101101100010110110110110101111111100101000110110011001100001010011111100001101001010111010110101101010100000010101010110000100000010101100110010011110000100000101100110000101011110011010010001001100000000001001110001101111001111111100010100011010100011001001101101000101111010011000110111100
7200 0.840815300622 001101110010101111010001101111111010100100100001010100101001111000010001101010111110000010100101101100010110110110110101111111100101000110110011001100001010011111100001101001010111010110101101010100000010101010110000100000010101100110010011110000100000101100110000101011110011010010001001100000000001001110001101111001111111100010100011010100011001001101101000101111010011000110111100
7300 0.841152110098 001101110010101111010001101111111010100100100001010100101011111000010001101010111110000010100101101100010110110110110101111111100101000110110011001100001010011111100001101001010111010110101101010100000010101010110000100000010101100110010011110000100000101100110000101011110011010010001001100000000001001110001101111001111111100010100011010100011001001101101000101111010011000110111100
7400 0.840442482211 001101110010101111010001101011111010100100110001010100101011111000010000101010111110000010000101101100011110110110110101111111100101000110110011001100001010011111100001101001010111010110101101010100000010101110110000100000010101100110010011110000100000101100110000101011110011010010001001100000000001001110001101111000111111100010100011010100011001000101101000101111010011000110111100
7500 0.840641530803 001101110010101111010001101111111010100100100001010100101001111000010000101010111110000010100101100100011010110010110101111111100101000110110011001100001010011111100001101001010111010110101101010100000010101110110000100000010101100110010011110000100000101100110000101011110011000011011001101000000001001110001101111001111111100010110011010100011001000101101000101111010011000110111100
7600 0.840441250631 001101110010101110010001101111101010100100100001010100101001111000010001101010111110001010100101101100010010111110110101111111100101000110110011001100001010011111100001101001010111010110101101010100000010001110110000100010010101100110010011110000100000101100110000101011110011010010001001100000000001001110001101011001111111100010100011010100011001001101101000101111010011000110111100
7700 0.84076530442 001101110010101111010001101111111010100100110001010100101001111000010000101010111110000110100101101100011110110010110101101111100101000110110011001100001010011111100001101001010101010110101101010100000010001010110000100010010101100110010011110000100000101100110000101011110011000011011001100000000001001110001101011001111111100010110011010100011001001101101000101111010011000010111100
7800 0.839934736827 001101110010101111010001101111111010100100100001010100101001111000010001101010111110000010100101101100011010111110110101111111100101000110110111001100001010011111100001101001010111000110101101010100000010101110110000100010010101100110010011110000100000101100110000101011110011010010001001100000000001001110001101011001111111100010100011000100011001001101101000101111010011000110111100
7900 0.840679791031 001101110010101111010001101111111010100100110001010100101001111000010000101010111110000010100101100100011010111010110101111111100101000110110011001100001010111111100001101001010111010110101101010100000010101110110000100010010101100110010011110000000000101100110000101011110011010010001001100000000001001111001101011001111111100010100011010100011001001101101000101111010011000110111100
8000 0.840494364541 001101110010101111010001101111111010100100110001010100100001111000010000101010111110000010100101101100011010111010110101111111100101000110110011001100001010111111100001101001010111010110101101010100000010101110110000100010010101100110010011110000100000101100110000101011110011010010001000100000000001001110001101011001111111100010100011010100011001001101101000101111010011000010111100
8100 0.84015987989 001101110010101111010001101111111010100100110001010100101001111000010000101010011110000010100101100100011010110010110101111111100101000110110011001100001010111111100001101001010111010110101101010100000010101110110000100010010111100110010011110000100000101100110000101011110011010010001001100000000001001110001101011001111111100010100011010100011001001101101000101111010011000010111100
8200 0.839793340431 001101110010101111010001101111111010100100110001010100101001111000010000101010011110000010100101100100011010111010110101101111100101010110110011001100001010011111100001101001010111010110101101010100000010101110110000100010010101100110010011110000100000101100110000101011110011010010001001100000000001001110001101011001111111100010100011010100011001001101101000101111010011000010111100
8300 0.839038085665 001101110010101111010001101111111010100100110001010100001001111000010000101010011110000010100101100100011010110010110101101111100101010110110011001100001110011111100001101001010111010110101101010100000010101110110000100010010101100110010011110000100000101100110000101011110011010010001001100000000001001110001101011001111111100010100011010100011001001101101000101111010011000010111100
8400 0.839193266075 001101110010101111010001101111110010100100110001010100101001111000010000101010011110000010100101100100011010110110110101101111110101000110110011001100001010011111100001101001010111010110101101010100000010101110110000100010010101100110010011110000100000101100110000101011110011010010001001101000000001001110001101011001111111100010100011010100011001001101101000101111011011000010111100
8500 0.839537134038 001101110010101111010001101111111010100100110001010100101001111000010000101010011100000010100101100100011010110010110101101111110101000110110011001110001010011111100001101001010111010110101101010100000010101110110000100010010101100110010011110000100000101100100000101011110011010010001001101000000001001110001101011001111111100010100011010100011001001101101000101111011011000010111100
8600 0.839537134038 001101110010101111010001101111111010100100110001010100101001111000010000101010011100000010100101100100011010110010110101101111110101000110110011001110001010011111100001101001010111010110101101010100000010101110110000100010010101100110010011110000100000101100100000101011110011010010001001101000000001001110001101011001111111100010100011010100011001001101101000101111011011000010111100
8700 0.83968843799 001101110010101111010001101111111010000100110001010100101001111000010000101010011100000010100101100100011010110010110101101111100101010110110011001110001010011111100001101001010111010110101101010100000010101110110000100010010101100110010011110000100000101100100000101011110011010010011001100000000001001110001101011001111111100010100011010100011001001101101000101111011011000010111100
8800 0.840081954286 001101110010101111010001101111111010000100110001010100101001111000010000101010011100000010100101100100011010110010110101101111110101000110110011001110001000011111100001101001010111010110101101010110000010101110110000100010010101100110010011110000100000101100100000101011110011010010011001101000000001001110001101011001111111100010100011010100011001001101101000101111011011000010111100
8900 0.839512280253 001101110010101111010001101111111010100100110001010100101001111000010000101010011100100010100101100100011010110010110101101111110101000110110011001010001010011111100001101001010111010110101101010100000010101110110000100010010101100110010011110000100000101100100000101011110011010010001001100000000001001110001101011001111111100010100011010100011001001101101000101111011011000010111100
9000 0.839537134038 001101110010101111010001101111111010100100110101010100101001111000010000101010011100000010100101100100011010110010110101101111110101000110110011001110001000011111100001101000010111010110101101010100000010101110110000101010010101100110010011110000100000101100100000101011110011010010001001101000000001001110001101011001111111100010100011010100011001001101101000101111011011000010111100
9100 0.839345372098 000101110010101111010001101111111010100100110001010100101001111000010000101010011100000010100101100100011010110010110101111111110101000110110011001110101000011111100001101000010111010110101101010100000010101110110000101010010101100110010011110000000000101100100000101011110011010010001001101000000001001110001101011001111111100010100011010100011001001101101000101111011011000010111100
9200 0.839831168605 001101110010101111010001101110111010100100110001010100101000111000010000101010011100100010100101100100011010110110110101111111110101000110110111001110001010011111100001101000010111010110101101010100000010101110110000101010010101100110010011110000000000101100100000101011110011010010001001101000000001001110001101011001111111100010100011010100011001001101101000101111011011000010111100
9300 0.839705853828 001101110011101111010001101111111010100100110001010100101000111000010000101010011100000010100101100100011110110110110101111111110101000110110011001110001010011111100001101000010111010110101101010100000010101110110000100010010101100110010011110000000000101100100000101011110011010010001001101000000001001110001100011001111111100010100011010100011001001101101000101111011011000010111100
9400 0.839186946048 001101110010101111010001101111111010100100110001010100101000111000010000101010011100101010101101100100011010110110110101101011110101000110110011001110001000011111100001101000010111000010101001010100000010101110110000101110010101100110010011110000100000101100100000101011110011010010001001101000000001001110001101011011111111100010100011010100011001001101101000101111011011000010111100
9500 0.839314027002 001101110010101111010001101111111010100100110001010100101000111000010000101010011100101010100101100100011010110110110101101111110101000110110011001110001000011111100001101000010111010010101101010100000010101010110000101010010101100110010011110000100000101100100000101011110011010010001001101000000011001110001101011001111111100010100011010100010001001101101000101111011011000010011100
9600 0.838723300983 001101110010101111010001101111110010100100110001010100101000111000010000101010011100101010100101101100011010110110110101101111110101000110110011001110001000011111100001101000010111010010101101010100000010101010110000101010010101100110110011110000000000101100100000101011110011010010001001101000000011001110001100011011111111100010100011010100010001001101101000101111011011000010111100
9700 0.839440890758 001101110010101111010001101111111010100100111001000100101000111000010000101010011100101010100101100100011010110110110101101011110101000110110011001110001000011111100001101010010111000010101101010100000010101010110000101010010101100110110011110000100000101100100000101011110011010010001001101000000011001110001101011011111111100110100011010100010001001101101000101111011011000010111100
9800 0.839581576128 001101110010101111011001101111111010100100111001000100101000111010010000101010011100101010100101100100011010110110110101101011110101000110110011001110001000011111100001101010010111000010101101010100000010101010110000101010010101100110110011110000000000101100100000101011110011010010001001101000000001001110001100011011111111100010100011010110010001001101101000101111011011000010111100
9900 0.839486526109 001101110010101111010001101111111010100100110001010100101000111000010000101010011100101010101101100100011010110110110101101011110111000110110011001110001000011111100001101010010111000010101101010100000010101010110000100010010101100110010011110000100000101100100000101011110011010010001001101000000011001110001100011011111111100110100011010100010001001101101000101111011011000010111100
10000 0.839534028146 001101110010101111010001101111111010100100110001010100100000111000010000101010011100101010101101100100011010110110110101101011110111000110110011001110001010011111100001101010010111000010101101010100000010101010110000100010010101100110010011110000100000101100100000101011110011010010001001101000000011001110001100011011111111100110100011010100010001001101101000101111011011000010111100
10100 0.839080156985 001101110010101111010001101111111010100100110001010100100000111000010000101010011100101010101101110100011010110110110101101011110101000110110001001110001010011111100001101010010111000010101101010100000010101010110000100010010101100110010011110000100000101100100000101011110011010010001001101000000011001110001100011011111111100110100011010100010001001101101000101111011011000010111100
Mejor resultado: 0.838723300983 001101110010101111010001101111110010100100110001010100101000111000010000101010011100101010100101101100011010110110110101101111110101000110110011001110001000011111100001101000010111010010101101010100000010101010110000101010010101100110110011110000000000101100100000101011110011010010001001101000000011001110001100011011111111100010100011010100010001001101101000101111011011000010111100
