200 0.92858999449 001001111111100011001011111101111010001110010001001011111100110001001010101000100000111000000000000110011110111001110001010001111110011010110010111011111111011100001101011100011111110010111101011111011110101000100111010011101111000110011100010110010101111110111011100000111011111100001110100000110100100111001101011101000011100110101001000010110011100001000001000011010011010111011110
300 0.90594737904 110101011111110001000001111101100110101000011010011101110001110110010110101010011000101000110100110100110110110010111110111101101101111001111010101010111100011110100001100000011110011010100010011101110111101100100011010010101001000111010100010101011010110110101011101110111011101110011100110010111101101111101000001110100110100101110111001101111011111101000001001111001011111001000100
400 0.891449891206 111001111111101011000001111101010010101001111011011001110100110001011100001010011001101000110010110100011110111010111110001011101101101011110011011011111100011110111101111100011111011011101111011111110111101001100010110010101001001110111100010100111001011010101011111010111011101110011110110100110100000110101111011100101111000110101010010101111011111101000001000111011001010111001010
500 0.886942447245 110101011011100001010001111101110010000110111000001111111101110100110110101010111011001100100110110100010110111011111101111001110110111111111010111011111001011110001001001000011111011010110101011111010011101000110111110011001111101010111100010101010001010110101101101011111010111110000100110110110110101111001110011111100011100010111001011111110011111101010001100110010011100001001010
600 0.883755194113 110101011111100001000001111101100011001000111001001111110001110010011101101011011000101000100010110100110110110010111001111101101111111101111010111011111100011110101001111000011111011011101111011111110111101100100111110010001111000110011100010101010000110110100001101111111011101110000100110100110101001111001111011110100011100000010010010101011011111101010001101111011011000111001010
700 0.882439049265 110101011011101001000001111100110010001101111110001101110001110010010101111010011001101000100010110100110110111010111010011001101111111111111011111011111100011110101001111000011111011000101111101111011111001101110011110010001111000110011100010101010001010110110001101111111011101110010100100000110101001111101011011111100110100100111111010101011011101101010001001111001011000010001110
800 0.878986565081 110101011011101001010011111101110010001101111001011101110001110100010111111010011001101000100010110100110110110011111001110001101111111111111011101011111010011110100001111100001111011000000111111111011111101100010011110010001111000110010100010101011001110110100001101011111011101110010100110000110011001111101011011111100011100000010011010101110011101101010001101111001011000010001010
900 0.878308787437 110101011011100001000001111101110010001100111111011101110011110000010101101010011001101000100010110100110110110011111001111001101111111111111011101011111010011110110101111000011111111001100111001110011111101110110011111010001111000110011100010101111001110110110001101011111011101110010100100100110001001111101001011110101110100000111110010101010011101101000001100111001011000010001110
1000 0.875126519422 110101011011100001000000111101110010001101111101011101110001110000010101001000011001001000100010110100110110110001111111111111101001111111111011111011111100011110111001111000111111011000100111001110010110101110110011111010001111100110011000010101111000110110100001101111111011101110001100100000110000001111001001011110101111100010111010010101011011101101000001101111011011000010001010
1100 0.873224473199 110101011011100001000001111101110010001100110001011101110001110000010101101000011001001000100010110100110110100011111001111101101111111111111011101011111100011110100001101000011111111011101111001110011111101100110011110010011111000110011100010101111001010110100001101111111011101110010100100100110001001111101001011100100110100000111010010101010011101101110001100111001011010010001110
1200 0.868932512 110101011011100001000001111101100010001000111001011111110001000000010000101000011001101000100110010110010110110011111001111001100101111101111011101111101100011111101001101000011111111011101111011100010110101110110011111010011111000110011100010100111001111110110001101011111011101110000100110000110001001110101101001110101011100000111010010101010011101101110001101111011011000010001010
1300 0.868320579011 110101011011110001000001111101100010001000111001011101110001110000010001101000011001101000100110010110110110110001111011111001100101111111111011101111101100011111101001101000011111011011100111001100011110101110110011111010011011000110011100010100101001110110100001101111111011101110001100110000110001001110001001011110101110100000111010010101011011101101100000100111011011000010001010
1400 0.86698906748 100101011011110001000001111101100010001000111001011101110001110000010001101000011001101000100110010110110110110001111011111001100101111111111011101111101100011111101001101000011111011011100111001100011110101110110011111010011011000110011000010100101001110110100001101111111011101110001100110000110001001110001001011110101110100000111010010101011011101101100000100111011011000010001010
1500 0.866972050708 100101011011110001000001111101100010001000111001011101110001110000010001101000011001101010100110010110110110110001111011111001100101111111111011101111101100011111100001101000011111011011100111001100011110101110110011111010011011000110011001010100101001110110100001101111111011101110001100110000110001001110001001011110101110100000111010010101011011101101100000101111011011000010001010
1600 0.864805405948 100101011011110001000001111101100010001000111001011101010001110000010001101000011001101000100110010110110110110001110011111001100101110111111011101111101100011111101001101000011111011011100111001100011110101110110011111010011011000110011001010100101001110110100001001111111011101110001101110000110001001110011001011110101110100000111010010101011011101101100000101111011011000010001010
1700 0.863896249234 100101011011100001000001111101100010001100111001011101110001110000010001101000011001101000100110010110010110110001110001111001100101111111111011101111101100011101100001101000010111011011101111001100011110101110110011111010011011000110011001010100101001110110100001101111111011101110001100110000110001001110001001011110101110100000111010010101010011101101100000101111011111000010001010
1800 0.862353024344 100101011011100001000001111101100010001100111001011101110001110000010001101000011001101000100110010111010110110101110001111001100101111111111011101111101100011111100001101000010111011011101111001100011110101110110011111010011011000110011001010100101001110110100001101010111011101110001100110000110001001110001001011110101110100000111010000101011011101101100000101111011011000010001010
1900 0.861088470911 100101011011100001000001111101100010001100111001011101110001100000010001101000011001101000100110010110110110110101110001111001100101110111111011101111101100011111100001101000010111011011100111001100011110101110110011111010011001000110011001010100101001110110100001101010111011101110001100110000110001001110001001011110101111100000111010010101011011101101100000101111011111000010001010
2000 0.859330938598 100101011011100001000001111101100010001100111011011101110001110000010001101000011001101000100110010110110110110011110011101001100101011111110010101011101000011111100001101000010111011011101111001100011110101110110001110010011001000110011001010100001001111110000001101111111011101110001100110000110001001110001001011110101111100000111010010101011011101101100000101111001111000010001010
2100 0.858856860757 100101011011100001000001111101100010001100111001011101110001100000010001101000011001101000100110010110110110110011110011101001100101111111111010101010101000011111100001101000010111011011101111001100011110101110110001110010011001000110011001010100001001111110100001101111111011101110001100110000110001001110001001011110101111100000111010010101011011101101100000101111001111000010001000
2200 0.857182623329 100101011011100001000001111101100010001100111001011101110001110000010001101000011001001000100110010110110110110011110101111001100101110111110011101110101000011111100001101000010111011011101111001100011110101110110001111010011001000110011001010100001001111110100001101011111011100110001100110000110001001110001001011110101110100000111010010101011011101101100000101111011111000010001010
2300 0.855950635562 100101011011100001000001101101100010001100111001011101110001110000010001101000011001001000100110010110110110110011110001111001100101110111110011101110101000011111100001101000010111011010101111001100011110101110110001111010011101100110011011010100001001111110100001101011111011101110001101110000110001001110001001011110001100100000111010010101011011101101100000101111001111000010001010
2400 0.85585215147 100101011001100011000001111111100010001100111001011101110001110001010000101000011001001000100110010110100110111011110111101001110101010111110011101010101000011111100001101000011111011110101111001100001110101110110001110010011001000110011001010100001001011110100001101111111011100110001100110000010001001110001001011111101111100000111010000101011011101101100000101111001011000010111000
2500 0.854972519705 100101011011100001000001101101100010001100111001011101110001110000010000101000011001101000100110010110110110111011110001111001100001110111110011101110101000011111100001101000010111011010101111001100011110101110110001111010011101100110011000010100001000111110100001101011111111001110001100110000110001001110001001011111001111100000111010010101010011101101100000101111001011000010101010
2600 0.853804061451 100101011011100001000001101111100010001100111001011101110001110000010001101000011011001000100111010110110110110011110101101001100101010111110011101110101000011111100001101000010111010111101111001100001110101110110001110010011001000110011011010000001001111110100001111011111011100010001101110000010001001110001001011111101100100000111010010101011011101101100000101111001011000010101010
2700 0.852388739598 000101011011100001000001101111100010001100111001011101100001110000010000101000011001001000000110010110110110111011110111111101100001110111110011101110101000011111100001101000010111010110101111001100011110101110110001111010011001100110011001010100001000111100100001101011111111001110001101110000010001001110001001011011101111100000111010010101000011101101100000101111001011000010101000
2800 0.851011744295 000101011011100011000001101111100010001100111001011101110001110001010000101000011001001000100110010110110110111011110101111101100101000111110011101110101000011111100001101000010111010110101111001100011110101110110001111010011101000110011001010000001001111100100001101011111011000110001101110000010001001100001001111111101111100100111010010100010011101101100000101101001011000010101110
2900 0.85033491706 100101011011100001001001101011100010001100111001011101110001110000010000101000011011001000100111010110110110110010110101111001100101010110110011101110101000011111100001101000010111010010101111011100001110101110110001110010011101000110011011011000001001111110100001101011111011000010001101110000010001001110001001111110101111100010111010010001011011101101100000101111001011000010101000
3000 0.849879683297 100101011011100001001001101111100010001100111001011101100001110000010000100000011011001000100111010110110110110011110101111001100101010110110011101110101000011111100001101000010111000010101111001100001110101110110001111010011001000110011011011000001001111110100001101011111111000010001101110000010001001110001001011110101111100010111010010001011011101101100000101111001011000010101100
3100 0.85020206862 100101011011100001001011101111100010001100111001011101110001110000010000101000011001001000100111010110110110111010110001101101100101010110110011101110101000011111100001101000010111010010101111011000001110101110110001110010011101000110011001010000001001111100100001101011111011000010001101110000010001001110001001111110101111100000111010010101011011101101101000101111001011000010101010
3200 0.848964850981 101101011010100011000001101011100010001100111001011101110001110000010000101000011001001000100110010110110110110011100001111101100101010111110011001110101000011111100001101000010111010010101111001100001110101110110001111010011101000110011011010000001001111100100001101011111011000110000101110000010001001110001001011111101111100010111010010101011011101101100000101111001011000010101100
3300 0.848673928819 100101011011100011000001101111100010001100111001011101110001110000010000101000011001001000100110010110110110110011110101111001100101000111110011011110101000011111100001101000010111000110101111001100001110101110110001110010011001100110011011010000001001110110100001101011111011000010001101110000000001001110001001011111101111100010111010010100010011101101100000101111011011000010101100
3400 0.847802064572 101101011010100011000001101111100010001100111001011101111001110000000000101000011001001000100110010110110110110011110101111001100101000110110011001110101000011111100001101010010111010010101111001100001110101110110001110010011101100110011011010000001001110100100001001011111011000010001101110000010001001110001001111111001111100010111010010100010011101101100000101111011011000010101100
3500 0.84735631512 101101011010100011000001101111100010001100111001011101111001110000000000101000011001001000100110010110110110110011110101111001100101000110110011001110101000011111100001101010010111010010101111001100001110101110110001110010011101000110011011011000001001111100100001101011111011000010001101110000010001001110001001011111001111100010111010010100010011101101100000101111011011000010101100
3600 0.846983913904 101101011010100011000001101111000010001100111001011101110001110000010000101000011101001000100110010110110110110011110101111001100101000110110011001110101000011111100001101010010111010010101101001100001110101110110001110010011101000110011001011000001001101110100001001011111011000010001101110000011001001110001001111111001111100010111010010100010011101101100000101111011011000010101100
3700 0.84603981759 101101011010100001000001101111000010001100111001010101110001110000010000101000011001001000100110010110110110110011110101111001100101000111110011001110101000011111100001101010010111010010101101001100001110101110110001110010011101000110011011011000001001101100100001001011111011000010001001110000010001001110001001111111101111100010111010010100010011101101100000101111011011000010101100
3800 0.847141310183 101101011010100000000001101111000010001100111001010101110001110000010000101000011001001000100110010110110110110011110101111001100101010111110011001110101000011111100001101010010111010010101101001100001110101110110001110010011101000110011011011000001001101100100001001011111011000010001001110000010001001110001001111111101111100010111010010100110011101101100000101111011011000010101100
3900 0.846992102643 101101011010100001100001101111100010001100111001010101110001110000010000101000011001001000100110010110110110110011110101111001100101010111110011001110101000011111100001101010010111010010101101001100000110101110110001110010011101000110011011011000001001101100100001001011111011000010001101110000010001001110001001101111101111100010111010010100010011101101100000101111011011000010101100
4000 0.845853475196 001101010010100011000001101111000010000100111000011101111001110000010000101000011001001000100110010110110110110011110101111001100101000110110010001110101000011111100001101010010111010010101101001100001110101110110001111010011101000110011011111000001001101100101001001011111011000010001101100000010001001110001001111111101111100010111010010100010011101101110000101111011011000010101100
4100 0.845367244437 001101010010100010000001101111000010001100111001011101111001111000010000101000011000001000100110010110110110110011110101111001100101000110110010001110101000011111100001101010010111010010101101001100001110101110110001111010011101000110111011111000001001101100100001001011111011010010001101100000000001001110001001111111101111100010110010010100010011101101010000101111011011000010101100
4200 0.846046350552 001101010110100011100001101111100010000100111001010101111001111000010000101000011000001000100110010110010110110011110101111001100101010110110010001110101000011111100001101010010111010010101111001100000110101110110001111010011101000110111011111000001001111100100001001011111011010010001001100000010001001110001001101111101111100010110010010100010011101101110000101111001011000000101100
4300 0.845895972067 001101010110100010000001101111100010001100111001010101111001111000010000101000011000001000100110010110010110110011110101111001100101000110110010001110101000011111100001101010010111010010101101001100001110101110110001111010011101000110111011111000001001111100100001001011111011010010001101100000010001001110001001101111101111100010110010010100010011101101110000101111011011000010101100
4400 0.843794642936 101001010010100011000001101111100010001100111001010101110001111000010000101000011000001000100110010110010111110011110101111001100101000110110010001110111000001111100001101010010111010010101101001100000110101110110001110010011101000110111011111000001001111100100001001011111011000010001101100000000001001110001001011111101111100010111010010100010011101101000000101111001011000010101100
4500 0.844343098101 101101010010101011000001101111100010000100111001010101110001111000010000101000011001001000100110010110110110110011110101111001100101000110110011001110111000001111100001101010010111000010101101001100000110101110110001110010001101000110111011111000001001111100100001001011111011000010001011110000000001001110001001111111101111100010111010010100010011101101100000101111001011000010101100
4600 0.843543567116 001101010010101011000001101111100010000100111001010101110001111000010000101000011001001000100110010100110110110111110111111001100101000110110011001110111000001111100001101010000111010010101101001100000110101110110001110010011101000110111011111000000001111100100001001011111011000010001011100000000001001110001001011111101111100010111010010100010011101101000000101111001011000010101100
4700 0.843894828755 001100010010101011000001101111100010000100111001010101110001111000010000101000011001001000100110010100110110110111110111111001100101000110110011001110111000001111100001101010000111010010101101001100000110101110110001110010011101000010111011111000000001111100100001001011111011000010000011100000000001001110001001011111101111100010111010010100010011101101001000101111001011000010101100
4800 0.843061668753 001101010010101011000001101111100010000100111001010101110001111000010000101000011001001000100110010100110110110111110111111001100101000110110011001110111000001111100001101010010111010010101101001100000110101110110000110010011101000110111001111000000001111100100001001011111011000010001011100000000001001110001001011111101111100010111010010100010011101101000000101111001011000010101100
4900 0.842040635531 001101010010101011000001101111100010000100111001010101110001111000010000101000011001001000100110010100110110110111110101111001100101000110110011001110111000001111100001101010010111010010101101001100000110101110110000110010011101000110111001111000000001111100100001001011111011000010001011100000000011001110001001011111101111100010111010010100010011101101000000101111001011000010101100
5000 0.842850286265 001101010010101011001001101111100010000100111001010101110001111000010000101000011101001000000110010100110110110111110101111001100101000110110111001110011000001111100001101010010111010010101101001100000110101110110000110010011101000110111001111000000001111100100001001011111011000010001011100000000011001110001001011111101111100010111010010100010011101101000000101111001011000010101100
5100 0.842538497151 001101010010101011000001101111100010000100111001010101110001111000010000101000011001001000100110010100110110110111110101111001100101000110100111001110111000001111100001101010000111010010101101001100000110101110110000110010011101000110111001111000001001111100100001001011111011010010001011100000000011001110001001011111101111100010111010010100000011101101000000101111001011000010101100
5200 0.843276114589 001101010010111011000001101111100010000100111001010101110001111000010000101000011001001000100110010100110110110111110101111001100101000110010011001110111000001111100001101010010111010010101101001100000010101110110000110010011101000110111001111000000001111100100001001011111011000010001111100000000001001110001001011111101111100010111010010100010011101101000000101111001011000010101100
5300 0.843148996864 001101010010101011000001101111100010000100111001010101110001111000010000101000011101001000100110010100110110110111110101111001100101000110110111001110111010001111100001101010000111000010101101001110000110101110100000010010011101000110111001111000000001111100100001001011111011010010001011100000000001001110001001011111101011100010111010010100010011101101000000101111001011000010101100
5400 0.841424644295 001101010010101011000001101111100010000100111001010101100001101000010000101000111101001000000110010100110110110111110101111001100101000110110111001110111000001111100001101010000111000010101101001100000110101110110000010010011101000110111001111000000001111100100000001011111011000010001111110000000001001110001001011111101111100010111010010100010011101101000000101111001011000010101100
5500 0.842867451374 001101010010101111000001101111100010000100111001010101110001111000010000101000011101001000100110010100110110110111110101111011100101000110110111001110111000101111100001101010010110010010101101001000000110101110110000110010011101000110111011111000000001011100100001001011110011000010001011100000000011001110001001011111101111100010111010010100010001101101000000101111001011000010101100
5600 0.843007015683 001101010010101111000001101111100010000100111001010101110001111000010000111010111101101000000110010100110110110111010101111011100101000110110111001110111000101111100001101010010111000010101101001000000010101110110000110010011101000110111001111000000001011100100001001011110011000010001011100000000011001110001001011111101111100010111010010100010011101101000000101111001011000010101100
5700 0.842659330334 001101010010101111000001101111100010000100111001010101110001111000010000111010111101101000000110010100110110110111010101111011100101000110110111001110111000101111100001101010010111000010101101001000000010101110110000110010011101000110111001111000000001011100100001001011110011000010001010100000000011001110001001011111101111100010111010010100010011101101000000101111001011000010101100
5800 0.842543767773 000101010010101110010001101111100010000100111001010101110001111000010000101010111101001000100110010100110110110111110101111101100101000110110111001110111000101111100001101010010111000010101101001000000010101111110000110010011101000110111011111000000001011100100001001011111011000010101011100000000011001110000001011111101111100010111010010100010011101101000000101111001011000010101100
5900 0.841512453993 001101010010101111010001101111110010000100111001010101110001111000010000101010011001001000100100010100110110110110110101111111000101000110110011001110011000001111100001101010010111000010101101001100001110101110110000110010011101000110110001111000000001111100100001001011110011000010001011100000000011001110001001111111101111100010111010010100010001101101011000101111001011000010101100
6000 0.841175364908 000101110010101110000001101111100010000100101001010101110001111000010000101010111101001000101110010100110010110110110101111111000101000110110111001110111000101111100001101010010111000010101101001100000010101111110000110010011101000110110011111000000001011100100001001011111011000010001011100000000011001110000101011111101111100010111010010100000001101101000000101111001011000010101100
6100 0.841940690384 001101010010101111010001101111110010000100101001010101110101111000010000101010111001001000100110010100110010110110110101111111000101000110110111001110011000001111100001101010010111000010101101001100000110101110110000110010011101000110110001111000000001111100100001001011110011000010001011100000000011001110001101011111101111100010111010010100010001101101010000101111001011000010101100
6200 0.842005809106 001101010010101111010001101111100010000100101001010101110101111000010000101010111101001000101110010100110010110110110101111111000101000110110111001110110000001111100001101010010111000010101101011100001010101111110000110010011101000110110001111000000001011100100001001011110011000010001011100000000011001110001001011111101111100010101010010100010001101101010000101111001011000110101100
6300 0.84247467939 001101010010101111010001101111110010000100111001010101110101111000010000101010111001001000101110010100110010110110110101111111100101000110110011001110011000001111100001101010000111000010101101001100001010101111100000110010011101000110110001111000000001111100100001101011111011000010011011100000000011001110001101111111101101000010111010010100010001101101010000100111001011000010101100
6400 0.841515961577 001101010010101111010001101111100010100100111001010101110001111100010000101010111101001000111100010100110110110110110101111111000101000110110011001110110000011111100001101010010111000010101101001100001010101110110000110010011101000110010001111000000000011100100001001011110011000010001011100000001011001110000001111111101111100010110010010100010001101101010000101111001011000010101100
6500 0.841705898839 001101010010101111010001101111110010000100111001010101110001111000010000101010111101001000101110010100110010110110110101111111100101000110110011011010110000011111000001101010000111000010100101001100001010101010110000010010011101000110110001111000000000011100100001101011111011000010001011100000000011001110001001111111101111100010111010010100010001101101011000101111001011000110101100
6600 0.840992436252 001101010010101111010001101111100010000100111001010101010001111100010000101010111101001000111110010110110010110110110101111111000101000110110011001110111000011111100001101011010111000010101100001100001010101110110000110010011101000110110001111000000001011100100001001011111011000010001011100000000011001110000001011111101111100010110010010100010001101101010000101111000011000010101100
6700 0.840165828324 001101010010101111010001101111100010000100101001010101110001111100010000101010111101001000101100010100110010110110110101111111100101000110110111001110010000011111100001101010010111000010101101011100001010101110110000110010011001000110110001111000000001111100100001001011110011000010001011100000000001001110011001011111101111100010110010010100010001001101000000101111001011000010101110
6800 0.839801338521 001101010010101111010001101111100010000100111001010101110001111100010000101010111101001000101110010100110010110110110101111111100101000110110111001110010000011111100001101010010111000010101101011100001010101011110000110010011001000110010001111000000000111100100001001011110011000010001011100000000001001110011001011011101111100010111010010100010001001101000000101111001011000010101110
6900 0.840370068463 001101010010101111010001101111100010000100111001010101110001111110010000101010111101001000101110010100110010110110110101111111100101000110110011001110011000011111100001101010010111000010101101011100001010101111110000110010011001000100110001111000000000111100100001001011110011000010001011100000000001001110011001011111101111100000110010010100010001101101000000101111001011000010101100
7000 0.840540059016 101001010010101111010001101111100010000100111001010101110001111000010000101010111101001000101100010100110010110110110101111011100101000110110011001110011000011111100001101010010111000010101101011100001010101111110000110010011001000110110001111000000000111100100001001011110011000010011011100000000001001110011001011111111111100010111010010100010001001101000000101111001011000010101110
7100 0.840348119807 001101010010101111010001101111100010100100111001010101110001111100010000101010111101001000111100000100110010110110110101111111000101000110110011001110000000011111100001101010010111000010101101011100001010101011110000110010011101000110010001110000000000111100100001001011110011000010001011100000010001011110011001011011101111100010111010010100010001001101001000101111001011000010101100
7200 0.840391169061 001101010010101111000001101111100010000100101001010101110001111000010000101010111101001000101110010100110010110110110101111111100101000110100011001110111000011111100001101010010111000010101101011100001010101111110000110010001001000110110001111000000000111100110000001011110011000010001011100000000001001110011001011111111011100010111010010100010001101101000000101111001011010010101110
7300 0.840391611483 001101010010101111010001101111100010100100111001110101110001111100010000101010111101001000101100010100110010110110110101111111100101000110110111001110000000011111000001101010010111000010101101011100001010101111010000110010011101000110010001111000000000101100100001001011110011000010001011100000010001001110011001011011101111100010111110010100010001001101001000101111001011000010001000
7400 0.840568263324 001101010010101111010001101111100010000100111001010101110001111000010010101010111101001000101100010100110010110110110101111111100101000110110111001110000000011111100001101011010111000010101101011100001010101011110000110010011101000110010001101000000000101100100001001011110011000010001011100000000000001110011001011111101111100010111010010100010001001101001000101111001011000010101100
7500 0.840022345044 001101010010101111010001101111100010000100101001010101110001111000010000101010111101001000101110010100110010110110110101111111100101000110110011001110011000011111100001101010010111000010101101011100001000101111110000110010011101000110010001111000000000101100110001001011110011000010001011100000000001001110011001011111101111100010111011010100010001011101001000101111001011000010101000
7600 0.839684412429 001101010010101111010001101111100010000100101001010101110001111100010000101010111101001000101110010100111010110110110101111111100101000110110011001110001000011111100001101010010111000010101101011100001000101111110000110010011101000110010001111000000000101100110001001011110011000010001011100000000001001110011001011111101111100010111011010100010001001101000000101111001011000010111000
7700 0.839870997132 001101010010101111010001101111100010000100101001010101110001111000010100101010111101001000101110010100110010110110110101101111100101000010100011001110100000011111100001101010010111000010101101011100001010101011110000110010011101000110110001111000000000101100100001001011110011000010001011100000000001001110011001011111101111100010110110010100010001001101001000101111001011000010101100
7800 0.840717686863 001101010010101111010001101111100010000100111001010101110001111100010000101010111101001000101110010100110010110110110101111011100100000110110011001110011000011111100001101010010111000010101101011100001010101011010000110010011101000110011001111000000000001100110001001011110011000010001011100000000001001110011001011111101111100010111011010100010001101101001000101111001111000010111000
7900 0.839705184342 001101010010101111010001101111100010000100101001010101110001111100010100101010111101001000101100010100110010110110110101111111100101000110110011001110001000011111100001101010010111000010101101011100001010101010110000110011011101000110110001011000000000101100100001001011110011000010001011100000000001001110011001011111101111100010111011010100010001001101000000101111001011000010111100
8000 0.838816411928 001101010010101111010001101111100011000100101001010101110001111000010100101010111101001000101101010100110010110110110101111011100101000110110011001110001000011111100001101010010111000010101101011100001010101010110000110010011101000110110001111000000000111100100001001011110011000010001011100000000001001110011001011111101101100010111011010100010001001101000000101111001011000010101100
8100 0.838394684185 001101010010101111010001101111100010000100101001010101110001111000010000101010111100001000101110010100110010110110110101111111100101000110100011001010001000011111100001101010010111000010101101011100001010101111110000110010011101000110010001111000000000101100110001001011110001000010001011100000000001001110011001011111101111100010111011010100010001001101001000101111001011000010111100
8200 0.840028636905 001101010010101111010001101111100010100100101001010101110001111000010000101010111100001000101110010100110010110110110101111111100101000110100011001010001000011111100001101010000111100010101101011100001010101111110000110010011101000110010001111000000000101100110001001011110001000010001011100000000001001110011001011111101111100010111011010100010001001101001000101111001011000010111100
8300 0.839102632041 001101010010101111010001101111100010100100101001010101110001101000010000101010111100001000101100010100111010110110110101111111100101000110100011001010001000011111100001101010010111000010101101011100001010101111110000110010011101000110010001111000000000101100110001001011110001000010001011101000000001001110011001011111101111100010111011010100010001001101001000101111001011000010111100
8400 0.838919424304 001101010010101111010001101111100010100100101001010101110001111000010000101010011100001000101110010100100010110110110101111111100101000110100011001010001000011111100001101010010111000010101101000100001011101111110000110010011101000110010001111000000000101100110001001011110011000010001011100000000001001110011001111111101111100010111011010100010001001101001000101111001011000010111000
8500 0.839377659726 001101010010101111010001101111100010100100101001010101110001111000010000101010011100001000101110010100100010110110110101111111100101000110100011001010001000011111100001101010010111000010101101010100001011101111110000110010011101000110010001111000000000101100110001001011110011000010001011100000000001001110011001111111101111100010111011010100010001001101001001101111001011000010111000
8600 0.839305910462 001101010010101111010001101111100000100100101101010101110001111000010000101010111110001000101110010100111010110110110101111111100101000110100011001010011000011111100001101010010111000010101101011100001010101010110000110010011101000110010001111000000000101100110001001011110001000010000011100000000001001110011001111111101111100010111011010100010001001101001000100111001011000010111100
8700 0.839721935945 001101010010101111010001101111100000100100101101010101110001111000010000101010111111001000101110010100111010110110110101111111100101000110100011001010011000011111100001101010010111000010101101011100001010101010110000110010011101000110010001111000000000101100110001001011110001000010000011100000000001001110011001111111101111100010111011010100010001001101001000100111001011000010111100
8800 0.839166971007 001101010010101111010001101111100010100100101001010101110001111000010000101010111100001000101110000100111010110110110101110111100101000110100011001010011000011111100001101010010111000010101101011100001011101011110000110010011101000110001001111000000000101100110001001011110001000010000011100000000001001110011001111111101111100010111011010100010001001101001000101111001011000010111100
8900 0.83902812213 101101010010101111010001101111100010100100101001000101110001101000010000101010011100001000101110000100111010110110110101111111100101000110100011001010011000011111110000101010010111000010101101011100001010101110110000010010011101100110010001111000000000101100110001001011110011000010001011100000000001001110011001011111101111100010111011010100010001001101001000101111001011000010111100
9000 0.839187114675 001101010010101111010001101111100010100100101001010101110001101000010000101010111100001000101110000100111010110010110101110111100101000110100011001010011000011111100001101010010111000010101101011100001011101111110000110010011101000110010001111000000000101100110001001011110011000010001001100000000001001110011001011111101111100010111011010100010001001101001000101111001011000010111100
9100 0.838666504898 101101010010101111000001101111100010100000101001010101111001111000010000101010111100001010101110000100011010110110110101111111100101000110100011001010011000011111100001101010010111000010101101011100001010100111110000110010011101000110010001111000100000101100110001001011110011000010000001100000000001001110011001011111101111100010111011010100010001001101001000101111001011000010011100
9200 0.838357045915 001101011010101111110001101111100010100100101001110101110001101000010000101010011100001000101110000100011010110110110101111111100101000110100011001110011000011111110000101010010111000010101101011100001010101110110000010010011101100110010001111000000000101100110000001011110011000010001001100000000001001110011001111111101111100010111011010100010001001101001000101111000011000010111100
9300 0.836824836767 001101010010101111010001101111100010100100101001010101110001111000010000101010111100001000101110000100011010110110110101100111100101000110100011001010011000011111100001101010010111000010101101011100001010101111110000110010011101000110010001111000000000101100110000001011110011000110001011100000000001001110011001011111101111100010111011010100010001001101001000101111000011000010111100
9400 0.837758999929 000100010110101111010001101111100010100100101001010101110001111000010000101010111100001000101110000100011010110110110101110111100101000110100011001010001000111111100001101010010111000010101101011100001010101111110000110010011101000110010011111000000000101100110000001011110011000010001011100000000001001110011001011111101111100010111011010100010001001101001000101111000011000010111100
9500 0.837845135525 001101010010101111010001101111100010100100101001010101110001111000010000101010111100001000101110000100011010110110110101110111100101000110100011001110011000011111100001101010010111000010101101011100001010101110110000110010011101000110010001111000000000101100110100001011110011000010001011100000000001001110011001011111101111100010110011010100010001001101001000101111000011000010111100
9600 0.838347662567 001101010010101111010001101111100000100100101001010101100001111000010000101010111100001000101110000100011010110110110101110111100101000110100011001110011000011111110001101010010111000010101101011100001010101110110000110010011101000110010001111000000000101100110100001011110011000010001011100000000001001110011001011111101111100010110011010100010001001101001000101111000011000010111100
9700 0.837831109288 001101010010101111010001101111100010100100101001010101110001111000010000101010011100001000101110000100011010110110110101110111100101000110100011001110011000011111110001101010010111000010101101011100001011101110110000110010011101000110010001111000000000101100110000001011100011000010001011100000000001001110011001011111101111100010110011010100010001001101001000101111001011000010111100
9800 0.83791524545 001101010010101111110001101111100011100100101001010101111001111000010000101010011100001000001110000100011010110010110101111111100101000110100011001110011000011111100001101010000111000010101101011100001010101110110000110010011101100110010001111000000000001100110000101011110011000010001011100000000011001110011000011111101111100010111011010100010001001101001000101111000011000010111100
9900 0.837527294807 001101010010101111010001101111110010100100101001010101110011111000010000101010011100001000000110000110011010110110110101110111100101000110100011001010011000011111100001101010000111000010101101011100001010101110110000110010011101000010010001111000000000101100110000001011110011000010001011100000000001001110011001011111101111100010110011010100110001001101001000101111000011000110111100
10000 0.836824681866 001101010010101111000001101111101000100100101001010101111001111000010000101010111100001000001110000100011010110110110001110111100101000110100111001110011000011111100001101010000111000010101101011100001010101110110000110010011101100110010001111000000000001100110000101011110011000010001011100000000011001110011001011111111111100010110011010100010001001101001000101111000011000010111100
10100 0.83732000737 001101010010101111010001101111100010100100101001010101111001111000010000101010011100001000001110000110011010110110110101110111100101000110100011001110011000011111100001101010000111000010101101011100001010101111010000110010011101100010010001111000000000001100110000101011110011000010001011100000000001001110011001011111111111100010110011010100010001001101001000101111000011000010111100
Mejor resultado: 0.836824681866 001101010010101111000001101111101000100100101001010101111001111000010000101010111100001000001110000100011010110110110001110111100101000110100111001110011000011111100001101010000111000010101101011100001010101110110000110010011101100110010001111000000000001100110000101011110011000010001011100000000011001110011001011111111111100010110011010100010001001101001000101111000011000010111100
