200 0.928717909477 000010111010001101010111101000010100101101011010011101000111110001011010111000010111011101000000110010010111011110110000101110101101011101100111001011101001110001001000100110100111101110011011011101101110111011010100010011011100110010110101101110110111111110111000100001101001110001001111110011110001110000010100110011111111011111111011001100000011110111110101110011001011100000011111
300 0.908807063579 011010111010000011110001100010001110111001111111011101101001111110111001101110101111010100001100011110011111101010100111110111100111100111010101001111100101011001001010100111010111001110001111101101111010110010110010110010011010000111100011100001000010111010000110100001111011100011110111010000110101101000001001011011010011101000110111011111101001101110010110101010000011011011010001
400 0.895715731105 011011111010000111110111100010010100111101111110011101100111111111110011101100111111011100001000011010010111111010100111110111100101000101011101001011101101011101001000100011110111011110101011101101101110111010010101110010011010100111110001100101100010111010010000100001111001110011100111000001100101101010001101010011110111101100011111000101011001111110010100101111011011100001010101
500 0.894496644439 010010111011001111001101001100110100101101011001011111100101110011011111101010011010010010000000111000010101101111110111101010111111111110110111001010111111111100101010100110101010001110111011111101111111011010110010000000010111100110000101111101100011111111100000111111101000011010110110010100001011111010111101110111101111111011111001010111111011111111101010001011011011010001111011
600 0.887398983172 011010101001001111100111101010110100111101111110011100110011111111110111111000011111011100000000011010000111011111110111100110100101001111100111001010111101011101001010100010100011001110111011101101101101111010110001010010011110100110111001100100000011111101011000110111111001010010100110000000100011101110011101010111101111111100011111001101011011111111111010101111011011000001110110
700 0.885382784086 001010111010000111110001101110011010101101011111011101100111111100111010101110111111010000001000011010010111101011110111111111101101001101011111001011101001011101001000100011110111101110101011001101101110111010010001010010011111100110110011101110100010111010111100001011111001110011100110000011100101100011010001011011010111111001111111011101011001111110010100101110011001001000011101
800 0.882374654757 011010101010000111000101101010010110111001111110011100100011111101110010101010111111111000000001011110010111011110110111111111100101111101100111001010111001111001001000100010100101101110111011001001101010111010110101110011011111110110101111111110000011111111111000001101111001011010101110000000101001101100001101001111101011101000011011101100110001111110011010101011001011001100011101
900 0.878935735302 011010111010000111000101101011010110111101111010011100100011111111011000101110111011111100000000011110010111011111110111110111100101011100110111001010111011111000001000100010110101101110111111001101101110111010110010111001010111100110111101111110000011111111011000001001111101010011101111000100001001101010001101111111101001101010010001110101011001111110010000101011001011000110011011
1000 0.876809152411 011010111010000110010101101011010100111101111110011100100011110111011100101110111011111000000000011010010111011110110111110111100101000100110111001010111111111100001001100010110111001110101011011101101110101010110010010001010111100110110101110100000011111111111000001001111001110011101111010100000001101010001101111111100011111010010001110101011001111110010000101111001011000010011011
1100 0.873754475478 011010111010000111010101101011010110111101111110011100100011111111011100101110111011111000000000011110010111011110110111110111100101000100110111001010111011101000001000100010110111001110101111011101101110101010110010111001010111100110110101111100000011111111111000001001111001010011101111010100001001101010001101111111100011101010010001110101011001111110010000101011001011000110001011
1200 0.872469221526 011010001011000111100101100011010010101101111111011101100111111101011001101010111011011100100000111110010111001111110111100110000101011100100111001010111011111100001001101010100110101110111011001101001110111010110100110000010011100110110111111100000011111011110000001011111111010010101111110000100001001010001101011111001011101010111011010101011001011101010000101011001011000010111111
1300 0.870062485775 000010111010000111110101101111010010101101111111011100100011111111110000101010111110011000000000111010010111001110110111110111100101000100111111001010110111101100001000101010100101001110101111011100101110101000110001110001011011100110111101111100000011111110111000001001111001010011101110110100001011101010001101111111100011101110110001010101111011011111100000101010011011000110111001
1400 0.86868415482 011010101010000111110101101111011110101101111111011100100011111111110000101010110110011000000000111110010111101110110111100111100100000100110111001010110111101100001000101011100111101110111011001100101110101000110001110000011011100110110101111100000011111111011000001001111101010011101111010000100001101010001101111011100111101010010011110101011001011101100000101011001011000010011001
1500 0.863491366701 011010111010000111010101101111010110101101101111011100100011111101010000101010111111111000000000011100010111001110110101110111100100000110110111001010111010101100001000101010100111001110101111011100101110101000110000110001011111100110101111111000000011101111110000001000111111010011100110000100001011101010001101111111100011101110110011010101111001111111010000101010001011000110011011
1600 0.864662760688 010011111010000111010101101111010010101001101111011100100011110100010000101010010111111000000000011100010111011110110101110111100101000100110111001010110110101100001000101010110111001110101111001100101110111010110001110001011111100110110111111100000011101111111000001011111001010011100110000000001001101010001101111111110011101010110001010101011001011111110000101111001011000110011011
1700 0.863044693899 010010111010000101110101101011010110101101111111011100100011111101010000101110111111111100000000011010010111001111110101110111100101000010110111001010111010101100001001101010100111001110111111011100101110101000110000110001011111100110100111111000000011101110110000001001111101010011100010000100001011101010001101111001100011101010110011010101111001111101000000101111000011000110111011
1800 0.862195688106 001010111010000101010101101011010010101101111111011100100011111101010000101010111111011000000100011110010111011110110101110111100100010110110111001010111011101100001000101010101111101110101111001100101110101000110000110000011111100110100111111100000011111110111000001001111101010011101010100000000011101010001101011011100011101010110001010101111001111101000000101010000011000010111011
1900 0.861617733159 001010111010000101010101101011010010101101111111011100100011111101010000101010111111011000000100011110010111011110110101110111100100010110110111001010111011101100001000101010101111101110101111001100101110101000110000110000011111100110100111111100000011111110111000001001111101010011101010100000000011101010001101011001100011101010110001010101111001111101000000101010000011000010111011
2000 0.860115049078 011010111010000100110101101001010110101101110111011100100001111101010000101110111111111000000000011110010111111111110101110111000100000110110111001010011010011100001001101010100111001110101111011100001111101010110000110011010111100110011101111000000011111110110000001001111001010010101110100000000001101010001101011011100011101010110011110101111001111101000000101001000011000010111011
2100 0.859528643216 001011110010000101010101101111010010101101111111011100100011110101010000101010110111011000001101011110010111011111110101110111100100000110110111001010010010101100001001101010101111001010101011001100101111101010110000110010011111100110101111111100000010101110111000001001111001000010101110100000100011101010000101011001100011101010110011010101111001111101010000101111000011000010011011
2200 0.857547375334 011000111010000100010101101111010110101101110111010100100011111101010000101110111111011000000000011110010011011111110001110111100100000010110111001010111010001100001001101010100111001110101111011100001111101010110000110010011111100110011111111000000011111110110000001001111001010010101110100100000001101010001101011011100011101010110011010101111001111101000000101011000011000110111011
2300 0.856653559644 010010111010000100010101101011010110101101110111011100100011111101010000101110111111001000000000011110010011011111110101110111100100000010110011001010011010011101001001101010100111001110101111011100001111101010110000110010011111100110001111111000000011111110110000001001111001010010101110100100000001101010011101011011100011101010110011010101111001111101000000101011000011000110111011
2400 0.857117169864 011000111010000111110101101011010010101101111111011100100001111101010001101110110111011000000000011110010011101110110001110111100100000110110111001010111010111100001001101010100111001110101111011100001111101010110000110010011111100110011111111100000011101110111000001001111001000010101110100100000001101010000101011011100011101010110011010101011001111101000000101011000011000010111111
2500 0.855237460883 011010111010000101010101101011010010101101110111001100100011111100010000101010111110001000000010011110010011111110110001110111100101000110100011001010011010011101001001101010100111001110101111011100001111101000110000110011011111100110111111111000000011101110110000001001111001010010101110100100000001101010000101011011100011101010110011110101111001111101010000101011000011000010111111
2600 0.855467675868 011010111010000101110101101011110010101101110111010100100001111001010000101110111111101000000000011110010011111110110101110111100101000110110111001010011010001101001001101010100111001110101111010100001111100010110000110011011111000110110111111000000011101111110000001001111001010010101110100100000011001010001101011001100011101010110011010101011001111101010000101011000011000010101111
2700 0.852951758682 010000111010000101010101101011110010101101110111010100100011111100010000101110011110001000000000011110010011111110110101110111100101000010110111001010011110011101001001101010100111001010101111010100001111101010110000110010011111100110010111111000000011111110110000001001111001010010101110100100000001001010001101011011100011101010110011010101111001111101000000101011000011000010101011
2800 0.853513783836 010000111010001101010101101011110010101101110111010100000011111101010000101110111110001000000000011110010011111110110101110111100101000010110111001010011110011101001001101010100111001010101111010100001111101000110000110010011111100110010111111000000011111110110000101001111001010010101110100100000001001010001101011011100011101010110011010101111001111101000000101011000011000010101011
2900 0.85335225339 011000111010000101010101101011110010100101110111010100000001111000010001101110011110001000001000111100010011110110110101110111100101000010110011001010011110011101001001101011100111001010101111010100001111101010110000110011011111100110010111111000000011101111110000101001111001010010101100100100000001001110011101011011100011101010110011010101111001111101010000101011000011000010111011
3000 0.85171522497 011000111010001101010101101001110010100101100111010100000001111000010000101110001110001000001000011110010011110110110001110111100101000010100011001010010110001111001001101010100111001010101111010100001111101010110000110010011111100110011111111000000011101111110000101001111011010010101110101100000001001110011101011011100011101110110011010101111001111101010000101111000011000010111011
3100 0.851209062974 010000111010000101010101101011110010100100100111011100000011111000010000101110011110001000001000011110010011111110110101110111100101000110100011001010011010011111001001101010100111001010101111010100001111101010110000110010011111100110111111111000000011101111110000101001111011010010001110100100000001001010001101011011100011101110110011010101111001111101010000101011000011000010111011
3200 0.850188576498 010000111010000101010101101011110010100101100011010100001011111000010000101110111110001000001000011110010011111110110001110111100101000010100011001010010010011101001001101010100111001010101111010100001111101010110000110010011111100110111111111000000011101111110000101001111011010010001110100100000001001110011101011011100011101010110011010101111011111101001000101011000011000010111011
3300 0.850559909161 010100111010000101010101101011110010100100110111011100000011111100010000101110111110101000000000011110010011111110110101110111100101000110100011001010011010011101001001101010100111001000101111010100101111101000110001110010011111100110111111111000000011111110110001101001111111010010001110100100000001001010001101001011100011100010110011010101011001111101000000101011000011000010111011
3400 0.849594680263 011100111010000101010101101011110110100101110011010100000001111100010000101110111110101000000000011110010011110110110101110111100101000110100011001010011010011101001001101010100011001010101111010100001111101000110000110010011111100110010111111000000001101110110000101001111111010010101110110100000001101110011101001011100011100010110011010101011001111101010000001111000011000010111011
3500 0.848518187958 011000111010000101010101101011110010100100100011010100000001111000010000101110111110001000001000001110010011110110110101110111100101000110110011001010011010001111001001101010100111001000101111010100001111101010110000110010011111100110010111111000000001101110110000101001111011010010001110100100010011101110001101011011100011101010110011010101011001111101010000101111000011000010111011
3600 0.848740632072 011000111010000101010101101011110010100100000011010100000011111000010000101110111110001000000000011110010011110110110101110111100101000110110011001010010010001111001001101010100111001010101111010100001111101010110000110010011111100110111111111000000001101110110001101001111011010010001110100100000001101110001101011011100011101010110011010101011001111101000000101111000011000010111011
3700 0.848022187076 010101111010000101010101101011110010100100100011010101001011111000010000101110111110101000000000011110010011111110110101110111100101000010100011001010010010011101001000101010100111001010101111010100001111101010110000110010011111100110111111111000000010101110110000101001111011010010001110100100000001001111011101011011100011100010110011010100011001111101010000101011000011000010111011
3800 0.84752941939 011100111010000101010101101011110010100101100011010100000001111000010000101110111110001000000000011110010011110110110101110111100101000110100011001010011000011101001001101010100111001010101111010100001111101010110001110010011111000110011111111000000001111110110000101001111111010010001110100100000001001110011101011011100011100010110011010101011001111101010000101011000011000010111011
3900 0.84737532066 010000111010000101010101101011110010100100110011010101001011111000010000101010101110001000001000011110000011110110110001111111100101000010100011001010011010011111001001101010100111001010101111010100001111101010110000110010011111100110110111111000000001101110110001101001111011010010001110100100000001101110011101011011100011100010110011010101011011111101000000101111000011000010111011
4000 0.846504997383 011100111010000101010101101011110010100100110001010110000001111000010000101110111110001000000000001110010011110110110101110111100101000110100011001010011010011111001001101010100111001010101111010100001111101010110001110010011101000110010111111000000001101110110000101001111111010010001110100100000001001110001101011011100011100010110011010101011001111101010000101111000011000010011011
4100 0.846413125456 011100111010000101010101101011110010100100110011010100000001111000010000101110111110001000000000011110010001110110110101110111100101000110100011001010010010011101001001101010100111000010101111010100001111101110110001110010011111100110011111111000000000101110110000101001111111010010001110100100010001001110001101011011100011100010110011010101010001111101011000101011000011000010111011
4200 0.84664147024 011100111010000111000101101011110010100100100011010100000011111000010000101110111110001000000000011110010011110110110101110111100101000110100011001010010000011111010001101010000111001010101111010000101111101010110000110010011111100110101111111000000011101110110000101001111011010010101110100100010001001110001101011010100011100010110011010101011001101101001000101111000011000010111011
4300 0.84594124507 010100111010000101000101101011110010100100110011010100000001111000010000101010111110001000000000011110010011010110110001110111100101000110100011001010011000011111010001101010000111001010101111010100101111101010110000110010011111100110110111111000000001101110110000101001111111010010001110110100000001001110001101011011100011100010110011010101011001101101001000101111000011000010111011
4400 0.845794122666 010100110010000111000101101011110010100100110011010100000001111000010000101010111110001000000000011110010011010110110101110111100101000110100011001010011010011111000001101010000111001010101111010100001111101010110000110010011111000110111111111000000000101110110000101001111011010110101110100100000001001110011101011011100011100010110011010101011011101101001000101111000011000010111011
4500 0.845624994119 011100011010000111000101101011110010100100100011010100000001111000010000101110111110001000000000011110010011110110110101110111100101000110100011001010010000011111000001101010000111001010101111010100101101101010110000110010011101100110111111111000000011101110110000101001111111010010001110100100010001101110001101011011100011100010110011010101011001101101000000101111000011000010111011
4600 0.845168753501 011100110010000101010101101011110010100100100011010100001001111010010000101110111110001000001000011110010011110110110001110111100101000110100011001010011010011111010001101010000111001010101111010000101111101010110000110010011111000110110111111000000001101110110000101001111011010010001010100100000001001110001101011011100011100010110011010101011001111101001000101111000011000010111010
4700 0.844847529934 011100110010000111010101101111110010100100110011010100000001111000010000101010101110001000001000011110010011110110110101110111100101000110100011001010010000011111000000101010000111001010101111010100001111101010110001110010011111000110111111111000000000101100110000101001111011010010101110100100010001001110011101011001100011100010110011010101011001101101001000101111000011000010111011
4800 0.843834594215 010000010010000111010101101011110010100100110001010100000001111000010000101110111110001000000000011110010011110110110101110111100101000110100011001010010010011111000001101010000111000010101111010100001111101010110000110010011111000110111011111000000001101110110000101001111101010010101110100100010001001110011101011011100011100110110011010101011001101101001000101111000011000010111111
4900 0.842477482044 010100010010000111000101101011100010100100100001010100000001111000010000101110111110001000001000011110010011110110110101110111100101000110100011001010011010011111110001101010000111000010101101010100001111101010110000110010011101000110111011111000000001101110110000101001110101010010101111100100000001001110011101011011100011100110110011010101011001101101001000101111000011000010111111
5000 0.842567269431 010100010010000111000101101011100010100100100001010100000001111000010000101110111110001000001000011110010011110110110101110111100101000110100011001010011010011111110001101010000111000010101101010100001111101010110000110010011101000110111011111000000001111110110000101001110101010010101111100100000001001110011101011011100001100110110011010101011001101101001000101111000011000010111111
5100 0.842841202252 010100010010000111000101101011100010100100100001010100000001111000010000101110111110001000000000011110010011110110110101110111100101000110100011001010011000011111100001101010000111000010100111010100001111101010110000110010011111000110111011111000000001101110110000101001110111010010101111100100010001001110011101011011100011100110110011010101011001101101001000101111000011000010111111
5200 0.84264964615 010100010010000111000101101011100010100100110001010100000001111000010000101110111010001000000000011110010011110110110101110111100101000110100011001010011000011111110001101010000111000010101111010100001111101010110000110010011111000110111011111000000001101110110000101001110111010010101110100100010001001110011101011001100011100010110011010101011001101101001000101111000011000010111111
5300 0.84266439349 011100010010000111000101101011100010100100110001110100000001111000010000101110111010001000000000001110010011110110110101110111100101000110100011001010011010011111100001101010000111000010101101010100001111101010110000110010011111000110111011111000000001101110110000101001110111010010101111100100010001001110010101011011100011100010110011010101011001101101001000101111000011000010111111
5400 0.842529981601 011100010010000111000101101011100010100100100001010100000001111000010000101110111110001000001000011110010011110110110101110111100101000110100011001010011010011111110001101010000111000010101101010100001111101010110000110010011101000110111011111000000001101110110000101001110101010010101111100100000001001110011101011001100011100110110011010101011001101101001000101111000011000010111111
5500 0.842150401059 011100010010000111000101101011110010100100100001010100000001111000010000101110111110001000000000001110010011110110110101110111100101000110100011001010011010011111100001101010000111000010101101010100001111101010110000110010011011000110111011111000000001101100110000101001110111010010101111100100000001001110011100011011100011100110110011010101011001101101001000101111000011000010111111
5600 0.842212848173 011100010010000111000101101111100010100100100001010100000001111000010000101110111110001000001000011110010011110110110101110111100101000110100011001010011010011111110001101010000111000010101101010100001110101010110000110010011101000110111011111000000000101110110000101001110101010010101111100100000001001110011101011001100011100110110011010101011001101101001000101111000011000010111111
5700 0.84151627663 011100010010000111000101101111110010100100100001010100000001111000010000101110111010001000001000011110010011110110110101110111100101000110100011001010011010011111100001101010000111000010101101010100001110101010110000110010011011000110111011111000000000101110110000101001110111010010101111100100000001001110011101011001100011100110110011010101011001101101001000101111000011000010111111
5800 0.841677218562 001100110010000111000101101111100010100100100001010100000001111000010000101010111110001000000000001110010011100110110101110111100101000110100011001010010010011111110001101010000111000010101101010100001111101010110000110010011101000110111011111000000001101110110000101001110111010010101111100100010001001110001101011011100011100110110011010101011001101101001000101111000011000010111101
5900 0.84087792124 011100110010000111000101101111100010100100100001010100000001111000010000101010111110001000000000001110010011110110110101110111100101000110100011001010010010011111110001101010000111000010101101010100001110101010110000110010011101000110111011111000000001101100110000101001110111010010101111100100010001001110001100011011100011100110110011010101011001101101001000101111000011000010111101
6000 0.840678060869 011100110010000111000101101011110010100100100001010100000001111000010000101010111010001000000100001110010011110110110101110111100101000110100011001010011010011111100001101010000111000010101101010100001110101010110000110010011101000110111011111000000000101110110000101001110111010010101111100100010001001110011101011001100011100010110011010101011001101101101000101111000011000010111101
6100 0.840914933875 001000110010000111000101101111100010100100100001010100000011111000010000101010111110001000001000001110010011100110110101110111100101000110100011001110000010011111110001101010000111000010101101010100000110101010110000110010011101000110111011111000000001101110110000101001110111010010101111100100000001001110011101011011100011100110110011010101011001101101001000101111000011000010111100
6200 0.840866497962 001100110010000111010101101111100010100100100001010100000001111000010000101010111110001000000000011110010011110110110101100111100101000110100011001110011010011111110001101010000111000010101101010100001110101010110000110010011101000110111011111000000001101110110000101001110011010010101111100100000001001110011101011011100011100010110011010101011001101101001000101111000011000010111101
6300 0.840723817259 001100110010000111000101101111100010100100100001010100000001111000010000101010111110001000000000001110010011110110110101110111100101000110100011001110010010011111110001101010000111000010101101010100001110101010110000110010010101000110111011111000000001101110110000101001110111010010101111100100010001001110011101011011100011100010110011010101011001101101001000101111000011000010111100
6400 0.84035033305 001100110010000111000101101111100010100100100001010100001001111000010000101010111110001000000000001110010011100110110101110111100101000110100111001010011010011111100001101010000111000010101101010100000110101010110000110010011101000110111011111000000001101110110000101001110111010010101111100100000001001110011101011001100011100110110011010101011001101101001000101111000011000010111100
6500 0.839949554795 001100110010000111000101101111110010100100100001010100000001111000010000101010111110001000000000011110010011110110110101100111100101000110100011001010001010011111110001101010000111000010101101010100001110101010110000110010011101000110111011111000000001101100110000101001110111010010101111100100000001001110011101011011100011100110110011010101011001101101001000101111000011000010111100
6600 0.84068772976 001100110010000111000101101111100010100100100001010100000001111000010000101010111110001000110000011110010011110110110101110111100101000110100011011010001010011111110001101010000111000010101101010100000110101010110000110010011101000110111011111000000001101100110000101001110011010010101101100100010001001110011101011011100011100010110011010101011001001101001000101111000011000010111100
6700 0.840772432482 001100110010000111000101101111100010100100100001010100000001111000010000101010111110001000101000001110010011110110110101110111100101000110100011001110001010011111110001101010000111000010101101010100000110101010110000110010011101000110111011111000000001101100110000101001110111010010101101100100010001001110011101011011100011100010110011010101011001001111001000101111000011000010111100
6800 0.840269344873 001100110010000111000101101111110010100100100001010100000001111000010000101010111110001000000000001110010011110110110101110111100101000110100111001110011010011111100001101010000111000010101101010100000110101010110000110010010101000110111011111000000001101100110000101001110111010010101111100100010001001110011101011011100011100110110011010101011001101101001000101111000011000010101100
6900 0.840349347199 001100110010000111000101101111100010100100100001010100000001111000010000101010111110001000001100001110010011100110110101110111100101000110100011001010010010011111110001101010000111000010101101010100000110101010110000110010011101000110111011111000000001001100110000101001110111010010101101100100010001001110011101011011100011100110110010010101011001101101001000101111000111000010111100
7000 0.839467515317 001100110010000111000101101111100010100100100000010100000001111000010000101010111110001000000100001110010011110110110101110111100101000110100111001110001010011111110001101010000111000010101101010100000110101010110000110010011101000110111011111000000001101100110000101001110111010010101111100100010001001110011101011011100011100010110011010100011001001101001000101111000011000010111100
7100 0.838914768849 001100110010000111000101101111100010100100100001010100000001111000010000101010111110001000001100001110010011100110110101110111100101000110100011001110001010011111100001101010000111000010101101010100000110101010110000110010011101000110111011111000000001101100110000101001110111010010101111100100010001001110011101011011100011100010110010010100011001101101001000101111000011000010111100
7200 0.838691249644 001100110010000111000101101111100010100100100001010100000001111000010000101010111110001000001100001110010011100110110101110111100101000110100011001110011010011111100001101010000111000010101101010100000110101010110000110010011101000110111011111000000001101100110000101001110111010010101111100100010001001110011001011011100011100010110010010100011001101101101000101111000011000010111100
7300 0.839149060274 001100110010000111000101101111100010100100100001010100000001111000010000101010111110001000000100001110010011110110110101110111100101000110100011001110011010011111100001101010000111000010101101010100000110101010110000110010011101000110111011111000000001101100110000101001110111010010101111100100010001001110011101011011100011100010110010010100011001101101001000001111000011000010111100
7400 0.839581836046 101100110010000111000001101111100010100100100000010100000001111000010000101010111110001000001100001110010011110110110101110111100101000110100011001110001010011111100001101010000111000010101101010100000110101010110000110010011101000110111011111000000001101100110000101001110111010010101111100100010001001110011101011011100011100010110011010100011001101101101000101111000011000010111100
7500 0.838890072699 001100110010000111000101101111100010100100100001010100000001111000010000101010111110001000000100001110010011100110110101110111100101000110100011001110010010011111100001101010000111000010101101010100000110101010110000110010011101000110111011111000000001101100110000101001111111010010101111100100010001001110011101011011100011100010110010010100011001101101001000001111000011000010111100
7600 0.838817898114 001100110010000111000101101111100010100100100001010100000001111000010000101010111110001000000100001110010011110110110101110111100101000110100111001110010010011111100001101010000111000010101101010100000110101010110000110010011101000110111011111000000001101100100000101001110111000010101111100100010001001110011101011011100011100010110010010100011001101101101000101111000011000010111100
7700 0.839182095436 001100110010000011000111101111100010100100100001010100000001111000010000101010111110001000001100001110010011110110110101110111100101000110100011001010001010011111100001101010000111000010101101010100000110101010110000110010011101000110111011111000000001101100110000101001110011010010101111100100010001001110011101011011100011100010110011010100011001001101001000101111000011000010111100
7800 0.839398312728 001100110010000111000101101111100010100100100001010100000001111000010000101010111110001000001100001110010011111110110101110111100101000110100011001010001010011111100001101010000111000010101101010100000110101010110000110010011101000110111011111000000001101100110000101001110111010010101111100100010001001110011101011011100011100010110011010100011001100101001000101111000011000010111100
7900 0.839089161017 001100110010000111000101101111100010100100100001010100000000111000010000101010111110001000001100001110010011100110110101110111100101000110100111001110010010011111100001101010000111000010101101010100000110101010110000110010011101000110111011111000000001101100110000101001110111000010101111100100010001001110011101011011100011100010110011010100011001001101001000101111000011000010111100
8000 0.839175861516 001100110010000111000101101111100010100100100001010100000001111000010000101000111110001000001100001110010011100110110101110111100101000110100111001110010010011111100001101010000111000010101101010100000010101010110000110010011101000110111011111000000001101100110000101001111111010010101111101100010001001110011101011011100011100010110011010100011001001101001000101111000011000010111100
8100 0.83890541838 001100110010000111000001101111100010100100100001010100000001111000010000101010111110001000000100001110010011110110110101110111100101000110100011001110001010011111100001101010000111000010101101010100000110101010110000110010011101100110111011111000000001101100110000101011111111000010101111101100010001001110011100111011100011100010110010010100011001100101101000100111000011000010111100
8200 0.838823912991 001100110010000111000001101111100010100100100001010100000001111000010000101011111110001000001100001110010011100110110101110111100101000110100011001110001010011111100001101010000111000010101101010100000110101010110000110010011101000110111011111000000011101100110000101011110111000010101111100100010001001110011101111011100011100010110010010100011001101101101000101111000011000010111100
8300 0.838908370684 001100110010000111000101101111100010100100100001010100000001111000010000101010111110001000001100001110010011100111110101110111100101000110100111001110010010011111100001101000000111000010101101010100000010101010110000110010011101100110110011111000000001101100110000101001110111000010101111101100010001001110011101011011100011100010110011010100011001001101101000101111000011000010111100
8400 0.837797999736 000100110010000111000001101111100010100100100001010100000001111000010000101010111110001000000100001110010011110110110101110111100101000110100010001110001010011111100001101010000111000010101101010100000010101010110000110010011101100110111011111000000001101100110000101011110111010010001111100100010001001110011101011011100011100010110011010100011001101101101000101111000011000010111100
8500 0.838519649749 001100110010000111000001101111100010100100100001010100000001111000010000101010111110001000001100001110010011110110110101110111100101000110100011001110011010011111100001101010000111000010101101010100000010101010110000111010011101100110110011111000000011101100110000101001110111000010101111100100010001001110011101011011100011100010110011010100011001101101101000101111000011000010111100
8600 0.838631108752 000100110010000111000001101111100010100100100001010100000001111000010000101010111110001000000100001110010011110110110101110111100101000110000011001110000010011111100001101010000111000010101101010100000110101010110000110010011101100110111011111000000001101100110000101111110111000010101111100100010001001110011101011011100011100010110011010100011001101101101000101111000011000010111100
8700 0.837968370926 001100110010000111000001101111100010100100100001010100000001111000010000101010111100001000001100001110010011100110110101110111100101000110100011001110000010011111100001101010010111000010101101010100000110101010110000110010011101100110110011111000000001101100110000101001110111010010101111101100010001001110011101011011100011100010110011010100011001000101101000101111000011000010111100
8800 0.838619534512 001100110010000111000001101111100010100100100001010100000001111000010000101010111110001000000100001110010011110110110101110111100101000110100011001110000010011111100001101010000111000010101101010100000110101010110000110011011101100110110011111000000001101100110000101001110111000010101111101100010001001110011101111011100011100010110011010100011001001101101000101111000011000010111100
8900 0.838928063449 001100110010000111000001101111100010100100100001010100000001111000010000101010111110001000000100001110010011110110110101110111100101000110000011001110011010011111100001101010000111000010101101011100000010101010110000111010011101100110111011111000000001101100110000101001110111000010101111100100010001001110011101011111100011100010110011010100011001100101101000101111000011000010111100
9000 0.838432545616 001100110010000111000001101111100010100100100001010100100001111000010000101010111110001000000100011110010011110110110101110111100101000110100011001110001010011111100001101010000111000010101101011100000110101010110000110010011101100110110011111000000001101100110000101001110111000010001111100100010001001110011101011011100011100010110001010100011001000101101000101111000011000010111100
9100 0.83744443174 001100110010100111000001101111100010100100100001010100100001111000010000101010111110000000000100001110010011110110110101110111100101000110100011001110001010011111100001101010000111000010101101010100000010101010110000111010011101100110110011111000000001101100110000101001110111000010101111100100010001001110011101011011100111100010110011010100011001000101101000101111000011000010111100
9200 0.838095285878 001100110010100111000001101111100010100100100001010100000001111000010000101010111110001000000100001110010011110110110101110111100101000110100011011110010010011111100001101010000111000010101101010100000010101010110000111010011101000110111011111000000001101100110000101001110111000010101111100100010001001110011101011011100011100010110011010100011001101101101000101111000011000010111100
9300 0.838020277153 001100110010100111000001101111100010100100100001010100000001111000010000101010111110001000000100001110010011110110110101110111100101000110100010001110011010011111100001101010000111000010101101010100000010101010110000111010011101000110110011111000000001101100110000101001110111000010101111101100010001001110011101011011100011100010110011010100011001101101101000101111000011000010111100
9400 0.837693299922 001100110010000111000001101111100010100100100001010100000001111000010000101010111110001000000110001110010011110110110101110111100101000110100011001110011010011111100001101010000111000010101101010100000010101010110000110010011101100110110011111000000001101100110000101011110011000010101111101100010001001110011101011011100011100010110011010100011001101101001000101111000011000010111100
9500 0.837578573563 001100110010100111000001101111101010100100100001010100000001111000010000101010111110001000000100001110011011110110110101110111100101000110100011001110010010011111100001101010000111000010101101010100000010101010110000110010011101000110110011111000000001101100110000101001110111000010101111100100010001001110011101011011100011100010110011010100011001101101101000101111000011000010111100
9600 0.837923078388 001100110010100111000001101111100010100100100001010100000001111000010000101010111110001000000100001110011011110110110101110111100101010110100011001110000010011111100001101010000111000010101101010100000010101010110000110010011101000010100111111000000001101100110000101001110111000010101111100100010101001110011101011011100111100010110011010100011001101101101000101111000011000010111000
9700 0.837359739425 001100110010100111000001101111100010100100100001010100000001111000010000101010111110001000000100001110010011110110110101110111100101000110100011001110011000011111100001101010000111000010101101010100001010101010110000110010011101000110110011111000000001101100110000101001110111000010101111101100010001001110011101011011100111100010110011010100011001101101101000101111000011000010111000
9800 0.837738727863 001100110010100111000001101111100010100000100001010100000011111000010000101010011110001000000110001110010011110110110101110111100101000110100011001110011010011111100001101010000111000010101101010100000010101010110000110010011101000110110011111000000001101100110000001011111111000010101111101100010001001110011101011011100111100010110011010100011001001101001000101111000011000010111100
9900 0.837264802 001100110010100111000001101111100010100100100001010100000001111000010000101010111110001000000110001110010011110110110101110111100101000110100011001110001010011111100001101010000111000010101101010100000010101010110000110010011101000110110011111000000001101100110000101001111111000010101111101100010001001110010101011011100111100010110011010100011001001101001000101111000011000010111100
10000 0.837387097795 001100111010100111000001101111100010100100100001010100000001111000010000101010111110001000001110001110010010110110110101110111100101000110100011001110011010011111100001101010000111000010101101010100000010101010110000110010011101000110110011111000000001101100110000101001110111000010101111101100010001001110011101011011100111100010110011010100011001001101001000101111000011000010111100
10100 0.83687234143 001100110010100111000001101111100010100100100001010100000001111000010000101010111110001000001110001110010010110110110101110111100101000110100011001110010010011111100001101010000111000010101101010100001010101010110000110010011101000110110011111000000001101100100000101001110111000010101111101000010001001110011101011011100111100010110011010100011001001101101000101111000011000010111100
10200 0.836330529933 001100110010100111000001101111100010100100100001010100000001111000010000101010111110001000000110001110010010100110110101110111100101000110100011001110011010011111100001101010000111000010101101010100001010101010110000110010011101000110110011111000000001101100100000101001110111000010101111101100010001001110011101011011100111100010110011010100011001001101101000101111000011000010111100
10300 0.836381578936 001100111010100111000001101111100010100100100001010100000001111000010000101010111110001000000110001110010010110110110101110111100101000110100011001110001010011111100001101010000111000010101101010100000010101010110000110010011101100110110011111000000001101100100000101001110011000010101111101000010001001110011101011011100111100010110011010100011001101101001000101111000011000010111100
10400 0.836584764155 001100110010100111000001101111101010100100100001010100000001111000010000101010111110001000000110001110010010100110110101110111100101000110100011001110001010011111100001101010000111000010101101010100001010101010110000110010011101100110110011111000000000101100100000101001110111000010101111101100010001101110011101011011100111100010110011010100011001001101001000101111000011000010111100
10500 0.836894262518 001100111010100111000001101111100010100100100001010100000001111000010000101010111110001000000110001110010010100110110101110111100101000110100011001110001010011111100001101010000111000010101101010100001010101010110000110010011101100110110011111000000001101100110000101001110111000010101111101100010001001110011101011011100111100010110011010100011001001101001000101111000011000010111100
10600 0.83658036319 001100110010100111000001101111100010100100100001010100000001111000010000101010111110001000001100101110011010110110110101110111100101000110100011001110000010001111100001101010000111000010101101010100000010101010110000110010011101100110110011111000000001101100100000101001110111000010101111101000010001101110011101011011100111100010110010010100011001001101001000101111000011000010111100
10700 0.836713202224 001100110010100111000001101111100010100100100001010100000001111000010000101010111110001000001100101110010010110110110101110111100101000110100011001110001010001111100001101010000111000010101101010100000010101010110000110010011101100110110011111000000001101100100000101001110111000010101111101000010001101110011101011011100111100010110010010100011001001101001000101111000011000010111100
10800 0.836822890005 001100111010101111000001101111100010100100100001010100000001111000010000101010111110001000000110001110010010110110110101111111100101000110100011001110001010011111100001101010000111000010101101010100000010101010110000110010011101100110110011111000000000101100110000101001110111000010101111101000010001001110011101011011100111100010110011010100011001001101001000101111000011000010111100
10900 0.836822890005 001100111010101111000001101111100010100100100001010100000001111000010000101010111110001000000110001110010010110110110101111111100101000110100011001110001010011111100001101010000111000010101101010100000010101010110000110010011101100110110011111000000000101100110000101001110111000010101111101000010001001110011101011011100111100010110011010100011001001101001000101111000011000010111100
11000 0.836611456976 001100110010100111000001101111100010100100110001010100000011111000010000101010111110001000001110101110011010100110110101110111100111000110100011001110000010001111100001101010010111000010101101010100000010101010110000110010011101000110110011111000000001101100100000101001110011000010101111101000010001001110011101011011100111100010110011010100011001001101001000101111000011000010111100
11100 0.836037935971 001100110010101111000001101111100010100100101001010100000001111000010000101010111110001000001110000110011010110110110101111111100101000110100011001110001010011111100001101010000111000010101101010100000010101010110000110010011101000110110011111000000000101100100000101001110111000010101111101000010001101110011101011011100111100010110011010100011001000101001000101111000011000010111100
11200 0.836681359244 001100110010101111000001101111100010100100101001010100000001111000010000101010111110001000000110000110010010110110110101111111100101000110100011001110001010011111100001101010010111000010101101010100001010101010110000110010011101000110110011111000000000101100110000101001110111000010101111101000010001101110011101011011100111100010110011010100011001001101001000101111000011000010111100
11300 0.836535659288 001000110010101111000001101111100010100100100001010100000001111000010000101010111110001000001110001110011010010110110101110111100101000110100011001110001010011111100001101010000111000010101101010100000010101010110000110010011101100110110011111000000001101100100000101001110111000010101111101000010001001110011101011011100111100010110011010100011001001101001000101111000011000010111100
11400 0.836629674885 001100110010101111000001101111100010100100101001010100000001111000010000101010111110001000000110000110010010110110110101111111100101000110100011001110001010011111100001101010010111000010101101010100000010101010110000110010011101000110110011111000000000101100110000101001111111000010101111101000010001101110011101011011100111100010110011010100011001000101001000101111000011000010111100
11500 0.836283381018 001100110010101110000001101111100010100100100001010100000001111000010000101010111110001000000110101110011010110110110101110111100101000110100011001110001010011111100001101010000111000010101101010100000010101010110000110010011101000110110011111000000001101100100000101001111111000010101111101000010001001110011101011011100111100010110011010100011001000101001000101111000011000010111100
11600 0.83664082643 001100111010101111000001101111100010100100100001010100000001111000010000101010111110001010000110001110011010100110110101110111100101000110100011001110001010011111100001101010000111000010101101010100001010101010110000110010011101100110110011111000000001101100100000101001110111000010101111101000010001001110011101011011100111100010110011010100011001000101001000101111000011000010111100
11700 0.836257583445 001100110010101111000001101111100010100100100001010100000001101000010000101010111110001000000110001110011010110110110101110111100101000110100011001110001010011111100000101010000111000010101101010100001010101010110000110010011101100110010011111000000001101100100000101001110111000010101111101100010001001110011101011011100111100010110011010100011001001101001000101111000011000010111100
11800 0.836849607768 001100110010101111000001101111100010100100100001010101000001001000010000101010111110001000000110001110011010110110110101110111100101000110100011001110001010011111100001101010000111000010101101010100000010101010110000110010011101100110110011111000000001101100100000101001110111000010101111101100010001001110011101011011100111100010110011010100011001000101001000101111000011000010111100
11900 0.836406779297 001100110010101111000001101111100010100100100001010101000001111000010000101010111110001000001110001110011010110110110101110111100101000110100011001110001010011111100001101010000111000010101101010100001010101010110000100010011101000110010011111000000001101100100000101001110111000010101011101000010001001110011101011011100111100010110011010100011001001101001000101111000011000010111100
12000 0.836760579189 001100110010101111000001101111110010100100100001010100000001111000010000101010111110001000001110001110011010110111110101110111100101000110100011001110001010011111100001101010000111000010101101010100001010101010110000110010011101000110010011111000000001101100100000101001110111000010101011101000010001001110011101011011100111100010110011010100011001001101001000101111000011000010111100
12100 0.83639356537 001100110010101111000001101111100010100100100001010100000001111000010000101010111110001000000110101110011010110111110101110111100101000110100011001110001010011111100001101010000111000010101101010100001010101010110000110010011101000110010011111000000000101100100000101001110111000010101111101000010001001110011101011011100111100010110011010100011001001101001000101111000011000010111100
12200 0.836427387566 001100110010101111000001101111100010100100100011010100001001111000010000101010111110001000001110001110011010110110110101110111100101000110100011001110001010011111100000101010000111000010101101010100000010101010110000110010011101000110010011111000000001101100100000101001110111000010101111101000010001001110011101011011100111100010110011010100011001001101001000101111000011000010111100
12300 0.836459977449 001100110010101111000001101111100010100100100001010100001001111000010000101010111110001000001110001110011010110110110101110111100101000110100011001110001010011111100000101010000111000010101101010100000010101010110000110010011101000110110011111000000000101100100001101001110111000010101111101000010001001110011101011011100111100010110011010100011001001101001000101111000011000010111100
12400 0.836217760838 001100110010101111000001101111100010100100100001010100000001101000010000101010111110001000001110101110011010110110110101110111100101000110100011001110001010011111100001101010000111000010101101010100000010101010110000110010011101000110110011111000000000101100100000101001110111000010101111101000010001101110011101011011100111100010110011010100011001001101001000101111000011000010111100
12500 0.835972032419 001100110010101111000001101111100010100100100001010101000001101000010000101010111110001000000110001110011010110110110101110111100101000110100011001110001010011111100001101010000111000010101101010100001010101010110000110010011101100110010011111000000001001100100000101001110111000010101111101000010001001110010101011011100111100010110011010100011001001101001000101111000011000010111100
12600 0.836443572075 001100110010101111000001101111100010100100100001010101000001101000010000101010111110001000000110001110011010100110110101110111100101000110100011001110001010011111100001101010000111000010101101010100000010101010110000110010011101100110010011111000000001001100100000101001110111000010101111101000010001001110011101011011100111100010111011010100011001001101001000101111000011000010111100
12700 0.836495870786 001100110010101111000001101111100010100100100001010100001001111000010000101010111110001000001110001110011010110110110101110111100101000110100011001110011010011111100001101010000111000010101101010100000010101010111000110010011101000110010011111000000000101100100000101001110111000010101111100000010001001110011101011011100111100010110011010100011001001101001000101111000011000010111100
12800 0.835826636436 001100110010101111000001101111100010100100100001010101000000101000010000101010111111001000000110001110011010111110110101110111100101000110100011001110001010011111100001101010000111000010101101010100000010101010110000110010011101100110010011111000000001001100100000101001110111000010101111101000010001001110010101011011100111100010110011010100011001001101001000101111000011000010111100
12900 0.836314239095 001100110010101111000001101111100000100100100001010101000001101000010000101010111110001000000110001110011010110110110101110111100101000110100011001110001010011111100001101010000111000010101101010100001010101010110000110010011101000110110011111000000001101100100000101001110111000010001111101000010001001110011101011011100111100010110011010100011001001101001000101111000011000010111110
13000 0.836454134209 001100110010101111000001101111110011100100100001010101001001101000010000101010111111001000000110001110011010110110110101110111100101000110100011001110001010011111100001101010000111000010101101010100000010101010110000110010011101100110010011111000000001001100100000101001110111000010101111100000010001001110010101011011100111100010110011010100011001001101001000101111000011000010111100
13100 0.836314263136 001100110010101111000001101111100011100100100001010101000000101000010000101010111110001000001110001110011010110110110101110111100101000110100011001110001010011111100001101010000111000010101101010100000010101010110000110010011101100110010011111000000001001100100000101001110111000010101111100000010001001110011101011011100111100010110011010100011001001101001000101111000011000010111100
13200 0.836454617289 001100110010101111000001101111100010100100100001010101001001101000010000101010111110001000001110001110011010110110110101111111100101000110100011001110001010011111100001101010000111000010101101010100001010101010110000110010011101100110010011111000000001001100100000101001110111000010101111100000010001001110010101011011100111100010110011010100011001001101001000101111000011000010111100
13300 0.836444384647 001100110010101111000001101111100010100100100001010101001001101000010000101010111110001000101110001110011010110110110101110111100101000110100011001110001010011111100001101010000111000010101101010100000010101010110000110010011101100110000011111000000001101100100000101001110111000010101111101000010001001110010101011011100111100010110011010100011001001101001000101111000011000010111100
13400 0.836413073502 001100110010101111000001101111100010100100100001010101001001101000010000101010111110001000101110001110011010110110110101110111100101000110100011001110001010010111100001101010000111000010101101010100000010101010110000110010011101100110000011111000000001001100100000101001110111000010101111101000010001001110011101011011100111100010110011010100011001001101001000101111000011000010111100
13500 0.836686350519 001100110010101111000001101111110010100100100001010101001001101000010000101010111110001000101110001110011010110110110101110111100101000110100011001110001010011111100001101010000111000010101101010100000010101010110000110010011101100110010011111000000001001100100000101001110011000010101111101000010001001110011101011011100111100010110011010100011000001101001000101111000011000010111100
13600 0.836200062765 001100110010101111000001101111110010100100100001010101001000101000010000101010111110001000001110001110011010110110110101110111100101000110100010001110001010011111100001101010000111000010101101010100000010101010110000110010011101100110010011111000000000001100100000101001110011001010101111101000010001001110011101011011100111100010110011010100011001001101001000101111000011000010111100
13700 0.836602669637 001100110010101111000001101111110010100100100001010101000000101000010000101010111110001000001110001110011010110110110101110111100101000110100011001110001010011111100001101010000111000010101101010100000010101010110000110010011101100110010011111000000001001100100000101001110111000010101111101000010001001110011101011011100111100010110011010100011001001101001000101111000011000010111100
13800 0.836385200727 001100110010101111000001101111110010100100100001010101001000101000010000101010110110001000101110001110011010110110110101110011100101000110100111001110001010010111100001101010000111000010101101010100000010101010110000110010011101100110010011111000000001101100100000101001110111000010101111101000010001001110011101011011100111100010110011010100011001001101001000101111000011000010111100
13900 0.836351820917 001100110010101111000001101111100010100100100001010101001000101000010000101010111110001000101110001110011010110110110101110111100101000110100011001110001010011111100001101010000111000010101101010110000010101010110000110010011101100110010011111000000000001100100000101001110011000010101111101000010001001110011101011011100111100010110011010100011001001101001000101111000011000010111100
14000 0.836301009516 001100110010101111000001101111100010100100100001010101000000101000010000101010111110001000101110001110011010110110110101110111100101000110100011001110001010011111100001101010000111000010101101010100000010101110110000110010011101100110010011111000000001001100100000101001110011000010101111101000010001001110011101011011100111100010110011010100011001001101001000101111000011000010111100
14100 0.83666673162 001100110010101111000001101111100010100100100001010101001000101000010000101010111110001000001110001110011010110110110101110111100101010110100011001110001010011111100001101010000111000010101101010100000010101010010000110010011101100110010011111000000001001100100000101001110111000010101111101000010001001110011101011011100111100010110011010100011001000101001000101111000011000010111100
14200 0.836493017591 001100110010101111000001101111110010100100100001010101000000101000010000101010111110001000101100001110011010110110110101110111100101000110100111001110001010011111100001101010000111000010001101010100000010101010110000110010011101100110010011111000000001001100100000101001110011000010101111101000010001001110011101011011100111100010110011010100011001001101001000101111000011000010111100
14300 0.8360167101 001100110010101111000001101111100010100100100001010101001000101000010000101010111110001000001110000110011010110110110101110111100101000110100011001110001010011111100001101010000111000010101101010100000010101010010000110010011101100110110011111000000000011100100000101001110011000010101111101000010001001110011101011011100111100010110011010100111001001101001000101111000011000010111100
14400 0.836623988188 001100110010101111000001101111100010100100100001010101001000101000010000101010111110001000101110001110011010110110110101110111100101010110100011001110001010011111100001101010000111000010101101010100000010101010110000110010011101100110010011111000000001001100100000101001110011000010101111101000010001001110011101011011100111100010110010010100011001000101001000101111000011000010111100
14500 0.836737060522 001100110010111111000001101111100010100100100001010101001000101000010000101010111110001000001110001110011010110110110101110111100101010110100011001110001010011111100001101010000111000010101101010100000010101010110000110010011101100110010011111000000000001100100000101001110111000010101111101000010001001110011101011011100111100010110010010100011001000101001000101111000011000010111100
14600 0.835595839373 001100110010101111000001101111110010100100100001010101001000101000010000101010111110001000001110001110011010110110110101110111100101010110100011001110001010011111100001101010000111000010101101010100000010101010110000110010011101100110010011111000000000001100100000101001110011000010101111101000010001001110010101011011100111100010110011010100011001001101001000101111000011000010111100
14700 0.837042257107 001100110011101111000001101111100010100100100001010101000010101000010000101010111110001000001110001110011010110110110101110111100101000110100011001110001010011111100001101010000111000010101101010100000010101010110000110010011111100110010011111000000001011100100000101001110011000010101111101000010001001110011101011011100101100010110011010100011001000101001000101111000011000010111100
14800 0.837237333662 001100110010101111000001101111100010100100100001010101001000101000010000101010111110001000001110001110011010110110110101110111100101000110100011001110001010111111100001101010000111000010101101010100000010101010110000110010011101100110010011111000000001011100100000101001110111000010101111101000010001001110011101011011100111100010110011010100011001001101001000101101000011000010111100
14900 0.8362215944 001100110010101111000001101111110010100100100001010101001000101000010000101010111110001000101110001110011010110110110101110111100101000110100011001110001010011111100001101010000111000010101101010100000010101010110000110010011101100110010011111000000000001100100000101001110011000010101111101000011001001110011101011011100111100010110010010100011001001101001000101111010011000010111100
15000 0.835868066417 001100110010101111000001101111110010100000100001010101001000101000010000101010111110001000001110001110011010111110110101110111100101000110100011001110011010011111100001101010000111000010101101010100000010101010110000110010011101100110010011111000000000001100100000101001110011000010101111101000010001001110011101011011100111100010110011010100011001001101001000101111000011000010111100
15100 0.836855245456 001101110010101111000001101111110010100000100001010101001000101000010000101010111110001000001110001110011010110110110101110111100101000110100011001110001010011111100001101010000111000010101101010100000010101010110000110010011100100110010011111000000001001100100000101001110011000110101111101000010001001110011101011011100111100010110010010100011001001101001000101111000011000010111100
15200 0.836910762224 001100110010100111000001101111100000100100100001110101001000101000010000101010111110001000001110001110011010110110110101110111100101000110100011001110001010011111100001101010000111000010101101010100000010101010110000110010011101100110010011111000000001001100100000101001110111000010101111101000010001001110011101011011100111100010110011010100011001001101001000101111100011000010111100
15300 0.836686723012 001100110010101111000001101111100010100100100001010101001000101000010000101010111111001000001110001110011010111110110101110111100101000110100011001110001010011111100001101010000111000010101101010100000010101010110000110010011101100110010011111000000001001100000000101001110011000010101111101000010001001110011101011011100111100010110011010100011001001101001000101111100011000010111100
15400 0.836797628048 001100110010101111000001101111100010100110100001010101001000101000010000101010111110001000001110001110011010110110110101110111100101000110100011001110001010011111100001101010000111000010101101010100000010101010110000110010011101100110010011111000000001001100000000101001110011000010101111101000010001001110011101011011101111100010110011010100011001001101001000101111100011000010111100
15500 0.837135757562 001100110010101111000001101111110010100100100001010101001000101000010000101010111110001000001110001110011010111110110101110111100101000110100011001110001010011111100001101010000111000010101101010100000010101010110000110010011101100110010011111000000001001100100000101001110111000010101111101000010001001110011101011011100111100010110011010100011001000101001000101111000011000010111100
15600 0.836478225709 001100110010101111000001101111110010100100100001010101001000101000010000101010111110001000001110001110011010111110110101110111100101000110100011001110001010011111100001101010000111000010101101010100000010101010110000100010011101100110010011111000000001001100100000101001110111000010101111101000010001001110011101011011100111100010110011010100011001001101001000101111000011000010111100
15700 0.836686866099 001100110010101111000001101111100010100100100001010101001000101000010000101010111101001000001110001110011010110110110101110011100101000110100011001110001010011111100001101010000111000010101101010100000010101010110000110010011101100110010011111000000001001100100000101001110111000010101111101000010001001110011101011011100111100010110011010100011001001101001000101111000011010010111100
15800 0.836560402722 001100110010101111000001101111110010100100110001010101001000101000010000101010111100001000001110001110011010111110110101110111100101000110100011001110001010011111100001101010000111000010101101010100000010101010110000110010011101100110010011111000000001001100100000101001110101000010101111101000010001001110011101011011100111100010110011010100011001000101001000101111000011000010111100
15900 0.836539738155 001100110010101111000001101111100010100100100001010101001000101000010000101010111101001000001110001110011010111110110101110011100101000110100011001110001010011111100001101010000111000010101101010100000010101010110000110010011101100110010011111000000001001100100000101001110011000010101111101000010001001110011101011011100111100010110011010100011001001101001000101111000011010010111100
16000 0.836722723009 001100110010101111000001101111100010100100100001010101001000101000010000101010111101001000001110001110011010111110110101110111100101000110100011001110001010011111100001101010000111000010101101010100000010101010110000110010011101100110010011111000000001001100100000101001110011000010101011101000010001001110011101011011100111100010110011010100011001001101001000101111000011010010111100
16100 0.836385025309 001100110010101111000001101111110010100100101001010101001000101000010000101010111111001000001110001110011010110110110101110111100101000110100011001110001010001111100001101010000111000010101101010100000010101010110000110010011101100110010011111000000001001100100000101001110101000010101111101000010001001110011101011011100111100010110010010100011001001101001000101111000011000010111100
16200 0.836632174301 001100110010101111000001101111110010100100101001010101001000111000010000101010111100001000001110001110011010111110110101110111100101000110100011001110001010001111100001101010000111000010101101010100000010101010110000110010011101100110010011111000000001001100100000101001110111000010101011101000010001001110011101011011100111100010110011010100011001001101001000101111000011000010111100
16300 0.836248561167 001100110010101111000001101111110010100100100001010101001000101000010000101010111101001000001110001110011010110110110101110111100101000110100011001110001010011111100001101010000111000010101101010100000010101010110000110010011101100110010011111000000001001100100000101001110111000010101111101000010001001110011101011011100111100010110011010100011001001101001000101111000011000010111000
16400 0.836207482251 001100110010101111000001101111100010100100100001010101001000101000010000101010111111001000001110001110011010110110110101110111100101000110100011001010001000011111100001101010000111000010101101010100000010101010110000110010011101100110010011111000000001001100100000101001110111000010101111101000010001001110011101011011100111100010110011010100011001001101001000101111000011000010111100
16500 0.836258957887 001100110010101111000001101111100010100100100001010101001010101000010000101010111111001000001110001110011010111110110101110111100101000110100011001010001010011111100001101010000111000010101101010100000010101010110000100010011101100110010011111000000001001100100000101001110111000010101111101000010001001110011101011011100111100010110011010100011001001101001000101111000011000010111100
16600 0.836958743163 001100110010101111000001101111100010100100100001010101001000101000010000101010111111001000001110001110011010111110110101110111100101000110100011001110001010011111100001101010000111000010101101010100000010101010110000110010011101100110010011111000000001001100100000101001110111000010101111101000010001001110011101011011100111100010110011010100011001001101001000101111000001000010111100
16700 0.836620556741 001100010010101111000001101111110010100100100101010101000000101000010000101010111111001000001110011110011010110110110101110111100101000110100011001110001010011111100001101010000111000010101101010100000010101010110000100010011101100110010011111000000001001100100000101001110111000010101111101000010001101110011101011011100111100010110011010100011001001101001000101111000011000010111100
16800 0.836600054702 000100110010101111000001101111110010100100100101010101000000101000010000101010111111001000001110001100011010110110110101110111100101000110100011001110001010011111100001101010000111000010101111010100000010101010110000110010011101100110010011111000000001001100100000101001110111000010101111101000010001001110011101011011100111100010110011010100011001001101001000101111000011000010111100
16900 0.83647707038 001100010010101111010001101111100010100100100001010101001000111000010000101010111101001000001110011110011010111110110101110111100101000110100011001110001010011111100001101010000111000010101101010100000010101010110000100010011101100110010011111000000001001100100000101001110111000010101111101000010001001110011101011011100111100010110011010100010001001101001000101111000011000010111100
17000 0.835924816622 001100010010101111000001101111110010100100100001010101001000101000010000101010111111001000001110001110011010110110110101110111100101000110100011001110001010011111100001101010000111000010101101010100000010101010110000110010011101100110010011111000000001001100100000101001110111000010101111101000010001001110011101011011100111100010110011010100010001001101001000101111000011000010111100
17100 0.836786066934 001100110010101111010001101111100010100100100001010101001000101000010000101010111101001000001110011110011010111110110101110111100101000110100011001110001010011111100001101010000111000010101101010100000010101010110000100010011101100110010011111000000001001100100000101001110111000010101111101000010001001110011101011011100111100010110011010100011001001101001000101111000011000010111100
17200 0.835980374048 001100110010101111000001101111110010100100100001010101001000101000010000101010111111001000001110001110011010110110110101110111100101000110100011001110001000011111100001101010000111000010101101010100000010101010110000110010011101000110010011111000000001001100100000101001110111000010101111101000010001001110011101011011100111100010110011010100011001001101001000101111000011000010111100
17300 0.836535866698 001100010010101111000001101111110010100100100001010101001000111000010000101010111111001000001110001110011010110110110101110111100101000110100011001110001010011111100001101010000111000010101101010100000010101010110000110010011101100110010011111000000001001100100000101001110111000010101111101000010001001110011101011011100111100010110011010100010001001101001000101111000011000010111100
17400 0.836455081992 001100010010101111000001101111110010100100100001010101001000111000010000101010111111001000001110001110011010110110110101110111100101000110100011001110001010011111100001101010000111000110101101010100000010101010110000110010011101100110010011111000000001001100100000101001110111000010101111100000010001001110011101011011100111100010110011010100010001001101001000101111000011000010111100
17500 0.836455081992 001100010010101111000001101111110010100100100001010101001000111000010000101010111111001000001110001110011010110110110101110111100101000110100011001110001010011111100001101010000111000110101101010100000010101010110000110010011101100110010011111000000001001100100000101001110111000010101111100000010001001110011101011011100111100010110011010100010001001101001000101111000011000010111100
17600 0.836230781177 001100010010101111000001101111100010100100100001010101001000111000010000101010111111001000001110001110011010110110110101110111100101000110100011001110001010011111100001101010000111000010101101010100000010101010110000110010011101100110010011111000000001001100100000101001110111000010101111100000010001001110011101011011100111100010110011010100011001001101001000101111000011000010111100
17700 0.835945701667 001100010010101111000001101111110010100100100001010101001000111000010000101010111111001000001110011110011010110110110001111111100101000110100011001110001010011111100001101010000111000010101101010100000010101010110000110010011101100110010011111000000001001100100000101001110111000010101111100000010001001110011100011011100111100010110011010100011001001101001000101111000011000010111100
17800 0.836220308155 001100010010101111000001101111110010100100100001010101001000111000010000101010111111001000001110001110011010110110110101110111100101000110100011001110001010011111100001101010000111000010101101010100000010101010110000110010011101100110010011111000000001001100100000101001110111000010101111100000010001001110011101011011100111100010110011010100011001001101001000101111000011000010111100
17900 0.836310362637 001100010010101111000001101111110010100100100001010101000000111000010000101010111111001000100110011110011010110110110101110111100101000110100011001110001010011111100001101010000111000010101101010100000010101010111000110010011101100110010011111000000001001100100000101001110111000010101111100000010001001110011100011011100111000010110011010100011001001101001000101111100011000010111100
18000 0.836062648689 001100010010101111000001101111100010100100100001010101001000111000010000101010111111001000001110001110011010110110110101100111100101000110100111001110001010011111100001101010000111000010101101010100000010101010110000110010011101100110010011111000000001001100100000101001110111000010101111101000010001001110011101011011100111100010110011010100011001001101001000101111000011000010111100
18100 0.836052674383 001100010010101111000001101111110010100100100001010101001000111000010000101010111111001000001110001110011010110110110101110111100101000110100011001110001010011111100001101010000111000010101101010100000010101010110000110010011101100110010011111000000001001100100000101001110011000010101111101000010001001110011101011011100111100010110011010100010001001101001000101111000011000010111100
18200 0.836446835493 001100010010101111000001101111110010100100100001010101000000111000010000101010111111001000001110001110011010110110110101110111100101000110100011001100011010011111100001101010000111000010101101010100000010101010110000110010011101100110010011111000000001101100100000101001110111000010101111101000010001001110011100011011100111100010110011010100011001001101001000101111010011000010111100
18300 0.836340168642 001100010010101111000001101111110010100100100001010101001000111000010000100010111111001000001110001110011010110110110101110111100101000110100011001110011010011111100001101010000111000010101101010100000010101010110000110010011101100110010011111000000001001100100000101001110111000010101111100000010001001110011101011011100111100010110011010100010001001101001000101111000011000010111100
18400 0.836397507876 001100010010101111000001101111110010100100100001010101001000111000010000101010111111001000001110001110011010111110110101111111100101000110100011001110001010011111100001101010000111000010101101010100000010101010110000110010011101100110010011111000000001001100100000101001110011000010101111100000010001001110011101011011100111100010110011010100010001001101001000101111000011000010111100
18500 0.836531550714 001100010010101111000001101111100010100100100001010101000000111000010000101010111111001000001110001110011010111110110101110111100101000110100011001110011010011111100001101010000111000010101101010100000010101010110000110010011101100110010011111000000001001100100000101001110011000010101111101000010001001110011100011011110111100010110011010100010001001101001000101111000011000010111100
18600 0.836033973663 001100010010101111000001101111110010100100100001010101001000111000010000101010111111001000001110001110011010111110110101110111100101000110100011001110001010011111100001101010000111000010101101010100000010101010110000110010011101100110010011111000000001001100100000101001110011000010101111101000010001001110011101011011100111100010110011010100011001001100001000101111000011000010111100
18700 0.836293898978 001100010010101111000001101111110010100100100001010101000000111000010000101010111111001000001110001110011010111110110101111111100101000110100011001110001010011111100001101010000111000010101101010100000010101010110000110010011101100110010011111000000001001100100000101001110111000010101111100000010001001110011100011011100111100010110011010100010001001101001000101111000011000010111100
18800 0.836001027766 001100010010101111000001101111100010100100100001010101001000111000010000101010111111001000001110001110011010111110110101111111100101000110100011001110001010011111100001101010000111000010101101010100000010101010110000110010011101100110010011111000000001001100100000101001110011000010101111100000010001001110011101011011100111100010110011010100010001001101001000101111000011000010111100
18900 0.836024574597 001100010010101011000001101111100010100100100001010101001000111000010000101010111111001000001110001110011010111110110101111111100101000110100011001110001010011111100001101010000111000010101101010100000010101010110000110010011101100110010011111000000001001100100000101001110011000010101111101000010001001110011101011011100111100010110011010100010001001101001000101111000011000010111100
19000 0.836082952508 001100010010101111000001101111100010100100100001010101000000111000010000101010111111001000001110001110011010111110110101111111100101000110100011001110001010011111100001101010000111000010101101010100000010101010110000110010011101100110010011111000000001001100100000101001110011000010101111101000010001001110011101011011100111100010110011010100010001001101001000101111000011000010111100
19100 0.836404127505 001100010010101111000001101111100010100100100001010101001000111000010000101010111111001000001110001110011010111110110101111111100101000110100011001110001010011111100001101010000111000010101101010100000010101010110000110010011101100110010011111000000001001100100000101001110111000010101111100000010001001110011101011011100111100010110011010100010001001101001000101111000011000010111100
19200 0.836292584488 001100010010101111000001101111110010100100100001010101000000111000010000101010111111001000001110001110011010111110110101111111000101000110100011001110001010011111100001101010010111000010101101010100000010101010110000110010011101100110010011111000000001001100100000101001110011000010101111101000010001001110011101011011100111100010110011010100010001001101001000101111000011000010111100
19300 0.836372259947 001100010010101111000001101111100010100100100001010101001000111000010000101010111111001000001110001110011010111110110101111111100101000110100011001110001010011111100001101010000111000010101101011100000010101010110000110010011101100110010011111000000001001100100000101001110011000010101111100000010001001110011101011011100111100010110011010100010001001101001000101111000011000010111100
19400 0.836160845295 001100010010101111000001101111110010100100100001010101000000111000010000101010111111001000001110001110011010111110110101111111100101000110100011001110001010011111100001101010000111000010101101010100000010101010110000110010011101100110010011111000000001001100100000101001110011000010101111100000010001001110011101011011100111100010110011010100010011001101001000101111000011000010111100
19500 0.836721022105 001100010010101111000001101111100010100100100001010101001000111100010000101010111111001000001110001110011010111110110101111111100101000110100011001110001010011111100001101010000111000010101101010100000010101010110000110010011101100110010011111000000001001100100000101001110011000010101111100000010011001110011101011011100111100010110011010100010001001101001000101111000011000010111100
19600 0.83625810621 001100010010101111000001101111110010100100100001010101001000111000010000101010111111001000001110001110011010111110110101111111100101000110100011001110001010011111100001101010000111000010101101010100000010101010110000110010011101100110010011111000000001001100100000101001110011000010101111100000010001001110011101011011100111100010110011010100010001001101001000101111000011000010111100
19700 0.83599830454 001100010010101111000001101111110010100100100001010101001000111000010000101010111111001000001110001110011010111110110101111111100101000110100011001110001010011111100001101010000111000010101101010100000010101010110000110010011101100110010011111000000001001100100000101001110011000010001111100000010001001110011101011011100111100010110011010100010001001101001000101111000011000010111100
19800 0.835976075355 001100010010101111000001101111100010100100100001010101001000111000010000101010111111001000001110001110011010111110110101110111100101000110100011001110001010011111100001101010000111000010101101010100000010101010110000110010011101100110010011111000000001001100100000101001110011000010101111100000010001001110011101011011100111100010110011010100010001001101001000101111000011000010111110
19900 0.836121955208 001100010010101111000001101111110010100100100001010101001000111000010000101010111111001000011110001100011010110110110101111111100101000110100011001110001010011111100001101010000111000010101101010100000010101010110000110010011101100110010011111000000001101100100000101001110011000010101111100000010001001110011101011011100111100010110011010100010001001101001000101111000011000010111100
20000 0.835859330163 001100010010101111000001101111100010100100100001010101001000111000010000101010111111001000001110001110011010111110110101110111100101000110100011001110001010011111100001101010000111000010101101010100000010101010110000110010011101100110010011111000000001001100100000101001110011000010101111100000010001001110011101011011100111100010110011010100010001001101001000101111000011000010111100
20100 0.836526736686 001100010010101111000001101111100010100100100001010101001000111000010000101010111111001000001110001110011010111110110101111111100101000110100011001110001010011111100001101010000111000010101101010100000010101010110000110010011101100110010011111000000001001100100000101001110011000010101111100000010001001110011101011011100111100010110011010100010001001101001000101111000011000010111100
Mejor resultado: 0.835595839373 001100110010101111000001101111110010100100100001010101001000101000010000101010111110001000001110001110011010110110110101110111100101010110100011001110001010011111100001101010000111000010101101010100000010101010110000110010011101100110010011111000000000001100100000101001110011000010101111101000010001001110010101011011100111100010110011010100011001001101001000101111000011000010111100
