200 0.931225420238 110110010001001101101101001010001110110101110100010111111101101100111100111011110000101010010110010110000010100110100111010111111011010011101101101101111100011110010111110001101100100100111111110101001100111000110001000100110101000101001111111010000110000101111100101011011011111111011111100101100111011011111100100101011101101110001100001001101000111110101111011011011001011010010000
300 0.908925930469 101110110011001111000111101000011110010111110111010110100110101010011100001110111110101010101111010111110001100111110101010111101101101111010011101011110100010001000111111000011111001010101110111101101010111101101100001111110010100110101111111011101011001101101100110001111000110110110100101101100111100010001000111010110010100100111100011001101110001110001010111111011111101110001010
400 0.898848280725 110000101001101100010101111111111010100100111010111111101000100111001111101111111111101010110010010110110010110111111101110111010111010011110111101111100110011110110111111100001100001100101111110101010000110111111100100111110011101011111111011111110001001100101010010011001110111111110101101100000011100110101100011101010110111100111110101111111011011010000111010111011001000010101001
500 0.892549445543 100110110001101111000101101111011110110101111111010101110110001100001100001111101110101010011110010100110010100111110101010111101101101011010011101011110110010101011101111110011111001110101111101101011000101001110101100011010010101111101111111011000011000110101101110001111010111110111001100100000111100010101100011101001110101111111100010001111110011110001011110111011111100010010001
600 0.890001901001 111101111001101110110101111111011110111010111010011111101010100011010111100101011111111010110010000111001110100111010101111111100100010011110111011111100010001111110011101000001000000110101111000100000001011111111010100001110010101110111111010111000111001100111100111011001110111111100101101100001011000110011100011111010110101100111110100111011001011110100111110111111001100110101001
700 0.887283493544 100101111001101011010101101111011110111100111110011101101010100010110101100111010111111010110010000110001110100111110101110111100101010011110111001011101010101111110111101010010010000100101111101100010010101111111100101001010010101111111111110010000011001100001101111011111010110111100001101101001011100110011000011001010110101100111110100101011101011110101111110011011001100110001011
800 0.881683777902 100101111000111011010101101111011110111100111000010101101010001011010101110110110111111010111010000110100010100111110101110111110101011011000111001011101010001111110011101110000010000110101111100100100010101111111100110111010110101111111111110010000001001110111101110001011110111110100001100100000010100010011100011001010111101100111110101101011001001110001111101110011101000111101001
900 0.882271588999 100101111001111011010101101111110110111100101111010101101010001011010101110111110111101010110010000110100110100111010101110111110101011011011011001011001010101111110111101110010010100010101011110100010010101111110100110011010110001111011011110010000001001110010100111011111110111110100001101000001011100010011001011000011110101100111110100111011001001110001111101011011011000110001011
1000 0.877494417153 100101111000111111010101101111011110011100011001010101001010000010010101110110110111111010111010000110100000100111110101110111110101010111010111001011101010001111110001101110000010010110101111100110100010101111010101110111010110101111111111101010001001001110111101100001011110111010101101100100000011110010011100011101110011000110101110110100011001001111011011100111001101000111101001
1100 0.879039174095 100101110000110111010101101111101110011100111001010001001010000010010101110101110111111010101010010110110010100111010101110111110101010111000011001010101110101111110111101110100010010010101111110100100010101111110101110100010110011111011011111010000001000110111101101001111110111010100101101100100011100010011110011001110111100110101110110100011001001011000110101110011111000100101001
1200 0.877625619771 100101110000110001010101101111111010011100111001010101001010011010010101110011111111111010001010010100110010100111010101110111110100010111011011001010101110101111110101101110000010010010101001110101101000100111110101110110010110111110011011110010000101000110111101101001111110011110100101100100000111100011011100011001111110100110101110110101011001101011000111101110111111000110101001
1300 0.876701811085 100101110000110001010101101111111010001100111001010101001010011010010101110011111111111010011010010100111010110111010101110111110100010110011011001010101110101111110101101111000110010110101001110100101000100111110101110110010110111110011011110010000101000100111101101001111110011110000101100100001111100011011100011001111110100110001110110101011001101011000111101110111111000110101001
1400 0.876123558519 100101110000111111010101101111111110011100111001010101001010001010010100010010111110111010001010010110111000100111110101110111110100010110010110011000101110101111100101101111000110010110101001110100111010100111110101110110010110001110111011110010000101000100110101100001111110011110100101100100101001100011011101011001111110100110101111110101111001100011001111001110111110000110101001
1500 0.873668893582 100101100000101101010101101011110110000100110001010101000011001010010100010011111100111010011010010110110010100111010101110111110100010110111110001000101110111111110101101111000111011110101001110110101010100111110101110110010110101010111011110000000101000100110101100001111110011110000001100100001101100011011100011001111110100110101111111101111001100011001111101110111111000110101001
1600 0.872733322141 100101110000110111000101101011110110000100110001010101001011001010010101110111111100111010011010010110110010100111010101110111110100010110011110000110101111111111110001101111000111011110101001110100101001100111010101010110010111011010011011110000000101000100111101100000111110011110000101100100001101100011011100011101100110100110100011111100011001101111011110101110011111000110101001
1700 0.873040819921 100101100010110111000101101111111010001110101001010101001011000010010101110111111100111010001010010110110010100101110101110111110100011110010111000010101101010111110001101110000111010110101001110110101011101101110101010110010110011110011011110000000101011100111101101000111010011110100101100100001001100010011100111011111110100110100110111100110001100111001110101110111111000110100001
1800 0.870630136826 100101100010100111000101101111111010001100101001010101001011000000110101100111111100101010001010010110110010100101110101111111110100001110010111000010101101010111110001101110000111011110101001110110101011100101110101010110010111011110011011111000001101011100111001100001111010011110100101101101001001100010011000111011111110100110100110111100110001010111001110101110111111000110100001
1900 0.870801894247 100111110010100011000101101011111010001101111001010101001011000100110101100111010100100011001010010110110110100101110101110011110100011110110111000110101111010111110001101110000111011010101001010110101011101111010101010110010110011100011011111000001101111100101000100000111010011110100101100100001001100010011000111101111111100110100110111100111001000111001110101110111111000110010001
2000 0.870950932848 100101110010100001100101101111111011001001111001010101001011000010110101100111110100101010011010010110110110100101110101110110111100000110110111000111100011010111110001101110000111011110101001010110100011100111110100010110010110011110111011111100000101111100100000100000111010011010100111100000001001100010011100101111101110100110100110111100110001000111001110100010111111000110111001
2100 0.869896753733 100001110010100011100101101111101010001001111001010101001001010110010101100111110110101010011010110110110110100101010101111110110100010110110111000111000011011111110001111010000111001110101001011100100011100111010101010100010110001110011011111100000101111100111000100001101010011111110111100000001001101110011100011110100110100110100110111100110001100111001100100110111111000100110001
2200 0.870521846726 101101110010101011110100100011011110011101101011010101000011000000110101100111110110101010011010100110111110100101111100110111110100100110100111001110111101010111110001101110000111001010101001010110101011100111010100010110011010011110111001111000100001111100100001101100110010011111100111100100001001101010011000101111101111100110111010110110010001000111010010101110111111000110110000
2300 0.870965298275 001101100110100011100101100111011010000111101011010101100011000010110101101111111110101010001010000100111010100111110001110110110100101110100111001111110001010111110001101110000111001010101101010110101011100111010100010110011110011110110001111000001001111100101001101100110010011111100101100100001001101011011000001011101111101110101010111110010001000110011110101010011111000110110000
2400 0.868953218824 000101100110001011100101001111111010100100111001010101100010000010110001100111111100101000101010010100010010101011100101110110110100011110110111000110110000111111111001101110010111011010101001010110101011000111010101010010011101011110011001111000000001111110101001001000111010011011111111100000001001101111011001011110101111101110111010111100010001000110011110101010101111000110110100
2500 0.871060725609 001101100110100111100101000111111010011100111011010101000011001010110001101111110100101000101010010110010010101111110001110110110100001110111111000110110110110111110101101110010111001110101101010110001011000111010111011010011111000110001001111000000001111100101001001000111110011011111111100000001001101110111000111111111011101110110010111100010011010110010110111110101111010010000100
2600 0.870177049358 001101110010100011000101001111111010011100111011010101000011001011100001101111110100101000001011010010010010111111110001110110110100011110111111001110110100111111110001101110010111011010101101010010001011000111010110011010011111000110001001111000000001111100101001001000110110111011110111100101000001101100011001111111101110101110110011111110010011000110000010111011111111000010110100
2700 0.870896799867 100111110010101011000101100111011010000100111011010101000011001011100001100111110100101111001111001100111110011111110110110110110100110110110111001110111001110110110101101110001111011011100101010110101011100101010100111010011111011110011111001000000001111100110001101001100010011010011111100100100001100111011000111010101101100110111010110110011001000110101000001011111111000000101001
2800 0.869090993897 001101110010100111001101000110111010000100111011110101100011001100100101100111111100101000001011010110110110101101110001110111100100100110101111001111111100010111110101111010000111001011101100010110101010100111110110110010010111001110001101111000000001111100101001001001110011011110011111101000001001101110011001111100011001100010111111110100010011000111001010101111001111000010001101
2900 0.866261847601 001101110010100111001101000110111010100100111011110101100011000100100100100111111100101000001011010110100110101101110001110111100100100110101111001111111100010111110101101010000111001011100100010110101010100111110110110010010111001110001101111000000001111100101001001001110011011110010111101000001001101110011001111100011001100110111111110100011010000111001010101111001111000010001101
3000 0.866196240548 001101110010100111000101000110011010000101111111110001100011000100110100110111111001001000001111000110111110100111010000110111100111010110101111001111011100011111110001101010000111001011101101010010101010100110110000111010011111001100011101111000000001111100101000001001110011011110010111100000101001101110011000111110001001100110111010111110010011000111001010101111001111000110011101
3100 0.865414279459 001101010010100011001101001110011010100100110101110101100011000100010101110111101110001000101011010111011110100111010011110111100101000110101111001110111110010111110001101010000111101011001101000010000010100111010000110010100111101100011101111000100101111100101001001000110010011110010011101100000101101110011000111000001001100110111011111110011011000111001010100111001111000110111101
3200 0.865004782969 001101010010100011001111001110011010100100110100110101101011000100110100100111111111101100101011010110011110110111110001110111100111000110101101001110001100110111110001101010010111101011001101000010000010000110010010110010000111101100011101111000100101111100101001001000110011011110010111101100000001101110011000111100001101100110110001111100011011100111001010100111001111000110111101
3300 0.864027467433 001101010110100111001111001110111010000100110011110101111001001100010100100111101111101100101011010100011110100110110001110111100111000110111111001110111100111111111001101010000111011011001101000010000010000111010010111010010011101100111001111000100001111100100001001000110001011110011101100000000001101110011000111100011100100110110000111100011011000111001000100111001111000110111101
3400 0.860982292717 001101010010100111001011101110111010100100110011110101101001001100110100100111111111101100101011010100011110111111110101100111100111000110101111001110010100111111100000100011000111001011001101001010000010000111010010110010010011101100111101111000100001111100110001001000110001001110011101101100000000101110011000111100001100100110110001111100011011100111001010101111001111000110111101
3500 0.863651707408 000001110010100011001111101101111011100100110001110101110010001100110100100111010110001100011110010100010110111110110000110111100111110110101111001110001100011011110001101010000110001011101101000000000010100100010111111010010111101110011101111100100101101100100001000001110111011110101111101100100000001111011000110100011011100010111000011101011011000111011000101111001111000110111100
3600 0.863628535298 001101010010101011001111101111001011100100110001100101110001011100110100110111110111011000101111010100011110110111110001110111101101000110100110001110011100011110100001101011010111100011101101001110010010100111010100111010010011111100011001110010111111101100100001001001110001001010001111101110000001000110011000010000010001100110111001111101011011100111101000101111000111000010011100
3700 0.862826309301 001101110010100011011110101101110011100100110011010101100001001100110100100010011111100100001111010100011110101100110000110101100110100110100111001010000100011111110000101010000111000010101101000010000010100101010110110010010111101100111101111100100011001110110001001001101111011111101111100000110000101111101000111101111011100011111001111101010011000111011001101111011111000110111100
3800 0.862466564948 000101110010100011011111101101100011100110110011010101110011011100100101110010101101001100011101110100011110100110110000110111100111000110100111001110001100011111100001101010000111001010100101001111000010100111011100111010110011001110111001110000100011111101110001001001100011001110001111101000100000101110011000111000011111110010111001111100011011101101011000101111000111000010101100
3900 0.861305628448 000101110010000011011111101111100011100100110001010101110001000100110100100011111111011100011111011100011011100110110001110111100111000110100111010110000000111111100000101010100111000010101100001011000010101101010000111010010111101110011101110000100101101110100001001001110111001110001111100100100000101110111000110110111011100111111011011101010011100101001001101111000110010010111100
4000 0.861321390261 000101110011000011100111101111110011100100110001010111110001000100110100110011111111010100101111001100011010111110110001110111100110100110100011011110001000011111100001101011000111001010100101001111000010111001010010100010010111101110011101111000010011101100100010000001111111001110001111110100100000101111001000110100111111100010110111111101010011100100111001101111000011000010101100
4100 0.862612231144 000101110010000011011011101111100001100111110001010101010001000100110100100011011111011100011111011100011011100110110100110111101111000110100111010110100000111111100001101010100111000010101100001011000110001101010000111010010111101110011001010000100101101110100011101001110111001110001101100100100000101110011100110110111011100011111011011101010001100101001001101111000111010010111100
4200 0.862692794 000001110010000011011011101101000101100111110001010101010001001100010100100011010110011100011111011100011011100110110100110111101111010110100111010110100001111111100001101010100111000110101111000011000110001101010000111010010111101110011001010000100101101110100001101011110111001110101101100100100000101110011100110010111011100011111111011101010011000101001001101111000111010010111100
4300 0.861319236383 001101110010000011011110101111111000110110110001010100110001011100010100100010111101111000000111001100111011100000110101010111100111000110100011010110100010011101100001101100000111011010101100110110000110110001011100110000010001101110011011111000100111101100000000101001110101001110001111110100100000101110011100110100110011100001111011010101110001101101001000101111000111000010111100
4400 0.86167907065 000101110010001011011001101111110001100100111001010101110011001100110100100010011111001110001111000100000011110110110100011111101110000110100011011110000000011111100000101000001111010010101101001110000010101001111000111110111110101110011011010001000011001111000010001011111111001110100100110000100100101111011101111110110011110010111011010101011001001101111001111111100111000010111001
4500 0.862826061832 000001110110100010011001101111101001100100110001010100110001001100010100101011001111001010000111010110001110100000110101011111100111010010100111011110100000011101100000111010100111001110101000001110000110111011100000111111010101101111011011110000000001101100100001101111110010001010101110111100100101101110011101000110110011110001101011010101010001101101001001101111100111010010111100
4600 0.863645034859 001101111110101001111110111111110011100100110001010000110011001110110100100011111111111010001111001000001111010010110101101111101111000110100011111110000100011101100001101010000111010010001101101110000110101101000000111110011111101110001001011000000011101100000100001011110011001010011101111000000000101010011101111100100011110001111011010101010001101101101001101111100011000010111100
4700 0.862552593114 001001111010101011111000101111111001100110110001010100111011001100110100101010011101111011001110001100000010011010011101101111100111010110101110111100000110011101100001101010100111110010100001001110000110101101000010101110011111101110001001011000000011101110100000101011111011001110111101111000000010101111011101101100100101110001011011010101010001101101101001101111100011001010111100
4800 0.862566799213 001101010010101000111000101011010011100110111001010101110001001011010100111011011111111010001100000001010110101010110101111111100111000010101110011010000100010101100000101010100111011110111101001110000110101011000000101110111111101110001011011000001011101110100010001011110011011110001011111000000000101110011101011100110011110000110011110101010001101011101001101111100111000010111100
4900 0.863660521001 001101110011101001111100111111110011100110110000010100111011101110110100101000011101010010001110000100110110111000110101101111100111010110101110011010100000011101100001001010100111001010100101001110000110101011101000111110011111101110011011011000000011101100000001101111111011001110011011101000000000101011011111101100110101110001011011010101110001111101001000101111100011000010101100
5000 0.86697051822 001101110011101001111100111111110011101110110000010100111011101110110100101000011111010010001100100100110110111000110101111111100111010110001110011010100000011101100001001010100111001000100101001110000110101011101000111110011011101111011011001000000011101100000001101111111011001110011010101000001000101011111111101100110100110001111011010101100001111101001000101111100011000010111100
5100 0.866576681797 001101110010101000011100111111100011100110110001010111110011000010110100111100011111001010001100000101010110101000110101110001100111000110101101001010000010011111100001101010100111001010110101011111000110100111101010111110011111100110011011011000001011101110000001001011111010001111000011111000000011101000011100001010110001110011011011100101110001111111111001101111100111010010101100
5200 0.868573500344 001101110010101000011000111111100011101110110100010111110011000110110100101000011111000010001000000110110010101000110101110101100111010110001111011010000001011101100001101110000111001100001101001110000110101111111000111110111111101110011001001010001011101110000001001101111010011111011011111001000001101101011101101110111001110011011011010101100001111111101001101011100111000010101101
5300 0.868446940298 001101011010101000101101101011100011000101110000010101110001001011010100101111111111011010001110001101110110011000100101111001101111000110101000001100110000111101100001101011101101110010101101001110100110101011110100101110011111101110011011011000000011111100110000001110110110011110001011110000000100011100001100011100100011111001011011110101110010011101111000001111101011010010101110
5400 0.867154080152 011011110010101000011000101110110011101110100001010101111001000010010000111101111110001010101110001101110010111000110101110011100111100110001111011110110010011101100001111110000111101000101101001110000110111111010011100010011111101110011011011000001110001110000001101111111010011100000011111100000001111111011101001111100011100010001011011101110001111101101001101111100011001000101001
5500 0.867082610498 011011110010101010111100111110110011101110100101010111110001000000000010011100101110001110101110101100110011110000110101110001100101010110101110011110110000011111100001101010000111100010101101001110001010111011010011001010011111100110011111111000001110101110100001101101110011011100000011110100010001101111001101111101100111100010010011001101100001101101001001101111101011001100001101
5600 0.867936421087 001001111010101010011100111110110010100100100101110100110001101010010110111101111110001010101111001100110010110100110100110111100111000110011111011111110010011100000001111110000111100110101101001110000110111111010001110100011111101111011011011000001110001110100001101101110010011001001011101000000001101111011101101110000011100010000000001101110001111101101001101111101011001100101100
5700 0.864887604451 000011110010101010010100100110101010101010100101010101110001000010000110111100001110101010101110101100110101110000110101110001100101010110001111011110111000001101100001101110000111100110101101000110000010111011010011001010010101101110011111011000001110101110100001101111110011011100000011011100110001101111001101011101100011100010111001000101110001101111001001101111100010011000111100
5800 0.866892787443 000011110010101010011100100110101011101010110101010100110001001010000010111001111110001010101110100100110011101000110101110111100101010110001001011110111000011100100001011110000111100110101101101110000010111011010011111110010111101110011111011000001110101110100001101111010101011100000011101100000001101111001101111111100011100000111000000101110011101101101000101111100011011000111100
5900 0.867503340582 000111110010101010011100101110101110101110100001010100110001000001000010100100011110001010111110100101110110101000110101110011100101000110000101011110010000011101111001011110000111100110101101001101000010111011010011111010010111100110011111111000101110111110100000101111100001011110000011100000000001100111001101011111100001100100110010100101110001111101101000111111101011011000111110
6000 0.867703521169 000111110011101010001100101111111110100010100101010100110001001001000010100100111110001010111100100101110011111000110001110011100100000110000101011110111000011100110001111010101111100010101100001110011010111011010011111110010111100110011111111000001110111110100001101111110001011111000011111000010011000111001101111111000011100100110000100101110000101101101000101111001011111100111110
6100 0.867906882797 000110100010101010011100101111111110100100100101011100110001000001000110100110011110101010001110100101110011111010110001110011100101000110000101011110110000011111110001101100100111100010100101001100000010111001110011110010010011100010011111111000001110111110100001101111100001011011000011110000010011000111011101011111000001100100110010000101111000101101101000111111101011001000111110
6200 0.869084569995 000100010010101010011100101111111110110110110101010100110001010001000110101100011110101011001100100101010010111010110101110011100101000010110101001110110000011111110001101100100111100010100101001101000010101001110111101010010011100010010111110010001110111111000001101111100001011011000011110000010011101111101101111111000011100100110010000101111001101101101000111111101111011001011100
6300 0.867618172141 000010110011101010111100101111111110110000100101011100110001000111000110100100011110101010101110100101010011111110110001110011100101000110110101011110101000011111110001100100010111010010101101001100001110101001110011110010010011100010111110110000001110111110110001101111110101011111000010110000010011101111011101011111010001100100110010100101110001101101101000011111101001001000111110
6400 0.867403751363 000110110011101010111100101111111110010000100101010100110001000111000111101100010111011010101110100101010011111110110001110011100101000110110101011110100001011111110001101110010111010010100101001100000110101001110011111010010011100100111110111010011110111110100001101111110101011011001011010000010011101111011101111111000101100110100010000100111001101101111000001111101101100000111100
6500 0.867677419072 000110111011101010110000101101111000110100100111010100110011011011000100100111011110111010001110100101010101111010110101100111101101000110110101001110100000011111011001101100110111100010101011001100001010111011110011111000011011100110111011110010000110111110110001101110110001001111000011110110010011110111001100111111001001100100110000100110110010101101101000101111011010010000111110
6600 0.866731193386 000110110010101110111110101111111110010000100101011100100001100011011100100100010110011010101110100100010011111110110001100011100101010110110000011100110000001101110001101110100111110010101101001100001111101001110011110010010011110110111111111001001100011110100001101011010111111111001001010100010011001111001101111111010111100100110010010100101001001111100000011111001111000000111100
6700 0.867485164861 001110110010101010111100101111111110000000100001000100110011100111010100100100100100001010101111100110010111111110110001110011000101010110110000011110110000001111110001111110100111110011101101001100001011101001110011110000011011110110111111111001001010101110010001101011110111011001001101010100010011011111001101111111000101100100110010010100101001001111101100011111011011000001111100
6800 0.867707654663 000110110010101010110000101111110010100110100111010100110001000011010100100110111110101011111110000101010011111110110101100011101100000010110000001110010001011111111001100111000111100010101111011011001011101011010011011010010100100110111011110000000001101010100001101101110101001111000011110100010101101111000101011111001011100100110110100110011001011101101100011111001101010001111110
6900 0.865709130038 000110110010101010110001101111101000100110110111010100110011010011010100110110110110101010101110000101010011111110110101100011101100000010110000011110111000011110111001101111010111100010101111011100001011101011110011011010010110100010101011110000000001111011100001101111110101101111000001110100010101001011000101011111011001100100110110110010011001011101101100001111001011011000110110
7000 0.869754061058 001110100010101010110101101111111000000111110111010110000011010011010100100110110100101010101111000100110111111110110100111011101100000010110010011110110001011110101001101111000011110011101101011100001011111000110011110010011111100110111010011000010000101010100001101011110101110111001001110100011011011111000101111011011011110100110110000000011001011101101101001111001011100010010100
7100 0.868890775945 000110010010100010110001101110101110000100110111010100110011101011010100100100111110101010111110000110010011111010010101101011101100010010110010011110100000001111111011101110000101100011101111011101001011101111010011101010011111100010111011110001000001111011100001101111110101101111100001110100010001001111001101001111001001100100111110010100110001001101101100011111001000001000111110
7200 0.869831863995 001111110010001000110101101111101000100110110101010000110001010011010101111110101110001010011110110100010101101110110100110111101100000010000001011100110001011111110011101100100111100110101101011100001111001110010011010010010111110010101111111000001001111011100001001110110111011011001001110110010011011110001101111001011101100100111110000100001001011101101100001111101111110000011010
7300 0.87102769243 001111110011110010110111101110011001000110100001011100010001110011010100101100110100111010111111111100011011011110110101110011100101010110100001001000001001000111101011100101110111100011101111011100001011001010000011011010011111100010110111111001001000101110100001101011110110100111001001111100001011011011001101111111000011110100111110100000111001011101101101001111001111110011101000
7400 0.868979823693 001111110010100010000111101111101000101110100001011100010001111011010100101110111100011010111110111100010011011110100101100011101101000110100001011011001000000111001011101111100111100011100101011110001011001110010011010010011111100010111011111000001001111111101111101111100100000111001011110110001001011111001101011111010011100100111101000000001001111100101100001110001011110010111000
7500 0.867933372954 101111110010110010000111101111001000101110101001011100011011010011010100100110111100001010101010110100010111001110110101100011101101000100100001011011001101001101001011101110100111110011101101011110001111111110010011000010011111100010111011111000001001111111100001101111100100010111001011110100000001011111000101011111001111000100111111000000011001001101101010001111001011110010011100
7600 0.86758972684 001111110010111010110101101111001000100110100101011100010001010011010100100111111110011010111110011100011111010110110101100111100111000100010010011010100001101101011001101110110111100110101101011000000011011110111001011010011111100110111011011000000001111111000001001111100111010111010011110100011011011111001101011011101101000100111111000000011001001101101100001111000111110000001110
7700 0.866544301335 001101010010101011100101101011011100101100100101011100011001010011010100000110111010001010111110100101010111010010110101000111100111010100110000011110100011001101111001101110111110000110101101010100001011111110110011000010011111100011011011011000000001011111100001001111100111010111001011110100011011011111001101011011111111010100111011000001011001011101001000000111001011110010011111
7800 0.868000378428 001111110010101011100101001111111000101000100001011100011001010010110100000110111010001010111100000110000111010110110100100101100111010110111000010111000011001000111011101110011111001010101101010100001111111110010011000010011101100111011111111100000001011101100001101111110111010111001011110100010011011111000101011011110101110100011011000000011001010111101000100111001111110010011101
7900 0.867152921022 001110110011111011100101101111111000101000000101011100110001010010110100000111111110011010111110000010110111010110110101100111100111010100110011010111100001001101001001101110111111001010101101010000000011111110011001000010010101100110011011111000001001001101100001101111110111010111010011110100010111010111000101011011110111100101011001100000011001011101100000001111001111010010101001
8000 0.868018631024 100111110011100011100101101111101000101000000101011100011001001011010100100011110110011010111110000000010111011110110101100111100101010110101011010111100011011101011001101110011101001010101111010100000111111110010101000010010101100110110011011000001001011101100000101111100111010111011011111100010101011111000101111101100101100101110000000000011001010101100000000001101111110010111101
8100 0.867817814331 100111110011111111100101100111111000001000001101011100011001001010010100100011011110001010111110010000110111011110110101101111100111010110100010010111100000011111111001101110001111000110101111010000001011111110010001100010010101100110010011011000001001011101100100101011110111011111011111111100010101111111010101110001110101100101100001100000011001011111111000001101101111010000011101
8200 0.866288316512 011111110000101011100101101111101000100100000101001100010001101111010100101111010010011100111110010001010111011110110111110111100100001110101011000110100001011100001001101110011111101110101111011100001010101110010001100010001111100110110011011100001001101101100001101111110111010111011011111100011011010111000001111101101101100101111001010000111001010101100000000111101111010110101000
8300 0.865863419974 001111110011111011000101100111101011000001100101001100011101001010010100110111011100001010111110010000000111111110110101101101100101010110100010000111000010001111111011101110011111001010101111010000001000111110010101101010011101100110011011010000101001011101100000101011100111010111011111011100110111111110010101011011110101100111100000000000011001010111110000101100101111010110011101
8400 0.863639350787 001101110011111111000111100111111011000001110001001100011101001000010100110111011100101011111110010000100111011110010001101111100101010110100001000111000000001111101000101110001111001110101111010000001000101110010001101010011000100110011011110000001001010101110000101011110111010111011111111100010101111110011100011110111100100011110011100000011001010111100000101101101111010110011101
8500 0.865619861067 000001110011101111000101101111111011000000001001110000111101101000010100010001111110001010011110010000010111011110110101101111100111010010110010011111000000011111111000101110111111000100111101010000001001111110110001100010011101110110011011011000000000111101100000101011110111000111011111111110010111111011001000010001111110000101110001000000011101011111110000101111101111010110011101
8600 0.86688713477 100111111111100010100101101111101010000100100001101100011101101010010100110010111100001010111110010000010101011111110101110001100101111011100011000111000010011111100000101110011111001010101111010000001011111110110001100010001111110110111011010100001001111100100000111011110111010110011111111100110001011101010100111001101011000001100001000000010001111111111000101101110111010110011100
8700 0.867905969952 000111110001101011000101100111110011000000001101000100011001111110110000110011011100011000010110010001011111111110110101101101100101011011100010011111100000011111111000101001100111000111101111010010011011101110110101100010011101100110011011011000010001011101100000101011111111010111011101011100010001111110011101011000111100100011110001000000010001011111110000101111110111010111011111
8800 0.866301860578 101111111011101010000101001111001010000100000001100100111001101100010100110000101100001001011110010000011111111100110101110111100111011010100011000110001000011101110000101110011111001011101111010000001011111110111001100010001101000110111011010100000001111100100000111011110111000110001111111101010111011101011100111011001101110111110001010001011001111111111000001111110111010110011101
8900 0.864869129249 101111110011101011000101100111001010000110101001100000111001111100010100110011101110101010011110010111011111111100000001110111100111001011101011001110001000111111110000101110001111001011101111010000101011101110111000101010001101100110011011010000000101101110100000101011111111000110001101011100010011111100011000110011001100010111110011010001011001010111110000101110100111010110011101
9000 0.865639697723 001110111011101010001101101111011111000100100001101000011011111110011100110110111110111000111110010110010011110101010001001111100101010011100010001110010000011111111010101110010111010010101111010100101011101110101001101010011111100110110001010100001101111110100000101011111011010110011011001100000111100111011001110011010010000011010011011001011001000111110000000111100111010110011111
9100 0.867943337802 010101110011001011000101001101100001000000110001011100111001101110010100111010110010111000011111010110111001011101111001010011110101010101000011011110010000010111110000101110001111001001101111010000100011101110111101100010011101101100111001011100010001111101010000101011110111000110111110111101010111011110001101101011111011100111110111010000010001100101010000001111110111010110111111
9200 0.867553544376 011111110011101010000101100110101011000100000101010100111001111000011000110011111110001010111110010110011111110100110001001111100101010101100011001110101001111111110000111110010111000010101110010001101111101110111001101010111101100110011111110000001101101110110000001001101111010110001100101110101111010111001000101011000111000111110011000101001101010100110000001111100111010110111110
9300 0.870110294614 011110110011100010000101100110101011000100000101010100111001111000011000110011111100001010111110010110011111110100100001011111100101010101100011011110101001111111110000101110010111000010101110010101101111101110111001101110111101100110010111110000001101101110110001001001101101010110001100101110101111010111001000101111010111000111110011001101001101010100110000001111100111010110111110
9400 0.867807741841 011111110011101010100101100110101011000100000101011100111011111000011000101011111100001010111110010110011111110000100001011111110101010111000011011110100001111111100001101110110111000010101110010100101111101110111001101110111101100110011111110000000101001110110000001001101111010110001100101110101111010110001100111011000011000111110010000101001101010100110000001111100111010110011110
9500 0.868803169831 011111110010001010100101101101101011000100100011011100111001101000011000100011111110001010101110000110111111100000110001011101110101010101100011011110100001111111100001101111010111000110101110010001101111101110111001101010101101000110011011111101001101101111110000001001101111010110001100100110101111011111001100101011000011000111110010010101001101010100111000001111100111010110111110
9600 0.86878468544 011001110011101110100101101011101011100100000101010100111010111000011010101011111100001110011110010110111011010100100001011111110101010011000011001010111011011111100101101110100111000110001111010000001111111010111001101110111001100110011111011000010101001110110100001001101111010110001101101110100111001110001110101011000010100111110010100100001011011001110000001111100111110110011110
9700 0.868739029839 011011010011101110100101101111101011100100100011010100111001110100010000101011101111010011001110110110101111001100110001011111110101010111100111011110000001011111100001101101100011000010101110110110000111101010111001101000111100100110011001110000010111101110110000001001101001010110001111100111101011001011001100011011101011001111110010000101000001010100110001001111100111010110011110
9800 0.868680704995 011110110011101110000101101111101010100100000101011100111011111100010000101111011101111110110101010110111111100110111001000111110101011111101011001110100001011111100001101110110111000111001111010000000100101110011001101110111000000110011001111000000101101110110001001001111111010110001001110100101011010110111000111111010110001101011010101100001001011100111000000111100111010110110100
9900 0.86837155944 011110110011101110000101101111101001100100100101011100111011111100010000101111011101111111110101010110111111100110111001100111110101011101001011001110100011011111110001101110110111000111001111010100000100101110011001101110111000000100011001111000000001101110110001001001101111010110001001110100101111010110110000111111010110001101011010101100001001011100101000000111000111010110110100
10000 0.868958534854 011111010011101110000101101111101010100100000101011101111011110110010000101111000101101111110101110110111111000110111001100111100101011111001010001110101001010111110001101010110111000011001111010100000010101110011001100110111000000110011001111010000001101110110001001001101011011111001001010100101111011110111000111111010110001111011000100100001101011100111000001111000111010110110100
10100 0.870566892945 011111010011101110000101101111101110100100000101011101111011110110010000101111000101101111110101110110111111000110111001100111100101011111000010001110101011010111110001101010110111000011001111000100000010101110010100100110111000100110011001111010001001101110110001001001101011011111001001011101101111011110111000111111010110001011011000100100001001001100110000001111000111010110111100
Mejor resultado: 0.860982292717 001101010010100111001011101110111010100100110011110101101001001100110100100111111111101100101011010100011110111111110101100111100111000110101111001110010100111111100000100011000111001011001101001010000010000111010010110010010011101100111101111000100001111100110001001000110001001110011101101100000000101110011000111100001100100110110001111100011011100111001010101111001111000110111101
