200 0.937313800534 010011010001111010011111111001101010110010110100001001010010101001101001111100111100010000111111001111111100100100000101100011111101001111011110101011100111111010111001100101110111111110110000101110101000001111110010111110010100001111110111001000100110111011110101001110110010101110011110010010111000000100111111101110100100010001111001010111111001010001110001011010010100010110111100
300 0.925864834764 010101110011111110101100100100010111010111111011000110100001111101111111000110100100100110101011011101001101110101100101100010101011010000110001011111111110101111100011101011110111010110111101111011111110111101110011111001110011110000100000010001011001010011001000100111010111011011111111001110001101100010101010011011101011101100011010011000110111010111111110110100111011100000111000
400 0.915344168915 010110000100111010010111101111101010110010101001110100000111111100110110100000011100000011110110101111110100100111110001111000111111111101110111100111000110011011110101111001100111111110110001011110011010111111110000111010011100001110011111000100010100010010110011111000011111100001011111110001101100110001001101011101101101011011111101001110011101010110111100000110010110100100111001
500 0.897983369799 011101010010110000101101101011101010010100101110101001111001111011100001111110101100100010011111011111111100100100111101101111011101000110011010001011111010111110110000001001111111111110000101101011001111101111110001111110010100011101111101010100111101111001110011101111110011111111101111011010000100001000111110011111000111110000111101010111011011100110100011111010011100010100111100
600 0.889264539599 110101110010111011111111111011111010100110111100001100010001101011011101111101110100101010001110011111111101100011110001100111010001000111101010001100111111011011110011101011110100011011011000011110101101001011100001111110001110100100101011011000101011110001000001001111010111101111110010011110110100101110111100001110100110111001111001011101110011111101101101101110111110010100001110
700 0.887108868652 000101010110111011110101101011111011100110111110001101010001101010100011011110010100101011010010011111111100100011100111100110110000000101111010011110111110011111110011101011100110011111111101011110101101001011110001111110101111100100001111011100100011111011100001001110110111111111110110011010111001000110111100111110100010101101111001000101111011010101000100101100011110010100101110
800 0.885126076983 000101010110111010110101101011001011100110110110001010010011111110100101111110110100100010110110001111011101100011110111100110100101000101111111101110111110111110110011101011110111010110110101011110111101001001110000011110101011100101011001011000101011111011101000101110110110111111001111011010111001000100111100101110100010100001111101000101111011110110000100111110101111010100101001
900 0.881033836457 000101010010111001100101101111111110100000111010101101000001001010110011110101011100101111000111011111011100100111110111100011101110000111111011011011110110101011110001101011100111110010010101111010101101001001110001111100011111100110010101011000101110011011100010001000110111011111010110011000111101101010111100111101100111101100011001001110011011010101101000101110001101010100111010
1000 0.876478776248 000101110011111011110101111011101010100100100010000101110101111101110100111010111100101010000111000111111101100110110101100111110100000110111111011110101010011111110001101011101111110010000101111010111001101111110000011110010001100101001001010000101011011011100001101110110110001111110111011000110100100110111100101110101010110000011001011111110110101100100000101010011111010110111010
1100 0.878334797645 010101110010111111101101101011101000100101111000001111110011011010110110111100110100101010001111010111001101100010110111100111111101000111011111001100111110011111110001101011111110010010110101111110111101101000110000011011010001100111111001011100111011111000100000101010110110011111011110011100010001001100111101111110100111110100111101001110011011100100000000101111001000001100011000
1200 0.873934717 100101010010111011100101101010101011110100100110011100010011111100110100111100111100101000010111000111111101100110110101101010110101000110111111111010011010011111110001101011111111110010110101111110111101101111110000011000011001100100011001010100111011111000101001001110110110011111110111011010010100100110011100101110100111100000111101001111111001000100000001101110001011011100011000
1300 0.872056909725 011101110010011111101101101011001010100110111010001110110011011000110110111100010100101010001111010111001101100010110101100101110101000111011111001100111010011111110001101011111110011011111000111100111011101110110001011011010001101110111011011100101011101011000000101110110111000111011110001100010101000010011100111110100101110100111001001101011011100101101000101110001110000000011000
1400 0.872007975511 000101010010111101110101111011101010100100110110001100010001111000110100111000011100101010110101000111111101100111110101100111100101000110111111101011001110011110110001101011100111010110110101111010111001101111110001111010010001100111111001011001111011111000100001001011110110001111000111011000010101100101011100101110101111100001111001001111111001110100000001101110001001010100111001
1500 0.86868614325 000101010011111111110101111011101010100100110110001100010001111000110100111000011100100010010101000111111111100100110001100111100101000110111111101010100110011110110001101010000111010110111101011010111001101111110001111010010001000111111001011001101011011010100001101011010110001111100111011110010101000101011100111100101111100000110011001111111001110100000000101110001101010100111000
1600 0.868951132914 000101110010111111110101101010101010100100100110001110000001111100010100111110111100101010011101010111011101100111110101100111000101000110111111001001001010011111110001101011111111011110011101111011101011101010110000111010011001100110111001011001111011111000000001001011110110011111001111011110010100100100011100101110101000100001111001000111010011100100001001101110001011000100111000
1700 0.867259190847 000101000010111011100101111010101010100100110110001110010011111000010100111110111100101010011111010111111101100110110101100111100101000110111111001100000010011111110001101010011111011010111101111110101011101110110000111010010001100111111001111000101011110010000001001011110110011111000111011110010100100000011100111100101011100001110000000111011011100100001001101110001011000100111000
1800 0.866488118289 000101000010111011100101111010101010100100110110001110010011111000010100111110111100101010011111010111111111100110110101100111100101000110111111001100000010011111110001101010011111011010111101111110101011101110110000111010010001100110111001111000101011110010000001001011110110011111000111011110010100100000011100111100101011100001110000000111011011100100001001101110001011000100111000
1900 0.865304775937 000101000010111011100101111011101010100100111110001110010001111000010100111110111100101010011111010111111111100110110101100101100101000110111111101100000010011111110001101011011111010010110101111110100010101110110000111011010001000111111001111000101011110010100001101011010110010111000111011100010100100000011100111100111011100011110001000111011011100100000001101110001001010110111000
2000 0.863121292935 000101110010111111100101111010101000101100100011001110000001111000110100111111111100101010001111010111111111100110110101100111000101000010111111001100000010010111110001101010011110010010111101011110000100101110110000111010010001100011111001011000111010111010000000001011110111010111000111001110010100100010011100111110101110100011110010000110011011100100001000101110101011010110111010
2100 0.862420876146 011100110011111111100101101011100010101100101110101110010001111000010100111110111100101110001011010111011101100110110101100001110101000110111011101110011010011111110001101011000111010110010101011110111011101111110000011010010001100010111001011000111011111010100001001011110111000111100111101100010101000111011100111100100101100100110011001100011001100100000000001110001011000110111010
2200 0.8595259167 011101100010111111100101101010100010101100101110101110010001111000010100111110111100101110001010010111001111100100110101110001110101000110101011001110001010011111110001101011000111010110010101011110111011101111110000111010010001100110111001011000110011111010100000001111111111001111100111001100010101000111011100101100100101100000110011000100011001100100000000101111001011000010111010
2300 0.859606759984 011101101010111011100101101010101000101100110110001110010001111000110100111110111100101010001110010111011101100100110101100011100101000010110111001010001000011111110001101011010111011010010101011110001000101110110000110011010001100111011001111000111011011010100001101111110111000111001111001100010100000110011100101100100111100101110001000100011011100101001000101111001011000010111010
2400 0.85857194614 000101110010111011100101101011101010100100100111011110010011011000110000111110111100101010001100010111111101100111110101100111100101000010111111001100001010011111100000101011001111010010111101011110001100101110110000011010010001100110111001001000100011011010100001101011110111000111000110101110010101000110011100111100001101100000110001000110011011100101100000101110101011000110111010
2500 0.856827378955 000101100010111011100101101011101000100100100011011110010011111000110000111100111000001010001110010111111011100110110101100011100101100010111011001110000010011111110001101011010111011010110111011110001111101110110000111010011001000010111001011000110011111010100001101011110111000111000111001110010101000110011100111110100111100010110001000100011001000100001000101110101011000110111010
2600 0.857102900613 010101100010111111100101101011101010100100100100001110010001011010010100101110111100101010001110010110111111100110110101100011100101000010111111001010001010011111110001101011000111010110100101011100110010101110110001110011011101000110111001010000100011111010100001001011110111001111110110101100010101000111011100101100100101110000110001000101011001100101000000101111001011000010111010
2700 0.855358303104 011100000010111011100101101011101010100100100011011110010011011000110100111110111100101010001111010100011011100110110101100111100101000010110111001010001000011111100000101011001111011010011101011110001110101110110000111010011001100110011001011000110011111010100001101111110111000111000111101110010100000110011100111100101011100000100001000100011011100101000000101111101011000110011010
2800 0.8550113685 011101000010111111100101101011101010100000110111011110011011011000010000101100111100101010001110010100011011100110110101100111100101000010110111000010001000011111110001101011001111011010010101011110001110101110110000111010011001100110111001110000110011111010100001101111110111000111001111101110010100000110011100111100101011100000101001000100011011100101100000101111001011000010011010
2900 0.85479484061 001101100010111011100101101011101010100100110110001110001011011000010000101110111100001010001111010110111111100110110101100111100101000010101111001000001010011111110001101011001101011010101101011110001110101110110001111010011001100110111001010000110011111010100001001011110111000111000111101110010100000110011000111100101111100000110001000100011011100101100000101111101011000010111010
3000 0.853322144875 001101100010111111100101101011101010100100110111001110000011011000010000101100111000001010001110110110011011100100110101100101100101000010110111001010001010011111110001101011000111011010000101011110001000101111110000111010011001100110111001110000110011111010100001101011110111000011001111111110010101000110011100101100111111100000110001000100011011100101101000101111101011000010111000
3100 0.851937128243 001101100010001011100101101011111010000100110001011110010001111000010100101110111100101010001110010110011010000110110111100111000101000011111101001110001010011111100001101011001111010010101101011110000110101110110000111010011001100110011001011000110011111010100001001011110111000111000111001000010101000110011000111000101111100000110001000100011011100101100000101111101011000010111110
3200 0.85028359709 001101110010110111000101101011101010100100100101011110010001111000010000101010111100101110001111010110111111000110110101100111100101000010101011001110001010011111110001101011001111010010101101011110001000101110110001010010011001000110110011111000110011011110100001101011110111000110000111000100010101000110011100111000101111100010110001000100011001100101001000101101001011000110110000
3300 0.850428414786 001101110010111111000101101011101010001100110101010110010001111000010100101010111100101010001100010110111111000110110101100011100101000010101011001110001000011111100001101011000111010010101101011100100010101110110001111010011101000110110001010000110011011110100001101011110111000110000111100100011100000110011100111000101101100010110001000100011011100101001000101101101011000110110000
3400 0.849801824641 001101110110101011000001101001111000000100110001011110010000111000010100101110111100101010000111010110111110100110110101100111110100000010101011001010001010011111100001101011000111010010101101011110000000101110110000101010011001100110110001111000110011011110100001101011110111000110001111100100010101000110011100111000111111100000110001000100011001100101001000101111111011100110111100
3500 0.848541696124 001101110010100111000101101011101000000100110111011110010001111000010100100110111100001010000011010110111110100110110101100111110101000010100010001010001010011111100001101011000111010010101101011110000000101110110000100010011001100010110011111000110011011110100001101011110111000110001111100100010101000110011100111000111111100010110001000100011001100101001000101101101011100110111100
3600 0.84870738263 001001110010101111000101101011101010100100110001011110010011111000010000101110111100101110001110010110011110100100110101100111110100000010100011001010001010011111100001101011000111010010101101011110000000101110110001001000011001100010110001111000110011011110100001101011110111000111000011110100010101000110011100111000101111100000110001000100011001100101001000101111101011000110111100
3700 0.848710535372 001101110010100011000001101011111010100100100001011110010010111100010100101110111100101010001011010110111110100110110101100011100101000010101011001010001000011111100001101011000111010010101101011110000000101110110000101000011001100010110001111010110011011110100001101011110111000110101111100100010101000111011100111000111111100010110001000100011001100101001000101111101011000110111100
3800 0.846496477839 001101110010100011000101101011101010100100100001011110010010111100010100101110111100101110001111010110011110100110110101100011110101000010101011001010001010011111100001101010000111010010101101011110000000101110110000100000011001000110110001111000110011011110100001101011110111000110001111100100010101000110011100111000101111100010110001000100011001100101001000101111101011000110111100
3900 0.846385349642 001101110010101111010101101011101010000100110011011110010001111000010000101110101100001110001011010110111010100110110101100111110101000010100010001010001010011111100001101011000111010010101101011110000000101110110000000000011001000010110011111000110011011110100001101011110111000111001011100100010101000110011100111000101111100010110011000100011001100101001000101111101011000110111100
4000 0.845225973519 001101110010100011000001101010111010100100100011011110010011111100010000101110111100101010000110010110111111100110110101100011110101000010101011001010001010011111100001101010000111010010101101011100001000101110110000100010011001100110110001111000110011011100100001101011110111000110001111100100010101000110001100111000101111100010110001000100011001100101001000001111101011000110111100
4100 0.846668200978 001101110010101011000101101011101010000100110011011110010000111100010001101110101100101110000011110110111010100110110101100011110101000010100011001010001010011111100001101010000111010010101101011110000000101010110000000000011001000110110011111000110011011110100001101011110111000110000111100100010101000110011100111000111111100010111011000100011001100101001000101111101011000110111100
4200 0.845798871581 001101110010101011000101101011111010100100100001011110010010111100010000101110111100001010001111010110111110100110110101100011110101000010100011001010001010011111100001101010000111010010101101011110001000101110110000100000011001000110110011111000110001011110100001101011110111000110001011100100010101000110011100111000111111100010110011000100011001100101001000101111101011000110111100
4300 0.845096627487 001101110010101011010101101011111010100100100001011110010010111100010000101110111100101000001111010110111010100110110101100011110101000010100011001010001010010111100001101010000111010010101101011110000000101010110000100110011001000110110011111000110000011110100001101011110111000110001011100100011101000110011100111000101111100010110011010100011001100101001000101111100011000110111100
4400 0.844957285133 001101110010101011010101101011111010100100100001011110010010111100010000101110111100101000001111010110111010100110110101100011110101000010100011001010001010010111100001101010000111010010101101011110000000101010110000100110011001000110110011111000110000011110100000101011110111000110001011100100011101000110011100111000101111100010110011010100011001100101001000101111100011000110111100
4500 0.845738197725 001100110010101011000101101011101011100100100001011100010011111100010100101110111100101010001010010110111111100110110100100011110101000011100011001010001010011111100001101010000111010010101101011110000010101010110000100010011001000110110001111000110010011110100001101011110111000110001010100100011001000110011100111001111111100110111011010100011001100101001000101111000011000110111000
4600 0.844809565872 001101110010101011000101101011111010100100100001011100000010111100010100101110111100101000001110010110011010100110110101101011110101000010100011001011001010011111110001101010000111010010101101011110000000101010110000100110011001000110010011111000110001111110100000101011110111000110001011100100011101000110011100111000101111100000110011010000011001100101001000101111000010000110111100
4700 0.84451510144 001101110010101011000101101011111010100100100001011100000010111100010100101110111100101000001110010110011010100110110101101011110101000010100011001011001010010111100001101010000111010010101101011110000000101010110000100110011001000110110111111000110000111110100000101011110111000110001011100100011001000110011100111011101101100000110011010100011001100101001000101111000011000110111100
4800 0.844869548164 001101110010101011000101101011111010100100100001011100000010111101010100101110101100101000001110010110011010100110110101101011110101000010100011001011001010010111100001101010000111010010101101011110000000101010110000100110011001000110110111111000110000111110100000101011110111000110001011100100011001000110011100111011101101100000110111010100011001100101001000101111000011000110111100
4900 0.844475162849 001001110010111111000101101011111010100100100001011100000010111100010100101110111100101010001110010110011010100110110101100011110101000010100011001010011010010111100001101000000111010010101101011110000000101010110000100110011001000110110011111000010000111110100000101011110011010110001011100100010101100110011100111001101111100010110011010100011001100101001000101111110011000110111100
5000 0.843766336784 001101110010111111000101101011111010100100100001011100010010111100010100101110111100101010001110010110011010101110110101100011110101000010100011001010001010000111100001101010000111010010101101011110000000101011110000100110011001000110110011111000000001011100100000101011110111000110001011100100011001100110010100111001101111100010111011010110011001100101001000101111100011000110111100
5100 0.843227578986 001101110010101011000101101011100010100100100001011100010011111100000100101110111100101010001110010110011010100110110101110011110101000010100111001010011010011111100001101010000111010010101101011110000000101010110000100010011001000110110111111000110000111110100000101011110111000110000011100100011001000110011000111011101111100010110011010100010001100101001000101111000011000110011100
5200 0.843709322787 001101010010101011000101101011111010101100100001011100000001111100010100101110111100101010001110010110011010100110110001100011110001000010100111001010001010010111100001101010000111010010101101011110000000101110110010100110011001000110110011111000010000111110100000101011110111000110001011101100010001101110011100111001101111100010110011010100011001100101001000101111010011000110111100
5300 0.842208512556 001101110010101011000101101011100010100100100001011100011001111100010100101110111100101010001110010110011010100110110001110011110101000010100111001010001010011111100001101010000111010010101101011110001000101110110000100110011001000110110011111000000000111010100000101011110111000010001011101100010001001110011100111001101111100010110010010100010001100101001000101111010011000110111100
5400 0.843033222798 001101010010101011000101101011111010100110100001011100000011111000010100101111111100101000001110110110011010100110110101100011110101000110100111001110011010011111100001101010000111010010101101011110001000101010110000100010011001000110110011111000100000011110100000101011110111000010001011100100011001001110010000111011101111100010110110010100011001100101001000101111010011000110011101
5500 0.84277407331 001101110010101011000101101011111010100100100001010100010000101100010100101110111000101010001110010110011010100110110101101111110101000010100111001010001010011111100001101010000111010010101101011111000000101010110000100010011001000110010011111000100000011100110000101011110011000110001011100100010001100110011100111011101111100010110010010100010001100101001000101111010011000110011100
5600 0.843392954967 000101010010101011000101101011101010100100100011011100010011111100010100101010111100101001001110010110011010100110110101101011110101000010100011001110001010011111100001101110000111010010101101011110001010101010110000000010011001000110010011111000000000011100110000101011110011010110001011100100011001100110011100111011111111100010111001011100010000100111001000101111100011000110111100
5700 0.842069913096 001101010010101011000101101011011010100100100011011100000011111100010100101010111100101010001110010110011010100110110101101011110101010010100011001110011010011111100001101110000111010010101101011110001010101010110000100010011001000110010011111000010000001100100000101011110111000110001011100100000001000110011100111011111111100010111011011100011000100101001000101111100011000110111100
5800 0.842072840294 001101110010101011000101101111011010100100100001011100000010111100010100101010111100001010001110010110011010100110110101101011110101010010100011001110011010011111100001101010000111010010101101011110001010101010110000100010011001000110010011111000000000011100100000101011110111000110001011100100010001000110011000111011111111100000111010010100010001100111001010101111010011000110111100
5900 0.841076886068 001001110010101011000001101011101010000100100001011101000001111100010100101110111100101010101110110110011010100110110101100011110101010010100011001110011010011111100001101010000111010010101101010110001010101010110000100010011001000110110011111000100000111110100000101011110111000110010011100100000001000110011000111011101111100010110011010100010001100101001000101111000011000010011100
6000 0.841259084123 001101010010101011000101101011101010100100100001010100000001111100010100101010111100001000001110110110011010100110110101100011110101000010100011001110011010011111100001101010000111010010101101011110001010111010110000100010011001100110110011111000010000001100110000101011110111000110001011100100011011100110011100111011111111100010110010010100010001100111001000101111010011000010111100
6100 0.840549170545 001101010010101011000101101011101010100100100001010100000001111100010100101010111100001000001110110110011010100110110101100011110101000010100011001110011010011111100001101010000111010010101101011110001010111010110000100010011001100110110011111000010000001100110000101011110111000010001011100100011011100110011100111011111111100010110010010100010001100111001000101111010011000010111100
6200 0.841018689312 001101110010101011000001101111101010100100100011010100100001111100010100101110111100000000101110010110011010100110110101100011110101000010100011001110010010011111100001101010000110010010101101010110001010111010110000100010011101000110111011111000000001011100110000101011110111000010000011000100110011000110011100111011101111100010110011010100010001100111001000101111000011000010111100
6300 0.840864566953 011100110010101011000001101011111010100100100001010100110001111100010100101010111100101010101110110111011010101110110101100011110101000010100011001110011010011111100001101110000111010010101101011110000010101010110001100010011001000110110011111000100000001100100000101011110011000110001011100100000001000110011000111011101111100010110011010100010001100101001000101111000011000010111100
6400 0.841067297971 001101110010101011000101101011111010100100100001011100000001111100010000101111111100101010101111110110011010100110110101100011110101010010100111001110010010011111100001101010000111010010101101011110001010101010110000100010011001000110010011111000000010001100100000101011110111000110000011100100010001100110011000111011101111100010110011010100010001100101001000101111000011000010011101
6500 0.840997372074 001101110010101011000101101011100010100100100001010100100001111100010000101111111100101010001111010110011010100110110101100011110101010010100011001110001010011111100001101010000111010010101101010110010010001010110000100010011101000110110011110000100000011100110000101011110111000110001011100100010001101110011000011011101111100010110011010100011001100101001000101111000011000010111100
6600 0.840607835941 001101110010101011000101101011011010100100100001010101100001111100010000101010111100001110101111010110011010100110110101100011110101010010100011001110001010011111100001101010000111010010101101010110000010111010010000100010011101000110110011111000110010011100100000101011110111000110001011100100000001100110010000111011111111100010110011010100010001100101001000101111000011000010111100
6700 0.841072089394 001101010010101011000101101011111010100100100001011101010001111100010000101010111100101010001111110110011010100110110101100011100111010010100011001110001010011111100001101010000111010010101101011100000010101010111000110010011001000110110011111000010000011100110000101011110111000110001011100100010001100110011000011011101111100010110011010100010001100101001000001111100011000010101100
6800 0.840941101842 001101010010101011000101100011101010100100101001010101010001111100010000101010111100101010101110110110011010100111110101100011100101010010100011001110001011011111100001101010000111010010101101011100000010100010110000110010011001000110110011111000000000001100110000101011110011000110001111100100010001101110011000011011101111100010110011010100010001100101001000001111000011000110111100
6900 0.839972037232 001101110010101011000101101011110010100100100001011100000001111100010100101110111100101010101111010110001010100110110101101011110101010010100011001110011010011111100001101010000111010010101101011110000010101010111000100010011101000010110011111000000000001100100000101011110011000110001011000100010001001110011000011111101101100010110011010100011001101101001000001111000011000010111100
7000 0.840710339543 001101110010101011000101101011110010100100100001011101010001111100010001101110111100101010101111000110011010100111110101100011100100010010100011001110011010011111100001101010000111010010101101011100000010100010110000100010011101000110110011111000000000001100100000101011110111000110001011100100010001001110011000111111101101100010110011010100011001100101001000001111000011000010111100
7100 0.841076632713 001101110010101011000101101011101010100100100001010100000001111100010100111111111100101010101111010110011010100110110101100011100101010010100011001110010010011111100001101010000111010010101101011100000010100010110000100010011001000110110011111000000010001100100000101011110111000110001011100100010001001110011000011011101111100010110011010100011001101101001000101111000011000110111101
7200 0.840618073834 001101110010101011000101101011111010100100100001010100000001111100010100101111111100101010101111100110011010100110110101100011100101010010100011001100110010011111100001101010000111010010101101011100000010100010110000100010011101000110110011111000000000001100101000101011110111000110001001100100010001001110011000011011101111100010110011010100011001100101001000001111000011000110111101
7300 0.840595314548 001111010010101011000101101011111010100100100001010100000011111100010000101010111100100010101110010110011010100110110101100011100101010010100011001110010010011111100001101010000111010010101101010110001010100010110000100010011101000110110011111000000001011100100000101011110111000110011111100100010001101110011000011011101101100010110011010100011001101101001000001111000011000110111101
7400 0.841427921928 001101110010101011100101101011111010100100100001010101000011111100010100101111111100101010101111100110011010100110110101100011100101010010000011001110010000011111100001101010000111010010101101010100000010101110110000100010011001000110110011111000000010001100100000101001110110000110011011101100010001100110011000011111101111000010110010010100011001101101001000001111000011000010111101
7500 0.840963786167 001101010011101011000001101011111010100100100001010101000011111100010100101110111100100000101110010110011010100110110101100011100101010011100011001110011010011111100001101010000111010010101101010110000011100010110000100010011001000110110011111000000000001100100000101011110111000110011011100100010001101110011000011111101101100000110011010100010001101101001000101111000011000110111100
7600 0.840854596855 001101010011101011000001101111111010100100100001010101000011111100010100101110111100100000101110010110011010100110110101100011100101010011100011001110011010011111100001101010000111010010101101010100000011100010110000100010011001000110110011111000000000001100100000101011110111000110011011100100010001101110011000011111101101100000110011010100010001101101001000101111000011000110111100
7700 0.841618450773 001101110010101011000001101111011010100100100001010101000011111100010000101111111100101010111110010110011010100110110101100010100101010010100011001110000010011111100001101010000111000010101101011100010010100110110000100010011101000110110011111000000001001101100000101011110111000110011011101101010001001110011000001011101101100010110011010100011001101101001000101111010011000110111100
7800 0.841254226481 001101010010101011000001101011111010100100100001010101000011111100010100101110111100100010101111010110011010100110110101110011100101010011100011001100011010011111100001101010000111010010101101010110000010100010110000100010011001000110110011111000000000001100100000101011110111000110011011101100010001101110011000011111101101100000110011010100010001111101001000101111000011000110111100
7900 0.841130270175 001101110010101011000001101011111010100100100001010101000011111100010100101010111100100000101111000110011010100110110101100011100101110010000011001100101000011111100001101010000111010010101101010110000011100010110000100010011101000110110011111000000000001100100000101011110111000110011011100100010001101110011000011111101101100010110011010100010001101101011000101111000011000110111100
8000 0.840758157418 001101110010101011000001101011111010100100100001011101000011111100010100101010111100101010101111000110011010100110110101100011100101010010100011001110000000111111100001101010000111010010101101010100010010100110110000100010011001000010110011111000000000001100100000101011110111000110011011100100010001101110011001001111101101100010110011010100010001111101001100101111000011000110111100
8100 0.841208534683 001101110010101011000001101011111010100100100001010101000001111100010100101010111100101000101110000110011010100110110101101011100101010010100011001110101010011111100001101010000111010010101101010110000010100010110000100010011101000100110011111000000000001100110000101011110111000110011011100100010001001110011000111111101101100010110011011100010001101101011000101111010011000010111100
8200 0.840457426571 001101110010101011000001101011111010100100100001010101001011111100010100101010111100101000100110000110111010100110110101101011000101010010100001001110100010011111100001101010000111010010101101010110000010101010110000100010011101000110111011111000000000001100100000101011110111000110001011101100010001001110011000111011101101100010110011001100010001101101011000101111010011000010111100
8300 0.840854088833 001101110010101011000101101011111010100100100001010101000001111100010100101000111100101000001110000110011010101110110101101011000101010010100011001110000010011111100001101010000111010010101101010110000010100110110000100010011101000110110001111000000000001100110000101011110111000110011011100100010001001110011001111111101101100010110011011100010001101101001000101111010011000110111100
8400 0.840858605898 001101111010111011000001101011111010100100100001010101000001111100010100101000111100101000001110000110111010100110110101101011000101010010100011001110000010011111100001101010000111010010101101010110000010100010110000100010011101000110110011111000000000001100110000101011110111000110001011101100010001001110011001111101111101100010110011011100010001101101011000101111010011000010111100
8500 0.839946798086 001101110010101011000001101011111010100100100001010101000001111100010100101010111100101000101110000110011010101110110101100011100101010010100011001110100010011111100001101010000111010010101101010110000010100010110000100010011101000110110011111000000000001100100000101011110111000110011011100100010001001110011000111111101101100000110011011100010001101101001000001111010011000010111100
8600 0.839697096682 001101110010101011000001101011111010100100100001010101000001111100010100101010111110101000101111000110011010101110110101101011100001010010100011001110001010001111100001101010000111010010101101010100000010101010110000100010011101000110110011111000000000001100100000101011110011000110011011101000010001001110011001111111101101100010110011011100010001101101001000101111010011000110111100
8700 0.839697096682 001101110010101011000001101011111010100100100001010101000001111100010100101010111110101000101111000110011010101110110101101011100001010010100011001110001010001111100001101010000111010010101101010100000010101010110000100010011101000110110011111000000000001100100000101011110011000110011011101000010001001110011001111111101101100010110011011100010001101101001000101111010011000110111100
8800 0.840137136189 001101110010101010000001101011111010100100100001010101000001011100010100101010111110101010111110000110011010100110110101101011100101010010100011001110001010001111100001101010000111010010101101010100000010101010110000101010011101000110110011111010000000001100100000101011110011000110001011100100010001001110011001111111101101100010110011011100010001101101001000101111010011000110111100
8900 0.838963560442 001101110010100011000001101011111010100100100001010101000001111100010100101010111100101000101110000110011010100110110101101011100101010010100011001110001010011111100001101010000111010010101101010110000010100010110000100010011101100110110011111000000000011100100000101011110011000110001011100100010000001110001000111111101101100010110011011100010001101101001000101111010011000010111100
9000 0.8391952916 001101110010100011000001101011111010100100100001010101000001111100010100101010111100101000101110000110011010101110110101100011100101010010100011001110000010011111100001101000000111010010101101010110000010101010110000100010011101100110110011111000000000001100100000101011110011000110111011100100010001001110011000111111101101100010110011011100010001101101001000101111010011000000111100
9100 0.83958219875 001101110010101011000001101011111010100100100001010100100001111100010100101010111100101000101110000110010010100110110101100011100101010110100011001110100010001111100001101010000111010010101101010100000010101010110000100010011101000110110011111000000000001100100000101011100011000110111011100000010001001110011100111111101101100010110011011100010001101101011000101111010011000000111100
9200 0.839268155361 001101110010101011000001101011111010100100100001010101000001011100010100111011111110111000101111000110010010101110110101101011100101010010100011001110001010001111100001101010000111000010101101010100000010101010110000100010011101000110110011111000000000001100100000101011110011000010001011100100010001001110001001111111101101100010110011011100010011101101001000101111000011000110111100
9300 0.838355065023 000101110010101011010101101011111010100100100001010101000001111100010100101010111100101000101111000110011010101110100101100011100101010110100011001110000010011111100001101010000111000010101101010110000010101010110000100010011111000110010011111000000000001100100000101011110011000010001011100100010001001110001001111111101101100010110011010100010001101101001000101111010011000110111100
9400 0.839277320763 001101110010101011000001101011111010100100100001010101000001111100010100101010111110101000101110000110010010101110110101100011100101010110100011001110001010001111100001101010000111010010101101010100000010101010110000100010011111000110010011111000000000001100100000101011110011000110001011100100010001001110001001111111101101100010110011010101010001101101001000101111010011000110111100
9500 0.83886129528 001101110010101011000001101011111010100100100001010101000001111100010100101010111110101000101110000110010010101110110101100011100101010110100011001110001010001111100001101010000111010010101101010000000010101010110000100010011111000110010011111000000000001100100000101011110011000110001011100100010001001110001001111111101101100010110011010101010001101101001000101111010011000110111100
9600 0.838802917369 001101110010101011000001101011111010100100100001010101001001111100010100101010111110101000101110000110010010101110110101100011100101010110100011001110001010001111100001101010000111010010101101010000000010101010110000100010011111000110010011111000000000001100100000101011110011000110001011100100010001001110001001111111101101100010110010010101010001101101001000101111010011000110111100
9700 0.839624297244 001101110010101011010001101011111010100100100001010101001001110100010100101010111110101000101111000110010010100110110101100111100101000110100011001110001010001111100001101010100111010010101101010110000010101011110000100010011111000110110011111000000000001100100000101011110011000110001011100100010001001110001001111111101101100010110011000100010001101101001000101111010011000110111100
9800 0.838089054403 001101110010101011000001101011111010100100100001000101001001111100010100101010111110101000101110000110010010101110110101100011100101010110100011001110001010001111100001101010000111010010101101010100000010101010110000100010011111000110010011111000000000001100100000101011111011000110001011100100010001001110001001111111101101100010110010010100010001101101001000101111010011000110111100
9900 0.838531763517 001101110010101011000001101011111010100100100001010101000000111100010100101010111110101000101110000110010010100110110101100011100101000110100011001110001010011111100001101010000111010010001101010110000010101011110000100010011111000110110011111000000000001100100000101011110011000110001011100100010001001110001001111111101101100010110011010101010001100101001000101111010011000110111100
10000 0.838527279566 001101110010101011000001101011111010100100100001010101001001111100010100101010111100101000101110000110010010101110110101100011100101010110100011001110001010001111100001101010000111010010101101010100000010101010110000100010011111000110010011111000000000001100100000101011110011000110001011100100010001001110001001111111101101100000110010010100010001101101011000101111010011000110111100
10100 0.839531382844 001101110010101011000001101011111010100100110001010101001001111100010100101010111110101010101110000110010110101110110101100011100101010110100011001110010010011111100001101010000111010010101101010100000010101010110000100010011101000110010011111000000000001100100000001011110010000110001011100100010001001110001001111111101101100010010011000100010001100101001000001111010011000110111100
Mejor resultado: 0.838089054403 001101110010101011000001101011111010100100100001000101001001111100010100101010111110101000101110000110010010101110110101100011100101010110100011001110001010001111100001101010000111010010101101010100000010101010110000100010011111000110010011111000000000001100100000101011111011000110001011100100010001001110001001111111101101100010110010010100010001101101001000101111010011000110111100
