200 0.928349937703 111001110101111010010111000001100111100001111011110111100010111110011000111001111111110011110100100000100101010001110110101111100101000011010011011101111100101111101101011110101110000110000101100010001100001011110101111000011101111011101110010101000011110101100000110101010101100101001010110100000001110011001100110101101011110000110100001101110110101101011100101011010101110111101101
300 0.912537680545 111001110111100110010011100001000101100111111011110111000011011110111000111001101111110011111101111000111000100111110111101111100101000111001011001101111000101111101100011101111010010101101111100111011100001001110001110000011101110011111001010110100110011111110000110111010101101110111010100100000001110110001100110111111001110001101110001101110100101000111100010011010111011110111100
400 0.901464923292 111101110111100110010011100101001101100111111001111110000011101010111000111001111110110011111101110100101100111111110011111111101011010111101011001111110010101111101000000100100000111101101111100110011110001001110001110000011001110111111001010010100110011011100100110101110100101111111010110110101001101110001101110111101001110001101110001111010101101010110110110011010111011110111101
500 0.893097018562 001101110011101111010001100101000101100101111000110101000011011110111000111101101111110111111101011000111000110111100111101111111101011111111011001111111000101011110000001111011011011100101111101111111111100001110100110000111001110110111001010011111110011101110000110111111100101110011010100110010001111110101100110111001100010001100110011101110101001001110110001011010111011010111110
600 0.888950864962 111011110111101110111010100101001111100111101001110111010011011110111010111011111110110000111101111000101000111110110111101011100011011111011111011111010110100111110101001110100010010101101110111110001110110001110000110001011101100111101011010100001010011111110000110111110110100110111111100110101001100010001101111011111101110000101110000100011001101001010110011011010111111010111101
700 0.885851195787 100001110010101111110001100101000101000111111000110100100011011110111000111001101111110011111101111100111010111110100111101111110101000111010011001101111000101111110001101110010011011100101111001100111111100011110000110000111001110111111001010011111110011111100000110111111100101110011010100110010001110110001100110111101100110101101110011001110100000100111110011011010111011010111100
800 0.883904232312 100001110010101111110001100101000101100111111000110100000011011110111000101001101111110011111101111100111010111110100111101111110101000111110111001101111010100111110001101110000111011100101111001100111111100011110000110000111001010110101001010011110110001101110000110011111100101100111010100110010001110110101101110111101101110101101110011101110100100101111110011011010111011110111100
900 0.879627507969 111101110110100110110001100101001111100110111001111101000000011110110010111101111111110000011101111000101010110110110111101011100101000111011011001111011110100111110001001100000010011110101110011110001110000011110000110000011101110100100011010100101110011101110001100011111111100110111011100110010001100110101100111111101101110100101100000101111101101001110110011011010111111010111101
1000 0.877286604929 101101110110101110110001100101001111100110101011111101000010011110110000111111111111100000011101111100011000110110110111101011100101000111010011001111011110100111110001001100000010011111111110011110001111100011110000110000011001100100100011010000101010011111100001110111111110100110011011100110010001100110101100111111100101110100100110000101111101101001111110011011010111111010111100
1100 0.875224792183 101010110010101110110011101101001001100101111101111101000011011010111110101101111111110000111101111000101010110110110111101101110101000111000111001111111000100111110001101111000010011100111110011101001110101011110000110001011001110110101001010000101010011111110000000111110110100010111110100110010001100111001101111011111101100100101110010100010001001001111010001011010111011010101101
1200 0.870905190765 101100110110101110110011101101001011100100111001111101000011011010111000101110111111100000111100111100111010110110110111101101100101000111011110001111001000100111100001101110000010010101101111011101001110101011110000110001111001100100101001010010001010011111100000000111110110110110101011100110010001100111001101111111111101100100100110010100110101001001111010001011010111011010111101
1300 0.870386820485 100100111010101110110001101101011011100101111101111101100011011010111010111110111110100000111101111110111010110110110111101101100101000111011110001111001100100111100001001111000010010100111111011111001110101001110000110001111101100110101001010000101010011111100000000011111111100010101110100110010001100111000101111001111101100100100010010100110000001101111010001011010111001010111101
1400 0.86819767379 101100111010101110110001100101001011100101111101011101100010011110111100111110111110100000111101111100111010110110110111101001000101000111011110001111001000100111100001101111000011010101101111011110101110001000110000110000111101100100101001010000101010011111100000000111111111110110101111100110010001100111001100111001101101100100100010010100110000001101111010001011010111001010111101
1500 0.868052886696 101101111010101110110001100101001001100100111001111101000010011010111100101100111011100000111101111110101010110111110111101111100101000110011110001111001000100111100001101111000010010111101101011010001110001000110000110000011001110100101001010000001011011111100000000111111110100110101111100110010011100111001101111001100111100100100010010100110101001101111010001111010111011010111101
1600 0.864736233551 101100111010111110110001101101001001000100111001111101000011011110111000101110111111100000111100111100111010110100110111101111100101000111110110001111001000100111100001101110000011000100101111011100101110101010110000110001011001100110101001000000101011011111100000000111111110110110001011100110010011100110001100111111101101100100100010010101111000101001111010001111000111011010111101
1700 0.863657156503 101100111010101110110001101101001011100100111001111101000011011110111100101110111110100000111101111110101000110110110111101101100101000111111110001110001000110111100001001111000011010111101111011110001110001000110000110000011001100100101011010000101010011111100000000111111111010110101011100110010011100110001100111110101101100000100010010100110100101001101000001111010111010010111101
1800 0.862188526257 101101111010101110110001111101001011100100111001111101000011011110110000101110111111100000101101111100101010110110110111101101100101000010110110001110001000110111100001001010000011000111101111011110001110001010110000110001011101100100101011010000101011011111100000000111111111010110101011100110010011100110001100111111111101100000100010010100010101101001101000001111000111011010111101
1900 0.859665277537 101100111010101110110001101101001011100100111001111101001011011110111000101110111110100000111101111110101000110110110111101101100101000110110110001111001000110111100001101010000001000110101111011100001110101011110000110000011001100110101011010000101010011111100000000011111111010110101011100110010011100110001100111110001101100000100010010001110001101001101000001111010111011010111101
2000 0.858195860973 101100110010101110110001101101001111100100111001111101100011011110110000101110111111100000101101111100101000110110110111101101100101000110110110001110001000110110100001101010000011000110101111011010001110101011110000110000011001100100101011011000001011011111100000000111111111010110001011100110010011100110001100111111111101100000100010010100110000101001101000001111010111011010111101
2100 0.856591640017 101100111010101110110001101111001011100100111001111101000011011010110000101110011111100000101101111100101010110110010011101101100101000010110110001110001000110111100001101010000011000110101111011100001110101011110000110000011001100110101011010000101011011111100000000011111111010110101011110110010011100110001100111111111101100000100010010101110001001001101000001111000111011010111101
2200 0.856277758486 101100111010101110110001101101001011100100111001111101100011011010110000101110011111100000101101111100101010110110110011101101100101000010110100001110001000110111100001101010000011000110101111011100001110101011110000110000011001100110101011010000101011011101100000000111111111010110101011110110010011100110001100111111111101100000100010010100110001001001101000001111000111011010111101
2300 0.856139015939 101100111010101110110001101101001011100100111001111101000011011010110000101110011111100000101101111100101011110110010111101101100101000010111110001110001000110111100001101010000011000110101111011100001110101001110000110000011001100110101011010000101001011111100000000011111111010110101011110110010011100110001100111111111101100000100011010100110001101001101000001111000111010010111101
2400 0.854702066845 101100111010101110110001101101001011100100111001110101100011011110110000101010011111100000101101111100101010110110010111111101100101000110110110001110001000110111100000101010000011000110101111011100001110101011110000110000011101100110001011010000101011011111100000000011111111010110101011100110010011100110001100111111111101100000100010010100110000101101101000001111000011010010111100
2500 0.853299999311 101100111010101110110001101001001011100100111001110101000011011010010000001110011111100000101101111100101010110110110111101101100101000110110110001110001000110111100001101010000011000110101111011100011110101010110000110010011101100110101011010000101001011101100000000011111111010110101011100110010011100110001100111111111101100000100010010100110001001101101000001111000111001010111101
2600 0.852318098864 101100111010101110110001101101011011100100111001110101000011011000010000101011011111100000101101111100101010110110110101101101100101000110110110001110001000110111100001101010000111000110101111011000001110101011110000010000011101100110101011010000101001011101100000000011111111010110001011100110010011100110001100111111111101100000100010010100110001001101101000001111000011001010111101
2700 0.851688566279 101100111010101110110001111101001010100100111001110101001011011000110000101010011111100000101101111100111010110110111111101101100101000110110111001110001000110111100001101010000011000110101111011100001110101010110000001010011101100110001011010000101001011100100000000011111111010110101011100110000011100110001100111111111101000000110010010100110001000101101000001111000011010010111100
2800 0.851016365482 101100111010101110110001111101001010100100111001110101001011011000110000101010011111100000101101111100111010110110111111101101100101000110110111001110001000110111100001101010000011000110101111011100001110101010110000001010011101100110001011010000101001011100100000000011111111010110101011100110000011100110001100111111111101000000110010010100110001000101101000001111000011010010101100
2900 0.850439139045 101100110010101110110101101101001010100100111001110101001011011000110000101010011111100000101101111100101010110110110101101101100101000110110111001110001000110111100001101010000011000110101111010100001110101011110000011010011101100110001011010000101001011100100000000011111111010110101011100110000011100110001100111111111101000000110010010100110001001101101000001111000011010010111100
3000 0.849516726533 101100111010101111110001101101011010100100111001010101001011011000110000101010011111100000101001111100111010110110110101101101100101000110110111001110001000110111100001001010000111000110101111011100001110101010110000110000011101100110101011011000101001011100100000000011111111010110101011100110000011100110001100111111111101100000110010010100010001001101101000001111000011000010111100
3100 0.847827889605 101100111010101110110001101001001010100100111001110101001011011000010000101010011111100000101101111100101010110110110101101101100101000110110111001110001000110111100001101010000011000110101111010100001110101011110000011010011101100110001011010000101001011100100000001011111111010110001011100110010011100110001100111111110101000000110010010100110001001101101000001111000011010010111100
3200 0.848625270777 101100111010101110110001101001011010100100111001110101001011011000010001101010011111100000101101111100101010110110010101101101100101010110110111001110001000110111100001101010000011000110101111010100001010101011110000011010011101100110001011011000101001011100100000001011111111010110001011110110010011100110001100111111111101000000110010010100110001001101101000001011000011000010111100
3300 0.848928266825 101101111010101111110001101001001010100100111001110101001011011000110000101010011111100000101101111100111010111110110001101101100101000110110111001110001000110111100001101010000011000010101011011100001010101111110000111000011101100110001011111000101001011100100000001011111111010110001001100110000001100110001100111111111101100000110010010100110001001101101000001111000011000010111100
3400 0.847912875699 101100111010101111110001101001011010100100111001110101001011011000110000101010011111100000101101101100111010110110110101101101100101000110110111001110011000110111100001101010000011000010101111011100001010101011110000110010011001100110001011011000101001011100100000001011111111010110001001100110000001100110001100111111111101100000110010010100110001001101101000000011000011000010111100
3500 0.84831943137 101101111010101111110001101001011010100100111001110100001011011000110000101010011111100000101101111100111010111110110001101101100101000110110111001110001000110111100001101010000011000110101011010100001010101011110000111000011101100110001011111000101001011100100000001011111111010110001001101110000001100111001100111111111101100000110010010100010001001101101000001111000011000010111100
3600 0.848304038914 101100111010101110110001101001011010100100111001110101001011011000110000101010011111000000101101111100111010110110110001101101100101010110110111001110001000110111100001101010000111000010101111010100001110101111110000111000011101100110001011111000101001011100100000001011111111011110001011100100000011100110001100111111111001000000110010010100010001001101101000001111000011000011111100
3700 0.847357664595 001100111010100110110001101001011010100110111001110101001011011000110000101010011111100000101101111100111010110110110001101101110101000110110111001110001000110111100001101010000011000010101001011100001110101111110000111010011101100110001011111000101001011100100000001011111111010110001011101110000011100110001100111111111101000000110010010100010001101101101000001111000011000010111100
3800 0.847126418702 101100110010101110110001101001011010100110111001110101001011011000110000101010011111000000100101111100111010110110110001101101100101010110110111001110001000110111100001101010000111000010101011010100001110101111110000111010011101100110001011111000101001011100100000001011111111010110001011101100000011100110001100111111111101000000110010010100010001101101101000001111000011000010111100
3900 0.846953009881 001101111010101011110001101001011010100110111001110101001011011000110000101010011111110000101101111100111010110110110001101101100101000110110011001110001000110111100001101010000011000010101001011100001110101111110000111010011101100110001011111000101001011100100001001011111111010110001011100100000011100110001100011111110101000000110010010100010001100101101000001111000011000010111100
4000 0.845942946391 001100110010101111110001101001011010100110111001110101001011011000110000101010011111100000101101111100111010110110110101101101110101000110110111001110001000110101000001101010000011000010101101011100001110101111110000111010010101100110001011111000100001011100101000101011111111010110001011100100000001100110001100111111111101000000110010010100010001001101001000001111000011000010111100
4100 0.845777138211 001100111010101111110001101001011010100100111001010101001011011000110000101010011111100000101101111100110010110110110001101101100101000110110111001110001100010111100001101010000011000010101111010100001110001111110000111010011101100110001011110000101001011100100000001011111111010110101011100100000011100110001100111111111101100000110010010100010001000101101000101111000011000010111100
4200 0.845220769977 001101111010101110110001101001011010100110111001010101011011011000110000101010011111100000100101111100110010110110110001100101100101000110110111001110001000010111100001101010000111000010101111011100001010101111110000111010011101100100011011110000100001011100100000001011111111010110101011100100000011100110001100111111111101000000110010010100010011000101101000001111000011000010111100
4300 0.845078689187 001100111010101111110001101001011010100100111001010101001011011000110000101010011111100000101101111100010010110110110001101101100101000110110111001110001100010111100001101010000011000010101111010100001110101111110000111010011101100110001001111000101001011100100000001011111111010110101011100100000011100110001100111111110101100100110010010100010001000101101000101111000011000010111100
4400 0.845151503065 001100101010101111110001101001111010100110111001010101001011011000110000101010011111100000101101101100010010110110110001101101100101000110110111001110001100010111100001101010000111000010101111011100001010101111110000011010011101100110011001111000101001011100100000001011111111010110101011100100000011100110000100111111111101100100110010010100010001000101101000101111000011000010111100
4500 0.844282182705 001101111010101111010001101001011010100100111011010101001011011000110000101010011111100000101101110100010010110110110001101101100101000110100111001110001000010111100000101010000111000010101101001100001110101111110000111010011101100110001011111000101001011100100000101011111111010110101011100100000011100110001100111111101101100000110010010100010001001101101000101111000011000010111100
4600 0.843777815196 001100111010101111010001101001011010100100111011010101001011011000110000101010011111100000101101110100010010110110110101101101100101000110100111001110001000010111100000101010000111000010101101010101001010101111110000111010011101000110001011111000101001011100100000101011111111010110101011100100000011100110001100111111101101100000110011010100010001001101101000101111000011000010111100
4700 0.843661900494 001100111010101111110001101001011010100100111011010101001011011000110000101010011111100000101101110100011010110110110001101101100101010110110111001110001000010111100000101010000110000010101101011100001010101111110000011010011101100110001011111000101001011100100000101011111111010110101011100100000001100110000100111111101101100000110010010100010001000101101000101111000011000010111100
4800 0.842421913733 001101111010101111110001101011111010100110101001010101001011011000110000101010011111100000101101100100010010110110110001101101100101010110100111001110001000010111100000101010000110000010101101001100001010101111110000111010011101100110001011111000100000011100100000101011111111010110101011100100000001100110000100111111111101100000110010010100010001000101101000101111000011000010111100
4900 0.842201086365 001101111010101111010001101011011010100100110001010101001011011000110000101010011111100000001101100100010010110110110001101101100101010110100111001110001000010111100000101010000111000010101001011100001000101111110000111010011101100110011011111000101000011100100000101011111111010110101011100100000001100110001100111111111101100000110010010100010001000101101000101111000011000010111100
5000 0.842764094471 001100111010101111110001101011011010100100101011010101001011011000110000101010011111100000101101100100010010110110110001101101100101010110110111001110001010010111100000101010000111000010101101001100001010101111110000111010011101000110011011111000100000011100100000101011111111010110101011100100000001100110001100111111111101100000110010010100010001001101101000101111000011000010111100
5100 0.842812073025 001101111010101111010001101011111010100100101001010101001011011000110000101010011111100000001101100100011010110110110001101101100101010110100111001110001000010111100000101010001111000010101101010100001000101111110000111010011101100110011011111000110000011100100000101011111111010110101011100100000000100110001100111111101101100000110010010100010001001101101000101111000011000010111100
5200 0.842507568216 001101111010101111010001101011111010100100100001010101001011011000110000101010011111100000001111000100010010110110110001101101100101010110100111001110000000010111100000101010001111000010101101011100001000101111110000111010011101100110011011111000100001011100100000101011111111010110001011100100000000100010001100111111111101100000110010010100010001001101101000101111000011000010111100
5300 0.842330436701 101100111010101111010001101011111010100100100011010101001011011000110000101010011111100000101111000100010010110110110001101101100101010110100111001110001000010111100000101010001111000010101101011100001000101111110000111010011101100110011011111000100000011100100000101011111111010110001011100000000000100110001100011111111101100000111010010100010001001101101000101111000011000010111100
5400 0.842159691237 001100111010101111010001101011111000100100101001010101001011011000110000101010011111100000101111000100010010111110110001101101100101010110100111001110001000010111100000101010000111000010101101011100001010101111110000111010011101000110011011111000100000011100100000101011111111010110001011100100000001100110001100111111111101100000111010110100010001001101101000101111000011000010111100
5500 0.841596330151 001100111010101111010001101011111010100100100001010101001011011000110000101010011111100000101111000100010010111110110001101101100101010110100111001110001000010111100000101010000111000010101101011100001000101111110000111010011101000110011011111000100000011100100000101011111111010010001011100100000001100110011100111111111101100000111010010100010001101101101000101111000011000010111100
5600 0.841379562233 001100111010101111010001101011111010100100100001010101001011011000110000101010011011100000101111000100010010111110110001101101100101010110100111001110001000010111100000101010000111000010101101011100001010101110110000111010011101000110011011111000100000011100100000101011111111010010001011100100000001100110011100111111111101100000111010010100010001101101101000101111001011000010111100
5700 0.841505092626 001100111010101111010001101011111010100100101011010100001011011000110000100010011111100000101111000100010010110110110001101101100101010110100111001110001000010111100000101010000111000010101101011100001010101111110000111010011101100110011011111000100000011100100000101011111111010110001011100000000000100110001100111111111101100000111010010100010011001101101000101111001011000010111100
5800 0.840812513721 001100111010101111010001101011111000100100100001010101001011011000110000101010011111100000101111000100010010111110110001101101100101010110100111001110001000010111100000101010000111000010101101011100001010101111110000111010011101000110011011111000100000011100100000101011111111010110001011100100000001100110011100111111011101100000111010010100010001001101101000101111000011000010111100
5900 0.842368976659 001100111010101111010001101011111000100100100001010100001011011000110000101010011111100000101111000100010010111110110101101101100101010110100111001110001000010111100000101010011111000010101101011100001010101111110000111010011101000110011011111000100000011100100000101011111111010110000011100100000101100110011100111111111101100000110010010100010001001101101000101111000011000010111100
6000 0.841221738008 001100111010101111000001101011111010100100101001010101001011011000110000101010011111100000101111000100010010111110110001101101100101010110100111001110001000010111100000101010000111000010101101011100000011101110110000111010011101000110011011111000100000011100100000001011111111010110001011100100000001100110011100111111011101100000111010010100010001001101101000101111000011000010111100
6100 0.841211840109 001100111010101111000001101011111010100100101001010100001011011000110000101010111111100000101111000100010010101110110101101101100101010110100111001110001000010111100000101010010111000010101111011100000010101111110000110010011101000110011011111000100000011100100000101011111111010110000011100100000001100110011100111111011101100000111011010100010001101101101000101111000011000010111000
6200 0.841323079887 001100111010101111000001101011111010100100100001010101001011011000110000101010111111100000101111000100010010101110110101101101100101010110100111001110001000010111100000101010000111000010101111011100000010101111110000110010011101100110011011111000100000001100100000101011111011010110000011100100000001100110011100111111011101100000111011010100010001001101101000101111000011000010111100
6300 0.8402077574 001100111010101111000001101011101010100100100000010101001011011000010000101010011111100000101110000110010010111110110001101101100101010110100111001110001000010111100000101010100111000010101101011100001010101110110000111010011101000110011011111000100000011100100000101011111011010110001011100100000001100110011100111111111101100000111010010100010001001101101000101111000011000010111100
6400 0.840917855454 001100111010101111000001101011111010100100100001010101001011011000010000101010011111100000101111000110000010111110110101101101100101000110100111001110001000010111100000101010000111000010001101011110001010101110110000111010011101100110001011111000100000011100100000101011111111010110000011100100000001100110011100111111111101100000111010010100010001001101101000101111000011000010111100
6500 0.841237461346 001100111010101111000001101011101010100100100001010101011011011000010000101010011111100010101111100110000010111110110001101101100101010110100111001110001000000111100000101010000111000010101101011100001010101110110000111010011101000110011011111000100000011100100000101011111011010110001011100100010001101110011100111111110101100000011010010100010001001101101000101111000011000110111100
6600 0.841387202937 001100111010101111000001101011101010100100100011010101001011011010010000101010101101100000101110000110000010111110110101101101100100010110100111001110001000010111100000101010000111000010101101011100001010101110110000111010011101000110001011111000100000011100100000101011111011010110001011100100000001100110011100111111111101100001111010010100010001001101101000101111000011000010111100
6700 0.840675974595 001100110010101111000001101011101010100100100001010100001011011000010010101010011111100110101110100110001010111110110001101101100101010110100111001110001000010111100000101010000111000010101101011100001010101110110000111010011101000110011011111000100000011100100000101011111011010110101011100100010001100110011100111111110101100000111010010100010001001101001000101111000011000010111100
6800 0.84156437073 001100110010101111000001101011101010100100100011010101011011011000010000101010111111100000101110000110000010111110110101101101100101010110100101001110001000010111100000101010000111000010101101011100001010101110110000111010011101000110011011111000100000011100100000100011111011010110001011100100010001100110011100111111110101100000111010010100010001001101101000101111000011000110111100
6900 0.841634018304 001100110010101111000001101111101010100100100001010100001011011000010000101010111111100000101110100110010010111110110101101101100101010110100101001110001000010111100000101010000111000010101101011110001010101110110000111010011101000110011011111000100000011100100000101011111011010110001011100100010001100100011100111111110101100000111010010100010001001101101000101111000011000010111101
7000 0.840636924541 001000110010101111000001101011101010100100100001010101001011011000010000101010111110100010101110000110000010111110110101101101100101010110100101001110001000010111100000101010000111000010101101011100001010101110110000111010011101000110010011111000100000011100100000101001111011010110001011100100010001100110011100011111110101100010111011010100010001001101001000101111000011000110111100
7100 0.839775511797 001100110010101111000001101011101010100100100001010100001011011000010000101010111110100000101110100110000010111110110101101101100101010110100111001110001000010111110000101010000111000010101101011100001010101110110000111010011101000110010011111000100000011100100000101011111011010110001011100100010001100110011100011111110101100010111010010100010001001101001000101111000011000010111100
7200 0.839066469267 001100110010101111000001101111101010100100100001010100001011011000010000101010111110100010101110000110000010111110110101101101100101010110100101001110001000010111100000101010000111000010101101011100000010101110110000111010011101000110011011111000100000011100100000101001111011010110001011100100010001100110011100011111110101100010111011010100010001001101001000101111000011000110111100
7300 0.839841892399 001100110010101111000001101111101010100100100001010100001011011000010000101010111110100010101110000110000010111110110101101101100101010110100101001110001000010111110000101010000111000010101101011100000010101110110000111010011101000110011001111000100000011100100000101011111011010110001011100100010001100110011100011111110101100010111011010100010001001101001000101111000011000110111100
7400 0.839550858512 001100110010101111000001101111101010100100100001010100001011011000010000101010111110100010101110000110000010111110110101101101100101010110100101001110001000010111110000101010000111000010101101011100000010101110110000111010011101000110011001111000100000011100100000101011111011010110001011100100010001100110011100011111110101100010111011010100010001001101001000101111000011000110111100
7500 0.839944634726 001100110010111111000001101111101010100100100001010100001011011000010000101010111110100010101110000110000010111110110101101101100101010110100101001110001000010111000000101010000111000010101101011100000010101110110000111010011101000110011001111000100000011100100000101011111011010110001011100100010001100110011100011111111101100010111011010100010001001101001000101111000011000110111100
7600 0.839452104 001100110010101111000001101111101010100100100001010100001011011000010000101010111110100000101110000110010010111110110101101101100101010110100111001110001000010111110000101010000111000010101101011100001010001110110000111010011101000110011001111000100000011100100000101011111011010110001011100100010001101110011100011111110111100000111010010100010001000101001000101111000011000010111100
7700 0.839559531644 001100110010101111000001101111101010100100101001010100001011011000010000101010111110000000101110000110010010111110110101101101100101010110100101001110001000010111100000101010000111000010101100011100001010101110110000111010011101000110011011111000100000011100100000101011111011010110001011100100010001100110011100011111111101100010111011010100010001001101001000101111000011000010111100
7800 0.83933626183 001100110010101111000001101111101010100100100001010100001001011000010000101000111110100010101110000110000010111110110101101101100101010110100101001110001000010111100001101010000111000010101101011100000010101110110000111010011101000110011011111000100000011100100000101011111011010110001011100100010001100110011100011111110111100010111011010100010001001101001000101111000011000010111100
7900 0.839559861136 001100110010101011000001101111100010100100100001010100001011011000010000101010111110100010101110000110000010111110110101101101100101010110100111001110001000010111100001101010000111000010101101011100000010101110110000111010011101000110011011111000100000011100100000101011111011010110001111100100010001100110011100011111110111100000111011010100010001000101001000101111000011000010111100
8000 0.839505288796 001100110010101011000001101111100010100100100001010100001011011000010000101010111110100010101110000110000010111110110101101101100101010110100111001110001000010111100001101010000111000010101101011100000010101110110000111010011101000110011011111000100000011100100000101011111111010110001011100100010001100110011100011111110111100000111011010100010001000101001000101111000011000010111100
8100 0.838459849253 001100110010101111000001101111101010100100110001010100001001011000010000101010111110100010101110000110000010111110110101101101100101010110100101001110001000010111100001101010000111000010101101011100000010101110110000111010011101000110011001111000100000011100100000101011111011010110001011100100010001100110011100011111110101100010111010010100010001001101001000101111000011000010101100
8200 0.839458125441 001100110010101011000001101111100010100100100001010100001010010000010000101010111110000010101110000110000010111110110101101101000101010110100111001110001000010111100001101010000111000010101101011110000010101110110000111010011101100110011011111000100000011100100001101011111111010110001011100100010001100110011100011111110111100010111011010100010001000101001000101111000011000010111100
8300 0.840021679025 001100111010101011000001101111100010100100100001010100001001011000010000101010111110100010101110000110000010111110110101101111100101010110100111001110001000010111100001101010000111000010101101011100000010101110110000111010011101000110011001111000101000011100100000101011111111010110001011100100010001000111011100011111110111100000110011010100010001001101001000101111000011000010101100
8400 0.839664427353 001100110010101011100001101111100010100100100001010100001011011000010000101010111110100000101110000110000010111110110101101101100101010110100111001110001000010111100001101010000111000010101101011100000010101110110000111010011101000110011011011000100000011100100000101011111111010110001011100100010001100110011100011111110111100000111010010100010011001101001000101111000011000010111100
8500 0.839373549603 000100111010101011000001101111101010100100100001010100001011011000010000101010111110100000101110000110000010111110110101101111100101010110100111001110001000010111100001101010000111000010101101011100000010101010110000111010011101000110010011011000100000011100100000101011111111010110001011100100010001100110011100011111110111100000111011010100010011001101001000101111000011000010111100
8600 0.839036740128 000100111010101011000001101111101010100100100001010100001011011000010000100010111110100000101110000110000010111110110101101111100101010110100111001110001000010111100001101010000111000010101101011100000010101010110000111010011101000110010011011000100000011100100000101011111111010110001011100100010001100110011100011111110111100000111011010100010011001101001000101111000011000010111100
8700 0.839610375174 000100111010101011000001101111101010100100100001010100001011111000010000101010111110100000101110000110000110111110110101101111100101010110100111001110001000011111100001101010000111000010101101001100000010101010110000101010011101000110010011011000100000011100100000101011111111010110001011100100010001100110011100011111110111000010111011010100010011001101001000101111000011000010111101
8800 0.83943183725 000100111010101011000001101111101010100100100001010100001010111000010000101010111110100000101110000110010010111110110101100111100101010110100111001110001000011111100001101010000111000010101101001110000010101010110000101010011101000110010011011000100000011100100000101011111111010110001011100100010001100110011100011111110111000010111011010100010011001101001000101111000011000010111111
8900 0.838609260212 000100110010101011000001101111101010100100100001010100001011011000010000101010111110000000101110000110000010111110110101101111100101010110100111001110001000011111100001101010000111000010101101001100000010101010010001101010011101000110010011111000100000011100100000101011111111010110001011100100010001100110011100011111110111100010111011010100010011001101001000101111100011000010111100
9000 0.838641229813 000100110010101011000001101111101010100100110001010100001000111000010001101010111110000000101100000110010010110110110101100111100101010110100111001110001000011111100001101010000111000010101101011110000010101010110000110010011101000110010011011000100000011100100000101011111111010110001011100100010001100110011100011111110111000010111011010100010001001101001000101111100011000010111100
9100 0.838687509709 000100110010101011000001101111101000100100110001010100001000111000010000101010111110100000101100000110010010110110110101100111100101010110100111001110001000011111100001101010000111000010101101011110000010101010110000111010011101000110011011011000100000011100100000101011111111010110001011100100010001100110011100011101110111000010111011010100010011001101001000101111000011000010111100
9200 0.839511688513 000100110010101011000001101111101010100100100001010100001011011000010000101010111110100000101110000100000010111110110101101111100101010111100111001110001000010111100001101010000111000010101101011100010010101010110000101010011101000110010011111000100000001100100000101011111111010110001011100100010001100110011100011111110111100010111011010100010011001101001000101111000011000010111100
9300 0.838348590695 000100110010101011000001101111101010100100100001010100001001011000010000101010111110100000101110000110010010111110110101101111100101010110100111001110001000010111100001101010000111000010101111011100000010101010110000101010011101000110010011111000100000001100100000101011111111010110001011100100010001100110011100001111110111100010111011010100010011001101001000101111100011000010111100
9400 0.83775482967 000100110010101011000001101111101010100100100101010100001000011000010000101010111110100000101110000110010010111110110101101111100101010110100111001110001000011111100001101010000111000010101101011100000010101010110000100010011101000110010011111000100000001100100000101011111111010110001011100100010001101110011100001101110111100010111011010100010011001101001000101111100011000010111100
9500 0.838779601711 000100110010101011000001101111101010100100100001010100001001011000010000101010011110100000101110000110010010111110110101101111100101010110100111001110001000011111000001101010000111000010101101011100000010101010110000100010011101010110010011111000100000001100100000101011111111010110001011100100010001101110011100001111110111100010111011010100010011001101001000101111100011000010111100
9600 0.838725584665 000101110010101011000001101111101010100100110001010100001001010000010000101010111110100000101110000100010010111110110001101111100101010110100101001110001000011111100001101010000111000010101101011100000010101010110000110010011101000110000011111000100000001100100000101011111111010110001111100100010001101110011100001111110111100010111011010110010001001101001000101111000011000010111100
9700 0.838903278227 000100110010111011000001101111101010100100100101010100001001011000010000101010111110100000101110000110010010110100110101101111100101010110100111001110001010011111100001101010000111000010101101011100000010101010010001100010011101000110110011111000100000011100100000101011111111000110001011100100010001101110011100011101110111100010111011010100010011001101001000101101100011000010111100
9800 0.838467526943 001100110010101011000001101111100010100000100101010100001001011000010000101010111110100000101110000110010010111110110101101111100101010110100111001110001010011111100001101010000111000010101101011100000010101010010001100010011101000110110011111000100000011100100000101011111111000110001011100100010001101110001100011101110111100010111011010100010011001101001000001111100011000010111100
9900 0.839156583581 000100110010101011000001100111101010100100110101010100001001111000010000101010111110000000101110000110010010111110110101100111100101010110110111001110001000000111100001101010000111000010101101011100000010101010010000101010011101000110011011111000100000001100100000101011111111000110001011100000010001101110011100011111111111100010111011010100010011001101001000101111010011000010111100
10000 0.838572712014 001100110010101011000001101111101010100000110001010100001001111000010000101010011110100000101110000110010010110110110101101111100101010110100111001110001000011111100001101010000111000010101101011100000010101010010001101010011101000110010011111000100000001100100000101011111111000110001011100100010001001110011100011101110111100010111111010100010011001101001000101111000011000010111100
10100 0.837454293237 001100110010101011000001101111101010100100110001010100001000111000010000101010011110100100100110000110000010111110110101101111100101010110100111001110001010001111100001101010000111000010101101001100000010101010110000101010011101000110010011110000100000011100100000101011111111000110001011100100010001101110011100011111110111100010111011010100010011001101001000101111000011000010111100
Mejor resultado: 0.837454293237 001100110010101011000001101111101010100100110001010100001000111000010000101010011110100100100110000110000010111110110101101111100101010110100111001110001010001111100001101010000111000010101101001100000010101010110000101010011101000110010011110000100000011100100000101011111111000110001011100100010001101110011100011111110111100010111011010100010011001101001000101111000011000010111100
