200 0.921312425087 000101010000011110100011101001100010110101100001100010100010010111111111110010000011010101111011011010011010110010110101111110110111101110110101110100111011111011110100110111101011010000111011111011111100101110001011110111111010101000010101011101010110101111110010011001111100011010111111000100100111110011001111101111111001100001110011011100110000111010100011111111011111101010111110
300 0.898629358425 000111100110001110100111111101101110110001110001011111001010010101110110100110011111011111111011100011011001110010110101111100110111111110110001110101111010111011111100110111101011010100111111001011111100101111001010110010111110100101000110111111110110101111100011111011111101011000110111001101110111000111011111001001111010100011110011010100100100111110000010101110010110001010111100
400 0.893969130495 110111100000100110100101011101101110110001100001011111001000110110111110100110010111011011101001110111011011010011110101110110110111111110110111110111101010111011111000110111101011010100111111111011011110101111001010110010111110110101110101101101000000101011100011111011110101011000111111001100111011001111010111001111001010100001111110010100100000111111000000100111011110011000111100
500 0.889016965597 010110111010100111000001011111101010111001110011001011001000011110110110101110100101111011101001111111111111010011110001110010110101010111110111010110101010111011111100110010101011110100101111111110001111101110001111110010011110110101010001101111000000001111110001101111110101011011000111010000101010000111110101001111001010101001111111010100110001010111000001111101011110011100011100
600 0.885980341492 100110101010100111110001011111111010111001110011011011001000111110111110101110000111111011101011111111111011010011110001110011110101010110110110010110101010111011111100111011101011110100101111111000011110101110101011010010011110110100011101101101000000011111110001101111110101011010010111010000101010010111010101101111001010000001111111010100110001110111000000101101011110011100011100
700 0.881635186889 000110111110000111100001011111111010111001110011011111001000111110110111100110000111101011101011111111111011010011110001111011110101010110110111010110101010111011111100111011101011100100101111111100001110101111101010111010011110110100000001101111000100001111110001101111110100011010010111000000100010010110010001101111001010000001111011010100110001110111000001101101011111011100111100
800 0.881982420082 000110111110000111100001011111111010111001110011111111001000111110110111100110000111101011101011111111111011010011110101111011110101010110110111010110101010011011111100111011101011100100101111111100001110101111101010111010011110110100000001101111000100001111110001101111110100011010010101000000100010010110010001101111001010000001111011010100110001110111000001101101011111011100111100
900 0.880795198679 000010111010000111100001011111101010110001110011011011101000111110110110100010101111101111101011111111111011010011110001110011110101010110100111010110101010111011111100111010101111100100101111011101001110101110101110110010011110100100000001101101000111001111110001101111111100011010010111010000100011010111110001101111001010000001111011010100110001110111000001101101011110011100111100
1000 0.877564754258 000010111010000111100001011111111010100001110011011101101000111110110111100110101111101111101011111111111011010011110001110011110101010110110111010110101010111011111100111010101111100100101111011100001110101110101010110010011110100100000001101101000111001111110001101111111100011010010111010000110010010110110001101111001010000001111011010100110001110111000001101101011110011000111100
1100 0.876299580963 000010111010000111100001011111111010100001110011011101101000111110110111100110101111101111101011111111111011010011110001110011110101010110110111010110101010111011111100111010101111100100101111011100001110101111111010110000011110100100000001101101000111001111110001101110110100011010010111000000110010010110110001101111001010000001111011010100110001110111000001101101011110011010111100
1200 0.87495537938 000110111010000111100001011111101010100001110011011001101000111110110111100010101111101111101011111111111011010011110001110011110101010110110111000110101010111011111100111010101111100100101111011100001110101110100010110010011110100110000001101101000111001111110001101111111100011010010111010000100010010110110001101111101010000001111011010100110001110111000000101101011110011100111100
1300 0.873457715736 000010111010000111100001011111101010100001110011011101101000111110110110100110101111101111101011111110111010010011110001110011110101010110110111010110101010111011111000111010101111100000111111011100001110101110101010110010011100100100000001101101000101001111110000101111111100011010010111010000110010010110110001101111001011000001111011010100111001111111000001101101011110011000111100
1400 0.873141582909 001010111010100111100001011111101010100001110011011101101000111110110110100010111111101111101011111111111011010010110001110010110101010110110111010110101010111011111100111000101110100000101111011100001110101110101010110010011110100110000001101101000111001111110000101111111100011010010111010000100010010110110001101111001010000001111011010100110001110101000000101101011110011010111100
1500 0.870817212361 000110111010100111100001011111101000100001110011011101101000111110110110100010111111101111101011111111111011010010110001110011110101010110110111010110101010011011111000111010101110000000101111011100001110101110101010110010011110100110000001101101000111001111110001101111111100011110010011010000100010010110110001101111001010000001111011010100110001110101000000101101011110011010111100
1600 0.869444545671 000010111010010111100001011111101000100001110011011101101000111110110100101010111111101101101011111110111011010011110001110011100101010110110111010110101010011011111000111010101111000100101111011100000110101110100010110010011110100110000001101101000111001111110001101111111100011010010011110000100010000110110001101111001010010001111011010100100001111101000100101101010110011010111100
1700 0.867242448434 001010111010100111100001011111101000100001110011010101101000111110110100101010111111101111101010111110111011010010110001110011100101010110110111010110101010011011111000111010101111000100101111011100000110101010101010110010011100100110000001101101000111001111110000101011111000011110010111110000100010000110110001101111001010000001111011010100100001110101000100101101011110011110111100
1800 0.865843202693 001010111010100111100001001111101000100001110011011101101000111110110110100010111111101111101010111110111011010010110001110011100101010110110111000110101110011011111000111010101110000000101111011100001010101010101000110010010100100110000001101100000111001111110001101011111100011110010111110000100010000110110001101111001110000001111011010100110001010101000100101101011110011110111100
1900 0.86477346619 001010111010100111100001011111101010100001110011011101101000111110110110100010111111101111101010111110111011010010110001110011100101010110110111000110101010011011111000111010101111000000101111011100000110101010100000110010011100100110000001101101000111001110110001101111111100011110010111010000100010000110010001101111000110000001111010010100110001011101100100101101010110010110111100
2000 0.862966257297 001110111010100111100001011111101010100001110011010101101000111110110100100010110111101111101010101110111011010010110001110011100101010110110111000110101010011011111001101010101111000100101111011100000110101010100000110010011100100110000001101100000111001111110001101011111100011110010111110000100010000110110001101111000110000001111010010000110001111101000100101101001110010010111100
2100 0.862077323235 001010111010100111100001011111101000100001110011010101101000111010010110101010111111101111101010111110111011010010110001110001100101010110110111000110101010011011111000111010101111000000101111011100000110101110100000010010011100100110000001111100000111001110111001101011111000010010010111110000100010000110111000101111000110000101111010010100110001011101000100101101011110010110111100
2200 0.861684464611 001110111010100111100001011111101000100001110011010101101000011010010100101010111111101111101010101110111011010010110001110011100101010110110111100110101010011011111000101010101111000000101111011100001010101110101000010010011100100110000001111100000111001111110001101011111000010010010111110000000011000110111001101111000110000101111011010100110001011101001100101101011110010110111100
2300 0.860404395898 001010111010100111100001011111101011100001110011010101101000111010010110101010111111101111100110111110111011010010110001110011100101010110100111000110101010011111111000101010101111000000101111011100000110101010100000010010011100100110000001101100000101001110110001101011111000011010010111110000100000000110111001101111001110000101111011010100010001001101000100101101011110010110111100
2400 0.859382045361 001010110010100111100001011111101011100001110011010101101000011010110100101010111111101111100110111110111011010010110001110011100101010110100111000110101010011011111000101010100111000000101111011100000110101010100000110010011100100110000001111000000111001110110001101011111000011110010111110000000000000110111001101111000110000001111010010100110001011101001100101101011110010110111100
2500 0.858225977979 001010110010100111100001011111101011100001110011010101101000011010010100101010111111101111100110111110111011010010110001110011100101010110100111000110101010010111111000101010100111000000101111011100000110101010110000010010011100100110000001101000000111001110110001101011111000011010010111110000000000000110111001101111000110000001111110010100010001001101001101101111011110010110111100
2600 0.856582714843 001010110010100111100001011111101011100001110011010101101000011010010100101010111111101111100110111110111011010010110001110011100101010110100111000110101010011111111000101010100111000000101101011100000110101010110000010010011100100110000001101000000111001110110001101011111100011010010111110000000000000110111001101111000110000001111010010100110001001101000100101111011110010010111100
2700 0.856166689361 001010110010100111100001011111101010100001110011010101101000011010010100101010111111101111100110111110111011010010110001110011100101010110100111000110101010011111111000101010100111000000101101011100000110101010110000010010011100100110000001101000000111001110110001101011111100011010010111110000000000000110111001101111000110000001111010010100110001001101000100101111011110010010111100
2800 0.855881068306 001010110010100111100001011111101010100001110011010101101000011010010100101010111111101111100110111110111011010010110001110011100101010110100011000110101010011111111000101010100111000000101101011100000110101010110000010010011100100110000001101000000111001110110001101011111100011010010111110000000000000110111101101111000110000001111010010100110001001101000000101111011110010010111100
2900 0.855442791973 001010110010100111100001011111101011100001110011010101101000011010010100101010011111101110100110111110111011000010110001110011100101010110100111000110101010011111111000101010100111000000101101011100000110101010110000000010011100100110000001101000000111101110110001101011111100011010010111110000000000001110111101101111000110000001111010010100110001001101000100101111011110010010111100
3000 0.855044704791 001010110010100111100001111111101010100001111011010101101000011010010100101010111111101110100110111110111011000010110001111011100101010110100111000110101010010111111000101010100111000000101101011100000110101010110000000010011100100110000001101000000111001110110001101011111100011010010111111000000000001110111001101111000110000001111010010100110001001101000100101111011110010010111100
3100 0.854917365831 001010110010100111100001011111111010100001110011010101101000011010010100101010111111101111100110111110111011010010110001110011100101010110100110000010101010011111110001101010100111000000101101011100000110101010110000010010011100100110000001101000100111001110110000101011111100011010010111110000000000000110111001001111100110000001111010010100110001001101000000101111011110010010111100
3200 0.854450381923 001010110010100111000001111111101010100001111011010101101000111010010100101010111111101110100110111110111010010010110001111011100101010110100011000110101010011011111000101010100111000000101101011100000110101010110000000010011100100110000001111000000111001110110001101011111100011010011111110000000000001110110001101111000110000001111010010100110001001101100100101111011110010010111100
3300 0.853768102968 001010110011100111100001111111101010100001110011010101101000111110010100101010111111101110100110110100111011010010110001110011100101010110100111000110101010011111111000101010100011000000101101011100000110101010110000000010011100100110000001101000000111001110110001101011111100011010010111110000000001001110110001011111000110000001111010010100110001001101000000101111011110010010111100
3400 0.852766843246 001110110010100111000001111111110010100001110011010101101000011010010100101010111111101110100110111100111011000010110001110011100101010110100110000110101010011111110001101010100111000000101101011100000110101010110000000010011100100110000001111000000111001110110001101011111100011010011111110000000000001110110001101111100110000001111010010100110001001101000000101111011110010010111100
3500 0.85165639631 001110110010100111000001111111110010100001110011010101101000011010010100101010111110101110100110111100111011000010110101110011100101010110100110000110101010011111110001101010100111000000101101011100000110101010110000000010011100100110000001111000000111001110110001101011111100011010011111110000000000001110110001101111100110000001111010010100110001001101000000101111010110010010111100
3600 0.850524958742 001110110010100111000001101111101010100001110011010101101000011010010100101010111111101110100110111100111010010010110001110011100101010110100111000100101010011111111000101010010111000010101101011100000110101010110000010010011100100110000001111000000111001110110001101011111100011010011101110000000000000110010001101111101110000001111010010100110001001101000000101111011110010010111100
3700 0.850605027253 001110110010100111000001101111101010100001110011010101101000011010010100101010111111101110100110111100111010010010110001110011100101010110100111000100101010011111111000101010010111000010101101011100000110101010110000010010011100100110000001111000000111001110110001101011111100011010011101110000000000000110010001101111101110000001111010010100110001001101000000101111011110010010111100
3800 0.850853862721 001110110010100111000001101111101010100000110011010101101000011010010100101010111110101110100110111100111010011010110001110011100101010110100111000100101010011111111000101010010111000010101101011100000110101010110000010010011100101110000001111000000111001110110001101011111100011010011101100000000000000110010001101111101110000001111010010100110001001101000000101111011110010010111100
3900 0.849678875412 001110110010100111000001101111101010100000110001010101101000011000010100101010111110101110100110111100111010010010110001111011100101010111100111000110101010011111110001101010000111000010101101011100000110101010110000010010011100100110000001111000000111001110110001101011111100011010011101110000000000000110010001101111101110000001111011010100110001001101000000101111011110010010111100
4000 0.84867602006 001110110010100111000001101111101010100000110001010101101000011010010100101010111111101110100110111100111010010010110001110011100101010111100111000110101010011111110001101010000111000010101101011100000010101010110000010010011100100110000001111000000111001110110001101011111100011010011101100000000010001110010001101111101110000001111011010100110001001101000000101011011110010010111100
4100 0.848834427133 101110110010100111000001101111101010100000110001010101101000011010010100101010111110101110100110111100111010010010110001111011100101010111100111000110101010011111110001101010000111000010101101011100000010101010110000010010011100100110000001111000000111001110110001101011111100011010111101100000000000000110010001101111101110000001111011010100110001001101000000101011011110010010111100
4200 0.848263969613 001110110010100111000001101111101010100000110001010101101000011010010100101010111110101110100110110100111010010010110001111011100101010110100110001110101010011111110001101010000111000010101101011100000110101010110000010010011100100110000001111000000111001110100001001011111100011010011101100000000000000110010001101111101110000001111011010100110001001101000000101111011110010010111100
4300 0.84789217475 001110110010100111000001101111101010100000110001010101101000011010010100101010111110101110100110110100111010010010110001111011100101010110100110001110101010011111100001101010000111000010101101011100000110101010110000010010011101100110000001111000000111001110100001101011111100011010011101100000000000000110010001101111101110000001111011010100110001001101000000101111011110010010111100
4400 0.847738580104 001110110010100111000001101111101010100000110001010101101000011010010100101010111110101110100110111100111010010010110001110011100101010110100111001110101010011111110001101010000111000010101101011100000010101010110000010010011100100110000001111000000111001110100001101011111100011010011101100000000010000110010001101111101110000001111011010100110001001101000000101111011110010010111100
4500 0.847037299546 001110110011100111000001101111101000100000110001010101101000011010010000101010111110001110110110111100111010010010110001111011100101010110100111001110101010011111110001101000000111000010101101011100000110101010110000010010011101100110000001111000000011001110100001101011111100011010011101100000000000001110010001101111101110000001111011010100110001001101000000101111011110010010111100
4600 0.847079829369 001111110010100111000001101111101010100000110001010101101000011010010000101010111110001110110110111100111010010010110001110111100101010110100111001110101010011111110001101010000110000010101101010100000010101010110000010010111100100110000001111000000011001110100001101011111100011010011101100000000000001110010001101111101110000001111011010100110001001101000000101111011110010010111100
4700 0.846202523377 001111110010100111100001101111101010100000110001010101101000011000010100101010111110101110100110111100111010010010110101110010100101010110100111001110101010011111110001101010000111000010101101011100000010101010110000010010011100100010000001111000000011001100100001101011111100001010011101100000000010000110010001101111101110000001111011010100110001001101000000101111011111010010111100
4800 0.846249846884 001111110010100111100001101111101000100000110001010101101000011010010000101010111010101110100110111100111010010010110101110011100101010110100111001110101010011111110001101010000111000010101101011100000010101010110000010010011101100110000001111000000011001100100001101011111100001010011101100000000010001110010001101111101110000001011011010100110001001101000000101111011111010010111100
4900 0.846597693698 001111110010101111000001101111101000100000110011010101101000011010010000101010111110101110100110111100111010010010110101110011100101010110100011001110101010011111110001101010000111000010101101010100000010101010110000110010011100100110000001111000000011001110100001101011111100001010011101100000000010001110010001101111101110000001111011010100110001001101000000001111011111010010111100
5000 0.846417504142 001111110010100111000001101111001010100000110001010101101000011000010000101110111010101110110110111100111010110010110101110011000101010110100010001110101010011111110001101010000111000010101101010100000010101010110000010010011101000110000001111000000011001100100001101011111100001010001101100000000000001110010001101111101110000001111011010100110001001101000000101111011111010010111100
5100 0.844806622995 001111110010100111000001101111001010100000110001010101101000111000010000101110111010101010110110111100111010110010110101110011100101010110100011001110101010011111110001101010000111000010101101010100000010101010110000010010011101000110000001111000000011001100100001101011111100001010011101100000000000001110010001101111101110000001111011010100110001001101000000001111011111010010111100
5200 0.844869850089 001111110010101111000001101111101010100000110011010001101000011000010000101010111110101110110110111100111010010010110101110011100101010110100011001110101010011110110001101010000111000010101101010100000010101010110000010010011101000110000011111000000011001100100001101011111100011010001111100000000000001110010001101111101110000000111011010100110001001101000000101111011111010010111100
5300 0.843897860691 001111110010100111100001101111101010100000110011010101101000011000010000101110111110101110100110111100011010010010110101110011100101010110100001001110101010011111110001101010000111000010101101010100000000101010110000110010011101000110000011111000000011001100100001101011111100011010001101100000000010001110010001001111101110000000111011010100110001001101000000101111011111010010111100
5400 0.84316987347 001111110010100111100001101111101010100000110001010101101000011000010000101110111110101110000110111100011010010010110101110011100101010110100001001110101010011111110001101010000111000010101101010100000000101010110000110010011101000110000011111000000011001100100001101011111100011010001101100000000010001110010001001111101110000000111011010100110001001101000000101111011111010010111100
5500 0.843645178299 001101110010101111000001101111101010100000110001010101101000011000010000101110111110101110000110111100111010010010110101110011100101010110100011001110101010011111110001101010000111000010101101010100000000101010110000110010011101000110000011111000000011001100100001101011111100011010001011100000000000001110010001001111100110000100111011010100110001001101000000101111011111010010111100
5600 0.84294958818 001101110010101111000001101111101010100000110001010101101000011000010000101110111110101010000110011100111010010010110101110011100101010110100011001110101010011111110001101010000111000010101101010100000000101010110000110010011101000110000011111000000011011100100001101011111100011011001001100000000000001110010001001111100110000100111011010100110001001101000000101111011111010010111100
5700 0.84277166492 001101110010100111000001101111101000100000110001010101101000011000010000101010111100101010100110111110111010010010110101110011110101010110100011001110101010011111110001101010000111000010101101010100000010101010110000110010011101000110000011111000000011001100100001101011111100011010001111100000001000001110010001001111100110000100111011010100110001001101000000101111011111010010111100
5800 0.843107689389 001101110010101111000001101111101010100000110001010101101000001000010000101110111110101110000110011100111010010010110101110011100101010110100011001110101010011111110001101010000111000010101101010100100010101010110000110010011101000110000011111000000011001100110000101011111100011010001001100000000000001110010001001111101110000100111011010100110001001101000000101111011111010010111100
5900 0.84262195067 001101110010101111000001101111101010100000110001010101101000001000010000101110111110101110000110011100111010010010110101110011100101010110100011001110101010011111110001101010000111000010101101010100100010101010110000110010011101000110000001111000000011001100110000101011111100011010001001100000000000001110010001001111101110000100111011010100110001001101000000101111011111010010111100
6000 0.84320766998 001101110010101111000001101111101010100000110001010101101000011000010000101110111110111110000110011100011010010010110101110011100101010110100011001110101000010111110001101010000111000010101101010100100010101010110000110010011101000110000011111000000011001100100000101011111100011010001001100000000000001110010001001111101110000100111011011100110001001101000000101111011111010010111100
6100 0.842444749405 001101110010101111000001101111101010100000110001010101101000011000010000101110111110101110000110011100011010110000110101110011100101010110100011001110101010011111110001101010000111000010101101010100100010101010110000110010011101000110100001111000000011101100100000101011111100011010001001100000000000001110010001001111101110000100111011010100110001001101000000101111011111010010111100
6200 0.842729780006 001101110010101111000001101111101010100000110001010101101000011000010000101110111110101110000110011100011010110010110101110011100101010110100011001110101010011111110001101010000111000010101101010100100010101010010000110010011101000110100001111000000011101100100000101011111100011010001001100000000000001110011001001111101110000100111011010100110001000101000000101111011111010010011100
6300 0.843028722799 001101110010101111000001101111101010100000110001010101101000011000010000101110111110101110000110011100011110110010110101110011100101010110100011001110101010011101110001101010000111000010101101010100100010101010110000110010011101000110000001111000000011001100100000101011111100011010000001100100000000001110011001001111101110000100111011010100110001000101000000101111011111010010111100
6400 0.842362093003 001101110010101111000001101111101010100000110001010100101000011000010000101110111110101110000110011100011110110010110101110011100101010110100011001110101010011111110001101010000111000010101101010100100010101010110000110010011101000110100011111000000011001100100000101011110100011010001001100100000000001110010001001111101110000100111011010100110001001101000000101111011111010010011100
6500 0.843602374286 001101110010101111000001101111101010100000110001010101101000010000010000101110111110101110000110011100011110110010110101110011100101010110100011001110101010011111100001101010000111000010101101010100100010101010110000110010011101000110000011111000000011101100100000101011111100011010001001100100000000001110010001001111101110000100111011010100110001001101000000101111011111010010011100
6600 0.843221332756 001101110010101111000001101011101010100000110001010100101000011000010000101110111110101110000110011100011110110010110101110011100101010110100011001110101010011111110001101010000111000010100101010100100010101010110000110010011101000110100011111000000011101100100000101011111100011010001001100100010000001110011001001111101110000100111011010100110001000101000000101111011111010010011100
6700 0.842634497635 011101110010101111000001101111101010100000110001010100101000011000010000101010111100101110000110111100011010110010110101110011100101010110100011001110100010011111110001101110000111001010101101010100100010101010110000110010011101000110100001111000000011001100100000101011111100011010001001100100000000001110010001001111101110000100111011010100110001000101000000101111011111010010011100
6800 0.842830302749 001101110010101111000001101111111010100000100001010100101000011000010000101010111100101110000110011100111010110010110101110011100101010110100011001110101010011111100001101010000111000010101101010100100010101010110000110010011101000110110011111000000011011100100000101011111100011010001001100100000100001110010001001101101110000100111011010100110001001101000000101111011111010010011100
6900 0.842958909795 001101110010101111000001101111101010100000110001010100101000011001010000101110111100101110000110011100011110110110110101110011100101000110100011001110101010001111110001101010000111000010101101010100100010101010110000110010011101000110100011111000000011001100100000101011111100011010001001100100010000001110011001001111101100000100111011010100110001000101001000101111011111010010011100
7000 0.842717732419 001101110010101111000001101111101010100000100001010100101000011000110000101110111100101110000110001100011110110110110101110011100101000110100011001110101010011111110001101010000111000010101101010100100010101010110000100010011101000110100011111000000011001100100000101011111100011010000001100100010000001110011001001111101110000100111011010101110001000101001000101111011111010010011100
7100 0.842800633458 001101110010101111000001101111101010100000100001010100101000011000110000101110111100101110000110001100011110110110110101110011100101000110100011001110101010011111110001101010000110000010101101010100100010101010110000100010011101000110100011111000000011001100100000101011111100011010000001100100010001001110011001001111101110000100111011010101110001000101001000101111011111010010011100
7200 0.842856397273 001101110010101111000001101111101010100000100001010100101000011001110000101110111100101010000110001100011110110110110101110011100101000110100011001110101010011111110001101010000111000010101101010100100010101010110000110010010101000110100011111000000011001100100000101011111100011010000001100100010000001110011001001111101110000100111011010100110001000101001000101111011111010010011100
7300 0.843099234527 001101110010101111000001101111101010100000100001010100101000011000110000101110111101101010000110001100011110110110110101110011100101000110100011001110101010011111110001101010000111000010101101010100100010101010110000100010010111000110100011111000000011001100100000101011111100011010000001100100010000001110011001001111101110000100111011010100110001000101101000101111011111010010011100
7400 0.842899258547 001101110010101111000001101111101010100000110001010100101000011000110000101110011101101010000110001100011010110110110101110011100101010110100011001110101010011111110001101010000111000010101101010100100010101010110000100010010111000110100011111000000010001100100001101011111100011010000001101100010000001110011001001111101110100100111011010100110001000101001000101111011111010010111100
7500 0.842594173543 001101110010101111000001101111101010100000110001010100101000011000110000101110111101101010000110001100011010110110110101110011100101000110100011001110101010011111110001101010000111000010101101010100100010101010110000100010010111000110100011111000000011001100100001101011111100011010000011100100010000001110011001001111101110100100111011010100110001000101001000101111011111010010011100
7600 0.84155804865 001101110010101111000001101011101110100000100001010100100000011000110000101110011100101010000110001100011010110110110101110011100101000110100011001110101010011111110001101010000111000010101101010100100010101010110000100010011101000110100011111000000011001100100000101011111100011010001001101000010001001110011001001111101110100110111011010100110001000101101000101111001111010010011100
7700 0.842469600482 001101110010101111000001101111101010100000100001010100101000011000110000101110011100101010010110001100011010110110110101110011100101010110100011001110101010011111110001101010000111000010101101010100100010101010110000100010011101000110100011111000000010001100100001101011111100011010001001101100010000001110011001001111111110100100111010010100110001000101001000101111001111010010011100
7800 0.84226021733 001101110010101111000001101111101010100000100001010100100000011000110000101110111100101010000110001100011010110110110101110011100101000111100010001110101010011111110001101010000111000010101101010100100010101010110000100010011111000110100011111000000010001100100001101011111100011010001001100000010001001110011001001111101110100100111010010100110001000101001000101111101111010010011100
7900 0.841825377707 001101110010101111000001101111101010100000110001010100100000011000110000101110111101101010000110001100011010110110110101110011100101010110100011001110101010011111110001101010000111000010101101010100100010101010110000100010011111000110100011111000000000001100100000101011111100001010000011100000010000001110011001001111101110100100111010010100110011000101001000101111011111010010011100
8000 0.84166280592 001101110010101111000001101111101010100000110001010100100000011000110000101110111101101010000110001110011010110110110101110011100101000110100011001110101010011111110001101010000110000010101101010100100010101010110000100010011111000110100011111000000000001100100000101011111100001011000001100000011000001110011001001111101111100100111011010100110001000101001000101111011111010010011100
8100 0.842055239526 001101110010101111000001101111101010100000100001010100100000011000110000101110111101101010000110001110011010110110110101110011100101000110100011001110101010011111110001101010000111000010101101010100100010101010110000100010011111000110100011111000000000001100100001101011111000001011000011100000010001001110011001001111101111100100111011010100110001000101001000101111001111010010011101
8200 0.841729915013 001101110010101111010001101111101010100000100001010100100001011000110000101110111101100010000110001110010010110110110101110011100101000110100011001110101010011111110001101010000111000010101101010100100010101010110000100010011111000110100011111000000000001100100001101011111100001010000011100000010001001110011001001111101111100100111011000100110001000101001000101111001111010010011101
8300 0.841669515307 001101110010101111010001101111101010100000100001010100100001011010110000101111111101101010000110001110011010110110110101110011100101000110100011001110101010011111110001101010000111000010101101010100100010101010010000100010010111000110100011111000000000001100100001101011111100001010000011100000011001001110011001001111101111100100111010010100010001000101001000101111001111010010011100
8400 0.84168977445 001101110010101111010001101111101010100000100001010100100000011000110000101110111101101010000110001110010010110110110101100011100101000110100011001110101010011111110001101010000011000010101101010100100010101010110000100010011111000110100011111000000000001100100001101011111110001010000001100000010101001110011001001111101110100100111011010100110001000101001000101111011111010010011100
8500 0.84190969841 001101110010101111010001101111101010100000100001010100100001011000110000101110111101101010000110001110011010111110110101110011100101000110100001001110101010011111110001101000100111000010101101010100100010101010010000110010010111000110100011111000000000001100100000101011111100001010000001100000011001001110011101001111101111100100111011010100010001000101001000101111011111010010011100
8600 0.841320596349 001101110010101111010001101111101010100000100001010100100001011000110000101110111101101010000110001110011010111110110101110011100101000110100011001110101010011111110001101000100111000010101101010100100010101010010000100010010101000110100011111000000000001100100000101011111100001010000001100000011001001110011101001111101111100100111011010100010001100101001000101111011111010010011100
8700 0.841383512203 001101110010101111000011101111101010100000100001010100100001011000110000101110111101101010000110001110011011110100110101111011100101010110100011001110101010011111110001101010100111000010101101010100100010101010010000100010010111000010100011111000000000001100100000101011111100001010000001100000011001001110010001001111101111100100111011010100011001000101001000101111011111010010011100
8800 0.841165625793 001101110010101111000001101111101010100000100001010100100001011000110000101110111101101010000110001110011010110110110101110011100101000110100001001110101010011111110001101010000111000010101101010100100010101010010000100010011111000110100011111100000000001100100000101011111100001010000001100100010001001110011101001111101111100100111011010100010001000101001000101111001111010010011100
8900 0.840854968354 001101110010101111100001101111101010100000100001010100100001011000110000101110111101101010000110001110011010110110110101110011100101000110100001001110101010011111110001101010000111000010101101010100100010101010010000100010011011000110100011111100000000001100100000101011111100001010000001100100010001001110011101001111101111100100111011010100010001000101001000101111001111010010011100
9000 0.840892408403 001101110010101111000001101111101010110000100001010100100001011000110000101110111101101010000110000110011010110110110101110011100101000110100011001110100010011111110001101010000111000010101101010100100010101010010000100010011111000110100011111000000000001100100000101011111100001110000001100000010000001110011101011111101111100110111010010100010001100101001000101111001111000010011100
9100 0.840953514099 001101110010101111000001101111101010110000100001010100100001011000110000101110111101101010000110000110011010110110110101110011100101000110100011001110100010011111110001101010000111000010101101010100100010101010010000100010011111000110100011111000000000001100100000101011111100001110000001100000010000001110011101011111101111100110111010010100010001100101001000101111001111000010011100
9200 0.841199785859 001101110010101111000001101111101010100100100001010100100001011000110000101110111101101010000110001110011010111110110101110011100101000110100001001110100010011111110001101010000111000010101101010100100010101010010000110010011101000010100011111100000000001100100000101011111100001010000001100100010001001110011101001111101111100100111011010100010001100101001000101111001111000010011100
9300 0.839975979822 001101110010101111000001101111101010100000100001010100100001011000110000101110111101101010000110000110011010111110110101110011100101000110100011001110000010011111110001101010000111000010101101010100100010101010010000100010011111000110100011111000000001001100100000101011110100001010000001100100010001001110011101011111101111100100111011010100010001100101001000101111001111000010011100
9400 0.839426267072 001100110010101111000001101111101010100100100001010100100001011000110000101110111101101010000110001110011010110110110101110011100101000110100011001110100010011111110001101010000111000010101101010100000010101010010000110010011111000110100011111000000000001100100000101011111100001110000001100100010001001110011101001111101111100110111011010100010001100101001000101111001011000010011100
9500 0.840154111804 001101110010101111000001101111101010100000100001010100100001011000110000101010111101101010000110000110011010111110110101110111100101000110100011001110000010011111110001101010000111000010101101010100100010101010010000100010011111000110100011111000000001001100100000101011110100001110001001100100010001001110011101011111101111100100111010010100010001000101001000101111001111000010011100
9600 0.839517239365 001101110010101111000001101111101010100000100001010100100001011000110000101010111101101010000110000110011010111110110101110111100101000110100011001110000010011111110001101010000111000010101101010100100010101010010000100010011111000110100011111000000001001100100000101011110101001010000001100100010001001110011101011111101111100100111010010100010001000101001000101111001111000010011100
9700 0.839422229149 001101110010101111000001101111101010100000100001010100100001011000110000101010111101101010000110000110011010111110110101110111100101000110100011001110000010011111110001101010000111000010101101010100100010101010010000110010011111000110100011111000000001001100100000101011110101000010000001100100010001001111011101011111101111100100111010010100010001000101001000101111001011000010011100
9800 0.839422229149 001101110010101111000001101111101010100000100001010100100001011000110000101010111101101010000110000110011010111110110101110111100101000110100011001110000010011111110001101010000111000010101101010100100010101010010000110010011111000110100011111000000001001100100000101011110101000010000001100100010001001111011101011111101111100100111010010100010001000101001000101111001011000010011100
9900 0.839284199408 001101110010101111000001101111111010100000100001010100100001011000110000101010111101101010000110000110011010110110110101110111100101000110100011001110000010010111110001101010000111000010101101010100100010101010010000110010011111000110100011111000000001001100100000101011110000000010000001100100010001101111011101011111101111100100111011010100010001000101001000101111001111000010011100
10000 0.839582514722 001101110010101111000001101111101010100000100001010101100001011000110000101010111101101010000110000110011010111110110101110111100101000110100011001110000000011111110001101010000111000010101101010100100010101010010000110010011111000110100011111000000001001100100000101011110101000010000001100100010001001110001101011111101111100100111010010100010001000101001000101111001011000010111100
10100 0.839366018537 001101110010101011000001101111101010100000100001010100100001011000110000101011111101101010000110000110011010111110110101110111100101000110100011001110000010011111110001101010000111000010101101010100100010101010010000110010011111000110100011111000000001001100100000101011110101000010001001100100010011001110011101011111101111100100111010010100010001000101000000101111001011000010111100
Mejor resultado: 0.839284199408 001101110010101111000001101111111010100000100001010100100001011000110000101010111101101010000110000110011010110110110101110111100101000110100011001110000010010111110001101010000111000010101101010100100010101010010000110010011111000110100011111000000001001100100000101011110000000010000001100100010001101111011101011111101111100100111011010100010001000101001000101111001111000010011100
