200 0.935324544888 111100100010110111100001101100110111100001111110111100111111100011000110100111010011110001001101110000011011000101010110100011111101011011110110100000010101110101010101111000100001111101111001111111010101011011111111001111100100101100101001010110111101111111101010011011101010011111101111101111011110101010100011101111111111110100110000001111110011101011111111011010010100111010001001
300 0.932877012092 100000100100111111001100000111101011100011110101000110110110010101011001101011111000101001101011010110010100110001010100000111011111110101101010011111100000011100011101101101110101001111111110110001101101010010001010011111000100101000001101111100110101111101011001111011111110101011011001101011110001101110110110011011010111110011100011010111110110011000100110110011101011011000011001
400 0.92367292184 110000100001101001111111111100010101110101001001100111010011000110000010011001000100111101111100010111110111101110110110011110111100100101000101101010010100111110011011101000011111110111111101000110000100010011111101111111010100100000111101100100000010011111111111011111110011011111101011111110111101001011111100011101011101011011010110101100011101011011011100011101000010001111101001
500 0.901371138045 111000100011110111010101111111011101111001011011010111110000000111010001001110100111101000000100011111110111111001111111111110011101101110000100001010110101111110011111001010101111100111000111111011111110111111111100010000111000100001110101110000100100010111101100111011111111101111001100110110111101000010111100011100001111110011010101111100110111011001011110100111001011011000111100
600 0.896110993019 100010110001111110011110111111101001100001110001000111010011110100010011111100011100111101101111010100110011111110110110001110010101110101101111001010010100011111001001111011011111011111011100010010101100110111111110010011110100100000011011110100100101111101111111111111011001111011011010111010110011101011111100011100100100011011111010001110010000011000101110101111000011011001101001
700 0.891667714741 110000100001111010011101111100111111110001011001010110110100010110010000001111110010101101001110110111100111111110111110111011101000110101100001001110110000011111011111111110011001101111101101011100000110111010111000000010111000001100100101111110101000111110111011011111111101001111101111110100111101001011110100011100111011100111111010010110010101011001011110000110001110011010101101
800 0.888259117807 010000111010111111011110001110100001101101111001011110011010110101010101001110000010111000101100010111110111111001110001111001111101110111100100111011110101110100110101101001000111000010011101011110001110001111111001001000010001111010100011101000000111011111011001010011111110101111101111111110111011000110101100111110001111110011111001110110110011111001111110101011001010111000111000
900 0.888961030655 000010110010111110010100011110111101101101111001010110111010110100110101101000011110011000101110010111010111111011110100111011111101110101100111111010110100011100110101101001010111000010011101010111101110011111111000001010010001100000111011101000010011001111111011110111111010111111001111111110111011101110111100111110000100110011110001110110011101011011101101001111001010101010011001
1000 0.885115335398 000100110001111110110100000111101101111001100100011111101000000100010101111111110111101001001101110101110111111101110101110111111101111011100100111010110100111111100001101011100011000110100110011110100110010110111001011111000101100101011111110000100001011011011010001111101010101010101011111010110010101110110101101101111101100011010011010000110001010011101001111001001011010010011100
1100 0.882001690792 000100110001111011010100011111101101111001100101010111111001110100010100111111110011111000000101110110110011011101110111111011111101110011100101011010110100110110111001101011111011000111100110011000001000010110110001011111010100110110011011110000100011011101011000000111111010101111001011110100111010101110111100111111101101100011010011010000010001011011111001111111001111000000011001
1200 0.880593184373 000000010000001010010101101110100011101101111100010111101011110100010101101111111110111100011111000111100110011111010110111101111101010111100111011100110000111101011001101000011111010110101101010100100111000111011000111011000101100111110011110110100000101111011001011111111101011011101111110010001011101011101100111110110101100001011011010010010101011011001000000001000011111100111000
1300 0.879101706259 100000110000101100010101101111110001100101110001010110111001010111110101111110011111111000100101010110010101011101110101101011111101011010111011011100110100011110111001101000011111000110101101010101100110010111011000011011110100100100111011111000110101011111101011111011111111011010101101011110001001101011110100011110010111110110000001010110010001011011101100000111101011101000101100
1400 0.874363340643 000000010000101101010101101110100011101001101101010111110001110100010100101111100100111000111111000111110110001111010110111111111101110011100111011110110000111101101001101000011111010111100101010000101011000110010001111011000100100110110011111000100010111101011001001111111100011011001011100110111011101010100101111111100111100001011011010000010101011011011001100101001011010000111001
1500 0.874760464309 000000010001101101010101101110101011101001101101010111110001110100010100111111110100111100111111000111000110011101010110111101101101110011100111011110110010101101101001101000010111010111100101010100101010000110010011111011000100100110111011110000000000101101011000001111111100011011101011100110011010101010100101101111100111100001111011000000010101011011011001101111101011010100111101
1600 0.872030033123 000100010001101111010100101111111011100101110001000111111011110100010100101010111110111000100110000111100111111101110100110110101101110111000101001110000100011100101001101001011111001111101101010001101100010110011001001011001100100100100011111000000000101101110001100111111101011111101011111100101000101110111100001111101111100001111010001000111011010001001001101101001011110000111101
1700 0.870824479571 000000010001101101010101101111100001100101101101010111111011110100010100101111110001111100011101000111111110011111010100110101101101110111100011011110110000101101101001101000010111010111100101010100101100000110010001111011100110100110111011110000100010001101011000001111111100011010101111110100011010101110101101111110100111100101111011000000010001011011011000101101001011011100111100
1800 0.868529901189 000000110000101101010101101111111001101101101100010111111001110100010100111111010110111100111101000111110110011101110111111011101101110110000011011110110000111101101001101000011111010110100101010000100001000111010001111011000100100110111011110000100000111101101000001111111101011010101111110100011010101010100101101111011111100000110001000000010001011001011000001111100011010000111100
1900 0.868587377263 000100010000101001010101101111110011100101101101010111111011110100010100101110110100111100110101000111111110011101110100111011101101110110100011011110110000101111101001101000011111000111100101010000101011000110010001111011000100100110110011110000100010011101011001101101111100011110101111110100101010101010101101111111100111100001110011010100010001011011011001101111100011010000111001
2000 0.866045423615 000000000011101010010101101111101011100101100001010111111011000100010100101110010110101000010101010111010110011111110101100011111101110111100011011110110000010111111101101010110111001110101111010100101110000110011000011011000100100110111011110000100000001101010000101111111010011011101110111110011010001110110101101110101111100010010011110000010001011001011001101111001011010000111101
2100 0.863777229565 000000000010101000010101101111111001100101100001010111111011110100010100101110110111101100010100010111110110011101110101110011111100110110100011011110110000011111111101101000110011000110101101010000100011000010110000011011000100100110110011110000110001101101100000001111111111010111101111111110011010001110100101001110100101100010110011110100010001011011011001101111100011010000111101
