200 0.940321128576 001101101010100011010011111111000101001011000101110101100011101000001111101001011000100111011001100001011110100010111100011001100101001010100000101111100100011111000101111011100100001010010101000110011011101101110001110111011111110110101001011101101100100111100111000011010011001010101111110011110101011011001010011101000111110001101000010011001010000010001000000000000110010101101110
300 0.899058945679 101100111110010011011001001111111010100110111011000101110001111011001011111010111111001110011111111010100000000111001100011110100111100010111100100100011111111111000100111010101111011101001111010001110010111010101011111111110100110011110111110011100001011110110001100011011101011011110011100001011010111111111110110111001011100110101110110111110100000101111100101011001111000011011101
400 0.901389966643 111101111010010000001101011110111000100100100001000101111001111011001010111010110101001110100101011110000000000101111101111110110101100000011100110100011111101111001100111010100101111101001101010001111010001000101001101111110100110011110011110110100001111100110101101010111101011011010111110000001110111110111101110111101111100110101110110110011110000111011100101111111110010010011100
500 0.892568326064 100100111110010011000001001110111000100100111011000111110001110011101111111110110101000110000100111110001111000101000101011110000111110010111101101111011111101111000001111010100101001000111111010011101110001011101001111111111100111011110111111111100001011100111001101011001101011101110011101001001010111111011100101111101011100110101110111111100000110111010100101111111111000010011101
600 0.890738126155 011110111110010101001001111111001001100110111011000111100111111011111111101010111101001111010101010111001000000101000100101110110101110100111100110101111111011011000000111010100111001010111111010001111010101010111011111111110111110110110011110111100001111110111001101110011101001010110111110011100010110011101110110111001011100110101110111111111011000111001000101011010111000010011101
700 0.885468718587 001100111010000101001001111111101100100100011001100111100111111011110111101010111101001111100111010110001000000101000101101110110101110101111101110101011110011111000000111010100101001000111111010111111010101010101000111111110111110100110111010111100101011111111101101110111101001011100111110001000010101110101100110111101011110010101111111111111011000111000000001111011111100110001101
800 0.885337236686 111110111110000101000101101111111000100100111001000111101101111011111010111010110101001110000101010110001111000101010101101110110111110110110100110101111110011011000000111010100111001000001101010001110010111010110001111111111110101001110001110111100001111100111001101011111111011110100011101101101110111110011100110111101010100110101110110111111010001111111000001111011111000010011101
900 0.882135182362 101110111110000101001001101110111001100100001011010111101101111011010010111010110101001010100101010111001011000101010101100110110111110100110100111100011110011011100000111010100101001000111101010101110010111110101001111111111100101011110111111111100001111101111001101011011101001110100011101101100010101110011100110101101011010110101010111111111010001111111000001111011111000011011101
1000 0.881029251131 100011110010000001000001001111111001100011111011010101010001111011011011101010011101001011100100110010001011000110010101110110110101000110110111110101011110011111000001111010100101000110011101010001100000101010110001111111011110110111110101110111101001111110100101101111111101001011100011111101101010111110101100111111101011100111101110110110011100100001111100101110011111110011011100
1100 0.876124796413 100000110010001100010001001110101000100010011001010100110001111011010111101011111111001000100100011110001011000110010111110110110011000110110111000100011110111111000001111010101101001010011101010000100010111010110001101111111100110111111111110111101001111100110101101111111001011011110011111101111010101110101100011111101010100011101110110110010110101111111100101111011111000010011101
1200 0.874991792883 001111111010010101001001101111101101100000111001000101110001011011000000110110110001101011100000011110111011000111010110111110111101110100111101111100011110001111000001101010100101011000111111010000101010111111110001111111111001100010100011111100100011011111100001101110011111011011000011100100000111110110001101111111101011100111101010110110100000001111011100101110011110010010011100
1300 0.874667716779 000111111010010100101001101111101101100000111001000101111001011011000000110110110001101011101000010111101011000101110010110110111111100110111111101100011110001111000001111000100101111000111111010000101010111110010001111111111100110110110011110100100001011110100001101110111111011011100011100000001111100110001100111111101011100111101010111100100000001111011100101110011110010110011101
1400 0.873549096707 001111111010001001000001001111101001101000111001010101101011111011110110110010010000001011100100011110001011000110000101100111110101001110110110111101011111111111000001101010100111010011001111010100101000111100100001101111111101110111101001110111101000111110111001101011110101011011110111101000010111101110010100001111101011100110100110110110010110101101011000101111011111000010011101
1500 0.870201850551 001001111010011100010001101111101000100000010011010101110000111011010111101101011011001010100010010110001011000110010101111010000111110110110111101100011110111111000001101010000111001010111101010000101000111000100001111111011101110111111111111100100001011100110001101111111010001011100011100101111010111110001100111101101010100011101100110110110100101001101100101111111110010010010100
1600 0.869247871652 000111111010001100011001101111101001100000110111010101111001111011010101111001011101001010100010010110001111000111010001100110000101010110110111101100011110111111000001101000000101001000111111010000101010111110110001111111111111110011111011010100001001011100100001101110111011001011100011100100001010111110001100011111101011100011101000110110110100101111111100101111111111010110011100
1700 0.86837280421 001101111010001001100011001111101001100000111101000101101001111011010100101010010101001010100010010110001011000111010010110110110011100110110100101100011110111111000001101010100111101010111111010010101010111110100001111111011101100011110111011101100001111110100001101111111001010011100110111100001010110111001100011111111010100110101011110110010010101111111000101111011111000010011101
1800 0.865368044433 000101011010001001000001101111111000100000111001010101100001111011000100111010011000001011111100010110011011100110110011100110110001110110110111101100011110010111000001101010100111001011101111010000001000111010110001111111011110110010111001110111100000111110101001101010111111010011100001001000011010100110111100011001101010100110111011010110010110101101111100101111011111010000011101
1900 0.862084597009 001101011010001101000001101111111000100000110101010101100001110011000100111001011100001010100110010110001011000110110011100110000101010110110111101100111110011111000001101010100111001001101111010000001000111110110001111111111111100011111011110110001000111100100001101011111111001011100001001100011010100110101100011011101011100010101010010110110100001101111101101111011111010010111101
2000 0.862667542544 000011100010001101001001100111101001100000111101010101101011111011000100111010011001001010110010010110001011001110010001101110110101110110110101001100011110111111000001101010100101000010111101010000101010111110110001111111011111100010111001011100000001011100100011001111111011001011100111101100000011100110000100111111100011100111101010110110110000101101101100101111111011010110011101
2100 0.861933707876 000001101010010101001001101111111001100001111101000101100001111011110100111010111001101011110110010110001011000111110001101110110101110110110101101100011110011111000001101010100101000010100111010000101010111110110001111110011110100010111001010100000000111100100011001011111011010010100111101100000010101110101100111101100011100110101010110110110011101101111000101111011011010010011101
2200 0.859772129476 000011100010001101011001100111101000100000110001010101101001111011010100101010011101000010110100000110001011000110010001100110110101100110110111011100011010111111000001101110100101001011101101010000101010111110110001111111011111100010111001011100100011011100110001101111111111001010100111101000010011100110000100111111101101100111101010110110110000101101101000101110011011010110011101
2300 0.857127388066 000001101010001000001001100111111000100010110101010100101011111011000100101010011101101010110100010110001011000111110001101011110101110110110111001110011110011111000001101010100111000011001101010000101010111110110001111111011111100010111001111100000000111100100011101111111111000010100111100000000010101110001100011101101011100110101000110110110001101101101000101111011111000010011101
2400 0.857940484686 001011111010001101000001101111101001100000110001010101101011111011001100101000111101001010100110010110001010000111110001101011110100100110110111101110011110111111000001101000100111001010111111010000101010111110110000111111011111100010110011011100000001111000100001111011111111000001100111101000000010101110000100011111100001100111101010110110010000001101111100101111011111000010011101
2500 0.857438216214 000001101010001001010011100111101000101000110101010101100011111011010100101010111001001010101110000110001011010110110001100111110100010110110011001100011010001111010001101010100101001000111101010000101010111110110001111110011110100110110011111100001000111100100001011011111111010011000111101000001010101110001100011111101011100111101010010110010000001101111100101111011011010010011101
2600 0.856143262584 101011011010001101101001101111101000100000110001010100101011111011110100001010111001001010100100010110001011001111010001100111110101010110110101101110111010011111001001101010100111000011101111010000101010111110110001110110011111100010111001111100000000111100100000101011111111001011100111101000000010101110001100001101111011100110111000110110010000101101101000101101011011000010111101
2700 0.853894335306 101111011010001101101001101111101001100000010001010100101011111010010100100000110001001010100100010110001011100110010001100111110101010110100101101110011110011111000001101010100111000011101101000000101110111110110001111110011111100110111001111100000000111100100000101011111111001011100111101000000011101110000100011101111011100110111000010110010000101101101100101101011011000010111101
2800 0.853668100061 001101111010001101000001101111101000100100110001010101101011111011010100101010111001001010100101000110001001000111110001101111110101110110110011001101011010011111010001101010100111100010111101010000101010111110110001110110011110000010110001011100000001001100100001101011111111000011000111100000010110101110000100011101101001100111111010110110010000101101101100101111011011000010011101
2900 0.854198895222 001101111010001101000011101111101010100000110001010101101011111001010000101010111001101010100100000110101011000111010001101111110101010110110011011100001010001111000001101110100101000010101101010000101010111110110001111110011110100010110011111100100000001100110001101011111111001011100111100000001010101110001101011101111001100110101010110110010001101101101100101111011111000010011100
3000 0.849465310728 001100111010001101000001101111101000100000110101010101101011111001000100101010111101001010100100000110001011100111010001100011110101010110110011001110000010001111000001101010100111000010101101010000101010111110110001101110011111100010111011111100000000101100100001101111111111010010100111100000001010101110001100111001111011100110101010010110010001101101101100101111011111000010111100
3100 0.850603824816 001101111010001101000001101111101000100001110001010101101011111010000100101000110101000010100100010110001011100111010001101011110101000110110011001110001110001111010000101010100111000010101101010000101010111110110001101110011111100010111011111101000000101100100001101111111111010010100111100000000010101110001100111001111011100110111011010110010001101101101100101111011111000010111100
3200 0.849905768329 001101111010000101000001101111111000100001110001010101101011111000000100101010011101000000100100000110001011100111010001101011110101010110110011001110011110001111010000101010100111000010101101010000101010111110110001100110011111100010111011111100000000111100100001101011111111010010100111100000001010101110001100111001101011100111111011010110010001101101101100101111011011000010111100
3300 0.849905768329 001101111010000101000001101111111000100001110001010101101011111000000100101010011101000000100100000110001011100111010001101011110101010110110011001110011110001111010000101010100111000010101101010000101010111110110001100110011111100010111011111100000000111100100001101011111111010010100111100000001010101110001100111001101011100111111011010110010001101101101100101111011011000010111100
3400 0.849816965538 001100111010001101000001101111101000000010110001010101101011111001010100101010111101001000100100000110001011100111110101100011110101010110010011001110010110001111000000101010100111000010101101010000101010111110110001101110011111100010111001111100000000110100100001101111111111000010100111101000001010101110001100111001101011100111111011010110010001101101101100101111011011000010111100
3500 0.848748834638 001101111010001101100001101111101000100000110001010101101011111000010100101000011101001000100110000110011011100111110001100011110101000110110011001110000110001111110001101000100111000010101101010000101010101110110001101110011111100110101001111100000000111100100000101010111111010010100011110000000010101110011100011101100011100110111010010110011000101101101100101111011011000010111110
3600 0.848621865165 001101111010000101000001101111101001100100110001010101101011111000010100101010011101001010100110000110011010100111110001101011110101010110110011001110000110001111010001101000100111000010101101010000101010111110110001100110011111100110111011111100000000111100100000101010111111010010100111100000001010101110001100011001101011100110111010010110011000101101101100101111011011000010111110
3700 0.848849515596 001110111010001011000001101111111000100100110101010101101011101000000000111010111101000010100110000110001011100111010001101011110101000110010011001110010110011111010000101010100111100010101101010000101010111000110000100110011111100110111001111100000000111100100001101011110111010010101111100000000011101110001100111011101011100110111011010110010001001101101100101101010011000010111100
3800 0.848839736007 001101111010000101000101101111111011100010110011010101101011101000000100101010011101001010100110000100001010100110110001101011110101010110010111001010000110001111010000101010100111000010101101010000001010111010110000100110011011100110111011111100010000101100100001101011111111010010101111000000001010101110001100111011101011100110111011010110010001101101101100101111011011000010111100
3900 0.848981108578 101101111010001101000001101111101001100000110001010100101011111000000000101010011101000010100110000110001110100111110001101111010101110110010111001010010110011101110001101010100111000010101101010000101010111110110000100110011111100110110001111000000010111100100000101000111011010010100111100000000010101110001100111111101011100110111011010110011001101101101100101111011011000010101100
4000 0.846915697166 001101111010001100000001101111111010100110110001010100101011111100010100101010011111001010100111000110011011000111110001101111110101010110110011001110001010001111000001101010100111000010101101010000101010101110110000100110011111100110010011111100000000111100100001101010111111000010100111100000000010101110001100111011100011100110111011010110011000101101101100101111011011100010101100
4100 0.848542670819 101101111010001101000001101111111001100000110001010100101001111000000100101010111101000010100110000110001110100111110001101010010101110110110111001010010110001111110001101010100111000010101110010000101010111110110000100110011111100110110001011100000000111100100000101001111011010010100111101000001011101110011100111011101011100010111011010110010001101101101100101111011011000010101100
4200 0.848274216572 001101111010001101000001101111111011100110100001010100101001111000010100101010111101001010100110000110001010100101010001101010010101110110110111001110011010001111100001101010100111000010101100010000101010111110110000100110011111100110110001111100000000111100100001101011101011000011100111101000011011101110011100111011101011100100111011010110010001101101101100101111011011000010101100
4300 0.847794916738 101101111010001101010001100111101010100000110001010100101001111001000100101010111101000010100110000110001011100110110001101010010101110110110011001010001110011111100001101010100111000010101101010000101010101110110000100110011111100110110001111100000000111100100000101011111111000010100111100000001011101110001100111011101011100010111011010110010001101101101100101111011011000110111100
4400 0.846071835672 001101111010001101010001101111101010100000110001000100101001101000000100101000111101001010100110000110001010100110110001101011010101110110010011001010001110011111100001101010100111000010101101010000101010101010110000100110011101100110110001111100000000111100100000101011111111010010100111100000010011101110001100111011101011100110111011010110010001100101101101101111011011000010111100
4500 0.84745246651 001101111010001101000001101111111000100100100001010101101011111001000000101010111101001010000110000110011010000110110001101011010101010110010110001010001110001111100001101010010111000010101101010000101010111110110000100110011111000110111011111100010100011101100000101011111111000011001111100000000011101110001100111011100011100100111011010110010001101101101100101101011011000010111100
4600 0.846746777118 001100111010001101100001101111101010100010100001010100101001011000000100101011111101001010100110000110001010000111110001101011110101010110110011001010011110011111000000101010100111000010101101010000101010101010110000100010011111100110110001111100010000111100100000101011111111010010100101100000010011101110001100011011001011100110111011010110010001101101101100101111011011000010111100
4700 0.846779119292 001100100010001101000001101111110010100000100001010101101011011000011100101011111101001110100110001110001010000111110001101001010101010110110011001010001110011111100000101010100111000010101101010100101010101110110000100010011111100110010001111100000000111100100001101011111111000011000101100000010011101110001100011011101011100110111011010110010001101101101100101111011011000110111100
4800 0.84673891072 001101110010001011100001101111001010100100110001000101101011111000010000101010111100001010101110001110011011100111110001101111010001010110110011001010001110011111100001101010000111000010101101010000101010101110110000100010011111000110110001111100000001111100110000101011111110000010000111101000001011101110001100111011100011100010111010010110010001101101101001101111011011000010111100
4900 0.845882179587 001101100010001111000001101111110010100000100001011101100011111000010100101010111101011010100110000100000010100110110001101111010101010110010001001010001110011111100000101010100111000010101101010100101010111111110000100010011111100110011001111100000000111100100000101011111111000011000101100000011011101110001100011001100011100100111011010110010001101101101000101111011011000010111100
5000 0.846513149273 001101110010001001000001101111001010100000100001010101101011111000010000101010111101001010100110000110001010001110110101101011010101010110110111001010001110011111100000101010100111000010101101010000101010101010110000100010011111100110010001111100000000111101100000101011111111010010101111100000001011100110001100111011101011100110110010010110010001101101100100101111011011100010111100
5100 0.846686924436 000101111010011001000001101111101010100000110001010101101011111000010100111010111100001010110111000110011010100101110001101011000101010010010011001010001010001111100001101010100111000010100101010000001010101110010000100110011111100110110011111100000000111100100000101011111111010011000111100000000011101111011100111011101011100110111010010110011001101001101000101111011011000010111100
5200 0.845346495606 001101111010101001000001101101001010100000100001010101101001111000010000101010111101001010100110000110001010000110110001101011100101010110110111001110001010111111110000101010100111001010101101010000101010111010110000100110011111100110010001111100000000111101100000101011111111010010100111100000000011101110011100111011101011100110111011010110010001101101100000101111011011000010111000
5300 0.844854942856 001101111010101011010001101111001010100000110001010101101001111000010000101010111100011010100110000110001010000111110001101011100101010110110011001010001010011111000000101010100111000010101101010000101010101110010001100110011111100110010001111100000001111101100000101011111111000011100111100000000011101110011100111011101011100110111011010100010001101101100000101111011011000010111000
5400 0.844590861932 001101111010111011000001101111101010100000110001010101101001111000000000101010111100011010100110000110001010000110110001100001100101010110110011001010001010011111100000101010100111000010101101010000101010101110110000100110011111100110010011111100000001111100100000101011111111000010100111100000000011101110001100111011101011100110111011010100010001101101100100101111011011000010111100
5500 0.845220156735 001101111010101001000001101111101010100000100001010101101001111000010000101010111100011010100110000110001010000111110001101011110101010110110111001010001010011111100000101010110111000010101101010000101010101110010001100010011111100110110001111100000001111100100000101011111111000010100111100000001011101110011100111011101011100010111010010100010001101101111101101111011010000010111000
5600 0.845123368879 000101111010101001000001101111111010100000100001010101101011111000010001101010111100010010100111000110001010000111110101100011100101010110110111001010001010011111000000101010100111000010101101010000101010101010010000100010011111100110011011111100000000111100100000101011111111010011100111101000010011101110011100111011101011100100111110010100011001101101100000101111011011000010111000
5700 0.846244464738 001101111010101001010001101111101010100000110000011101101001111000010000101010101100001010100110000110011010000111110101001011000101010110110111001010001000011111100000101010100111000010101101010000101010101010010001100110011111100110010011111100000000111100100000101011111111010010010111100000011011101110011100111011100011100010111011010100110001101101101000101111011011000010111000
5800 0.845651027392 001101111110001101000001101111111010100000100001010101101011111000010001101010111100001010100110000110001010000111110001100011100101010110100111001010001010111111000000101010100111000010101101010001101010100010010000100010011111000110010011111100000000111100100000101011111111010010100111101000011011101111011100111111101011100010111010010100011001101111100000101111011011000010111100
5900 0.844773294382 001101111010100101000001101111101010100000110001010111101011111000010001101010111100001010100110000110001010000110110011100011100101010110100011001010001010011111100001101010100011001010101101010000000010101110110001100010011111100110110011111100000000111100101000101111110111010010000111100000011010101110011100111110100011100100110010010101010001101101100000101111111011000010111100
6000 0.844832555752 001101111010101011000001101111101010100000110001000101101001111000010000101010111100001010100110000110011010000110110001101011100101010110110110001010000000111011000000101010100111000010101101010000101010101110110001100110011111100110010011111100000000111100100000101001111111010011000111100000011011101110011100111011110011100110110011010100110001101101101000101111011011000010111000
6100 0.844520908468 001101111010101111000001101111101010100000100000010101101011111000010000101010111101011010110110000110001010000111110011100011100101010010100111001010011010011111000001101010101110000010101101010000100010101110110000100010011111100110000011111100000000111100100000101011111111000010000111101000011011101111011100111111001011000110111010010100010001101101100000101111011011000010111100
6200 0.844048425582 001101111010101111000001101111101010100000110001010101101001101000010000101010111100001010010110000110001010000111110011101011100101010110100110001010010000011111100001101010101110000010101101010100100010101110010000100010011111100110010011111100000000111100100000101011111111100010000111101000011011101111011100111111001011000110111011010100010001101101100000101011001011000010111100
6300 0.844604432818 001101111010101111000101101111111010100000100001010101101001111000010010101010111100001010101110010110011010000110100001100011100101010110110011001010001010001110100000101010100111100010101101010000100010100010010000100010011111000110010011111000000001111100100010101011111111010010100111100000000011101110011101111011101011100110110010010100011001101101101000101111011011000010111000
6400 0.84413737146 001101111010101111000001101111111110100000100001010101101011101000010010100010111110011010100110000110011010000111110011101011100101000110100110001010010010011111100001101010100111000010101101010100101010101110110010100010011111000110010011111000000001111100100000101011110011000010000111100000011011101111011100111111000011000110110011010100010001101101100000101111001011000010111100
6500 0.844064738737 001101110010101011000001101111111110100000100001010101101001111000010000101010111110011010101110000110011010000111110001101011100101000110100110001010000010011111100001101010100111000010101101010100101010111110110000100010011111100110010000111000000101111100100000101011111011010010000111100000001011101111011100111111000011000110110011010100010001101101100000101111001011000010111100
6600 0.844102953339 001101111010101011010001101111111010100000100001010101101001111001010100100010101111001010100110000110011010000111110001101011100101011110110011001110001000011111000000101011100111000010101101010100100010101010010000100010011111000110110101111000000001111100100000101011111111010010000111100000000011001110011001101111100011100010110011010100010001101101001000101111001011000010111000
6700 0.84399535893 001101110010101111000001101111111010100000100001010101011001111000010110100010101111001010100110000110011010000110110001101011100101010110100111011010000000011111000000101010100111000010101101010100100010101110110000100010011111100110110011111000000000111100100000101011111111010010000111100000010011001110111101111011101011100110110011000100010001101101001000101111011011000010111100
6800 0.843984763978 001101111010101111000001101111101010100000100001010101101011111000010001101010111100001010101110000110011010100110110011101011100101010110110010001010000000001111000000101010100111000010101101010100101010101110110001100010111111100110100011111000100001111100100000101011110011010010100111101000000011101110011100111001100011100100110011010100010011111101001000101111000011000010111110
6900 0.841485202183 001101110010101011000001101111001010100000110001010101111001111000010100101010111111001010111110000110011010000110110001101011100101010110100011001010000000011111110001101010100111000010101101010000100010101110110000100010111111000110010011111000000000111100100000101011111111010010000111100000000011001110011100111011011011000010110011010100010001101101000000101111011011000000111100
7000 0.842854237548 001101110010101011000001101111101010100000100001010111111001101000010010101010111111001010111110000110011010000110110001101111100001010110100011001010001010011101100001101010100111000010101101010000100010101110110000100010011111000110010011111000000000111100100000101011111111010010000111100000000011101110011100111011111011000010110011010100010001101101101000101111011011000010111100
7100 0.842287518528 001101110010101011000001101101101010100000100001010101101001111000010111101010011101001010111110000110011010000110110001101011100101010110110011001010001000011101100001101010100111000010101001010000100010101110110000100010011111000110011011111000000000111100100000101011111111010010000111100000000011101110011100111011111011000010110011010100010001101101101000101111011011000010111100
7200 0.841841783597 001101110010101111000001101111111010100000110001010101101001101000010000101010010110001010101110000110011010000110110001101111100101010110100111001010001010011101100001101010100111000000101101010100100010101110110000100011011111000110110011111000000000111100100000111011111011010010000111100000000011101110011100111011111011000010110010010100010001100101101000101111111011000010111100
7300 0.84160258263 001100110010101011000001101111101010100000100001010101111001101000010110101110111101001010101110000110011010000110110001100011100101010110100111001010001000010101100001101010100111000010101101010100100010101110110000100010011111000110111011111000000001101100100000101011111011010011000101101000000010101110010100111011111011100010110001010100010011101101101000101111011011000010111100
7400 0.8416649622 001101110010100111010001101111101010100000110001010100101001101000010000101011111110001010101110000110011010010110110001101011100101100110100011001010001010011111100001101010100111000010101001110000100010101010110000100010011011000110010011111000000000101100100000101011111111010011000111110000010011101110011100111011111011100110110011010100010001101101001000101011001011000010111100
7500 0.841596443181 001101110010101011100001101011111010100000100101010101101011111000010001101010101110001010100110000100011010110110110001101111000101000110000011001010001010011111100001101110100111000010101101010100100010101010010000100010011111000110110011111000000001101100100000101011111111010010000111101000010011101110011100101011111011000110110010010100010001111101101000101111001011000010111100
7600 0.842052434247 001101110010101011000001101011101010100000110001010100101001011000010000101010101111001010101110000110011010000110110001101111100111000110110011001010000000011111100001101010100111000010101101010000100010101010110000100010011111000110010011111000000000101100100000101011111111010011000111100000000011101110011100111011111011100111111011010100010011101101101000101011011011000010111110
7700 0.842777808297 101101110010101110100001101111101010100000100001010101101001101000010110101010111001001010101110000110011010100110110001101111100101000110010011001010001000011101100001101010100111000010101101010100000000101010110000000010011111100110011011111000000000111100100000101011111010010010000111100000000011101110111100111011111011100010110011010100010001111101101000101111001011000010111100
7800 0.842081745378 101100110010101011000001101011101010100000100001010101101001111000010101101010111001100010101111000110011010100110110001101111100101000100010011001010001000011111100001101010100111000010101101010100101000101010110000100010011111000110011011111000000000111100100000101011111011010010100111101000000011101110011100111011111011100010110011010100010001111101101000101111001011000010101100
7900 0.842319978122 001100110010101011000001101011101010100000100001010101111011111000010101101110111110001010100110000110011010100110110001101111100001100110010011001010001000011101100001101010100111000010101101010100100000101010110000000010011111100110010011111000000001101100100000101011111011010010000111100000000011101100011100111011111111100011110011010100010001101101001000101111011011000010111100
8000 0.842359880834 001101110010101111000001101111101010100000100001011101111001111000010000101110101111001010100110000110010010000110110001101101110101100110010001001010001000001101100001101010100111000010101101010100100010101011110000000010011111000110010011111000000000101100100000101011111011010010000111100000000011101110011100111011111111100010110011010100010011001101101000101111011011000010111100
8100 0.842348751602 001101110010101001000001101111101010100000100001010101111001111000010001101010111011001010101110000110010010100110110001101111100101010110110011011010011000011111100001101010100111000010101101010100000010101110110000100011011111000110111011111000000000011100100000101011111010010010000111110000000011101110011100101011111011100110110010010100010011001101101000101111001011000010111100
8200 0.841668261749 001101110010101111000001101011101010100000100001010101101001111000010100101010111111001010101110000110011010000110110001101011100001000110110011001010010000011111100001101010110111000010101101010100000000101010110001001010011111100110110011111000000000111100100000101011111110010010000111100000000011001110011100101011111011100010110011110101010001101101101000101111001011000010111100
8300 0.842056378966 001101110010101011100001101111101010100000100001010101111001111000010000101110111001001010101110000110000011100110110001101011100101010110110011001010001000011111100000101010100111000010101111010000000010101110010000000010011111100110111011111000000001011100100000101011111010010010000111100000000011101110011100111011111011100110010011010100010001001101101000101111011011000010111100
8400 0.842532453451 001101110010101010000001101111101010100000100001010101111001111000010100101010111111001010101110000110011010000110110001101101100001010110010011001010001110011101100001101010100111000010101101010100000010101010110000100010011111000110011011111000010000111100100000101011111111010011000111100000000011101100011000111011111111100010110011000100010011101101101001001111001011000010111100
8500 0.842756138083 001101110000111010000001101011101010100100100001010101101011101000010000101010101110001010101110000110011010100110110001101111110101000110110011001000001000011111110001101010100111000110101101010100000010101011110000000010011111100110110011111000000000101100100000101011111010010011000111100000000011001110011100011111111011100010111011110100010101101101101000101111001011000010111100
8600 0.842631293289 001101110010101110000001101111011010100100000001010101111011111000010000101110111100001010100110010110011011100110110001101011100101100110010011001010111000011111100001101010000111000010101001010100000000101010010000100010011111100110011011111000000001011100100000101011111111010010000111100000001011101110011000111011111111100110100011000100010001101101101000101111101011000010111100
8700 0.842547587784 001101111010101011000001101111101010100100100001010101111001111001010000101010111111001010110110000110011010100110110001101111100001000110110011001010001000011111110001101010100111000010101101010000000000101110110000000010011111100110111011111000000000101100100000101011111011010010000111100000000011001110011100111010111011100110100011010100010101101101101000101111011011000010111100
8800 0.842673197894 001101011010101011000001101111101010100100100001010101111001101000010000101010111111001010100010000110011011100110110001101111100001000110010011001010001100011111110001101010101111000010101101010100000010101110111000000010011111000110011011111000000001101100100000101011111011010010000111100000000011001110011100111110111011100110100011010100010101101101101000101111001011000010111100
8900 0.842387752474 001101110010101110000001101111101010100000101001010101111011101000010000101010011111001010101110100110011011100110010001101011100101010110010011001010001010011111110001101011100111000010101101010100000000100110110000100010011111000110011011111000010001001100100000101011111011010010000111100000000011101110011100111011111011100110100011010100010001101101101000101111001011000010111100
9000 0.841628589461 001101110010101111000001101011101010100110100001010101111001101000010001101010111111001010111110000110011010000110110001100111100101000110110011001010001000011111100001101010100111000010101101010100000010101111110000100010011111000110110011111000000000001100100000101011111011010010000101100000000011101110011000111011111111100011101011110100010001101101101000101011011111000010111100
9100 0.84123710863 001101110010101111000001101111101010101100100001110101110001111000010000101010111111001010101110000110001010110110110001101011100001010110010011001010001000011111110001101010100111000010101101010100000010101110110000100010011111000110010011111000000000011100100000101011111011010010000111100000000011001110011100111110011010100110100011010100010001101101101000101111001011000010111100
9200 0.840998260784 001111110010101111000001101111101010100100100001010100111001101000010000101010111101001010101110000110011010100110010001100011100101010110110011001010001000011111110001101011000111000010101101010100000010101110110000110010011111000110110011111000000001011100100000101011111011010010000111100000000011001110011100110011110011100110101011010100011001101101101000101111001011000010111100
9300 0.841011015554 001101110010101111000001101111101010100100100001010100111001101000010001101010111111001010101110000110011010110110010101101011100101010110010011001010001000011111110001101011000111000010101101010100000010101110110000010010011111000110110011111000000001011100100000101011111011010010010111100000000011001110011000110001110011000110101011010100011001101101101000101111001011000010101100
9400 0.84179244638 001111010010101111000001101011101010100100101001010101110001101000010001101010111101001010101111000110011010100110110001100011100101010110110111001010001000011111110001101010000111000010101101000100000010101011110000010010011111000110110011111000000000101100100000101011111011010011000111100000000111001110011100111011010011100111100010010100011001101101101000101111000011000010111100
9500 0.842365927213 001111110010101110000001101111111010100000100001010101111011101000010000100010111111001010101110000110011010100111110001101011000101010110110010001010001000011111110001101010000111000010101101010100000010101010110001000010011111000110010011111000000001101100100000101011111011010011001111100000000011001110011100111001110111100111100011010100010001101101101000101111011011000010111000
9600 0.84243963374 011111110010100111000001101111101010100000100001010101111001101000010001100010111111001010101110000110011010100110110001101011000100010110110110001010001100011111100001101010000111000010101101010100000010101010110000100010011111000110010011111000010001101100100000101011111010010011000111100000000011000110001100111011110111100110101011010100010001101101101000101111011011000010111100
9700 0.842177438479 001101110010101110000001101111111010100000100001010100101001101000110000101010111111000010101111000110010010110110110001101110100101010110110110101010001000001111110001101010100111000010101101010100000010100010110001000010011111000110010011111000010001101100100000101011111011010010000111101000100011001110011100111011110111100110100011010100010001101101101000101111001011000010111100
9800 0.841100520255 001101110010101110000001101111111010100100100001010100101001101000110001101010111111000010101111000110011010110110110001101111100101010110110010001010001000001111110001101010100111000010101101010100000010101010110001000010011111000110010011111000000000001100100000101011111011010010100111100000100011001110011100111011111111100110100011010100010001101101101100101111000011000010111100
9900 0.841916141233 001101010010100101000001101111111010100100100001010101011001111000010001101010111110001010101110000110011010100110110101100111000101010110110010001000001000011111110001001010000111000010101101010100000010101010110001100010011101100110010111111000000001101100100000101011111011010010001111100000000111001110011100111011011011100110101011000100011001111101101000101111001111000010111100
10000 0.842361162045 001101110010101111000001101111101010100100100000010101011001111000110001101010111010000010000111000110011010000110110101100011110101010110110011001110101000011111100001101000000111000010101111000110000010101011110001000010011111000110110011111000010001011100100000101011111011010010000111100000000011001110011101111111110111100110101011010100010001101101101000101110000011000010111100
10100 0.842059954812 001101010010101111000001101111101010100100100001010101111001111000110000101010111111000010100111000110011010110110010001101111110101010110110010001010001000001111100001101010100111000110101101010100000010101010110001100110011111000110110011111000010000101100100000101011111011010010000111101000000011001111011100101111110011100110100011010100011001101101101000101111110011000010111100
Mejor resultado: 0.840998260784 001111110010101111000001101111101010100100100001010100111001101000010000101010111101001010101110000110011010100110010001100011100101010110110011001010001000011111110001101011000111000010101101010100000010101110110000110010011111000110110011111000000001011100100000101011111011010010000111100000000011001110011100110011110011100110101011010100011001101101101000101111001011000010111100
