200 0.928146126204 101001011010101110000001111110101110011011011011111101100010010101110000111010110100010110000111100110111110111110001100100111111111101110000010001110001011100101100100011111000110111011111011010110110101000101011001101111011110100100000110110010010111000010011111101101101010110111101111010001011011101111111110111000100111000111011010011101111010101011110101001011111100000000101010
300 0.912294454708 111001011110101010100001111010101110010101111111111101100110010110100000110110100101101111001111100110111110111110011111101111101011000110011010011110001011111111110100110111000110111000110011010010110101000111011100101111111100100100100111111000010111001110110010101101101011110101111111000001010101101111010110100001111100000110111111011001011010100011100110101110011100010000001010
400 0.906890014665 101001111110101110110001110110101110110001111111110101100100110101110000111010001001110110001111101110111111111110010011100111001011110110011010111100001111001111100000111111000111111000110000010011111101001111011100111111011110100101100101101000010111001110110011001101111011100101111101010001010101111111111110100001111110000011010111001000011000100011100110101111111101010000001101
500 0.890377694308 100001011010001111110001010010101110110001111101110101100010010101110100101010101111110010101111101110111111111110110111100111101011110010011100111000111010110110100110111111110111111100110001011101111100001111011100111110010010100001100111110001110111001110101011001011111011001101111101110101000101101110111100100011100111101011110111000100011001100111101100101110110011010001001100
600 0.891124962026 110001011000001011110001100010111110110101111101110101100010101000101100101010101011111010101111100010111101111000110111111111100111111010100100101010101010100110100010101111110111111101110101011101111100001111011000111110010111100101100111111001111111001110101011001010111010111101111101110111001101001110011100100011101111110010100111010100011001101111101000001110111011110010011100
700 0.887145763256 100101011010001001010101101010101110110001111101110101100010000001101100001010100111111010111110100010011010110110010111110111101101110010100100111010111110001010100111001111110111110101110101011001101100001111111000111011010110100101100111111001011011001110101010001011111010001111111110110110001101001110011100101011101111110010110111010100001001101111101110011100101011011000011110
800 0.885878418246 111001011010001011110001110010011010110001110101111111101010101000101101101010111111110010101111000010110101110000100011111101100111110010100100101110101110100110100011101111110111011101110101010100111100001011011000111110110111100111100111110001110101011110101011001001011010110101111101110111000101011111011100100011011111010010110111010100011001100001101000001011111011110010110100
900 0.882132291858 110100011010001000110001111101101010100000011101110111101011001101110110100110101111111010001111100110010111111000010111111111101011110010101100001111111110110100100010111011110111110110110101011101110100010111111000111111110110100101100111111001011101001110101010001000111010000111101111111100000001001110111100100011100111110010111011010100001001101111101000101110111011010010011100
1000 0.878987852858 110100010010101011110001111001100111110110011101010101101011001110110110101110101111111010001111100110110111111000010111101111101111110010100100001110110010110100100011111011110111110110110111011111100110010111111101111110010101000101100111111001001111001110100010001010111000000111101101100100001001001110111100110011101111100011010011010100001001101011101000101110111011000000011100
1100 0.875582121148 110100010011101111110001110011111111110110010101000101101011001110110110101110101111111010000101000100110111111000010111101111101101110011000100001110110010100111100001101111111111010010010111011110100110001111111101111010011111000101100111111000001111011111100001001010111000000100101101100000001101001111111100110011111100100011110011010110101001101011101000001110111111000000001100
1200 0.877213032299 110100010011101111110001110011111110110110010101010101101011001111110110101110101111111000000101000100110111111000010111001111101101110011000100001110110011100111100001101111111111010010010101011110100110101111111001111010011111000101100111111000001111011111100001001010111000000110101101100000001101011111111100110011111100101011100011010110101011101011101000001110111111000000001100
1300 0.877455077928 101100110011101111110001111110111110110011110101010101111010101111110100101110110111111000000110000110011111011010010111101101100100100011100100011110110000110100101001001111101111011010111101010110000010100111111000011110011111100100100111101111000111011110110110101100110010000110011101100110001001101111011100110001110111000011111011010100111111001011100010101111110011000010001100
1400 0.874669221805 110010010011101111110000110110111110100011011101010101111011101111111101101111110101111010000100000010111011110000010101101111100100110011100110000110110110000111100001101111101111011010111101011110100010100111111101011110011111000100100011111110000111011101100000001100111010000110101111101000001001010100011100100000111101100011111011010100101011001011100000001111111011000010011100
1500 0.87296599102 110110011011101011110001110011111110100111011001011101111011101011111101101110110101010000001100000110011111110000010101101101100101110010100110001110110000110111100000111001101111011010111101011110100110100111011001010110011111000101101011110100000110010101110100001011110011000110111111100000001001011110111100010110011101100011110011010110111011111010101000001110111011000010011100
1600 0.870451936581 011000010010101111110000011111111110100101011101010101111011001101010001101010011101111000100000000110011010011010010101100111101101110010101110100110110100010111100011101101100111000110111111011110100010010101111000111010011111000111100111111100000110011101100011001010111011000110101111101000001101000110011100100011111101100011111011010110101011111011101100101111011011010010111101
1700 0.869011823835 010000010010101111110000011111111110100111011101110101111011001101010001101110011101111000100001001110011010011010010101100111101101111010100110100110110100010111100001101101100111000110111111011110100010010101111000111010011111000111100111111100000110011101000011001010111011000110101111101000001101000110001100100011110101100011111011010110111011111011101000101111011011010010111001
1800 0.866590531348 110100110011101111110001000110110110000011011101010111111011101101110001101111110111111000101101011110011010011010010101101101100101100010100110001110110000010111100001101101100111001110011100011100100010111101111000010010011111000111100111110000100110111101110001001011111011000110101111100000000111001111011100011011111101100010111010000110011011111011101000001111011011000010111000
1900 0.866251952805 110100100011101111110001000110110110000011011101110111111011001101110001101111110111111000101101011100011010011010010001101101100101010010100110001111110100010111100001101001100111001110011100011100101010111101111000010110011111000101100111110000100110111111110001001011111010000110101111100000000111001111011100011011111101100010101010000110011001111111101000001111011011000010111000
2000 0.86595876318 010001010010100111110000001011100110100101111101010101101111111111110001101111011101111000100000001111011010001001110001101111101101100010010111101000110010010111100000100111101111000110111111011010000011111101111000110010011111000111110011111010000111001101100010001011111001000111001101100000000101001111001100101111111101100010111011010110111011001100110000101111011011010010011000
2100 0.864216127737 010101010010101111110001101011100110100001101101010110111111001101110001101111011101011000101100011110010011011001110111111011001001110010100111001110110110010111100001100111010111000110111101011010000010111101111100110000011101000111110111111010000110001101110000001111111011000111001101000100000011001101001100101011111101100010100010010110011011001101100000001111011111010010011100
2200 0.868494313298 010101110010100111110000001010000110100001011101110101111011111100110101101110011111011000101101001111011011011010111101101011100101100010110011000110110011010111101000101001001111000110111111001110100010111111111000110000111101000110100011110010001011110101100100101011001011010111001111100000000100001111001100001101111101100010110010000110011001101101100000101111011111010010011000
2300 0.867270989558 010101110010101110110001001010110110100000101101010101111011111100110101101110011111011000101101001110010011111110010101011011100101100010110010100110110011010101100001101001001111010111101111001010100010111111111000010100111101000110110011110000000111011101100001101011111011000111001111100000000101000011000111001101011101100010110010000110011011001100100000101011011110010010011010
2400 0.866973581309 010101110010101110010001001111100110100000111101010111111111111101110101101110011101011000101001001100000011011100110101011011110101000110110010000110111010010101100001101001011111010111111101001110100010101011111100010110011111000110110011111000000100011101100000001011111011010110001110110000000011000011101110001101111011100000110010000110011001011001000100001011010111010010011000
2500 0.866473795727 010101110010100111010000101111100110100010111101010111111111111100010101111110011101111000101101001100110011011110111101001011100101100010110010000110111010010110011000101100011111000011111101001110100010101101111100111010111111000010110111111000001110110101100000001011111011010110001100100100000101001011101100001111111011000011100010001100010001011001110000101011011111010010011100
2600 0.86712810739 010111110011100111010000101110100110100010110001110111111111111001110101101110011011011000101101011110111011011010110101000011100101110110110011110110111011010111000001111100011111010010101101001110100110111101111100011010111111000010110011111100001101111101100000001011101001010110011001100100000001001011001100001110111001000000000011000101010011001101110000101011011111010010011000
2700 0.867663150809 010101110011101010010000101110101110100011101011110101111111111001110101110110111011111000101100011100001011011010110101001011100101010110110110011110010011010111001000111100000111000001101101011110101010111111111100011110111111000111110011111100001101011101110000001001101001010110011011100000000001001111001100001110101001000010000011000110011011001101101000111011011111010010011001
2800 0.869968344157 010101110010100111010001101111110110100011110111010110111111011101000101110010011111111000111111000100011111110010111101111011100101011010010110100110111010010111110000101101010111001110111101010100100010101100110000110010011101000110100111101000101100111111100000001101111011010110101111100010001001001011111100001111111110000000110010000110111001001110010000101111010111110010010110
2900 0.869063806181 011111110010100111010001001111100010100010110111010110101110010101010101111110011111101000111111001100111011111010110111111011100101010011010110101110011011010111111000101000011111001011111101001110100010101110110000110010011111000110100011111000101100111101100000001011011111010110001111100000001001101111101001001111100011000010010010000110101001000111011000101111010111100011011100
3000 0.866436212081 001001110010100111010001101111100110101010111011010110100110101110010101111110111111111010101110001100111000111100110111111011000101010010110110100110011001000111100000101000011111011110101101011110100110101000111000010010111101000110100011111000101100111100110000001011001111010110101111101000001001001111010100001100101110000001010010000110101001011111101000101111010111010011011100
3100 0.865933264933 011101110010000101010000101111110110101010110001010110111111111100110101111010100111111100101110000100111010111001111101111011100101110010110110110110011001010111100010101000111111000010101101010110100010001000110010110010010111100100100011101000000100111100110000001001110111010111001111101010010001100111010100001101101110100000010011000110011101011111000100101101011111010011011100
3200 0.867978832401 010101100010000111010000101111110110100000110101010111111100111101010101111110111011101100111110100100111010111001111101111110100101010011110110011011001011010111011010101000010111010010101101011100100010001000110010110110011111100100010011101000001000101101100000001001110011010111101111100001010001101111000100001101100110100010100111000110110101011111011000100111011111010001011000
3300 0.868818874824 011001100010000101010000101111100110100001010001010111111110111101010101111010111001101100111110101100111010111111111101111110100101110010100110011110011000010111100010101000111111010010101101010100100010001000100010111110010101100100010011101010001100101100110000001001110111010111001111100000010001101111000100001101101110100010000011000110111100011111001000100111011111010011011100
3400 0.869133805716 111101010010100101010101101111011010100011100011010101111110100110101100101010111110011010101110111100011110111001010101101111100101100110110100100111010011010111100001101000000111001011101101100100100010101100110100110110010001100110110111101110100000111101100000101001010111011011001111101110010001111110111100001001101100100010110101000110001001011110000100100111000111010011011100
3500 0.869461880374 011101010011100101001100001111010010101011111011010100110111011110100101101110110111111011100010111100011010011010010001111111100101100110110110100111011011001111000000101000000111000111101101001110100010001100110000000110010011101110111111101100101100111101101000001001110111011111101011101110010001101111110100000111101101110010110010000100001001011110001100100111100111010110011110
3600 0.86807404126 011101010011100101001100001111010010101011111011010100110111011110100101101110110111111011100010111100011011010010010001111111100101100110110110101110011011001111000000101000000111000111101101000110000010001110110000000110011011101110101111101100101100111101100000001001110111011111101011101110010001101111110100000101111101110011110010000100001001111100001100101111100111010110011110
3700 0.869111692845 011000111010110101100100101011111010110111110001010101111111111011110100110110111101101110100001111100011010111010110101011111110100010101101010000010111010010011101010111000100111101110101111011100000010101100111000101010011101100110110011001000101001111100000000101101111111001111001111111100110000000011111100111111100111000100110011010100011000011111011000100011010011010001011100
3800 0.868261011367 011101110000101101111000101010110110110111110001010000111011111100010100101110111101001110101111111000001000111010110001001111110100000110000010001110111011010111101001100000101111001110101111011010011110001101111000110010011101100110110101111000101101110100110001001101110111000111001111111100101000101011111100111111100101100110111011000100011000011111011100100011011111010010001100
3900 0.869990086781 011101110110101101111011101110000110101111100110010101111000001000010101100100111101101010100111111100111000111101110101101011111101100110101010001011111011010111001001000000001111000110101101010110111100001000010000110010110101100110111111110000100100111100100000001111110111100111011011101100100001000111110100001011001111110110110011000100011001101111001100101011011110010010001100
4000 0.868554959676 011101111010101111111101101011111110100111110001011111110011010110110100101110111111101000101011111100011010111010010101101001110000010101101010001111111011010011101001101000100111111110000111010110010110001100010000100010011101100110010011011000100001010101111100101101111111000111000111111100001000100011111100110111100111000100111011010100010000011110010100100011010111010000011100
4100 0.86982209043 011101010011101011010100101010111100101001110010010111111111011001010101110110101000111010101010111110101010111010010111101111110101100110110010100110011011110111001000111000001111010001101101011110011100101000110001110010111001100110010011000000100100011101000000001111110101000111001011111100111001000111000100101011101110110010100011000111111001111110100000101111000111010010011100
4200 0.870188794251 011101010011101011010100101011111100101001110010010101101111011001010101110110100000111010101010111110101010101111110111101111110101100110110010100110011011110111101000111000001111011011101101011110011100101000110001111010111001100110010011100000100100011101000001001011110101000111001011101100111001000111000100101011101110110010100011000111011001111110100000101111100111010010011100
4300 0.869099639403 001100111011101101111101101110011010100111100011010111111101010010110000111111111101110010101110111100011001100110110101011001110100000100110110001011111011010011101000001010000110110111101111010110000010101100110000100010001101101110110001111000100001010100110000001001101111000111101010011101110001101011110110111011110101100111010011010100011001110111011000101111011011010010001100
4400 0.869564147583 110101111011101011110101101100001010100011101011000111111010010011010100111111111101111010101010111100011011111110110111111011110100000110110010001110110011111001101101111001000001010110101111010010001010100100110000110010011101101010010011111000100100110100110001001101101101000111101011111100110001100110010100101011101111100111011011010100011001100110001000101101011011010110001100
4500 0.865777694392 101101110010100011111101101110111100100011110101000101011111011010010100100110101000111010101010111110111010101101110001000110110010000110000011000111010111010111111011101010000100010010101101010110011110100100110001110110011100101110010001111000100000001101110000001001110111100111001111111100010101110110000100111011111111000110111011010110011001000101101000101111011111010010010100
4600 0.866163779641 111101110010100011011101100110111010100111110000010101011001010010010100100110111001111011101111111110111010101101110001100110110100000100010011000101011011010111110011101000100001010010101101010110010110100100111001010110011100001110011000111000101100000101100000101011110111010111001101111100110001110110010100011011111111101110110011010110011001000101101000101111001111010010010100
4700 0.867401291329 001101110010110110100101101110110100110111100001000101001101010010010100101111111000110010101010110010111111101110110101000110100110000000111010000100010101010111111000101011000111010010101101010110011011100100110011010110011101101110010011111000100111011101101000101011110111000011001111111100010001110100001100011011110111110110111011010100011001000101111001101101011111010010011100
4800 0.866134147643 011101010010100111011101101110110100100011111000110101011001011000110100101111111001100011101010110010011010101100110101100111111000100110010000000111011001011010110000101011100111010010100111010110011110101110010001110110010111101010010000111000100111011101100010101011110111000010101111011100110001111110011100111011011111100110110011010111011001000101111000101011001111010010111100
4900 0.867540927803 111001010011100011111101101100011010000110110001010101011010001010110010100111101000100110101110010100011110111101110111100111110000000100110011101110111101010111111011101011001010000010101101110010000101100110111001110110011000000110010011101000100101001101100001001011110111000111101111111100100001100110001100011011011011111110111011000000010001000101100010101111011111010010111100
5000 0.867027486816 011011010010100110110101101100110010001110110001010101011100011010111010101111101000100011101100100100010110111111110001100111110110000100010110001001111001010111111011101001000011010010101101010010011101010010111001111110011000100110010011111000100101101101100001001011111111000111001111111100100001101110000100011011010111101110111011000010010100000101001010101111011111010010111100
5100 0.86804041521 011101010111101010110001101100110000000111111001110101011001001010110110101111111000101010101110010110011010101100111101100111011000000110010000110010111001010111110010101011000111010010100111010110001100101110011001111110011101100110010010101000110101011101100010001011110111000001101011111101100001101110001100111001011011100111111011010100011001010101001000101111001111010010111100
5200 0.867374423848 111001011001101010000101101110111000000111111000010101101010001010110100101010110001111010100010111110011010111100010111000011110110111110100001010001011101011111110001101011000011000010100111010110001100101100110100110010001001100110010011111000100011011101100000001011110111010011001111110100010001101111011100011001110011100110110011000111011001000100111100101011111111010010111000
5300 0.868045658819 111101010010001111010101101111111000101110111001110101011001001000110100101111011001100110100010110110011110101100000001110111100000111111100011101111111000011111100000101011000111010011100111010010011100100110110011110010000101100111010011001000100101001101100010000010110111000011100011110100110001101110001101011011011111100111110111010101011011000101011010111011101011010000101100
5400 0.867972133598 111101010010101010010101101101101100001111110101110101011001001000110000111111101000100010101010110110111110011100010001100110100100011111110011101111011110010110100001101011000111010011100111010010011100100010110011110010011101110110010011011000110101001101100000001011110111000010100011110100110011101110010100011000011111100110111010011101011111010101111000101111111111010000111100
5500 0.866590593855 111101010010101010010101101001100100001111100101110101011001001000110000111111101000100010101010110110111110011100010001100110000100010111110011101110011010010110100001101011100111010011100111010010011100100011110011110010011101110110010011011000110101101101100000001011110111000010100011110100110011101110010100011000011111101110111010011101111111010101111000101111111111010000111100
5600 0.867708841069 011101000010101010010101101101111110101101110001111101011100001000110000111110101000100000101010110110011110011100010001100110101100011011110011101111011110010111100001101011000011010010100110110010111110100010010011111010011101101110010011011000010101001101010001001011110011000010101111110100110111101110011100011101001111100111110010001100011011010101110000101111110111010000011100
5700 0.868242870005 011101010110101010000101101101111100101101110101111101011010001100110001111010101000100010101010110110011100011110010001100110100100011110101011101111011110010110100001101011000111010010100111110010111110100011110011011010011101101010010011011000010100111101110000001011100111000010111011110000110011101110011100011101001111100110111110011101011111010101010000101111110111010000111100
5800 0.868476158448 111001010010101110000101101111111010100001110011111101010001101000100001111110101001100010101001111110011000101110010001100111010101110011100011101110011001011111100001101001000011110011100111010010110110101010010011111011011101101110010011011100000001001001000000001011110111000100101111110100110001100100010100011011111110100110111110011110111011000101111011111111010101011110101100
5900 0.866160793206 011101010111101101000101101111110010101011110001100101011010001100110000100111101000100010101010110110011010101100010001100111100110011010100011101111011110111111100001101011000111010010001111000110111110001010010011110010011101101011010011001000010101001101110001100011110111000010101111110001111001101111011100011101101101100110111111010100111011101101111000101110100111010000110100
6000 0.867381863149 011111010010101000000101101011111010100011110000110101011000111000110000111110101000100010101110010100111010111110010001100111100100011010100001101111011010010111100101111011000111010010101111010010111011111011000101111010111101101011010011011000000101001101110000101011111011000010101111010001110001001110011000011110101101100110111100000111111011100101111001101110110111000000110100
6100 0.868605545392 011111010010101010000101101111111010100001110000110101011000101000110001001110101100100010101111011100111010111110010001110111100100110011100011101111011010011111100101101011001111010011101111010010011011011111010011011011110101101111010011011000000001001101010000001011110111000100101011111000110011001110011000011110110101100011111000100101111011000001111001111010010001000110111100
6200 0.868805259679 011111010011101010000111101100011010100000110001101100011000101100110001111110101111100010101110110110111010111110110001110011100100111111100001101011011010011101100101101011001111001011101111111010011010001010010010001011110001101010011011011000000101001111010000101011110111000110101101111100011010101100011000011110111101100011111100110101111011101101111001111110010101010110111100
6300 0.866851795914 011100011010101010110101001111111011100100011101100101010000111100100001100100010010101010101100110110011000101110010001110111100111110011100011101111011011011111100001101011101110010110100101010010111010101010000001111010011101101110010111110000001101001111110000101010001111000001111011110000110011001110001101011111111101001111110010010110011010000101101000001111100111110010111111
6400 0.867039798461 011111010010101110000101101111111010100001111111110100001001001000110000101110001110101010001110010110111000111110010100100101100000110111010001101111011010000111100101101010000011010011101101011010111000101010010011001011011101100110110011010100100100000111010000101011011011000110111111011100110001010110001001011000100111000111111101010110111001000101111000101111010111010110111100
6500 0.868575363262 011101011011101010110100101101111111100000111101110111001001100010111101011010111110001010001110111010110010111111110101110111100000010111110011101011011000000111110001101011000111001010100101010001001000101010010010001010011011101010111011111010100101101101011000101011010110000110001111100100010011000010001101001110110111000010111011010101111000001101111101111111010110010100101101
6600 0.86819374838 011111110010101110000101100111011111100000111101110101001011001010110101100010011100001010001110010110111100111111010000110111100000000111110000101111011010000111100001001011000111010010101111011000111001101010010011001110011101100110111011111000100101010111011000101011010111000111001111100100110011010110001101101000111111000110111111000110111000001001111101111111010111010000101100
6700 0.865717254064 011111010010101010000101100111101110000000111101110101001001101010110000101011011110101010011110100110011100111111010101110111100000110111110000101111011010010111100001101011010101010011100100011010101000100110010001011010111101000010111111011000100101001111011000101011110111000110011111100100110011010110001101001010110111000011110010000110011010000101011101111111110111010100101100
6800 0.868175037358 111111010010100010000101100111111110100000111101110101001001101100110000111111001110111111001110100111110000111110010101110111100010100111100000001111011011111111100001101011001101010001100100010100101000100111010000011010010101000010011010011000100101001111111000101011111111001111011111100000110011000110001101011010110111000011110010000100011010000101011101101111110110010100101100
6900 0.868402681687 111101010010101010100101001111111110000000111101111100011001111010110101101001011011111010000101000011111000101110010101110111110110100101110010101111011010010111100001101011011011000001101100110000101000100110010000011010110101000110111111011000100101001111000000101011111111000110011111111100110011110110001100011011110111100111110011000110011011100001011101101110110111010000111100
7000 0.869010828795 011101010011100010000101001111111110100000110101100101011001101100110000101101001111111010001100000111101100111010010101100111100110100101110001101110011000110111100001111011000111011111101110010100101000101011010000110000010101000110011100111010100011101100101000101011011111000111011110101000110010010110001101011001110111000011110110010110111011101101110100111101110111010110101100
7100 0.869493964402 001101010010100110010101100111111110100111111101110100001001001010110001101010011110000011101110100100100010111100010100110011110000100101010000011110111010010111100001101011111111010001101101010011111010100111010000001110011100100110111011011100100100101111101000101001111111000111000111100000110011100110101111011011110111001010111010000100111001000101011101101111100111000010011100
7200 0.866736308754 011101010010100110010101100111111110100101111101110100001001011010110001101010011110000011101110100100100010111100010101110011100000100101010000011110111010010111100001101011011111000001101101010011111010100111010000001110011100100110111011011100100101101111101010101001111111000111000111100000110011100110101111111011110111001010111110100100111001001101011101101111000111000010011100
7300 0.865453737586 001111111010000110000101100011111110000101101101110101101001101110010101111111011111100010100111100110110010111111010001110001100001110101010000011000011011010111000001101011111111000011101101000101100010101101110000001110011100100110111011011100101001001101100000101011111111000110001111101000110011010100000110011011111111001110110010000100110001100111011101101111110111010010010100
7400 0.865449507107 000101111010100110000001100111111111000101101101110100101001001011010100101010011111100010001111100110100010101110010001110001100000110101010001011110011011011111000001101001111111000001101101010101101010101011100000001110011100000110111011011100100101101101101000101001111111000111001111101100110011110110100101011011111111101011110100000110110001110101011101101111100011010010011100
7500 0.868874909905 000110011010100100000101100111111110100101101001110101101001101110010101101111011011100010101110110100100010101110011001110001100000010101011001011110011111010111100001101011111111001011101101000001100010101111110000011110011100100111111011011100100001001110100010101001111111000011001111101000110011110110000101011011111111001010110100000110110001110101011101101111100011010010011110
7600 0.868844979666 010111110010100110010101101110110110001000110101110101111011011110010101101100011111000010101010100110110010110110010000110111100000110100000000001110111010010111101011101011111110000011101001011101110010111111110000001110011100100110111111111001100001101101100000100000111110000111001111101000000011000100011100011011111111001010111100100110100001010101011101101111110011010010011111
7700 0.870705478394 000110110010100110010101101111111111000011101000110100111001101010010100101001011101000010100110000101101010100100111001110001100001110101010110101101111011010011110001101011101111001011001101001001100110101111110000011110101010100110011111011100101001101110100000001011111111001011000011101010010011001101100100011001111111101010110010000100110001111101001101101111110011110010111100
7800 0.866453775464 010101111010110100010101100011011110111101111001110100111011111010010100101100001011001110101010100110100010110110010100111111100000000000000000011010111011010101111011101011111111000011101101110101100111111110100000001110011111110110111111111000100001001101100000100100111010100110001111100000111001100000011100011011111111111010111100001110110101000101001101101111010111010010011111
7900 0.868847988671 011110010010111110010101101110011111101101011101110101111011111011010001001110011001000010100110110100110011111110011101111110100100110101110011001110111010011111100001101011010100000011101101010110000010101111110000001100011111100110101111111001000001011101100100101001101111000010000111100000100011110110001101011011111111001110111110001111010001010100100100101101000111011010010000
8000 0.868653743067 001110010010111110010001101110111111100001111100110101101011111111010101001110011111000010110110111010010001111110100101111110100100110101100000001111110010011111101001101011011101001011001101010110001010101111110000101110011111100110001111111101001001111100100000101001011111001010001111101100101011000110000101011011111111001101000010000100111001000111000100101111100011011010110000
8100 0.867337934084 100001010010011110010111101101110011100000110100110100101011011011010001001111111101000010101110110100110111101110010101110111100001110101011111001110111010110111110001101011011111000011101101010000110010101110010000010100011110100110011111101001100001111110100100101011101111001010001111101010111011101111000111001011110111000000110100010100010000010001011100101111100011010010010100
8200 0.86689964771 000011110010111111110011101110111111100010101100100111101001011101110100101010011001000010100100101010100101101110111101110111110000110111100101001111110010010111111001101111001111000011001100010110100110101101110000101111011101100110000111001001000010101100000000101111111110001111001011101100101011001110000101011011101111000100110010000100011001000101011100001111100010011010111000
8300 0.867277131773 011101010010001110010101101111111010001110110111110100100001011111010100101100010010000010100110110111111010101100010101110111100001110111110100101110101110001111101001101111010111000010101111011110010110110110100000000110011110101110011111101100101000101111110001101011111111001010001111000000101011101111011100011011111101001100110000010101010001110100111100001110100101000010001110
8400 0.865998586168 011101010010011110010101101100111010001110110111110100000001011011000100101001010110000000000110110100111010101100010101110011100100010111110110101111100010011111100101101111000101000010101111011110101010011110110010010110111111100110011111101000101001101111100001101011111111000110000111100000101011010110001101011011111111001110110001100100010001011001001100101111110101010010010100
8500 0.861678927564 011101110010111100010111101110111111100000100101110101001001110101010000100111111100000110100110101110001011110110110101010111100000010111101100101111110110010111111001101011011111001010101111011100010010100100110010111000011110100100010011110100000001101100000000101011111111001110001111111010101011101110010100011010101111000000100010110100110001011101010000001111110011000010011110
8600 0.865476062092 011001110010111100010110101100111110100110100101110101100001111101010010101110111000000110100110101110001011110111110101110011100000010111111100100111110000010111011001101011001111001010001111011100000010100010110011011000011110100100110011111100000010101111010000101001111111001011001111111101100011001110010010111010111111100000110010100100010001111101011000001111100111001010011110
8700 0.866616230441 001101110010011110010001101001111011001100110111011100000001010010010000101000010110000000100111111100111110111110110101010111100110110111100100100101110010011111101101101011010111100110001101111110010110001110011000010110011101101111010011111100111000001111000001101011110111000110001111100000101011011110101101011011111111100000110011010100010001011111001100000111100111011010001010
8800 0.866542979427 011101110010111110010101001101111011000010110001011100100001011001010100111011101100001001100110110110000101111110110101110011100000010111111110100110011110010111100101101011010110000010101111011110001110101100110010011101011111100110010111110000010001001100100001101001111111001110001111111101001011111000011001011011101111100100110010011101111010001101100001000111110011010010001100
8900 0.866856879296 011001010110111110010110101100111011100010100111011110000001001001010110101011111100010101100110110110000011111110110001110011100000010111100110110110111110010111111001101010010110001110101111011110001010101100110010010101011111100110010111110100010001001100110001101001111111001010001111110101111001111000011001011101101111101100110010010100101011001101000000001111110111000010011100
9000 0.866205219544 011101110011011110110011001101111011100110111001011000100001011100010100111110101000001010110010100110000111111111110101110011100000000111111110101110110011010111101001101011011011000010101011011110000110100010110001001100110111100110010111110000110001101111110000101001111011101110001111111101010011111000011101011011101111100100110010010100110001000101100000100101110011010010001001
9100 0.867660580829 001101010011101110010110101010111011100010110101011010100001111100000110110110111100000110110111100110000010110111110001110011100100110111101100110110111111010111111000101011010111001011001111011110100110101000110000101000111110100110110111111000100001001110011001101001111011101110001011101101101001111000011100011101101101000100110011010000100011001101000000101111110011001010011100
9200 0.867593608549 001101110011101110000010101010101011101110110101011001100001011100010110111110111000000110100111111110000010110111010001110011100101010011101110011110111111111111101000101011010111001010001111110110000110101010110000010100111111000100110111110000110001101110010001101001011011101110001011101101000001111100011101011101001101101100110111010100110011001101000000101111110011000010011100
9300 0.865728612849 001101110010101110001110101010111011100110101101011001100101011000010100111111111101000101100010111110000111110111010001110011101100000111100110001110110100110111101000101011110011101010001111110100101100101110110001010100111011000110110011111000010001101100110000101000011011001110101001000101000001111100011100011101101111001100110011010100110011101101100000101111111011000010011101
9400 0.86590275186 011101110011101110001111101110101011100110111101010001101011111100010100111100111000001110100011001110000110111011110001110011100100010111101100000111010011111111110001101011010011000010001111100110100110100010110001100110111011100110010111101000000001101110110000111001111011001110001011101001011011101010001111101101101001000100110010010101111001001101110000000111110011010010001101
9500 0.865850763761 011101110010101110000101101010101011100100110101011010101101110010010110101000111001001100100011000110100110110011110101100111100101000111100100001111110011111111110001101011011110001010000111100100100110101010100001100110111011100110011011100000011001101110101000111001111011001110001011100101011001101110011101101011101011000100110010110101010001001101100000101111111011001010011000
9600 0.866416093355 100111100010101110000111101000111011100100101101011100010101111100010100011111111100001111010010111110010111110111110101110011100100111011101010001110011000100111101001101011110101101010001101110110100110101010110000110100110011100110111011110000110001101100111000101001111011011110001011100001010010011110011001111011101101000100110011001101010011001101100000101110110101000010001001
9700 0.868059898607 010011111011101110000101101110111001100100101101011100101101110110010100111011111001001110010011011110111101000111110101100111100101010011101010000110011001111111101000101011010111001010000111110110000110101010111000111100010011100110011011110000011001101111101000101011111001001110001011100000010000111110011001101011101001000100110011000101111101001111011000101110110111100010011011
9800 0.868340527084 001011101011101110000111101101110001100100101101011101110101111110010100111011111000001111010111101110010011000111110101110011100101010010100000000110011100110101101011101011011111001010000111110110100110101010111000110110111011100110111011110000011001101111111100101011111001001110001011101000010100111111011001101001101011000100110010000101111001001111000000101100110111000010011001
9900 0.867367806501 000011110011101011000111101101011011101100100101011101101001110110110110101111111100101101010111101110000010100111110100110011000101010010100110101110111101110111110001101011111111001011000111000110100010101010111001011110111001100110111011110000010011101110100000111010111011010110001011101101010000101111011001101001100011000100110010000101011001001011000000101000111011001010011001
10000 0.868267766549 010001111011101111000101101110101101101100110101011110111001111001110110111110110100101110010100101110001111101111110101110111100101000111100010001110011101110111101010111010010111101010000111110110100000101001111001111110101101100010001001110000011111100100100000101000111011001110001111100000010001101100010001111001101111000100100011000100111001001111000011101111110111000010010010
10100 0.864884976389 010001111011101101011001101111101001111110100001010101111001111000010110111110111100101011010001101110001110101111110111110101100101010111100011001110011101110111111010001000010111001010100111110010000010101000111001001100101111100010111011110000010011101100100000101111111011000110001011100000010000111111011001111111001011000100110001000100111011001101000011101111110010000010010010
Mejor resultado: 0.861678927564 011101110010111100010111101110111111100000100101110101001001110101010000100111111100000110100110101110001011110110110101010111100000010111101100101111110110010111111001101011011111001010101111011100010010100100110010111000011110100100010011110100000001101100000000101011111111001110001111111010101011101110010100011010101111000000100010110100110001011101010000001111110011000010011110
