200 0.939576533995 110101000101110100100011100110100101011110100101101111010010101010110100001101001001111000000110000111110110111010100001101111110011111011100000100010100111111101110000111011101111010001000101001001011010101010100010111010011101010111110101101001001100111110001111101000111111111011111001000000111000011001001000110110101111111100111100001110100101100000101111100001000011000010110111
300 0.928084145632 011111110000110001001111101011110100111110110000010110101011100010100111011110011001101001000100100111001110101011100101101100011001100111110110010110111101101111101000110011001001000011100100001011100111110111000101010010011101111110000000111001100011101110010010101011110111000011000111001100110110101000100010000000001101110010011110010000101011111111010000001011100111010110010101
400 0.907663236574 110111110101010101100100101111110001011011110011010111110110111010011101110100000111101011100110001110100111110011110001111111100001011101100000000111000011101111100100111101000101111010010101000011011001101011110010010011111101001101110101101010101011011110001111101011011101111111000011010000000101001110001100011110110100111001001111011110111011111001001001000111011011000100110111
500 0.903675448247 010001001101111100100101011101101011101100110001111111111010111010010101001110110000111110010110001110110001010110111010101110100000110111100011101111101010101111101100110110000101011111101101001011111010100011110110110010111101010110011101101001000011110111001010101000101101101011001000001000010111111011000000010111111111101011011101111111110011111101100101100011000011001111011110
600 0.893472032081 110101110001001101001111101111110000010011111001011110110010111011100101110100111101101001000101000110001110101011110001100111101001110111110110110111011101101111111000111010001111010010000101011011110111001010010110011001011011011110100100111010100111001101111111101011110101100111011010010001100101001101011000011111010100101011101101000100110001111111001000011111011111000100011100
700 0.890487497972 101100111001101100001101001111111010111010111001011100100011111001100101110110110001101011000110001111001110111011110100100111111000000110010110111011100101110011011000110010001111010011100001011011110111100011010010111000010111011011101001111010100111101110111011111011110111100111111010010010110111001100011000111111011001101011110101110100111001111111001000101111011111010101011100
800 0.888669920854 101010111000101100001100011111101110111010111001001101110010101011110101110110110111100011000110001111011111111011010101110011100000000110101110111110110101111111111000110010000101010011101000010011110011111011011010110000010011111010100001111010000110101101011110101011111111101011011011000010111111001100011100110110011101101011110101010100111001111101101100100110011111100100011111
900 0.885899152469 010011110000001101001101111011101100111010101000010110100111100010110101011111101001001001001101111111100110000101101100101110100011100101100011011111001101101111100000111010000111010010101101000010100010100011010101111010011001101110110111011101000101111101100110101111111111111111001100111100101001001100001001001111010111100011111101111110101111110101000110101011111111010111101100
1000 0.883616182497 111110110001101100100101111011100000101010111101111100101010101010110101011011110101001001001000011110101110011101110100111110101011110100111001111111001001001111000000111010000111000010101101110010110011110111100000111001011011110110111101111001000100101110101010101111111111101011101011001000110001001101011001101111111111101110111101101100001111111001001010001111101111010000111101
1100 0.882083725206 000011110101111110101100101011101000110110110101010110110010100110010111110110110101100110001100001110011110101011011101100111100000010110111110111100100001101001101100111111000111000010101001011010110011111011110100110010110011101110100001111001000101101111001101101011111111111011011011001100110111001110011000011110100101101111111100000100111101110100101100100011111111000100101100
1200 0.879176612611 000110110010101100101110101111111000011110110101011110111011100110100111100110110101000010001000000110101100110001111101110111101000110010111110111101101011111111101000111110001111000010101001001010010110101011110100110011010011100110100101111000000101101111001001101001111111001011100010101100111101101111011001011110100001100111111101100100110101111100101100101111101110010100111100
1300 0.875708789309 011111111001000000100101111110110110110111111101011110111010111010110101100000111101011000011110001111000100110111110101100110101010110010101000011111011101000101100001111011000101010010001001000010010010100011110000100000011011110110110001111000010100111100111010101011111111111011101111010001010000001111000000111111000111100111111111010101101011111001101100101111100110010010111100
1400 0.872390205052 001101111111111010100101101111111110111010110001010110101011001010110101101110111101000010001010011110000110000011110101000111100001100101110010111110010101001111011000111011000111010010100101011010110011100011110101110011011011000110101101110001000001111111101010101011111111101010001011011000111110001110011001101111100111100010101101111100111011000101100000101011001111000100111100
1500 0.873873456358 000110110010101110100111101101100010011010111101010110010010101010110101100110011111100110001100001110011110011001110101111111100000110110110010111110101101101011110000101011011111000010100001011110110011111001110000111011111011101110101011111001000001001111101001101011111101011111011010001100110111001110011001101110011101100011111100000101010011110101101000100111001111010010101100
1600 0.86911598281 010101111000101000100001111011101110111110101001111110011011101011110101101011011100000001101110001100101110011011110101111110100000100111100010111111011011001111100001100010000111000010100101000010111011100011110000100010011111100110001101111011000101111110101010101001111110110111001100011000010001101111000000111111100111100110111101110100111001101101100000100111001111010010111100
1700 0.869123345848 010001111000000000100001111011101110101010111101011100111011111110110101101011111100001011101110001111011100010111110101101110101000100111100010011111011101001111100001101011000110000010000101000010111010101010110100101010011111110110110001111000000101111100111010101001101110110111101111010100010001001111000000011111100111100111111101010100111011001101111000101011001111000010111100
1800 0.867625386842 010101111000000100100101101011101110110000111101010100111011111010110101101011111101001000101110001101011100010111110101101111101000110111100010111111010101001111100001101011000101000010000101010010111011101010110100101010001101100110110001111101000101111100111001101001101110001011101001011101010101001110001000001110100111100011111101110100111011011101001000101011001111000000111100
1900 0.864048774608 000101110010110010100101101011100110100000111101011110101010011110110001100001111100001110101000000110011010110011010101111111101000110110110011011101101001001111100001001110001111010010101101001010110010101111110000100010011111100110101001111000000000111110110000101000101111110011001111001101010111101110001101011111100011100011101100010110111011110101011000100111001111000010111100
2000 0.864511973737 000101111000100010110001101111100110101100110001010100110011110010111001101110010101111000101100001110101100110011110101101111101000110100000011111100100111101111000001101010000111000010000101011110111010111110110000111010011011101110111011110000000010011101101011101011111111010010001111000101010111000110001001101111100111000010111110000100111011000111101000101011001111000010111100
2100 0.861113431964 000101111000100010110001101111100110101100110001010100110011011010111101100010110101101000101110001110001110110011110101101011101100110110100010111100010101101011010001101010000111000010000101011010110010101110110101101010011011001110111011110000000010011101111000101011111111010011001111010001010111101110011001101111100110000110111110000100111011001101101000101011001111000010111100
2200 0.862311505294 000001110001000010100001101001101010100110111101111101101011011110110001100011111100100000001110001110001110110111110101101011100001010110100011011101101001000111110011101010001111011010101101001010010011101110110000110011011111100010101001111000000001101101110000101001111111011011001001001101010111001110011100111111100001100010101101110000111010111101110000100111001111000011101100
2300 0.860857198852 000011111010010010100101101001111110111100111001011100010011011010111001100010111100101010101110000110011110010111010101100011101101010110110010111110011001001111010001101010010111000010101101010000110010100110110000101010011011100110101011111000000010111101111000101001111111010111011001001001110011101110010101001111100100100010011011010100110011001101011000101111001111000000111100
2400 0.859973980394 000011110111010010100101101001111110110000111101011100110011011010110101100010111100101110101110001110011110010111010001111011100000010110110010011110111001001111110001101110000111000010101101000000110010101110110000101000011111100010001011111000000010011101111000101001111111010111011011000100010011101110010100011111100101100010111011010100111011001101110000101111001111000010111100
2500 0.85790701955 000001011010100010110001101111110110101000111001010100100000011010111101100011110100001000101010101110010110111111110101100011100000110100100011011110001101001111010001101010010111010010101101010010111011101111110001110010011111000110101001111000000001111101111000101011111111010011001011001001010101111110001101101111100001000010111111000100111011101101000000101111001111000010101100
2600 0.855863971189 010101110110101010000001101111110110100100111101011101101011010010011101100010110101100000001110011110011110110100110001100101100101010110100011011100001011101111110000101011000111000010101101000000110010101100111110111000011101000110110001111000000001011100111000101011111111010010001101001001010111111110011101101111100001000010110011000100111011100111101000101011001111000010111100
2700 0.854421937936 000101110110100010010001101111101110101100111001011100111001011010010001100010111101101000101110001110011000111101110101110011101101010110100010011101001001001111010001101010100111000010101101011000110010101111110000101000011011000110101011110000000010011100110000101011111111010010001011011001010001001110011101111101100111100010111111000100010011101101100100100111001111000110111100
2800 0.854591260264 000101110010101010110001101111101110110100111001011101100010011010111001100011110101100010101110001110011010110011110101100011100100010100100010011100001011001111010001101010011111000010101101011000110010101110110000111010011111100110110001111000000011111101110000101011111011010011011101001001010001101110010101011111100100100010111100000100110011001101110000101111001101000010101100
2900 0.854081858478 000101110010101010100001101111110110111100111001010100101101010010111001100010110100100000101100001110011110111111110101100011100101010110110011011100101011001111110000101010010111000010101101011010011011101110110000101010011011100110011001111000000011011100110000101010111010010011011111000001010001100110000101011101100001100010111011000100111011101101110000101111001111000010101100
3000 0.853703674736 000001110010100010110101101111101110111100111001010101101011011010110001100010111100101000101110001110011110111110110101100001101100010110100010111100011011101111010001001010011111000010101101011000100010101111110000101100011011000110101011111000000010101100110000001011111011010011011011001001000001001110010001111101100111100010111011000100011011001101100100101111001111000010101100
3100 0.853766492262 000101111010100010010101100111110110001100111001011100111011111010111000101010110101101000101111001110011110110001110101100011100101010110100011111110101001101111010001101010100111000010100101011000100110001111110000100010001011000110100011110000000010111100100000100011111111010011001111001001010011001110011101101111100111100010111011000100010011001101100000101111101111000010111100
3200 0.852895135875 000101111010000010100101101111100110100000111101010100101001011010110000100011110101100000101110101110011010110111110101100011101100010110100010011110001011101111010001101010010111000010001101011000100010101111110001100010011111100110111001101000000011101100110000101011111111010010011101001001011101001110111101011101100111100010110010000100110011001101110000101111001111000010111000
3300 0.852514718287 000100110010100010010101101111011110101100111001010101101010111010111001100010101100101000101110000110011110111111110101100011100100010110100011011100001001001111010001101010111111000000101101011000100010001111110001101100011111100110100001111000000010111100110000101011111111010011001011001001010001001110010101111101100110100000111011000100010011001101100000101111101111000010111100
3400 0.852155324399 000101110010100010100101101111111110000000111001110100111001011010111000100011110101000000101100101110011010110111110101100001100100010110100010111000101011101111010011101010010111000010101101010000110010101110110000100010011111100110010001111000000011101100110000101011111111010010001011001001010001001110100101011111100111100000111011000100110011101101010100101111101111000010111100
3500 0.851319393522 000101111010100010100101101111110110100000111101011100100011111010110000100011110101101000001110101110011010100101110001100011100100010110110010011110000011101111010001101010100111010010101101011000100010101111110001101010011011100110101001111000000011101100100000101111110011010010001011001001000001001110111101101111110111100010111010000100010001101101110000101111001111000010111100
3600 0.851734155666 000101110010000100110001101111101110101100111001010101101011011010110000101011111101101000011110001110010110110000110101100011100101000110100010011100111010101111010001101010100111100010101101001010100010101111110000100110011011000110100011111000000010101100110000101011111111010011001011001101010001001110010101011111110111100010111011010100110011001000000000101111001111000010101100
3700 0.84980298113 000101110010100100110001101111100110101100111001010101001011011010110000100010110101101010011110001110011110110100110001100011100101000110100010011100011010101111110001101010100111000010101101001010100010101111110000100110011111000110001011111000000010101100110000101011111111010011001011001001010001101110010101011101110111100010111011010100110011001100100000101111011111000010101100
3800 0.850528057355 000101110010100010110101101111001010101100111101010101101011011010110000101010101101001000011110001110010110111110110101100011100101010110100010011100111010001111010001111010011111000010101101011000110010101111110000000010011111000110110001011000000010101100010000001001111111010011001001001001010001001110010001011111110111000010111011000100110011001101101000101111001111000010101100
3900 0.85114408143 000101110010100010100101101111100010100100111101010101101011011010110000101010101101001000001110001110010110111111110101100011100101010110100000011100011010101111010001101010101111000010101101001000111010101111110000000110011111000110110011111000000010101100000000001001111111010011001011001001010001001110011001011111110111000010111011010100110011001101100000101111001011000000101100
4000 0.850201215353 000101110010001000100101101111101010101100111101010101101011011010110000101010101100101000101110001110010110110011110101100011100101010110100000011100011010101111010001101010100111100010101101001000010110101111110000000010011111000110100011111000000011001100110000101001111111010011001011001001010001101110011001011111110111000010111011010100110011001101100000101111001011000010101110
4100 0.850303564088 000101110010001110110101101110101010000100111101010101101001001010110000101010111100101000101110001110010110110100110101100011110101000110100011001100111010001111010001101010100111000010101101000000100010101111110000100110011111000110100011111000000011101101100000101001111111010111011011001001010001001111010101110101100111000000110011011101110011101101101000101111001011000110101100
4200 0.849716394003 000101110010101010000001001110101110101100110001010100101011011010110000100010111101001000101110001110010110111111110101100011100101010110100010011101111010001111100001101010101111000010101101001000101010101111110000100010011101000110111011111000000010101100000000101011110111010111001001001001010001001110010101011101100011100010111010010100110011001101101000101111001111000010101100
4300 0.849011318596 000101110010101010000001101110101110101100110000011101101011011010110000100010111100001000101110001110010110110111110101100011100101010110100010011001011011001111100001101011001111000010101101011000101010101111110000101010011101000110111011111000000010101100100000001011110111010011001101001001010001001110000101011101100101100010111010010100010011001101101000101111001111000010101100
4400 0.849200589643 000101110000101010000101101111101110101100110000010100101011111010110000101010101100001000101110001110010110111011110101100011100101000110100000011100011010001111110001101011010111000010101111101000101010101111110000101010011101000110110011110000000010101100100000001011110011010011001101001001010001001111010101011111100111100010111010110100010011001101101000101111001111000010101100
4500 0.848847978327 000101110000101010000101101111100110101100110001010100101011001010110000101010111101001000101110001100011110110111111101100001100101000110100010011100011010011111110001101011011111000010101101001100101010101111110000110011010111000110110011110000000011101100100000101011110011010010001101001001010001001100010101011111100011100000111011110100110011001101101000101111001111000010011100
4600 0.84773912882 000101110010101010000001101111100110101100110001011100101010101010110000101010111101001000001110001100010110110111110101100011100101010110100011011000011010001111110001101011011111000010101111001000101010101111110001110011011111000110110011110000000110101100100000101011110011010010001101001001010001001100010101011111100101100000111011110100010011001101101000101111001011000010111100
4700 0.84807378675 000101110010101010000001101111101110101100110000011101101010101010110000101010111100001000001110101100010110100111110101100011100101010110100011011001011010001111010001101011010111000010101111011000101010101111110001100011011101000110110011110000000110101100100000101011110111010010001001001001010001001110010101011111100101100000111010110100010011001101101000101111001011000010111100
4800 0.847169823745 000101110010101010010000101111101010101100110011010101101001011110110000100010111101001000101110001110011110110111110000100011100101010110110010011100011010001111110001101010001111000010100101011000100010101111110000101010011101000110110011111000000010001100100000101011110111010011011111001001000001001110011001011110100011100000111010010100110011001101101000101111001111000010101100
4900 0.84632645977 000101110010101000010001101111101110100100110011010101101001011110110000101010111101001000101110001110010110111111110001100011100101010110100001011000001010001111110001101010001111000010101101010100101010101111110010101010010101000110110011110000000000101100100000101111111111010011011111001001010001001110010001011100100001100010111010010100110011001101011000101111001111000010101100
5000 0.846711858214 010101110010101000010001111011101010101100110011010101001001011110110000101010111101001000001110001110011110100111110101100011100101010110100001011100011010001111110001101010001111000010100101011100101010101111110000100010011111000010110011111000000010101100100000101011111111010010001111001001010001001110011101011101100011100000110010010100110011000101101000101101001111000010101100
5100 0.847108179333 000101110010101010000001101111101110101100110001010101101010011000110000101010111101001010101110001110010110110111110101100001100101010110100011001000011010001111000001101010001111000010101101011000100010101111110000100010011101000110111011111000000010101100100000101011111111010011011001001001010001001110001101011111110001110000111011010100000010001101101000101111001111000010101100
5200 0.846306146824 000101110010101010000001101111111110101100110001010101101000011000110000101010111101001000101110101110010110110111110101100001100101010110100011011100011000001111000001101010001111000010101101011000100010101111110000100010011101000110111011111000000010101100000000101111111111010011011001001001010001001110000101011111100011100000111010010100000010001101101000101111001111000010101100
5300 0.846310417036 000101110010101010100001101111101110101100110011010101101010011110110000101010111101000000101110101110010110100111110101100101100101010110100001001101011000001111110001101010001111000010101101010100000010101111110000100010011101000010110011110000000010001100100000101011111111010011011011001001010001001110000101011111100001100100111010010100110011001101101000101101001111000010101100
5400 0.847756366129 010101110010101010010001101111101010100000110011110101101001011000000000101010111101001000101110101110011110100111010101100011110101010110110011011100001010001111110001101010000011000010101101110100111010101111110000101010011111000110100011110000000110101000100000101011110111010010001101001001010001001110011101111111110101100000111010010100110011000101101000101111011011000010101100
5500 0.844913162897 000101110010101010000001101111101010101110100011011101101011011010110000101010111101000000101110101110010010100111110001100001100101010110100011011000011000001111110001101010000111000010100111011100100010101111110000100010011101000110110011110000000000101100100000101011110111010111001011001000010011001110011101011111100001100010111011010100010011001101101000001111001111000010101110
5600 0.845594174111 000101110010101010010001101111101000100100110011010111101011011110010000101010101100001000101110001110011110110111110001100011100101010110100100011000001010001111110001101011000111000010100101011100101010101111110000100010111011000110101011111000000000101100110000101011111111010010011111101000000001001110001101011101100001100010110010010100110011001101101001101111001111000010001100
5700 0.846137800224 000101110010101010010001101111111010101100110011010101101101011110110000101010110101001000001110001110010010110111110101100011100101010110110011001100011000001111111001101010000111000010101101010100100010101111110000100010011101000010101011110000000010111100100000101011110110010011011001011000010001001110101101011111110011100000111011010100010001001100100000101101001111000010101100
5800 0.846188622999 000101110010101010010001101101101010100110110011010101101001011000010000101010111101000000101110101110011110110111110101100011100101010110100001011110011010001111110001101011001111000010101111011100100010101111110000100010011111000110111011111000001000111100010000101001110111010110001011001000000011000110011101011101101001100000111011010100010001000101101001101111000111000010101110
5900 0.844740485604 000101110010101010010001101111101010100100110001010101101001011000010000101010111101000000101110001110010110110110110101100011100101010110100001011110011010001111010001101011000111000010101111011100100110101111110000100010011111000110100011110000001000111100000000101011110111010010011011001000010001001110011101011111101001100010111011011000010001001101101001101111000111000010101110
6000 0.844941388005 110101010010101011001001101111110010101100111011010101101111011010110000101010111100001011101110001110011010110111110101100011100101010110100000001100011010001111010001101010000111000010101101010100000010101111110000100010011001000110101011111000000000001100100000101011110111010011001101101000010001001110011101011111100011100000111010010100010011001101100000101111001111000010101100
6100 0.844203806838 110101110010101011010001101111111010101100110011010100101010001010110000101010111000000000101100001110011010110111110101110111100101010110100000001100011010001111010001101010000111000010101101010110001010101111110000100010011001000110101011111000000000001100100000101011111110010011001101101000010001001110010101011111110111100000111011010100110011001101101000101111001111000010101100
6200 0.844266315875 100101110010101010010001101111111010100100110011010100101010011010010000101010111001000000101110001110011110110111110101110111100101010110100000011000011010001111110001101011000111000010101101010100001010101111110000100010011101000110111011111000000010001100110000101011111110010111001101101000000001001110010101011111110111100000111011010100010011000101101000101111000111000010101100
6300 0.842195443129 101001110010101010000001101111111010100100110001000100101000011010010000101010111001000000101110101110011110110111110101100011100101010110100000001000011010001111110001101011000111000010101101011100000010101011110000100010011101000110111011111000000010001100110000101001111111010110101101101000000001001110001101011111111111100010111011010100010001001101101000101111001111000010101100
6400 0.843369592065 000101110010101010010001101111111010100100100011010100101011011000010000101110111101001000101110101110010110110110110101110111100101010110100000001010001010001111110001101110010111000010101101010100000010101111110000100010011101000110111011111000000000001100000000101001110010010110011011101000000001001110010101011111110011100010111011010100010001000101111000101111000111000010101101
6500 0.842525202824 001101010010101010010001101111101010100100110011010100101010011000010000101010111101000000001110100110011010110110110001100101100101010110100000001000001010001111110001101010000111000110101111011110001010101110110000100010011101000110111011011000100010001100100000101001111111010111101101101000010001001110001101011111110111100010111011010100010001001101101000101111000111000010101100
6600 0.841268470388 001101010010101010010001101111100010100100110011010100101010011000010000101010111101000000001110100110011010110110110001100101100101010110110000001000001010001111110001101010000111000110101111011110001010101110110000100010011101000110111011011000100010001100100000101001111111010111101101101000010001001110001101011111110111100010111011010100010001001101101000101111000111010010101100
6700 0.842751585197 001101110010101010000001101111100010100110110011010110101010011000010000101010111101000000001110100110011010110111110101110111100101010110110001001000011010001111110001101111000111000010101101010100001010101010110000100010011101000110011011011000000010101100100000101001110011010111001101101000010001001100011101011111110110100010111011010100010001000101111000101111000111010010101100
6800 0.842907128295 001101110010101010010001101111111010100100110011010100101010011000010000101010111100001000001110101110011110010100110101100111100101010110100000001000001010001111111001101111010111000110101101011100000010101110110000100010011101000110111011011000100000001100100000101011111011010111101011101000010001001110000101011111100111100010111010010100010001001101101000101111000111000010101100
6900 0.842766631956 001101110010101010010001101111101010100100110011010100101001011000010000101110111101000000101110100110010110110110110100110111100101010110110000001000011010001111110001101110001111000010101101011100001010101110110000100010011101000010011011011000000001001100100000001001111111010011001011101000010001001110000101011101101010100010111011010100010001001101111000101111001111000010101100
7000 0.843957814665 000101110010101110000011101111111010100100110011010100101000011001010000101010111100001000001110001110011010010110110001100101100101010110100000001000001010001111111001101111001111000010101101010100000010101110110000100010011101000110111011111000000010001100100000001011110011010111011001101000110001001110011111011111111011100010111010010100010001001101101000101111001111000010101000
7100 0.843296266937 001101010010101010000001101111111010100100100011011110101010011000010000101110111100001000000110000110010110110110110101100011100101010110100110001000001010001111111001101010001111010010101001011100001010101111110000100010111101000110111011111000000000101100100000101011111101010111011001101000010001001110001101011111100101100010111010010100010001001101101000101101001111000010101100
7200 0.843465827917 001101110010101110010001101111100010100100110011010100101000011000110000101110111100000010101110101110010010110110110001100111110101010010100011001000011010001111110001101010000111000010101111011100001010101100110000100010011101000110101011111000100000101100110000101011111011010011011001101000010001101100010101011111111001100011111011010100010011111101111000101111010111000010101100
7300 0.843423807793 000101111010101010000001101111111010100100110011110100101011111000010000101010111100001000001110101110010010100110110001100111100101010010100001001000001010000101110001101111010111000110101101011100000010101111110000100010011101000010111011011000101000101100100000101011111011010111001111101000010001001110010101011101100111100010111010010101110001001101101000101101000111000010101110
7400 0.843873169766 000101110010101110000001101111111010100100110011010100101000011000010000101011111100001010101110101110010010110110110100100011110101010010100011001100011010001111110001101111010111000010101101011100000010101010110000101010011101000110111011111000100000101100110000101001111011010011011001101000010001001110010101011011101101100011111011010100010011001101101000101111000111000010101100
7500 0.842859342711 001101110110101010000001101111111010100110110011010100101001011000010000101110110100001000001110001110010110100110110001100111100101010110100000001000001010001111110001101000000111000110101101011100000010101111110000100010011101000110111011111100001000001100100000101011111010010111001101101000000001001110010110011111101111100010111010010100010001101101101000101111000111010010101100
7600 0.842407608998 001101110011101010000001101111110010100100110011010100101010111000010000101010111101001000101100101110011000110111110001100111110101010110100011001010011010001111110001101110010111000110101101011100000010101101110000100010011101000110111011111100100000101100100000101001111111010011001001100000000001001100010101011011101101000010111011010100010001101101111000101111000111000010101100
7700 0.843711971853 001101110011101010000001101111110010100100110011010100101010111000010100101010111101001010101100101110011000110111110001100111110101010110100011001010011010001111110001101110010111000110101101011100000010101101110000100010011101000110111011111100100000101100100000101001111110010011001001100100000001001100010101011011101101000010111011010100010001101101111000101111000111000010101100
7800 0.842436186541 001101110010101110000001101111110010100100110011010100101000111000010000101010111000001010101100101110011010110111111101100011100101010110100011001000011010001111100001101011010111000110101101001100000010101011110000100010011111001110111011111000100000101100100000101001111111010011011001101000000001001110010100011011101111000010111000010100010001101101101000101111000111000010101100
7900 0.843186228254 000101110011101110000001101111110010100100110011010100101000011000010000101010111100001000101100001110010010110110111001100011110101010110100011001010001010001111110001101011000111010010101101011100000010100011110000100010011101000110111011111000100000101100100000101011111110010111001001101000010001001110010100111011101101000111111010010100010001101101101000101111000111000010101110
8000 0.843412207298 000101110010101010000001101111110010100100110011010100101010111000010000111110111110001010100110101110010010110110110101100101100101010010100011001110011010001110110001101011000111000010101011011100000010101110110000100010011101100110111011011100000000101100100000101011111111010010001111101000010001001110011101110011100101100010111010010100010001101101101010101111000111000010101000
8100 0.842549025305 000101010010101110000001101111110010100000110011010100101010011000010000101010111010001000101110101110011010110110110101100111110101010110100011001010001010001111110001101111010111000010101101011100000010101000110000100010011101000110111011111000100000101100100000101001111101010010001001100000010001001110000101011011111101100111111111010100010001101101101000101111010111000010101111
8200 0.842999816734 000101110011101110000001101111110010100100100111010100100000111000010000101010111100001000001000101110110010110110111001100111100101010110100011001000001010001111110001101011010111000010101101011100000010101010110001100010011101000110101011111000100000101100100000101011111111010011001001101000010001001110011101011011101101000110111010010100010001101101101100101111100111000010101110
8300 0.84294700475 000101110010101010010001101111111010100000110101010100101001011000000000101010111100001000101100101110011010110110110011100111100101010110100001001100011010001111110001111011010111000010101101011100000010101010110001110010011101000110111011011000000000101100100000101011111111010011001001101000010001101110010101011011101111000010111010010100010001101101101000101111000111000110101100
8400 0.843133509252 000101110010101110000001101111111010100000100011010110101000111000000000101010111100001010101010101110011010110110110101100111100101010010100011001110001010011111110001101011110111000010101111001100000010101110110000100010011101000110111011111000000000101100100100101011111110010110000001101000011001001110100101011011111101100010111011010100011001101101101000101111010111000010101100
8500 0.843189868202 000101010011101110000001101111110010100000101011010110101010111000010000101010111110001010101110001110011010110110110101100111100101010110100011001110001010011111110001101001100111000010101101001100000010101110110000100010011101100110110011111000000000101100110000101011111111010010001001101000011001001110100101001111111101100010111011010100010001101101101000101111110111000010101100
8600 0.842184727407 001101110010101010000001101111111010100100100001010111101010011100010000101010111100001010101110101110010010110111110101100111100101010110100011001100010010011111110001100010010111000010101101011100000010101110100000110010011101000110111011011000000001101100100001101011111111000011000011101000010001001110000101011011001101100010111011010100011001001101001000101111010111000010101100
8700 0.842983677026 000101010011101110000001101111110010100100100001010100101010111000000000101010111100001000101100101110011010110010110101100111100101010110110011001000001010011111110001101001100111000110101101001100000000101010110000110010011111100110111011111000000000101100100000101011111111010010001001101000110001001110010111001111111101000110111011010100010001101101101000101111010011000010101100
8800 0.84349558735 001100010010101010000001101111111010100100110011010100101000011000000000101010111100001010101100101110000010110111110101100111100101010110100011001110011010001111110001101011010111000010101101011100000010101110110000110010011101000110011011111000100000101100000101101011111111000111001001101000010001001111100101011011000101100010110011010100010001001101101000101111010111000010101110
8900 0.843765394068 000101110010101110000001101111111010100100100101010100101010111000010000101010111100001000100110000110010010110110110101101111100101010110110001001110001000011111110001101011010111000010101101011100000010101010110000110010011101100110111011111000000100101100100000101010111110010011001001101000010001000110111101001011001101110010111011010100010001101101111000101111000111000010101000
9000 0.841035865108 000101110010101110000001101111111010100100100101010100101010111000010001101010111111001000100110100100010010110110110001101111100101010110110001001000001010011111110000101011010111000010101101011100000010101110110000110010011101100110111011110000000000101100100000101010111111010011011001100000010001000110110101001111101101100010111011010100010011101101111000101111000011000010101100
9100 0.842905332496 000101010010101101000001101111111010100010110001010100101010111000010000101010111000001010101100001110000010110110110101100111100101010110100011001010011010001111110001101011010111000010111101111100000010101111110000110010011101000110111011111000000000101100100000101011111110010111001001101000010001101110001101011011001101100010100011110100010001101101101000101111110011000010101110
9200 0.84275951177 000101110010101010000001101111111010100100110001010100101001111000000000111010011110001010100110101100010010110110100001101111100101010110110001001100001010011111110001101001010111000010101101011100000010101100110000110010011101100110110011110000000000101100100000101011111111010011011011101000110001001110110101001011101111100011111011010100010000101101101000101111000011000010101100
9300 0.843326250481 000100110010101111000001101111111010100100100001011100101000111000010000101011111111001000101110101110010010110110110101101111100101010110101001001100000010011111110001101011010111000010001101010100001110101110110000110010011101000110111111111000000000101100100000101011111111010010001111101000010001001110010001011011101101100010111011010100000001001101101000101111010111100010101000
9400 0.841877116733 000100010010101101000001101111111010100100101001011100101000111000010000101011111110001000101100101110000010110110110101100111100101010110101011001110001010011111110001101011010111000010101101011100000010101110110000010010011101000110111011111000100000101100100000101011111111010011001001101000010001101110010001111011101101100010111011010100010001001101101000101111110011000010101000
9500 0.841838837857 000101010010101101000001101111111010100100100001000100101000111000010100101011111100001000101100101110010010110110110101100111100101010110100011001000001010011111110001101011010111000010101101011100000010101110110000010010011101000110011011111000100000101100100000101011111111010011001001101000010001101110001101011011111101100010110011010100010001001101111000101111110011000010101000
9600 0.841068135485 000100010010101100000001101111111010100100100111010100101000111000010000101110111110001010101110101110010010110110110101101111100101010110101001001100110010011111010001101011010111000010101101011100000010101110110000110110011101000110111111111000000000101100100000101011111111000011001001101000010001001110000001111011101101100010111011010100010001001101101000101111010111000010101000
9700 0.841593952818 000100010010101100000001101111111010100100100111010100101000111000010000101110111110001010101110101110010010110110110101101111100101010110101001001100110010011111010001101011010111000010101101011100000010101110110000110110011101000110111111111000000000101100100001101011111111000011001001101000010001001110000001111011101101100010111011010100010001001101101000101111010111000010101000
9800 0.841478745965 001100010010101101100001101111111010100100100011010100101000101000010000101011111000001000100110101110010010110110110101100011100101010010100011001110001010001111110001101011010111000010101101011100000010101110110000110010011101000110101111111000010000101100100000101011111111010011001001101000010001101110011101011111101101000010111011010100010001001101101000101111010011000010101000
9900 0.841484323191 000101010010101100000001101111111010100100100001010100101010111000011000101010111110101000101110100110011010110110110101100111100101010110100001001110001010011111010001101011010111000010101101010100000010101110110000110010011101000110111011111000000000101100100000101011111111010010001001100100010001101110010101011011101101100010010011010100010001001101101000101111010111000110101000
10000 0.841238825666 000101010010101101000001101111111010100100100011010100101010111000011000101010111100101000101110000110010010110110110101100011100101010110100001001110011010011101110001101011010111000011101101011100000010001110110000110010011101000110111011111000000000101100100000101011111111010010001001100100010001101110000101011111101101100010010011010100010001001101101000101111010111000110101100
10100 0.839684165091 000101010010101101000001101111101010100100100001010100101010111000011000101010111100101000101110000110010010110110110101100111100101010111100001001100001010011111010001101011010111000010101101010100000010101110110000110010011101000110111011111000100000101100100000101011111111010010001001100000010001001110000101011111101101100010110011010100010001001101101000101111010111000110101000
10200 0.840710269254 000101010010101101000001101111111010100100110011010100101010111000010001101010111101101000101110110110010010110110110001100011100101000110100011001010001010001111110001101111000111000010101101011100000010101110010000010110011101000110101011111000000000101100100000101011111110010011001001101100010001101110010101001111111101100010110011010100010001001101101000101111010011000110101000
10300 0.840459143164 000101010010101001100001101111111000100100100001010100100000111000010000101110111100001000101110001110010010110110110101100111100101010110100011001110001010011111110001101011011111000010101101011100000000101110110000110010011001000110111011111000000000101100100000101011111111010110101111100100010001101110010001011011101101100010110011000100010001101101100000001111010111000110111100
10400 0.840061861814 000100010010101101000001101111111010100100110101010100111000111000010100101010111100001000001110000110010010110110110001100011100101010110100011001000011011011111110001101010010111000010001101011100001010101110110000100010011101001110011011111000000000101100100000101011111111010110001001101000010001101111001101011111101111100110110011010100010001001101101000101111010011000010101000
10500 0.841382405582 001100010010101000000001101111111000100100100001010100101010111000010100101010111100101000101110110110011010110111110101101111100101010110101011000010011010011111110001101010010111000010101101011100000010101110110000110010011101000110110011111000000000101100100000101011111111010010001001101000000001101111000101011001111111100010110011010100010001001101101000101111010111000110101100
10600 0.841005353514 000100010010101100000001111111111010100100100111010100111001111001010000101010111100001000100101100110010010110110110101100111100101010110100011101110001010011111110001101011000011000010101101011100000010101110110000110010011101000110011011111000010000101100100000101011111111010010001001101000010001101110000101011011101111100010110011011100010001001101100000101111010011000010111000
10700 0.840587610885 000100010010101101000001111111111010100100100111010100110001111000010000101010111100001000100110100110011010110110110101100111100101010110100011001110001010011111110001101011010101000010101101011100000010101110110000110010011101000110111011011000010000101100100000101011111111010110001001101000010001101110000101011011101111100010110011010100010001001101100000101111110011000010111000
10800 0.84107850183 000000010010101000000001101111111000100100100011010100101001111001010000101110111100001000100111001010010010110110110101100111100101010110100011001110000010011111110001101011000111000010101101011100001010101110110000110011011101000110111011111000010000101100100000101011111111010010101101101100010001101110000101011011101111100110110011000100010001001101101000101111110011000010111000
10900 0.841498939554 000100010010101100000001111111110010100100100011010100111000111001010000100010111100101001100110100110011010110110110101101111100101010110100011001110011010011111111001101011010101000010101101011100000010101110110000110010011101000110110011011000010000101100100000101011111111010110001001100000010001101110000101011011101111100010110011010100010001001101101000101111110011000010001100
11000 0.841889065974 000100010010111111000001101111111010100100101001011100110000111000010000101110111100001000100110110110011010110100110101100111100101011110100011001110011010011111110001101011010111000010101111011100000010101110110000110010011101000110110011011000001000101100100000101011111111010110001001101000010001101110000001011011101111000010110011010100011001001101100000101111110011000110101100
11100 0.841935109798 000100011010101101010001101111111000100100100011111100111000111000010000101010111100001001101111100110000010110110110101100111100111010110100011001110001010011111110001101001010111000010101101010100000000101111110000110010011001000110011011111000000000101100100000101001111111010010001001101000010001101110001101011001111111100010110011010100010001001101100000101111011011000010011100
11200 0.84204915245 000100010010101110000001101111110010000100110011011100101000111001010100101110101100001000100111000110010010110110110101100111100101001110100011001110001010011111110001101011000111000010101111011100000010101110110000110010011101000110011011111000011000101100100000101011111111010010001001101000010001101110000101011001101111100010110011011100010001011101101000101111010011000010111100
11300 0.842728608717 000101010010101110000001101111111010100100110011011100101000111000010000101111101100001000100111000110011010110110110101101111100101010110100011001110001010011111110001101011000111001010101101010100000000101110110000110010011101000110010011011000010000101100100000101011111111010010001001101000010001101110000101011011101111100010110011011100010001001101100000101110010010000010111100
11400 0.840739888874 000100010010101100000001101111101010100100100001010100101000111000010000101110111100001000001110000110001010110110110101100111100101010111100011001110001010011111010001101011010111000010101101010100001010101111110000010010011101000110111111111000000000101100100000101011111111010110001001101000010001101110001101011011101111000010110011010100010001011101101000000111111011000110011100
11500 0.841032143365 000100010010100101000001101011111010100100110011010100101001111000010000101011111100001000101111100110010010110110110101100111100101010110100111001110001000011111110001101011010011000010101101011100000010101111010000010010011111000110111011011000010000101100100000101011111111010011101001100000010001101110000001111011101111100010110011010100010001011101101000001111010011000010111100
11600 0.841285784238 000101010010000000000001101111110000100100100011010100101001111000010101101010101100001000100110100110011010110110110101100111100101010110100011001110001010011111110001101011010111000000111101011100000010101111110000100010011101000110111011011000000000101100100001101011111011010010011001101000010001001111011101011011111111100010110011010100010001001101101000101111010011000010111100
11700 0.840725070661 000100010010101100000001101111110010100101110000010100101000111000010000101010111100001000000111000110011010110110110101101101100101010110100011101110001010011111110001101011000111000010001101010100010010101111110000100010111101000110110011111000000001101100100000101011111111010011101011101000010001001111000101011011111111100010110011010100010001001101101000101111010011000010111100
11800 0.840728076191 000100010010100111000001101011111001000100100001010100101011111000010000101010101100001010101110100110011010111110110101101111110101010110100011001110001010011111110001101001000111000000101101011100000010101111110000110010011101000110111011011000000000101100100000101011111111010010011001101000010001001010011001111011111111100010110011010100010001011101101000101111011011000010011100
11900 0.84070937998 000100010010100110000001101011110000100100101111010100100011111000010101101010101100001000101110100110011011110110110101100111100101010110100011001110001010011111110001101011000111000000101101010100000010101111110000010010011101000110111011111000010000101100100000101011111011010010001001101000010001011110011101001011111101100010110011010100010001001101101000101111010011000010111100
12000 0.840375490747 000101000010101110000001101011111000100100100011010100101001111000010000101010111100001000101111000110011010110110110001100111100101010110100011001110001110011111110000101011000111000010101101011100100010101110010000000010011101000110011011111000000000101100100000101011111111010010101001100100101001101110000101111011111111100010110011010100010001001101111000101111010011000010111100
12100 0.84120801616 000111110010101110000001101011110011100100111011010100111001111000010000101010011101001000100111000110011010110110110101101111100101010110100011101110001010011111110000101010000111000010101101011100000010100110010000110010011101100110110011111000000000100100100000101011110111010110001001101000010001101110010001011011101111100010110011010100010001001101101000101111010101000010111100
12200 0.840735020564 000111010010100111000001101111110000100100111011010100101001111000010000101011111100001000100100000110011010110110110101100111100101010110100011001110001010001111110001101011010111000010101101011100000010101110010000100010011101000110111011011000010000101100100000101011111011010010001101100000010001101110000101111011101111100010110011010100010001001101101000100111010011000010111100
12300 0.839857334997 000101010010101110000001101011111010000100100011010100101001111000010000101010111100001000111111000110011010110110110001100111100101010110100011001110001010011111110001101011000111000010101101011100100010101110010000000010011101000110011011111000000100101100100000101011111111010010101001101000001001101110010101111011111111100010110011010100010001001101011000101111010011000010111100
12400 0.840235161679 000001010010100111000001101011110000100100111110010100111001111000010000101010111000001010100110010110011010110110110001101111100101010110100011001110001010011111110000101011000111000010101101011100000010101110110000110010011101000110111011111000000000101100100000101011111011010010101101101000010001101110010101111011101111100010110011010100010001011101011000100111010011000010111100
12500 0.84041477425 000101010010101110000001101011111000100100101011010100101000111000110000001011111100001000100111100110011010111110110101100110100101010110100011001110001010011111110001101011000111000010101101011100000010101110010000010010011101000110011011111000000000101100100000101011111111010010101001100000100001101110010101111001111111100010110011010100011001001101101000101111010011000010111100
12600 0.839999030417 000101010010101110000001101111110010100100111001010100101001111000010000100011111100001000001110000110011010110100110101100011101101010110100011001110001010001111110001101011000111000010101101011100000010101110110000010010011101000110011011111000000000101100101000101001111111000110001101101000000001101110010101111011111111100010110011010100010001001101001000101111010011000010111100
12700 0.840320466076 000111010010101110001001101111110010100100110000010100101001111000010000101011001100001000101110000110011010110110110101101111100101010110100011001110001010001111110001101011000111000010101101011000000010101110110000000010011101000110111001111000000000001100100000101011111111010011001001100000010001101110010101111011111111100010110011010100010001001101101000101111010011000010111100
12800 0.839521948509 000100010010101100000001101111111000100100111001010100101001111000010000101011111100001000101110100110011010110110110001111011101101000110100011011110001010011111110001101011000111000010101101011100000000101110110000000010011101000110011001111000000000101100100000101001111111010011001001101000010001101110010101111011111111100010110111010100010001001101101000101111000011000010111100
12900 0.839571250283 000111010010101110000001101111110000100100111001010100100001111000010000101010111100001000101111100110011010110110110101100110100101000110100011001110011010011111110001101010000111000110101101011100000010101110110000000010011101000110011001111000000000101100100000101011111111010011011001100000010001101110000101111011111111100010110011010100010001001101101000101011010011000010111100
13000 0.840537849659 000101010010101110100001101111111010100100110001010100101000111000010000101010111100001000101110100110011010110110110101101110100101010110100011011110001010011111110001101011010111000000001101011000000010101111110000000010011101000110011011111000000000001100100000101011111111010010001001101000010101101110010001111011111111100010110001010100010001001101101000101111110011000010111100
13100 0.838723332488 000101010010101010000001101111111010100100110001010100100000111000010000101010011100001000101111000110011010110110110101101111100101010110100011001110001010011111110001101011010111000010101101011100000000101111110000000010011101000110011011111000000000001101100000101011111111000010001001101000010001101110010101111011111111100010110001010100010001001101101000101111110011000010111100
13200 0.840857951563 000111010010101010000101101111101010100100110001010100100000111000010000101011011101001000101111010110011010110111110101101111100101010110100011001110001010011111110001101011010111000010101101011100000000101110110000000010011101000110111011111000000000001100000000101011111111000010001001101000010001101110010101101011101111100010110001010100010001001101101000101111110011000010111100
13300 0.839396884546 000101110010101110000001101111111010100100110001010100101010111000010000101010011101001000101111001110011010110110110111111111100101010110100011001110001010011111110001101011000111000010101101011100000000101101110000000010011101000110011011111000000000101100100000101011111111000000101001101000010001101110010001101001110111100010110011010100010001001101101000101111000011000010111100
13400 0.840495723205 000111010010101010000101101111111000100100110001010100100000111000010000101010011101001000101101000110011010110110110101101110100101010110100011011110011010011111110001101011010111000010101101011100000000101110110000000010011101000110111011111000000000001100100000101011111111010011001001101000010001101110010001111011111111100010110011010100010001001101101000101011110011000010111100
13500 0.841988205548 000101010010101110000001101111111000100100110001010100101001111000010000101010111100001001000100000110011010110110110101101110100111010110100011001100101010011111100001101011010111000010101101011100000010101111110000000010011101000110011011011000000000101100100000101001111111011011001001101000010000101110010101111011111111100010110011010100010001001101101000101111111011000010111100
13600 0.841762603153 000111010010101010000001101111110000100100110001010100100000111000010101101010011101001000101101000110011010110110110101111111100100010110100011011110011010011111110001101011010111000010101101011100000000101111110000000010011100000010011011111000000000101100100000101011111111000011001001101000010001101110010101111011111111100010110001000100010001001101101000101111000011000010111100
13700 0.840729166588 000101010010101110000001101111110010100000110001010100101000111000010000101010111101001000101110000110011010110100110101101011100101010110100011001110001010011111110001101011010111000010101101011100000010101111110000000110011101000110011011111000000100001100110001101011111111000110001011101000010011101110000101101011111111100010110011010100010001001101101000101111010011010010111100
13800 0.841214905307 000101010010101110000001101111110010100000110001010100101000111000010000101010111101001000101110000110011010110100110101101011100101010110100011001110001010011111110001101011010111000010101101011100000010101111110000000110011101000110011011111000000100001100110001101011111111000110001011101000010011101110000101101011111111100010110011010100010001001101101000101111010011010010111110
13900 0.840798727549 000101010010101110000101101111111010100000110001010100001000111000010000101010111001001000101110000110011010110100110101101011100101010110100011001110001010011111110001101011010111000010101101011100000010101111110000000010011101000110011111111000000110001100110001101011111011000010001011101000010001101110000101111011111111100010110011010100010001001101101000001111111011000010111110
14000 0.838459151798 001101010010101110000001101111111010100000110001010100101000111000010000101010111101001000101110000110011010110100110001101011100101010110100011001110011010011111100001101011010111000010101101011100000010101111110000100010011101000110011011111000000000001100110000101011111011000110001011101000010001101110000101111011111111100010100011010100010001001101101000101111111011000010111110
14100 0.84000316885 001101010010101110000011101111111000100100110001010100101001111000010000101010111101001000100110000110011010110110110001101011100000010110100011001110011010011111110001101011010111000010101101011100000010101111110000110010011101000110011011111000000000001100110000101011111011000111000011101000010001001110000101111011111111100010100011010100010001001101101000101111100011000010111110
14200 0.84038648926 000101010010101110000001101111111010100100110001010100101000111000010000101010111101001000101110000110011010110100110001101011100100010110100011001010001010011111110001101011010111000010101101011100000010101111110000100010011101000110011011111000000000001100110001101011111011000010001011101100011011111110000101111011111111100010100011010100010001001101101100101111111011000010111110
14300 0.842319253502 000101010010001011100001101111111010100101110001000100101000111000010100101010111101001000101011010110011010110110110101111111110101010110100011011110011010011111111001101011000111000010101101011100000010101011110000100010011101000110101011111000000000101100100000001011111111010010001001101000010001001110000101101111111011000000110001010100010001001100101000101111110011000010111100
14400 0.841658865516 000101010010101110000001001111111010100100110001011100101011111000010000101010111101001100100110000110011010110010110001101011110101010100100011001010001010011111100001101011010111000010111101011100001010101110110000100010011101000110011011111000000000001100100000101011111011000110001011101100010001001110000101111011111111100010110001010100010001001101101000101111101011000010111110
14500 0.842007708466 000101010010001110000101101111111010100100110001010100101011111100010000101010111101101000001110000110011010110110110101111011100101000110100011001100001010111111110001101010000111000010101101011100000010101111110000100010011101000110011011011100000010101100100001101011111001000011001011101100010001001110010101111011111111100010110001010100010001010101001000101111010011100010101100
14600 0.839546479282 000101010010101110000001101111111010100100110001010100101001111000010000101010111100001001001110000110011010110110110101111011100101010110100011001000010010010111100001101010000111000010101101011000000010101110110000010010011101000110011011111000000010101100100001101011111111000011001011101100000001101110000101111011111101100010110011000100010001001101101000101111000111000010111100
14700 0.841278876712 000101010010101110000001101111111010100100110001010100111000111100010000101010111101001001001110000110011010110110110101111011100101010110100011001000000010011111110001101011010111000010101101011100001010101110110000100010011111000110011011111000000000101100100001101001111111000011001011101100000101111110010100011011110101100010110001010100000001001101101000101111000111000010111100
14800 0.839878641734 000101010010101110000001101111111010100100100001010100101000111000010000101010111100001001001110000110011010110110110101111011100101010110100011001000000010010111100001101010010111000010101101011100000010101110110000000010011111000110011011111000000010101100100001101011111111000011001011101100000101101110010100011011110101100010110011010100010001001101101000101111101111000110111100
14900 0.841145031823 000101010010101110000001101111111010100100110001010100101000111000000000101011101001001000101110000110011010110111110101101011100101010110100011001000010010011111100001101011000111000010101101011100000010101110110000110010011101000110011011011000000010101100100001101011111111000111000011101100010001101110000101110011111111100010110011010100010001001101101000101111110011000010111100
15000 0.841372323069 000101010011101110000001101111111010100100110001010100101000111000010000101010101100001000101110000110011010110111110101111011100101010110100011001000000010010111110001101011010111000010101101011000000010101110110000100010011101000110011011011000000110101100101001101011111111000111001011101000000001101110010100011011111101000000110011010100010001001101101000101111100111000010111100
15100 0.841488433766 000101010010101111100001101011111010100100100001010100110011111100010000101010111101001000001110000110011010110100110101101111100100010110100010011010011010011101100001101011000111000010101101011100000011101110110000100010011011000110011011111100000000101100100000101001111111000011001111101100010001001110010101110011111101100010110011011100010000001101101000101111010011000010111110
Mejor resultado: 0.838459151798 001101010010101110000001101111111010100000110001010100101000111000010000101010111101001000101110000110011010110100110001101011100101010110100011001110011010011111100001101011010111000010101101011100000010101111110000100010011101000110011011111000000000001100110000101011111011000110001011101000010001101110000101111011111111100010100011010100010001001101101000101111111011000010111110
