200 0.941132908816 111000000001110111001101111101110011111101110011001011100010010100011110011010100111010011010111010000111110100010000111100111011101000100011001101001111101110111100111111010101100010110001100011000110111101001010001111000011111101100011101100100100011001001001110100011110000011001110111010111011111001110001010001110111000001010011001110100001110000101111111101111111110100000110101
300 0.934860681604 111010011011110111110100010111110100101011110011011101010001101101111100010011111111011011011011010000111000000111000111110110111011110110000100011000100010010111100100000111011100011001110101001011001111100110011010110000010011111101010101101111100011011100011101000111110001010110100010111011011110001111001111010110110110000111011011111101001001000100101111011111111111111000100010
400 0.914649949451 110011011011111100111100110111110101101111010000001101000001101101010100100011111111111011011001000100110000000110000111110110101111110110000101011000001010010011110100000100011110011111110101011001001111000110010011111110010111111101011101101101111011011101111001000111111011010011101011011010110110001110001111110101100110000111011010101100001001100111001101001111010110011010111011
500 0.899026511652 110001111011110000110101011111110011001111001000110101110001111101111101100011011101110011011111101100010101000110011111110110011101110110001111001100001110010001110101000100011100001110100111011101101100000111011011011111110101101101010101111001110001001101100001000111010011001111101011111010100110101110001111110101101110010110011010011100111001101111111101001111010110011110111011
600 0.901082402338 111011010011100000111101110111111110111101110001101110010001101101000100100111001100110011001110010110111111010101000111111111101101110011100101001010000010110110111111100111001011011111101100111001001011100110111001111110111011111111110001100000111101001000101100000111110010001010101011011001011111100111100101010101101110001100010011100101011001011011111100000110110011011010001010
700 0.893962619709 101100011011110111110101011111100110101110010000110101110001011101001100110010011101111010010000100110110011111100110101110110000111110110110100011010100100011101101010000111011111110011110101011101100110100010011011111001100011101011011011111111101101010000110000001111100111111111101011001000001011010110001101000100110111101011110011110100011001100100000101101110000110011000111110
800 0.88993082125 111000010100111011111101110111110010111010100011111110101011111101000110100111011101110011001110000111111010011111110111110110111101111101100101001010100111000111010000111110001111111011101101011011001100010010011011111010010011100111010001101010111001111000010001001111110000010110101001110000110111100110001001100110101010000110111110111111010111111011001110001111011001001110011010
900 0.888204019939 111010011011101011100101101111110010011100010001010101110101001100101100001110111111111010111111111111101011110110111111111110111000100101110111001000100100000011111000000111100101010110101111010111111000100110011001111101011011100000010001100011110001111110100001111011111011100011101111101000010110110110101110010110010111010101111111010110111011100111100011101001110111000110111010
1000 0.887756791916 011001011011110001110100110111100011101110011011111001101001111110000101001011101111111011011110111110111111110101000100110110100111110111011111001010100111100101101111100101111101110111001001011110000100111110011000111010111110101111010101111100110001000100000000110111110101111010101011111000001000000110001101011101111111100111000010111101011001010100001101001110000110010110101010
1100 0.882244076934 111010011010111011111001101111110000011101110001111011011000101101111100001110111101110011111100111011101011110101110101110110010000110110011111011111100011010011101001101111011101111000100111110000001000100010011101010111011011000100010010111000110000111110101000101011111101010111101011101110010100101110101101111011000111010110110011110100111001000111100001101000000111000110111110
1200 0.880594177911 111100011010110011010100101111100010001111010001111101101101111101000101100011111000111010111110100101111010010111110111110110010011110010011111011100100111011101100001100111010101101110001101010010011111111110011000011011010101101111010011111001111011000100101000001011110001001110111011001001011101100110001101011101111111110111100001111101000001000100101100000010110110010110111010
1300 0.877988199551 111100011110011010001100101111111011101011110001111101100001011101001100001100111101100010111110011110010011111100010110111101110101110110001111010010100000010011100111101100111111111111101101010010100101100110011000101110011111000101010011011001100001111100010001111011110101000011101011111000010001111110001101011100000111100010010010010111001001100110101101101111001011000100101110
1400 0.876646214825 110100011011110011100101111011110011101111110001100101010000101101110101000110011101101011011110011111101011110101000001110100100011110111110111010010100011000011111001101111011111110010101101011000001000101010011001111111111101100110000010111001011001010100010000101011110101011111101011101010110100100110001101111001100111110110110011110101101001100101101011101110000010000110111110
1500 0.877331994801 111000111010110011010100101111100010101111111000111000101001111110100101001011101101110010111110001100111011110100111101111111110111111100111111011111100111001111111001101111111111000010101101011110001110000100001001101010011111000010000001111100110001110100110000111011110101110111101011110000001100100110000101011111001111010010010010111101011101000101011000001110000011001110111110
1600 0.874842393686 111000011010010100000100110111110011100101110001110101101001111101000101000111111011111010111110011110011011110111000101110110110111111110110111001010110011000010100001101011010111001011100111011000000000101110011001010011110111000111000110111000000001101110010001001111110001110011101011101001011100101110101101111011101111111110111010110110011011110101001101001011100010000110111100
1700 0.873989841994 111001011111110011010100110111100011101101111001110101001001011101100100101111101111110010110110001111011011110101110101111111110101111110100111001110100010000111100001101111010111010010101111010010000000100100011001101110010101001111110010011010110000101100110000101111110001011111101001100000010110101110101101011011000111010110011010101110011111010101001001001010100110010110101100
1800 0.869533906625 111100011010100001000100101111110110100111010001111101101011101100000100100011001011100010110110011110011011110111110101111111100011111100111011010010100110010101110001101110111111101011100101000110100111010110111001110010010101100110000111111000010001111100110000111111110001010110101011001010111001101110001101011001110111101010010011010100011001100110001100101100001010010010101110
1900 0.872819149798 111101011010100001000100100111110110100101110001111001111011111110001100101011101111100010110100011110011011110111010101111111100011111110101011010110000010010101110101101110111111100111100101001100100110000100101001110010110111100110000111111000110001111100110000111111110101010110111000001000111001101110001101011001010111000010010011110100011001010110011110101111001010000010101110
2000 0.87047759498 111010111011111111010101101111010011100111110011111100100000111101000100001010111011010010110100011110011011010110111111111011000001111111100101001010000010000111110011101111110011101010101111011110100110101110010001010010111111000010110011011100000001110100110000001111110001101110001001111000011100100111101101011101111111110010010010100101011001100101101000000110101011000110101110
2100 0.868944557506 111100011010100001000001100011110010100101110011110101100001111100001101101011001011110010111010011110111011110111010101111111110101111110101111010010010010100101110001101110110111111011111101011000001101001110001001010011111111000110000011011000011001101100010001101111110001000111011011001000111011101110011101011111100111101110110010010100011101000110001000101110101110000010111110
2200 0.868200865634 111101011010110001010100100111110110100100110001110101111001111110000100000110101101000010110110011110011110110111010101111111110111111110101011011110100010111111110001101110111111100111111101011110000110001100001001100010011111101110100111111000110001111000010000111011110101010110100011000010011011101110001101011001010111000110000010011100011001010110101100101011001010000010111110
2300 0.867015294285 111000011010100101000000101011100011100101100001111100111001101101000100001111111011011010111110011110011010110110011001011111110101110110101111010110110010110101110001101010101111011010101101110110101000101110001001001011010111000110000011111000100001101100110101111001110001011110010011001000011111100110011101111011110111100110110011011101011001000100001101001111101110001010111110
2400 0.864578400137 111001011010100001000001101111110110101101110001111001101001111101000100100000101101111010110010010110001010110110110101111111110111111110111011010110100110000110100001101010111111000111111101011110001110101100010001000010010111000110110011011000110001101100010000111111110111010010101111001000011001101110001101011101000111100110010010111101010001010101001100101011000011000110101110
2500 0.863711346842 110100011010000101000001101111110110101101111001111101101011011100110000000010101101111010111010011110001010110110110101111011010101111110110111000110100110001110100001101111100111000011101101011110001110001100011001000010011111100110110011011000110001111100110000001111111111010011110011001001010001101110000101011100001111000110010010110101001001110101001100101011000111000110100110
2600 0.86055584031 100100011010100101000001100110010010101101100001111101111111011101010101101000111101101010111010011110001011110110110101111111100101111110111111001110100010000111100001101011110111000011101101011000001110101100011001000010111101100110111011011000111001111100100000001011111111010110101011001000010000101110011101011101001111000111110011111100010001100101001000001010000110000110101110
2700 0.860485019139 111100011010100101000001100111010010001101100001111101111111011100010100101010111101001010111111010110011011110111110101110110000101111110111111001110100010000111110001101011110110000011101101011100001110100111011001000010111101100110110011011000100001111000100000001011110111010110101011100000010110101110011101011101101111000111100011101100010001100100001000000110000110010110101110
2800 0.861070634744 111000011010100111010001101010110010100101110001110001101011111100000000001101111101101000110010011110011010110110111101111111110101111110110011011110000010000001110001101010010111110010111111011110001110000110011001101011010101100110000011111000110011101100000000001111110111010010101011101000010100101110001101011001100111100110110011110101010001000100001110101111100011000110111110
2900 0.858543727477 111000011010101101010101101111110010100100110001011001101011011100100000001101111101000010110010011110011010110110110101111010000101110010110011001110011010100101110001101010011111110010101101011110001110100110011001111011011111110110000011011000110011001100000000011111111111010010101011101100010111000110001101011011100111100110110011010100010001000100001100101011101011000110111110
3000 0.859978725871 111000011010110101110001101111110011000101100001011101111001101101010100101010111001001010110110010110111010110111110101111111110100111110111011001110100011001110110001101011111010000010111101011100001100001110010000001110011101100010110001011000100001110110100000001011110101010110101011100000011000011110101101011101011111000110110010111100110001000101101100101011010111000110111100
3100 0.858133703381 111001011011111001100000101111010011100100100001011101111011011100000000101011111101000010110010011110001010110111110101111111110101110010100111001110100010000101110001101010111111010010100111011100001110100110011001101010011101100110100011111000110001011111100000000011111101010110101111101000010010101110001101011101110101100110010011011100010001000100001100101011100111000110011110
3200 0.856186076709 111110011010100001000001101111110010000100110001010101100001101001000101101010101111001010111110110110111010110111010101110111100101011110100011011110100011001111110001101110110110000011101101011100001100101110011001001100011111100110110001011000000000101100100000001111110011000111101011000000011000001110101101111101011111100110101010011100010001000101001010101111010111000110111100
3300 0.856056894886 111000011010100001000101101111110010100110110001010000101000111100110000100000101101101010111011010110011010110110010111110011100101110110100111101010100010011111111001101110110110000010111111011110001110101100010001100011010111000110000011011000100001101101110000001011111111100111111011111101010010001110001100011101100111100110110011000101010001000101001100101111000110000010101110
3400 0.854962893539 110100011010100001000101101011110010000100110001010001101000111100110100101100101101101010111111010110111010100110110101110011100101010110100111101010100010001111111001101110110010000010101101011110001110101110010001101111010111000110000011011000100000101100100000001111111111100111101011100100010001001111101101011001111111100110110010111100010001000101001100001111100110000110101100
3500 0.853951338801 111000011010100101000001101111110010100100110001010001101001001100010100101010100101100010110110010110011110110110110101111011110101010110100111101111001000011111111001101010010110000010101101011100001110101110111001100011010101100111100011011000010001101100100000101011111011100110111111101100010010101110001100011101100111000110110011111001011001000101001100101011000111000100011111
3600 0.854821431039 111001011010101111010000101111110010100000101001110011111101100100000000101010111111000010100110010100011010100110110101111111110111110110100111111110000100001111111001101010110110000010101111011100001110111010011001001010010111101110000011011000100001101101100000001011111111000110111111101100010101001110001101011101100111000110110011011000010001000101001000001111100011000110101100
3700 0.853171990885 111011011010101111010000101111110010100000100001010001111001101100000100100010111101000010010110010100011010111110010101111111110111110110100111111110100000001111111001101010010110000010101111011100001110101010011001101010010111100110100011011000110001101100100000001011111111000110111111101100010001101110001101011101100111000110110011011000010001000101001000001011000011000100101100
3800 0.851219594902 111100011010000001000001101111110010100100111001110100101001001100010100101010111111100010110110000110011010100110110101111011110111010110100011001110001010011111100001101010110111000011101101011100001110100110010001110011011111100110000011011000010000111100100000111011110011000110111101001100010000001110001101011111000111100110110111011101111001000100001100101011100111000110001110
3900 0.852432977521 011001011010101111100000101111110010100101110001010111100001101100010000101100111110100010100110010111011010110110110101111111110101010110100011111110100010001111111001111010110110000010101111011100001110100010111001100010010101000110001011011000010001101100100000101011011111000110101011000100010001001110001101011101000110100110110010011100011001000101000110101111010111000110111000
4000 0.850812297311 111001010010100011100001101111110010100100110001110101100001101100000000100010111111100010111110010100011010100100110101111011100101010110101011001010000010001111100001101010110110001010101111011101001110101110011001101010011111100110001011010000010000101100100001101011110111000110111011110100010001001110011101011001100101100110111010011000011001100101001100001111010111000110101110
4100 0.850788754091 111101010010100111100000101111110010100100110001010101101001101000010000100010111111100010111110010100011010100100110101111011110101010110100011001010100010001111100001101010110110000010101111011100001110100110111001101010010111100111011011010001100000101100100000101011011111001110101011100100010001001110111101011001100111100110111010011100011001100101001100001111000110000110101110
4200 0.849761622632 011101010010100111100001100111110010100100110001010100111001101000010000100010111110000010111110010110011110100100110101111011110101010110100011001010100010011111101001101010010111000010101111011100001110100110111001101010010111100111001001010000100000101100100000101011111111100110101011100100010001001110111101011101110101100110111011011100011001100101001000001111000111000110101110
4300 0.851163785995 111000010010100001000001101111110010100101111001010101101101111100010100101010111101100010110110010010011010100110110101111011100101010110100011101110000010011111111000101010010111000010101111011100000110101110011001111010010101100110001011011000001000111100100000101011111001000110111101001100000010001110001101011101100101100110110011111101011101000100001000101111000111000110111110
4400 0.850017333382 111001111010100001100001101101111000100101100001010111110001001100000000000000001111101011110110110100011010100110110101111011100101010110100111101110000010001111110001101010111111000110101001011100001000101010011001100010010101100010001011011000010001101100100000111011111011000110101111010100000101001110101101011101100111100110110010011100011011010100001100101111101111000110111100
4500 0.850106343018 011001011010101011010001101111110010100100110001010101101001011100110100101010100101000010110100010000111010100110110101111011110101110110100011011110000111011111110001101110010111000010101111011100000110100110111001100010010101000110000011111000000000100100100000101011110001000010111101101100010101001110001101111101100111100110110010011100011001010101000100101101100111000110111110
4600 0.849952608756 110101010010100111000001101111010010100100000001100101110001011000010100111010110101000010100110110110011010110110110101111011010111010110100011101110000010011111111001101110011111000010100101011100001111101010010001110010010111101110100001111000000001111100100000101011011011000110111011100100010011000110011100011101110111100110110011011100011001000101001000101001100111000110111100
4700 0.849932370573 110100010010100101100001101111111010100100101001100101110001111100010100101010111101100010100010110110011010100110110101111011110101010110100011101110000110011111110001101010011111000010101101011100000111101110011011110010010101100110000001111000000001111100100000101011011000000110111001100100010010001110011100111101100111100110111011111100011001000101001000101001100111000110111100
4800 0.849820862923 000101010011100111110001101111010010100100100001110100000001001000000100111010110111000010110110010110011010110110111101110011111111010110100111001110000010001111111001101010111110000010100101011110000110101010011001101010010101100110100001011000000001111100100000101111111011000110101111110100010101000110010101011101110111100110110011011100011001000101000000101111001111000110111110
4900 0.849832340244 101001010010101101100101101111111010100100111001100101110001101000010000101010011111100010100110110110011010100110110101111101100101010100100011101110000010111111110001101010010111000010101101011100001111101010011001110110010101100110100011101010000001111100100000101011011110000110111001100100010011001110010100011101100101000110110011111000010001100101000000101111001011000110111100
5000 0.848129724317 001101010010100101100001101111000010100100110001110101100111001000010100110010011101100010100110010110011110110110110101111011100101010110100011101110100110001111010001101000011111000010101111011110001010101110010001100010010101100110100011011000000000101100100000101011111011000111101101000100010000001110011101001101100111100110010010111101011001100101001000101111100111000110111110
5100 0.848076076805 011100010010101101100001101111111010100100111001111101111001101110010000101010111111100010110110110110001010100110110101111001110101010110100011101110000010011111111001101000100110000010101101011100000110101110011001010010010001100110000011010000000001111100101000101011111011000110101001001100010101001110000101011101100101100110111011111100010001001101000000101011100111000010111100
5200 0.84750844964 011100010010101111100001101111101010100100111001011100110101101000010100101010111111100010100110010110011010100110110101100001100111010100100011001110000010001111110000101000111110000010100101011100000110101010011001011010010101100010000001011000000001101100100000101111111011000110101111000100010101001110001101011101110111100110110111111100010001000101001000101111101111000010111100
5300 0.848836593118 001101011010101101100101101111111010000100111001010101111001101000010001101010111111000010100110010110011010111110110101101101110111011110100011001110000110001111111001101010000111000010001101111100000110101110011001110010010101100110000011011000000000101100100000101111111001000110100001101100000111000110001101011101100111100110110011111100011001000101001000101110100011000110111100
5400 0.847738304433 001100010010100111000001101110111010100100111001111100100101101001010101101010110111100010101110010110011010100110110101110001110111010110100000001110000010001111110000101010111111000010100101011100000111101110011001110010010101000110000001011000000001111100100000101111110011000110101011101100010101001110011101011101100111100110110011110100011001000101001000101111101111000010111100
5500 0.848659182125 100100010010100111010001101111111000100100111001010101101011111100010001101010111111100010101110000110011000110110100101111010110101110110100111001110000010011111110001101010100111000010100101011100000111101010011001010010010101000110100011011000000001011100101000101011111011000111101001000100010011001110001101011101101111100110100011001100011001000101101000101011100111000110111110
5600 0.846960668282 010001010010101111000001101111111000100100110001110101100001001100010001101010111111000010100110010110011010110110110101101101100111010110100011001110001010011111111001101110011111000011101101111100000110101110011001110010010101100110000011011000000001101100100000101111110011000110100111100000000001001110001101011101100111100110110011011100010011000101000000101111100111000010111100
5700 0.847334678891 001001011010101111000001101111111010100100110000110101101001001100110000101011111111000010100010010110011011110110110101101101100101010110100011001110000010001111111001101010010111000011101101111100000110101110011001110010010101100110100001011000000001101100100000101111110001000110110111101100010001001110001101011101100111100110110011001000010001000101001001101111100111000010111100
5800 0.846166490563 101101011000100111011001101111111010100100111001010100100001101000010001101010111111000010011110110110011010100110010101111001110101010110100011001010001010001111110001101010000111000010101101011110000110101011010101010010011101000110001011011000000001101100100000101011110011000110101001101100010001001110011101111101100111000110110011111100011001100101001000101111110011000010111100
5900 0.846568279611 001001010010101111000001101111011010100100110000110101100001001100010000101010111111000010100110010110011010010110110101111111100111010110100001001110000010011111111001100010010111000011101101111100000111101010010001110010010100100110100001011000000001111100100001101011110011000110111111101100000001001110011101011101101111100110110011000100010011001001000000101111110011000010111110
6000 0.846165618918 001001010010100111010001101111111010100100111011010101110101111000010001101010111101000110100110010110011010100110010101101011100111010110100011001110000110011111101001101010001111000010101101111100010110100010010001110010010101100110101001111000000000101100100000101111110011000110101001001100010001001110011101011101100111100100110011011100010001100101000000101111100111000010111100
6100 0.845221479741 000001010010100111110001101111111010000100111011010101111011011100010001101010111101000010100110010110011011100110010101101101110111010110100011001110000010011111110001101010001111100010101101111110000110100110010001110010010101100110101001011000000001101100100000101011110011000110101001100100010011001110010101011101100101100110110011011100110001100101000000101111100011000010111100
6200 0.84629678155 000001010010000111000001101111101010000100110001010100110001011100010001101010111111000011100110010110011011110110110101101101100111010110100011001010000010011111110001101000001111100010101101011100000110100111010001110010010101100110001001111000000001101100100000101011110011000110110101111100010011000110011101011101100111100110110011111100110001100101000000101111110011000010111100
6300 0.846294017242 000001010010100111010001101111111010100100110001010100111001011000010001101010111111000011100110010110011010110110110101101101100111010110100011001010000010011111111001101010011111000011101101111100000111100111010001110010010101100110000001111000000000101100100000101011110111000110100111010100010011001110011101011101100111100110100011110100010011001101100000101111100011000100111100
6400 0.844577181496 001001010010101111000001101111111010100100110101010101100011101000011001101010111111000010101110010100011010100110010101100111100101010111100011001010000010011111110001101010010111000010100101011100000010101111010001111010010101100110100111111000000000101100100001101011110011000110101011101100010011001110001101010101110111100110110011001100010001000101000000101111101111000010111110
6500 0.843936378481 001001010010101111000001101111111010100100110001010101100011101100010001101110111101000110101110010110011010100110010101100101100101010111100011001110000010011111111001101010010111000010100101011100000010101111010001110010011101100110100011111000000001101100100000101011110010000110101011101100010011001110001101010101110111100110110011001100010001000101000000101111100111000010111110
6600 0.845206537678 001101011000101111000001101111101000100100110001110101110011001000010000101010111111001010101110010110011110110110110101101101000101110110100011001100001010011111100001101010001111000010101101011100000111100110011001110010010101000110100111111000001000111100100000101011110011000110101011100100000011001110011101110101100111100100100011010100010001000101000000101111101011000010111100
6700 0.845129310243 001101010010101101010001101111111000100100110001010101100001011000010001101010111111000000101110010110011110100110110101111111100101110110100011001110000010011111110001101010010101000010001101001100000111101110011001110010010101100110010001111000000001101100100011001011110011000110101011100100010011001110001101010101110111000110110011010100110001000101000000101011100111000010111100
6800 0.845272554173 001001010010101111000001100111111000100101110101010101100001011100010001101011101101101010101110010110011010100110100101101111100101010110100011001110100010011111100001101000010111001010000101011100000110101110010000110010010100100110000011111000000001101100100000101111110010000110101101100100010011001110001101011101100111100110110011010100110001000101000000101111100011000010111100
6900 0.84594603128 011101110010100111010001101111111000100100100001010111100001011100010001101010111111010010101010010110001110100110110101111101100101010110100111001010000000011111100001101010011101000010101101001100000111101110010000110010011101101110000001111000000001101100100000001011111011000110101011100100010011001110001101011101100111000110100111011100010001000101000000101111110111000010111100
7000 0.845412127094 001001010010101111000001100111101010100100110101110101110001011000010000101010111101100010101110010110011010100110110101101111100101010110100011001110000010011111110001101010010111000010001101011100000111111110010000110010010101100110000111111000000101101101100000101111110010000110101101000100010010001110001101111101111111000110100011010100011001001101000000101111110011000010101110
7100 0.845015691819 001101010010101111010001101111101000100100110101010100100001011011010000101010111111100110101110110110011010110110010101101101100101010110100011001110100100011101110001101010010111000011101101001100010110101110010000000010010101100110000011111000000000101100100000101011111011000110111011001000010011001110001101010101101111100110100011110100010001101101000000101111100111000010111100
7200 0.845527923826 011101110010100111000001101111111000100100110001010111111001001000110001101110111111000010101110010110011010100110110111100111100101010110100011001110000000011111100000101010100111000010111101011100001110000110110010110010011100100110000011111000000001101100100001001011111011000010101111101100010011001010001001101101100101100110110011010100010001000101001000101111000011000010111110
7300 0.845668673164 001101011010100111010001101111111010100100110001010101101001001110010001101010101101100010101110110110011010110110010101111111110101010110100011001110000010011110000000101010010111000010001101011100000111100110011000110010011101100110000001111000000001101100100000101011110011000110101100111100010011001110000101110101100111100110110010011100110001001101000000101111100011000010111100
7400 0.845286244518 000101011010100111010001000111111000100100110001010101100001101100010001101010111111000010101110010110011010110110010111101111100101010110110011001011001000000111100000101010011111000010101101011100001110101010110001110010011101100110000011111000000001100100100000101011111011000110101111111000110001001110011101011100110111000110110011010100010001001101000000101011100111000010111100
7500 0.845541644361 000101010010111110000001101111101010101100110001010101100011001100010001101110111111000100101111010110011010110110110111100111110101010110100011011110000010011111100000101010010101000010001101011100011010101110010001110010011101100110100001111000000001101100100000101111110011000110101111100100010011001110001100011101100111000110110011111100010001001101000000101111100111000010111000
7600 0.845833946806 000101011010100111010001101111111000100100110001010101100011001110010001101111111111000010101111010110011010000110110101111111100101010110100011001010000000011111100000101010000101000010101101011100000010101110010001110010010101100110001111111000011001101100100000101011110011000110111011101100010011001110000101011101101111000110100010010100010001000101001000101111000111000010011100
7700 0.844484853338 001101011010100111010001101111111000100100110001010101100011001110010001101110111111000010101111010110011010110110110101101111100101010110100011101010000000011111100000101010000101000011101101011100000011101110010011110010010101100110000011111001001001101100100000101011110011000110101001101100010011001110001001011101101111000110100010010100010001000101001000101111100111000010111110
7800 0.845495517693 011101011010100111010001101111111010100100110001010101111011001111010001101010111111000010101110010110011010110110110101111111110101010110100011101110000000001111100000101010010111000000001101001100010010101110010001110010010101100110100011111000000001101100100000101111110011000110101011101110010011001110001101011101100111000110110011010100010000001101000000101011100011010010101100
7900 0.844393327968 001101010010101111000001101111111010100100110001000101101011001100010001101111111111000010111110010110011010110110110101110111100101010110100011001110100000001111100001101010000101000010101101011100000001101110010001110010010100100110101011111000000001101100100000101011110011000110101011100100010011001110000101011101101101000101110011010100010001001101001000101111100111000010111100
8000 0.845357788925 001101011010001111000001101111111000100100110101010101110011001110010001100000111101001010101110010110011010110110110101101110100101010110100011101110000010011110100001101010000101000011101101011100010111101110010000110010010101100110100011111001000001101100000000101011110010000110101001101100010011101110001101011111100111100110110011010100010001001101001000101111100011000010101110
8100 0.843238263322 000101011010100011000001101111111000100110110001100101101011011101010001101110111011000010001110010111011010110110110101110111100101010110100011001110000000011111100001101010010111000010101101001100000011101110110000110010010101100110100111111000000001101100100000101011110011000110101111101100010011001110000101011101101111000110110010010100010001001101000000101101110011000010111010
8200 0.844132454016 000101011010100111000001101111111010100100110001010101100011001110010001101010111111000010101110110100011010110110110101011111110101010100100011001110000000011101101000101010011111000010101101011100001010101010010001110010010101100110001011111100000001101100100000101001110011000011101011101100010011001110000101011101101111000100110011010100010001001101010100101111100111000010111110
8300 0.843988300442 001101011010100111010001101111001011100100110001010101101001011100010001101110111111000010001111010100011010010110110101110111100101010110100011001111000000011111100001101010000111000010101101011100001010101010110000110010010101100110100011111000000001101100100000101011110011000110101111110110010011001110001101011101101111000110110001010100010001001101000000101011100111000010111110
8400 0.843207223656 001101011010100111000001101111101000100100110001010101101001001100010001101010111111000010001111010100011010110110010101101111100101010100100011001111100010011101100000101010001111000010101101011100001010101010110000110010010111100110101011111100000001101100100000101001110011000011101111101100010001001110000101011101101111000110110001010100010001001101000100101111100111010010111010
8500 0.843562125019 000101011010101111010001101111111001101100110000010101100011001000010001101010111111000010101011110100011010110110110101100111100101010110000011001110001000011111100001101010000111000010101101011110001010101110110001110010010101100110010001111000000001101100100001101001110011000110101011110110010011101110000101011101100111000110110011010100010001101101000000101111100111000010111110
8600 0.84430878101 010101011010100111010001101111101010100100110001010101100011001100010001101010111111000010101111010100111010110110110101111101100101010110100011001111000000001110100000101010010111000010101101011100000010101010110001110010011101100110100001111100000001101110100000101011111011000010101111101100010101001110000101011101101101100110110011010100010001001101000100101001100111000010111010
8700 0.844834787374 000000011010101011000001101111111010100110110001010101100000011100010101101110111111000010111111110110011010100110111101101111110101010110100011001110000000011111100001101001010111000010111101011100000010101010110000110010011101100110010011110000000001101100000000101011110011000111101011101110010011001110001100011101111101100110110001010000010010001101000000101111100111000010111000
8800 0.842423822044 001101010010101101000001101111111010100100110001010101100010011000010111101010111111000010000110011100011110110110110101100111110101010110100001011110100000011111100001101010010111000110101101011100000010101010010001110010011101100110000001111000000001101100100000101011110011000011101011111100010011001110000101011101111101100110110001010100011001001101000000101011000010000010111100
8900 0.844856680896 000101111011100111010001101111111000101100110001010101100011011100010001101011111111001010100111011100011010100110110101100010100101010110000011001110000000011111000001101010010111000010101111011100010010101110010001111010011101100110011011111000000001101110100000101011111011000010101111110100010001001110000101011101101101000110110001010100011001001101010000101111100101000010111100
9000 0.84386205629 001100011010101001010001101111110000101100110001010101100011001100110100101010111111001010101110011100011010110110110100110111100111010110100011001110000000011111100001101010010111000110101101011100001110101110110001110010010101100110010011111000000001101100110000101010110011000010101011110100010001001110010101011101111111000110110001010100011001001101001000101011100111000010111000
9100 0.844829751785 001101011010101001000001101011101000101100110001110101101011011100010000101010111111000010101111011100011010110110110100110111100111010110100011001110000000011111100001101011010111000110001101001110000010101110110001110010011101100110010001111000000001101100110000101011111011000010101011101100010001001110010101111101011111000110110001010100011001101101001000101101100111000010111000
9200 0.844568037693 001101011010101111010001101111111010100100111011010101000011001000010000101010011111000110111110010100011010110110110111100111100101110110100011001110000000011111100100101010010111000010101101011100001011101110110001110010011101100110000011111000000001101100110000101010110011000111101011110100010011001110001101011101100111000110110011010100011001001101001000000111000010000010111000
9300 0.844306460124 000101011000101101000001101011111010101100110001010101100011011000010000101010111111100011101111010100011010110110110101110111100111010100100011001110000000011111100001101010010101000010101101001110010010101110010001110010011101100110010001111000000001101100100000101011110011000010101011111100010001001110000101111101101111000110110011010100010001101101001000101111110111000010111000
9400 0.845121111003 001101010010101001000101101111111010100110110001010001101011001000010000101010111111000010001110010100011010110110110101111101100101010110100011001110000000001111100001101010010111000010101101001100001100101110110001110010011101100100111001111000000001101100100000101011110011000011111011100110010001001110011101011101101101100100111011010100110001101101000000101111100010000010111010
9500 0.842715358478 000111011010101111000001101011111010100100110001010100100011011000010001101010011111100010111111000100011010110110110101100111110101010100100011001110000000011111100001101010010101000010101101011110000011101110010001110010010101000110110001111100000001101100100000101011110011000010110011110100010001001110000101011101101111000111110011010100010001001101001100101111100011000010111100
9600 0.843878739631 001100011010101110000001101111111010101110110101010101101011011000010101101000011111000010111011110100011010110110110101111011100101010110100011001110001000001111100001101000010110000010101101011100000010101110110001110010010101100110110011011000000001101100100000101111110011000010101111100100010011001110011101011101101111000110110011010100010001001101000100101111100011000010011010
9700 0.843557816677 000100011011101111000001101011111010100100110001010101101010001100010001101010011111000010111111010100011010110110110101110111110101010110100011001110000000011111100001101011010111000110101101011100000110101010010001100011011101000110110001111000000001101100100000101011110011000011111111110100010001001110000101011101101111000110110010010100010001101101001000101111100011000010111100
9800 0.841883423033 001101111010101011000001101011111000100100100001010101101011011100010100101010011111000010101110001100011010110110110101110011100110010110100011001100000000011111100001101011010111000010101101011100001010101010110001110010011101000110010011111000000001101100100000101011110011000011111011100100011011001110101101011100101101000110110011010100010001101101001000101111100011000010111000
9900 0.844546987092 001100111010101011000001001111111010100100110011010101101010000100110100101110010111001010001110010100011010110110110101111111100111010100100011001110010000011111100001101010000111000010100101011100000010101010110001111010011101100110110011111000000001101100000000101011111011000010001011110100010001001110001101011111111001000110110001010100010001001101000000101111110101000010111100
10000 0.84389675932 000101001010101111000001101111111010101100110001010111100001011100010001101010111111010010001111010100011010110110110101100101100111010110100011001110000000001111100001101011010111000010101001010100000010101110110001110010011101100110010011111100000011101100100000101011111111000010101011110110010001001110001101011001101111000110100010011100010001101101000000101111100011000010111000
10100 0.844032471592 001100011010001111000001101011011010100100100001110101100010001110011001101010011111000010001111010101011010110110110101111111100111010110101011001110000000111111100001101010010111000010101101011100000010101010010001110010011111000110110001111000000001101100100000101011111011000110111011100100010001001110010101011101101111000110110011010100010001101101001000001111100011000110110100
10200 0.843938216204 001100011010101111000001101011011010100100100001110101100011001000010001101010011111000010001111010101011010110110110101111111100101010110101011001110000000111111100001101010010111000010101101011100000010101010010001110010011111000110010001111000000001101100100000101011110011000010111011100100010101001110010101011101101111100110110011010100010001101101001100001111100011000110100110
10300 0.843908928222 001100011010101111000001101111111010101100110001010101100001011100010100101010111111000010011111000100001110110110110101110011110101010010100010001110000000011111100001101010010111010010101101011100100010101010110001110010011101000110110001111000001011101100000000101011111001000011001001110100010011000111000101011101111011000110110010010100010001001101101000001111010111000010111000
10400 0.845214987906 001101011010101011000001101111111000100110110001010101100000011101010101101110111111000010011111000000011010110110110001100011110111010010100011001110000000011111100001101010000111010010101111010010001010101110010001110010011101000110010001111000000001101100100000100011110111000010101011110100010011001110001101011101101111000110110011010100010011001101001100101111110011000010111100
10500 0.843814022601 001101011011101011000001101111011010100100110001110101101011011000010001100110111111000010101011010110011010110110110101100011100111010010100011001110000010011111100001101010000111000010101101011100000110001010110001111011010101000110010001111000000001101100101000101011110001000010111011100100010001001110001101011001101111000110110011010100011001101101001000101111110011000010111100
10600 0.843655341171 001100011010101111000001101011101000101100100001010111100011001000010001101110111111001010100111010100011010110110110101110111100100010010100010001110000010011111110001101011000111010010101101010100000111101110110001010010010111000110110001111000000001101100100000101011110011000010100011110100010101000110011101011101101111000010110010010100010011001101001000101111000111000010111010
10700 0.843658527139 001100011011101111000001101011111010101100100001010101100011011100010001101010011111000010100110010100011010110110110101100111100000010110100011001110001011011111100001101010001111010010101101010100000011101010110001010011011111100110110001111000000001101100100000101001110011000010101011100100010101001110011101011001101111100010110010010100010011001101101000001111000111000010011100
10800 0.842334758022 001100011011101011000001101011011010101100110001010100100011011000010101101010011111000010101111010110011010110110110101100111100100010010100011001110000010011111100001101011001111000010101101010100000010101010010001010010011101100110110001111000000001101100100000101011110111000110101111100100011101001110011101011001101111000010110010010100010011001101001000001111000111000010011101
10900 0.842923735499 001101011010100111000001101111111010100100110001010101100011001000000100100010011111001010001101110100011010110110110101110011100001110010100010001110000010011111100001101011000111000010101101010100000011101111010001110011011101000110110001111000000001101100100000001011110011000011101011100100010001101110011001011101101111100110110010010100010001001100001000101111100111000010111100
11000 0.843171933757 001101011010101110000001101111111010100100110001010101100011001000000001101011010111001010000100110100001010110110110101110011100101110010100010001110000010011111100001101010000111000010101101010100000011101111010001110011011101000110110001111000000001101100101000001011110011000010101011110000010001101110001101011101101111100110110011010100011001000101001000101111100011000010111100
11100 0.843013575338 001100011010101111000101101011111010101100110001110100100011001100010100100010011111000000001100010110011010110110110101100111100011010010100011001110001010001111000001101010000111010010101101010100001011101010010001110010011111100110010011111000000001101100100000001011110011010010101011100100001001001110011001011101101111100110110010010100110001001101001000101111100011000010111110
11200 0.842803041521 001100011010101111100001111011101010100100100001010101100011011100010000101010111001001010000110101100011010110110110101110111100100110110100011001110001010011111100001101010001111010010101101010100000010101010100001001010010111000110110011111000000001101100100000101011110011000010001011110100010001001110011101011101101111100010110011010100010001001110101000101111100011000110111100
11300 0.843140208678 001100011010101110000001101111111010101100110001010101100011001000010000101010011111000010001110010100001010110110110101100011100101010110100011001100000010011111100001101011000111010010101101010100000010101010010011110010010101100110010011111000000001111100111000101011100011000010101011110000010011101110001101011101101111100111110010010100010001101101001000101111100011000010111110
11400 0.843260525284 001100011010101111000001101011111010100100110001010101100011001000010000101010010111000010101111010110001010110110110101110011100101010110100011001110001000011111100001101011000111000010101101011110000010101010110001110010010101000110110011111000000001111100101000100011110011000010111011110000010001001110001101011101101111000111111110010000010001101101001000101111100011000010111110
11500 0.843966121004 000100011010101011100001101111111010100001000001010101100011111000001001101010011111001010001110000110011010010111110101110011000100010110100011001010001010011111100001101010000111000010101101011100000010101010110011110010011101000110110001111000000001101101100000101011111011000010001011100000010001001110011101011101101111100110110010010100011011001111001000101111100011000110111100
11600 0.843555835784 001100010010101111000001101011111010101100110001010110100011011000010101110110010111000010101110010100011010110110110101110111100010010110100011001110001000011111100001101010000101010010101101011110000010101010110001110010011111000110100011111000000001101100100000101011110111000010001011000100010001001110001101011101101111000110110010010100011001001101001000101111100111000010111110
11700 0.843616184075 001100011010101111000001101111111010100110110001010100100011001000010000101010110111010010001111010110011010100110110101100111100100011110100011001110001000011111100001101010001111010010101101010100000011101010110001110010011101000110010001111000000001111100000000001011100011000011101011110110010001001110011101011001101111000110111011010100010001101101001000101101100011000110111100
11800 0.841938856516 001101011010101011000001101011111000100100110001010100100010001000010000101010110111000010001110010110011010100111110101110011100101010110100011001110001000011111100001101010001111000010101101011100000010111010110001110010011101000110010001111000000001101110100000001011110011000011101011100100010001001110011101011101101111100111111010010100010001101101001000101111110011000110111100
11900 0.843223892557 001100011010101111000001101111111010100100110001010100110011011000010000111010110111000010101110010110011010110111110101110111100111010110100011001110001000011111100001101010001111000010101101010100000010101010110001110010000101000110010011111000001000111100100000001011110110000010101011010100010001001110001101011101111111000110110010010101110001001101000000101111100111000110111100
12000 0.844519204559 000100011010101011000001101111100010110100110001010100100011111000010001101010110111001010101110010100001010100111110101110111100101010110100011101110011000011111100001101010011111000010001101011100100010111010010001110010011101000110110011011000100000101100100000101110111111001010001011110000010001000100011101011101101110000110111011010100110001001101001000001111010011000010111100
12100 0.843887070174 001100010010101110100001101011111010100100110011010100100011001000010001101010011111100010101111010110001010100010110101100011100100010111100011001110001011011111100001101010001111000010101101011100000011101010110001100010011101000110100001111000000001111100100000101011110011000010011011100000100001101110011101011101101111000111110111010100010001001101001000101111100011010110111100
12200 0.843526299615 001100011010101011000001000111111010100100110001010101111011011100000001101010110111011010100111010110011010110111110101101111100101010111100111001110001010011111000001101010000111000010101101010100000010101010110000111010011101000110000011111000010001101110100000101001110011000110001011100100010001001110000101111111111111000110110011010100010001001101001000001111000011000110111110
12300 0.84503746457 001100010010101111000001001111111010100100110001010101110011111000000001101010110111010010100111010110011010110110110101111111100101010110100011001110001000111111010001101010000111010010101101010000000000101110110010111010011101000110000011111000000000101110100000101011110011010110001011100100010001000100001101011101101011000111111011010100010011001101001000101111100011000110111110
12400 0.845032341029 001100011010101010000001101111111110100100110001010100100011111100010100101010111111010010000110010100011010000111111101100011100100010110100011001110001010011111100001101010001111010010101101000100000010101010110001111010011101000110110001111000000001101100001000101011111011000011101111100100010001000110011101011001101011100111111011010101010001001101001000101111000011000110111100
12500 0.844393635144 001100011000101011000001101111111010100100110001010111100010111000010100001010111111010010100110010110011010100111111101100011100101010110100111001110001010011111000001101010001111000010101101011100000010101010110001110010011101000110110011111000000001101100001000101011110011000011101111100100010001001110011101011000101010000111111010010100010001001101001000101111010011000110111100
12600 0.844106214082 001111010000101011100001101111111010100100110101010101011011011000010000110010110111100110101111010110011010110110110101110111100101010110100011001111001010011111100000101010000111000010101101010000000010101010110001111010011101000110110001111000000000101100000000001011110111010011001111100100010001101100001101011101101101000010110010010100010001000101001000101111000011000110011100
12700 0.843441836671 001100010010111011000001101101111010100100000001010111110011001000010100101010010111000000101110010110011010110010110101101011110101000110100111001110001000011111100001101010001111000010101111010100000011101010110001110010011111000110110011111000000000111100000000001011110111000011101111100000010001001110011101011101101011100011111010010100010001001101011000101111000011010010111100
12800 0.844048512221 001100010010111111010001001101111010100100100001010101110011101000010100101010011110000010101110010110011010100010110101110011110100010111100011001110001000011111110000101010001111000010101101011100000011101010110001110010011111000110110011111000000000101100100000101011110111000011101011100000010001001110011101010001101011100111111010010100010001001101001000101111010010010010111100
12900 0.84421778024 001101010000101111100001001111101011100110110001010100100011111000010100101010111111100000001110010110011010110110110101100111100100010110100011001110101000011111100001101011000111000010111101011110000010101110110001111010011101000110100001111000000001111100000000001011110101000010101111100100010001001100011101011001101101000110110010010100010000100101001000101111000011010110111100
13000 0.845260110843 001101011010111111000001101011111010100101110001010110010010111000010100101010111111010010001110010110011010110110110101100111100100010100100011001110000010010111100001101111000110000010001101010110000010101110110001111010011101000110110001111000000001101100100000001011110111000011001111110000110001100100011101111001101101000110111010010100010001001101001000101111000011000110111100
13100 0.843165895334 001100011010101011010001101111111010100100110101010100110011101000010000101010110111100010101110010110011010110110010111110011000101010110100110000110001010011111100001101010000111000010101101010110000010101111110001110010011101000110110001111000000001111100100000101011110111000001101111100000010001101100011101011110101111000110110010010100010001000101001000101111000011000110111100
13200 0.843829490365 001100011010101011010001101011111010100100110001010101110011111001010000101010111111100010100110010110011010110110110101110011100101010100100111001110001010010111100001101011000111000010101101010110000010101111110001110010011101000110110001111000000001101100100001101011110111000011001111100000010001100100011101001110101111000010111010010100010001100101001000101111100011000010111100
13300 0.843203328819 001100011010101011000001101111111011100110110001010100110011101000010100101010111111000010000110010110011010110110110111110011100100011110100111001110001010011111100001101011000111000000101101010100001010101010110001111010011101000110100011111000000001101100000000101011110110000011001111100100010001101110011101001101101111000110111010010100010001000101001000101111100011000010111100
13400 0.843687821502 001100010010101111010001101110101010100100110001110101111010101000010000101010111101010010001110010110011010110111110101110011100101010110100011001110001010011111100001101000000111000010101101001110000011101000110011011010011101000110110011111000100000101100100000101011011111000011001111000100010001001100011101011111101101000110110010011100010001001101010000101111000011000110111100
13500 0.844008341718 001100111010101011000001111101111011110110110001010110110000101000010100101010111111001010001110010110011010110110110101110011100100010110100010001110001010011111100001101011000111000010101101010000001010101010110001111010010101000110110011111000000000101100000000101111110110000011001101100100010001101110010101011101101111001110110011010100010001001101001000101011000011000010111100
13600 0.843366746402 001100010010101011000001101111110010100110110001110100100001101000010000101010111101000000100111010010011010010010110101110111110101010110100011001110001010010111110000101011000111000010101101011110000010100010010001110010011111100110010011111000010001101100000000101111111111000010101111101000011001101111011101011100100111000110110011010100010001001101101000101111000011000010111100
13700 0.84375949226 001100011010101111010001101101111010100110100001010100110011101000110101101010111111000110001110000110011010110110110111100011100101010110100110001110001010011111100001101011000111000010101101010110001010101010010001011010011101001110010001111000000001101100100000001111110111000010001011000100010001001100011101011101101111000110110010010100010001001101001000101111000011000010111110
13800 0.844871976693 001100010010101111000001101111110011100110110001110101110011111000010000101010111101000100001110010100011010010111111101100111100100010110100011001110000000011111110001101011000111001010101101010110000010101010110000011010011111000110010011111000010001101100100000001011110111000011001111100100010101101110010101001101101111000110111010011100010001001101001000101111000011000110101100
13900 0.844425745555 001100011010101011000001101111111010110110100001010100110000111001010000101010111101000000101110010110011010110110110111100011100111010110100110001110001000011111100001101011000111000000101101010110001010101011110000001010011111100110110011111000100001101100100000101111110111000011101111100100011001101101011101011100100101000110111011010100010001001101001000101111000011000010101100
14000 0.844112154134 001100110010101111000001101111101110110100100001010100110011111001010000101010110111010010101110010110011000110100110101110011100101010111100011001110001010011111100001101011000111000000101101010100010010101010110001110010011111100110010011111000000001101100000000101011110111000010001111100100010001101110011101001111101011000110111010001100010001001101001000101111100011000010101100
14100 0.842888659657 001100011010101111000001101111111110100100100001010110110011101011010100101010111110000110101110010100011010110111110101110001100100010110100111001010001010011111100001101011000111000010101101010100000010101011110001110010011101000110010011111000000001101100000000101111110111000010001101100100100001001110001101001101101111000110110110010100010001000101001000101111001011000010111100
14200 0.842311672402 001100010010101111000001101111111111100100110001010100110001111000010000101010111101000010100110010110011010110110110011100111000101010110100110001110001010011111100001101011100111000010001101001110001010111010110001110010011101000110100001111000000001101100000000001111111011000010000111100100010001001111011101011101101111000110111011010100010001001101001000101111000011000010111100
14300 0.844195085135 001100011010101011000001101111111010100010110000010100110011111000010000111010111101010000001111000110011010110111110101100011100100000110100010001110100100011111100001101010000111000010101111010110001010101010110000010110011101000110100011111000000001101100100000101011110111000011001111100100110001101100011101011101101111000110111011010000010001001101001000101111000011010010111100
14400 0.84467582896 001100010010101011010001101111111010100100100001010100110010111001110100101010111011100010001110010110011010110110110101110011100000010110100010001110001010011111100001101111000111000000101101010010001010101010110001010010011111100110010001110000000000001100000000001011110111010010001111100100011001101111011111011101101111000110111011010100010001000101001000101111001011000110111100
14500 0.843463434447 001100010010101011010001101111111010100000100010010100110011111000010000101010111111010000111110010110010010110101110101110011100100011110100011001010100100011111100001101011000111000010101101000100000010101010110001110010011101000110100011111000000001101100100000001111110111000010001111100100010001101100011101011101101111000110111011010100011001001101001000101111000011000010011100
14600 0.844573175073 001000010010101101000001101111111010100100110001000100110011111000010000101010110101100000001110010110011010001111110101101011100101010110100011001010001100011111100001100011000111000000101101011100001011101010110000110010011101100110111011111000000001101100100000101011110111000011001111100110000001101110010101011101100111000110110011000100010001001111011000101111001011010010111100
14700 0.844268584252 001100010010111011010001101011111010100110100011010100110011111000010100101010110101000000001110010110010010100111110101110011100100010111100011001010001000011111110001101111000111000010101101001100001010101110110001011010011111000110110001111000000000101100110000101011110001001010011101100100010001101110011101011101101111000010111011010110011001100101001000101111100011000110011100
14800 0.843823963173 001100011010101111010001101111111010100100100001010100110001111000010001101010111101100001000010000100011010111100110101100011100101010110100011001010101001011111100001101101000111010010001111010100001010101010110001100010011111100110100011111000000001101100100000101011110111010011001111100100010001101100011101011101101111000100110010010100010001000111011000101111100011010010101100
14900 0.844731139047 001100010010101111000001101111111010100010110010010100110011101000010100101000111111100010101110010100010110010110110101110111100111011110100110001110001000011111100001101101000011000010101101010100001010101110010001110010011101100110000001111000001000101100100000101111110111000010001111100100010001001111011101011101101111000110111011010100010000000101001000101111100011010010111100
15000 0.84448286843 001100011010101111000001101111111010100000110001010100100001111001010001101010111101100010001010000100011010110100110101110001100101000110100110001110000001011111100001101011000111000010101111010110000010101010010001001010011101100110110001111000000001101110100000101011110111010010001111100100010001000110011101011101101111000110110011010101010001100101001000101111100011010110101100
15100 0.844210237116 001100010010101101000101101111111011101100100000010100010011111000010000101010111111000100001110010110011010111111110101100011100101000110100011001010000000011111100001101010000011000010101101011100000010101000110001100010011101000110110011111000000000111100100000101011110111000010001111100110010001111111011101011101101011000110111011010101011001001101001100101111000011000010111100
Mejor resultado: 0.841883423033 001101111010101011000001101011111000100100100001010101101011011100010100101010011111000010101110001100011010110110110101110011100110010110100011001100000000011111100001101011010111000010101101011100001010101010110001110010011101000110010011111000000001101100100000101011110011000011111011100100011011001110101101011100101101000110110011010100010001101101001000101111100011000010111000
