200 0.925168081276 110101110111101110100111101001101110111011111001001100000100111011000101001001101010110110001101011110110110111101111011110011101010101011101101011001001010100111101001000111101111100111101001011010111010001010011011111011011010101111110010111010011100100000001010001101010110101110111001110101101010001100010110111101101011100110110110111011101100111000011001011111001101000010110100
300 0.911674895015 010101110010011111000011100001111110111011101011010000010100111011010101001001100000110110101101011110110010101111101111111011110010100111101101011100001110111110111101000111001101110111101001011011101010001010111011111011101001101111111010111000011100100100101110101101010110101110111001110101101010001110010111111100101110100110111110111111000101111000011101001111101101000011111101
400 0.902811390798 111101110011011110001111100001011110111010001010011100011101011000110100101001111000111110101100110111110010100111111101011011110010100011110111111110101110001110101000110111001111110111101001010111101001001010111111111101111011101110110010111001100000010100101110101001100110001110111001110010101110001110011111111100110000001011111010101111000101001100011000001111101101010011011111
500 0.894571474653 010101111010111111000011101001100110111100111011011101110101011011100111111100101000001100101100111101100011100110110101011011111001000111111101011101001111010110110000100111011000101100101011010110101111001110011011111000011001101110111011111000110101111001101100101101110100101011100111101001100110011011110111111110000111101111101111111111011011111100111001011011100111110000110111
600 0.890573719959 011101111000010111101001001000101110111101110001011101110101111110110110111010000000001100000111111111010001100110110111010011111000100010011111011101001110001101010000100101110110111100101111010010101111001110011011011000011101101010111011011000111101011100101001101111111101111010001101101001101111111011010111011111001110001011010110111110011011111101010001101011100111111010111101
700 0.887475681248 011101101000010111001011000001001110111001110011010101110011011110110110100110101000011100100110111111010011100111101111011111011010110011111101001111001110001111001000000111011111110110101101010010101111001010111011011000001101101110011011111000111101110100101001111111011101000010101101111000111000011011001011111111011110000010110010010110000001101111011001001111100111010000111101
800 0.885938540074 010001111010010101100000101001101110111101101001011101110101010100000101101000111000011110001101110100110111100011110111110011111001110110101111111110001110111111010101100111010111101111101101111110101110001111111010111000010001100010111111011000011001001100101100101101111001100010011001110001010111011110000101111100101010101111111110111000100011111001111100001011000110001001011101
900 0.880196599786 011001111010010001100011001001101010111100101001011100110101101100110100101000101010001100001000100110100110100101111101110101100001100101101101001111001110011011010101100110011111000111100111010110101110001111011011111000011001101110011111011000010101011101100000101111110100110110001001110001110111101110000101011111101010100111111110101101110011100101011100001111100110000011011011
1000 0.880324535176 011001111010110011100101101011110010111100111001011001110111110100110000101010101100011100001001110110001010110100011101010101000101111111101111011110001110011111000101001110011111000111100111010100101100011111111010111000011001100010011011011000011001001101100000101111110100110100001101111001010111111110000101011110101010101111110110111101100011111011111101101001110100010100011110
1100 0.879044447679 011111110010010011010001001001101010111100001001011101101111111110110100001110101010001110101100000110001111100111111101011111000100100100111111011111001110011000001100101110011100100010100101010110101110000110111001011010011100100110100111011000011100110000100001101111111111001111011000111000110111001011010101011111110111110010111110101101000011101011011100001011101111010010111111
1200 0.878065278788 011101011010010001000001111011110011101000111101011101110011011110110001001110101100010010111101110110111000010100011101011111000100010011101111001110001011011001001101001011011111100111100111011100111110001111111010111000011001100110010011011000010001111100111000101111111110000011011110111000010011111110000001011110001010101111110100110101100011111111111101101111100110000011111010
1300 0.878181096251 011111110000010001000001101000110010110111111001011111110010110110110101001110101010101000001101100111111010010101011111011101000101100110101111001111000110010011001001101011010110100110101110010100111100001111111010111001011101100110010001011000011101011100100001101111101111010011011011101000110111101110000000011111111010100011111100111101110011110111011100101011100111000010000000
1400 0.872560723169 101101111010010111000001101001110000110000111001011111110011011111010100101010101100111010011101110110011100110110111101001011100101001110101110001100001000011011100100101111011110101010100111010110101110000011111010100000011001100110110011111001000100101100001000101111111000000010011111110000110011001001000101011111010010110011110110110110110011111111011100001011001111010010111110
1500 0.872432123717 101111110010010111000001101001110010110000101001010011110001010110010001101010111000111010111101000110111110110011000101001011100101001110101110001001001000011011000011101101111111111010100111010010101110001011111010100100011001100110010001011000000101101100100000101111111110001010011001110000110011001100000100111111111010100111010110100101110011111111011110101111111111000010111110
1600 0.872790119538 001111110010010111000001101001110010010000100001000011110001010110010001101010111000111010111101000110111110111011001101101011100101001110100110001001111100011011000011101100111111111010100111010010101110101011111000001010011101100110010001011001001101101100110000101111111111001010011001110000110011001100000100111111111010100111010110100101110011110111011110101101111111000110111110
1700 0.872681077346 101111111010010111000001001001110010110100111011010011111000010110011101101010111110111010111111010110111110110100110101011000100100001110101111001001000000011101101001101101110111001010100111000110101110001110110010100000011000100110110001011000011011111100000000101111111010001010011101101000100110001100000100011101111010100111110111111101110011101111001101101100101111100010111110
1800 0.870734302363 111101101010110111000001101011110010100000110011010011010000011110010111100010111100111010111111010110011111100100110111101010100100010010101111001010000001011111101001101111010111001001110111011010111110000111111010101001011001100110110001011001000101101100001000101111111000001010111110100000100111001100000100111111101010100011110011010101010011001111010100101100101111110010111111
1900 0.869495257421 001111110010010111000001101001101010100100111001011010111010011111110101101010011000101100111100010110111110100100110101101001100101011110100111001001000000111011101001101101011111001010111011010110111010001111110010111010010000100110110011111001000101111100000000101101111010011010011100101000100011011110000000011101010010100011010110001101110011111111001100101011111110101110111110
2000 0.870356581324 001101110010110111100011101001101011110101100001011111000011000111010000101010111100101100011000000110011110111011010101101101101101000110100111001111001000001111110001101100111111101011000111010100110111100001110010111010011001000110110011101001001101111000001000101111111101000010011111101000011011001111000100111011111110100011010000000101110011010101011100101101001111011110110010
2100 0.867783004971 001111110000010111000001101011101011000100110001011011110011001110110100101010111100111100011111011110110110100110110101101001100101000110100111001011001000111111100001101100011011001011101111010110111010001011010010111010011101001110110111111001001101111101000000101001111101010010011100101001000011001101000100111001101010100011010010000101010011010111001100101111100101011110110110
2200 0.869191504826 101101110010010111000001101000101001100000111011011110111111011110010101101010011101001000011100110010010110110110110101111011101101000110000111001001000001101111101001101101010111111111111111010110110011001011110000011010001000000110110011111001000101011100000000101111111001011010011111101000000001100011101100011111111110100101010011110001010011111101001100001011101101000110110010
2300 0.86999403565 001101110010010111000001101110101001000000111011011111110111011110010101101010011001001000011100110110010110110110110101111011100100001110100111011001000001101111111101101111110011011111001111010010110011001111110000011010011001000110110011111001001100101101000000101011111001011010010101001000100111001111100100011011101010100111010011010101010011111111001000101001101101000111110010
2400 0.869646524066 101101110010010111000001101001101011000000111011010110110011100110110101101010011000101100011111110000010110110100110101111111100100000010110111001010000000111111100100001001011111011011111101010100110010001010010000111110011000000110110011111010101101111100010100101101111000010011010100101000101001011111001100011111001111100011000010110101111011011101000110101111101111010010110010
2500 0.869056913096 000111000010000111100001101011011011100100110001011010111110011110010100111011111010101100011101010110010111100110010101101011000101000110110111011111001010111111110001101011011001011011101111010110111111001011011010111010101001000110110011111001000011111100001000101011111100010011011101101000010001101000010110111011110011011001010010000101010001000101011100101101011111000110111110
2600 0.870800924479 100101100110100111100001101001111011100100110000011110110111111110110101111010111000101100011101010110010111110110010101000011100001000110110101011001010010111111100001101010011101011001101101000100111011001011010010101110001101000110110011111001000101111100000000101011111101010011011100100001110011001000011100111111011111100100110011101100010001011101111110010101010111000110111100
2700 0.870468710884 001101010110000011010000101011111010100100111101010110011110011110010101111010111000101100001111110100110111100110110111101011011101000110100110001010000000110111110001001000011111011100101111010100111110101111010000111110001001010110110011111000011001101100111000101101111000010010011101100000100000000000001110111011110111111101010010110101000001000111011100001111110111010010111110
2800 0.872128876529 000111110010010111010000101111111010010100111101010110111011011111010100111010111000101100011011110100110111000010010101111011001101000110100110001010010011110111100000001001111011001110101111011100111010101100010000111010011001000111111011111001101011111110110010101111110000010010011101100100100001010100001110111011110111110101010010100101010001000101010001011101101111011010111110
2900 0.871151258563 001111111010010111010000101011111010100111111001010110111011011100010101011010111000001100011111011101010110010110010101001011001111100110110010001010000011011111100001100001011001011111101111011100111011101111010000111010011101000110110011111000101011111110010010001011111001010010111101100100100001001000011110111011110011100101001010110101111001001101110001011101101111010110111110
3000 0.869505016171 101000110010100011100001101011111100100101111001010100111001101100000101111010101111101011011111010110110100110000010111100011100111000110110110001101100010011111111001101010010001011011101101010110110010001011011010111010011101100110110011111100000101111100110000001111111000010010011101101000100001101110001110011011110101110101010011110100010000011100101100011001100101001000111111
3100 0.870175040898 101000110010100011100001101011111100100101111001010100111001101100000101111010101111001011011111010110110100110000010111100011100111010110110110001101000010011111111001101010010001001011101101010110111010001011011110111010011101100110110011111100000101111100110000001111111000010010011101101000100001101110101110011011110111110101010011110100010000011100001100111001100101101000110111
3200 0.870753097869 101111110010100011100001101011111010110100111001010100011001100100000101111110100000101011111101010110110100100010010111000011100111010010110010011101000110110111000001101011011001001011101101010100111110001100111100111110011101100110100011111100100001111100111000001111111000010010011101100000100000101110111110111111110110100101010010110100111000001101001100111101100111001010111111
3300 0.869056527156 101101110010101011110001101111010010100100101101110100011011111000100100111010100101101111010111100101000111001111110111100011100101000110110111001000010010111011101001101010001011011111101101011100111110101011011000111010111001000110010011111100101101111110010010101111110001010010011101100100000101101010101110111111110110000111010010100100010010001101010001100110101111100110111101
3400 0.867450511715 111101110010101011110001101111110010100100111001110100011010111010000100001110100001101010010111000100010111111111110111100011100111100011110111101000000010111011001001101010001011011101101101010100101110101110111100111000111001100110010001111100101000111111110000001111110001010011011111100100000111101010111110111111110110100111010111100100010011001101010000101100100111000010010011
3500 0.869995491794 101110110010101011110001101111110011100110111100110100011011111010110100111110100011111110010111000110010101110111110110100110100111000011110110001011000010111011001000101010000011111101101101010100101110100010011000111000111001000110010011111100101100111110110000001111110001010011011101101100010111100110111110011111100101100011010110100100010011100101010001101100010111000010011010
3600 0.867721677381 101110110011101011110001100111111010100100111100111100010011101000010100101110101001101110011101000110010111111111110111100110100100000010110111001001011010111111001000101010001001110011101101010100101000100000110000111010111101100110010011011100101100011100110000100111111001010010011101101100100001101110111110011111100101001111010110110101010001101101010011101100110111001010111010
3700 0.865378319687 101110110011101111010001101101010110100100101101111100010011111000010100101010111101111010011111000110010111111111110111100110100100000000100111001001011010111011001000101010001011010011101101010100001100100010110000111000111101000110010011111000101110011100110010101011111001010011011101101110010011100110110110111111100101101111010110110100010001101101000001101100110111001010111010
3800 0.868326747476 001100110111101010110001101100011011100100111101011100010010111000010100100110111101111010010111000111010111101111110111100111100100010110110111001000011110011011001000101010001111010111100101010100111000001011110000111000110001100110010011011100101110111100110010101111111001010011011101111100011011101110110110011111100011001011010110110100010001111101000001101100100111000011111010
3900 0.867185782184 101001110010101011110011101111000010100000111111010100010001011100110100100100111101011110010111100110011111111011110001100011000111101110110111001000001010101011001001101001100011010011101100010100101111101011011000111010111111101110010011111100001101111111100000101011111100010010011101100100110011100110111100011111110100000011010010000100010001000101000011101110101111000011110000
4000 0.864822014468 101011110011101011110101101111010010100000111101010110000001111000010100100110111101111110011011101110010111011111110011100101000111000010110110001000011010100011001101101001101111010011101101010100001100101000111000111010111111100100010001111100001101111101100000101011111001010010001101100100110011101110111100011111000101001011110111000100010111000101010000100110101111000110101100
4100 0.866783822606 001000110010101011110011101111110011000010111101010100010001111100010101001010011101011010000101100100111110111111110101111001000101110110110110101010001010101111101101101111100111010111111111010100101100101010110000111000111111101110011001101100101101111111100000101110111100010111001101110100101011100110101100011011110001100011110010000100110001001101000001101010101111000010010000
4200 0.865343113031 101010110001101011100101101111110010100000101101000101101001101000010100100110111011111110111011111110010111011111110101101101000101000000110110001000001010100111001001101001101111010111101101010100000100111000110000111011111111100110010001110100001001111101100010101111110001010010010011100100011011101110111100011111000101001011111111000100010111000101011000101110110111010110101100
4300 0.865353031475 101010110001100011110101101111110010100000101101000101101001101000010100100110111011101110111011111110010111010111110101101001000101000000110110001000001010100111001001101001101111010011101101010000000100111000110000111011111111100110010001111100001001111100100010101111110001010011010011100100011011101110111100011111000101001011111111000110010111000111011000101111110111011110101100
4400 0.867669044368 001001101001101110100001101111010010100000111111010100000011010000010101100110111101001110101110001101110111111101110011101101100001000010110010101100001011111011001001101010101111010011101111010100000111101010110010111011011111100100011001111100000101111101110011101111111101000110001011110100111101100110011000011011100111101010011110010100110011101101000000101110111101000011101100
4500 0.868513564406 001001110010001110100001101111000010101100110111010110001001011000010100100110110001111110010110000011110101110010110101110111100101011110110110101010001000111111101001101111001111010010101111010100101010111001010001001000111110100110011101101000011111111101100100101111111001110011100101010100110011001111011100111011101011000011110111000100000000100101001100001000110111111110011000
4600 0.869807788164 101000110001100011110100101111110011101000101101000101100001111001010101100110110011110110111110111110111110011111010110101011000101010110110011101000000010101111100000101001101111000111111101010100000110101000110000110010011111101110110001111100000111111101110010001110111111000011010011100100111011101110011000110110000111011011111101010100110011001101011000101110110111010110101100
4700 0.865652127856 001001110010100111110101101011110011101100100111100111000001011001010100100110110011100110010110000100110110010010110110100111100101010110010011101000001010111111101001101011101111000111101111010100001000101000110001110010011110101110110001000000001111110101100000101110111111100011111111000100111011101110011100111111100111011011111111010100010001101101011101001000110111010110001100
4800 0.868166193829 101000110010100111110101101011110011101000100111100111100001011000010101100111111011100110110110110000111110010010110110101110000101010010010011101000001000101111101000101001101111000110111111010100000100101000110000110010010111001110110011111000000011111101100000101110111111000011110001000100111011101110011000111111000111011111111011010100010011001101011100101010110111010110101100
4900 0.867433236268 101001111011111101110100101011110011101100101100010101000001001000010100101110111101111110111111111100100110011101110011100111100101011000100011101000000011111111100001101011001111000010101101000100001100101100110000111011011111100111110001100100010101111100100001001110111001001010010101010100110010101110011000011111100111010010111101010110110011101101001000101011010111000110101100
5000 0.868489432699 101001111011111000110001111001111001101000101111010100010001111010110100101111111111100110011110111100101110110000110011100111110100110010101110101000000001101111101001101001001111000010101110000100101100101100110000111111010111101110110011101100000101111100100011001110111101000010010001110000110000101110111110111111100111110111111011010100110011000101001000100011010111010110101100
5100 0.870466082438 101001111100100101101101101111110011100000101101110101000001101000010111100111110111110010011110010111111110110110110011100111000101010100110010001010100100111110100001101101011110000011111001010100010110101010010001110010011111101111100011011000000100111100100010111011011111000011010011110100111011101110111100011111010011100000110101010100000011001101011101101011100110010110101100
5200 0.869659528407 101001101001111000110000101101110001101000101101000101110000111010011110101111111011110010101110011110100110100011110011100111100111010010111110001000010011001101100000101011000111000111011111000110011010101001010000100110010111111110110001111000100111111110111000101111111111000011000001101000111001101110101000111111011111110110111011011100110001011101010100101011100010010110101100
5300 0.869308880252 100001111001110001100111111101111011111010111101010100011001011100110100100111111101110110111110101100111010110011110110100111100100010010100011101010101010001111100001100000001111000010111110000100010110101000111001011000011101100110110001001000000101111100110011111111111101001010010001010100110000100110111100001111101111101011101010010101110011000101001001101111000111010010111010
5400 0.870109579557 100101111001100001000111111101110001101000111001010100110001011000010101100111101101111110101110110110111110110011110100000111000100010010100111001010001000001111100001100010011111000010111010000100110110101110011000010010011101101100110011001000100101101100110011101111111101001010010000110100110010101110111100011111101111100001010101010000010111011101001101111111100111010010111100
5500 0.867498476102 100000101000110101100101101101110011110000111101010101101000101000011110100111111101110010101110101110010010111001111001101111100100010110100111001010001110111101100001101011000111000010011110010110011010101000111000010000011111001111110001111100000101110100110000111111111101011010010011010110101000001110101100010111101111100011111011010100110000001101011100101011100011010110111010
5600 0.868867437911 101001111001111001100101100100110011110100101101010101001001111000011100101111111101110010101110000111000010111010110101100111100110010110100111101010001110001101110001101010000111100110011110010110001010101000011000000000011111101110111001111000110101111100110111101100111101011010010111011110101010001110101100011111001111100010101011011100110010111101010000101110100111010110111000
5700 0.864292538404 111101111000110001000011111111110101100000111111010101001001101000010100101111111111100011101011100110011010001011110101100111100101010000101110101010001000011111100001111000001111100010101101001110010100101000011001111010011111000110110011111000000100111100101001101111111101010010010101110100111010101110001110011011101111100010101111010000000100001111001100101101101010010110111000
5800 0.868394612405 011101111001110001000011110110110001100000111111010101001001101010010100111111111111100011101110000111001010001011110101100011100101010110100111101010000000011111100001111111101111100010101110011110010110101100011001100010011101000100110001111000100011111100101101101111111101010010010100111100101010111110001110011111101111100010101011010100010100101111001101101011100010000110111000
5900 0.868323703103 101101111000110001100101111111110101100000111111010101001101101000010100101111111111100011111000100110011010111011110101101111100101011000100110101010001010011111100001110000001111000000001111010110010010101000110111111010111111000100110011111100000101111100101001101011111101011010010101010100110010101110001100011111000111100110101111010100100000011111001000101010101010000010111010
6000 0.868646589532 101101111011110001010011111111110001100001110001010100011001111001010101101110111001110001111110100110000110110110110101100111100101010100100010001011001000001101101101001010001111100010101101010110011010101011011101110010111111001110111111111000000000111101011000101110111110000011000011101110110010001100101110011010101110100010101001010100100100001111001100101111101010010010011001
6100 0.86982649178 011111111010100111010001111111110001100000111111010100011001111101010111101100111001110011011110001100001000111111010101001111100101000010100110001010001011001111100101111111010110100010101101111110011000101110010001110010111111101110001111111000000101111100110001101101111110000111100111111000111011011110001110011110011110101110101111010100010100001100001100101010001111010000011000
6200 0.870273265071 110101101011110101111001101111111101100110111111010110111001101010010110101101111111100010000100100010101011001011110101111111100110010110101110001010011010001111110001110111101000100010101101011110010010001100111011010011111111001110110011101000101011101100011001111011111111111010011101111100011010101100001100001011101111100010100011010100110001001101001000101010100010010010111000
6300 0.866623456957 011101111011010011000001001111111101100010110111010100111001111110110111101101111011100010010110100100111001000111110101111111000100010100100110000010011010001111110001111111010100100010101101010111011010101110111101010010111111000110010001111000100011101100111001101001111110110111000101111100011011101000101100011111100110100010101011010100110001001100001100101010100010010010111000
6400 0.868297292412 001101111011010111000001101111111101100000110111010111101001101110110011101101111011100011010110001101111011001011110101101111010100000100100110001010001010001111110001110111000111100010101001010100011010001110011001110010111111001110010011110000101011100110100001101011111111011011010001101101011010101110001100011111101111100110101010010100111100001100001101101010100010111000111010
6500 0.868482798117 000101110001001111010001101111111001100000100011010111101001111100110111101111111011100011000110001101111111000011111101101011000100000100100101000010011011001111110000100111000111100010101101010100011010001110010101010010111111000111010001110000101011001101100001001011111101011011011101101101011011101110001100011111111111000010101010010100110001001101001100101000100010111010111110
6600 0.865847674365 000001111111100111101000111111111011110110100111010100101001101110110101111111111011100000000100100100011001101011110101011011100010000111100110001110011100111111000001101011000110100010001101010110010010101111110011010010111111000110111111111000101010111110010000100001111011110010011001111110010101101100011100001011111111100010100011010100110001001101101100101101100010010010101001
6700 0.867277113395 001001111011100111101000111111111011110110100111010100101001101110110101111111111011100000000100100100011001101011110101010011100010000111100110001010011100111111000001101011000111100010001101010110010010101111110011010010111111000110111111111100101010111111010100100001111010110010011001111110010101101100011100001011111011100010100001010100111001001111101101101101100010010010101001
6800 0.868664932681 010101011011100110001001101111111101100100110111010100011001001101010110101111010000100100110110011100001001111111110111001111110100010111100111100110011010111111100001101011010110000010100011010010011010001110100011010010100111101110110010111010100010011110110000101001111111111011011001111100010001001010011100000111111111100010110111011101110101001101100101101111110010010010111010
6900 0.869948288442 001101111001100111101000101110111111110110110011110100100011101110100111101111101001100010010110011110011010011010110101110111010110010110100110001100011100110111100001011011000111100010111001010110010011101110010111011011011111100110110110111000111010001100010000100001111110010011010001111000010011010100011000011011111110100110111011001100101001001111111100101111100010010110111001
7000 0.869086408571 001101111010101011101001101011111100100110100111010100100010100110110111011101111011100010000110011110010011101011110111110111110110000000110101001000011100111111000001101011100111110001111001000110000011101110010011011011011111100110111010111000011011001110010000100011111010010010010011111100010101001101011100001110111010100110101111010100011001101111111100001111111110010110111101
7100 0.869016636262 001101111011100111100000101101101101101110110110011101001011101100110010111111111111100000000100101110011000101010110001111011010100000011100110011010101110111111000001111010010101000010111001010010010111101110110011010011011111100110111010111000110011111110010011101111111111010010011001110100010011100110001000011111101101100100110111001100010001001111110110001111100000010010111011
7200 0.869181922885 101100111011110111100000100010101000101100110011010101111001101110110110001110011111100010000111101100011001100010110101110011100110011100100110001010001000111111010001011001000111101110101111010110010010100110111011110011111011100110111110111000110011111100010001000001111010010110011001110110000101111110001100011111111111100100110011000100010000101111101110101101100011010010101101
7300 0.868292973352 101100101011110111101000100111111010110100110011011101101011101100110011011110011111100010100011110100001011100000110101110001110010010110100110001010001000111110110001111001100111100110101111010110010010100110111001010010111111100110011110111000100011111100110000100001111010010110010001110010000101110110001100011111111111100100110011000100110001100111101110100101100011010100101101
7400 0.868404616634 101110101011100101110000100011111001100100110011010101101011101000010110101111010101110010000001101110011001101010111001110011100100010000110110001010001110111111110001111010000111011100101101011100010111101110110011010110011111100110111110111000000110111100110001101011111011000110011001111100010001110110011100011101111101100100110111011100110001101111100010101111100011010010101010
7500 0.867190354507 101110101010101101010000101011111001100100010011011101111011111100010010100101010100101011010100101110010001100110100011110011110100010000110110001110001010111111110000111010100111011110101110010100000111001010110001010010011111100110111110111000000011111100110001010011111011010010011001111100010001111110011100011101111101100100111111111100110001101101100000001111000011111010101011
7600 0.867314320595 110110101011100101110001110011111001110110110011010101101011101000011100101010010101010100000100101111011001101011111101110011110100010100110110001010001110111111111001111011000111001010101101001100011010111010110011010110011111100110111110111000000010111100110001001011111010000110011001111100000001010100000100011101111011110100111111001100110001001111000010101111100011010110101100
7700 0.869200219965 100111101011111101010001100011110001100111111011010101111011111100000110101101011101101000000000101100010001101010111001110011110111010000100010001010001000110111110001101011000111001011101001010100000111111010111010010110011111100110011111011010000101111100110001010001101101110010111011110100010101100110001100011101110111100100111011010100110001001111110110101111010011010010101010
7800 0.868006578761 100111101011011111010001100111110011100100010011010110111010101000010000101111011011101000000101101100011000101010011001110011111010011010100011011010001110111111110001101010000111001010101001011100000111111000110011010010011111100110111111011010000101111100010001011010101101010010010011110100010101111110011100011101111111100000010011010100110001001111111100101111100111000110101111
7900 0.865080445012 100100000000100011010001000111110000110110011011011101011011101100000010101110111111111110000100100110001110101010111001110011000100010000110011001110011110110111110000101010000111010110101101111100010111101110010011111010011110100110111011111010000101111101110001000001111011010110011011111100011000000110011010011111111101000010111111011100110001101101001110101111100011010010101100
8000 0.865638797198 101100000010100111000001100011110000110111001011111111011011111000110000101011111011111110000010110110011110101000010001110011000100010011110011001110011111111111110001101010000111011110101101010100000111101110010010111010011110100110111011111000000111111100110001000001111011010111000011111000111111011010011000011111111101100011011010110100110001101101001000100111100010010010001100
8100 0.864380243943 001100010010100110000000101101100010110101001011011100011011001000110100100111111101111110000000001100011110111100110001110111100100010100100011101110001011111111110001101010000111011110101101010111010111101110110010111010011110100110110011111000010111111101110001001001111111011010001001110101010111001010010000101111111111100011011011011101110001001101001010101111110010000010001100
8200 0.864865063477 001000110010100110000000101101100011110101000011011101011011001000110100100111111101111110000100001110011010111100110001110111100100010100100001101111001011111111110001101010000111011110101111010110010011101110010010111010010110100110110011101000010111111101100001001001111111011010001001110101000111001010010000101111011110100011011011010101110001011101001010101111110010000010001100
8300 0.866647746624 101100100000100111110000100111100010110101011001011111011100111001110100101010001101001100100101010110011010111101010000101011000100010110100011001100101110111111110001100010000111010010101101010111010011001110110011100110011111100110110011111000101101101100110011101011011011111110011111111100010111110100010100011011101101100001011010010000111001011101101001101111100011010010111010
8400 0.867955887392 001100110010000111000011101101100011100101001111011101011011011001110100100101110001101110100101011110011010111101110011110111100101110110100001101111001111111111110001101000000101011110001111011110010010101110010010111010110110100110110111011000001110111100100001001101111111011110001001111101010111001011010010111101111111100011011000010001100001010101001000001101110010000110001100
8500 0.868221700099 101101110010100111011000101111110010110100011001011111111110110000010100101110101101101110101111011110011010110100010001101011100000010110100001101100001011111011100001100000000111001010110111011110000011001110111000010000011111100110110011111100001111010101100001101101101011011011011101110100010011110110010000011011101101100001011010010000101001101101111000101111110010000010011110
8600 0.865883511584 011100010011100111110001100111000000110101110001011111011011101010010100101110111101001010000010000110111110011101110001111011000110010111100011101100011011011111100001101010000111011010101101011110000111101110010010101110011111100100110000111100001101101111110011001001111001011110000001111001000111001000000000111111101101100011010010010100110001011111001010101111110010110010011100
8700 0.866213804724 100101110011100011000001101111110010100101010101011111111111101001110100111100111101101111101101110100010010111110010011101111101100110110100001010110001010011010010001111010000111000010101111110110000011001110000000011000010111000110110001111100001001111100110011001001101111001111001001110100001111101110011000011110101101110011011010010101111001101101011000100111110010010010011010
8800 0.865518604678 001111111000100111010001101111000010110100110001011111101111111000010100101110110111001011001110000110011110011100110001111011000100010111100000100111011011011111010001101010000111011010001111011100000011101110000010101110011101100111110011111100001001001110110001001010101001011111010001111001000111001010000000111101101101100011011010010100111011101001000100101111110010110010011100
8900 0.866315770145 101101111010101011010001101111010010110100110001011111110111101001010100101100111111001111101111000110010110011110010011111111100100010111100001100110011010011111010001101010000111001010001111011110000011101110000010111000011111100110110011111110011001011100110010001011101111001111000101110000000111001110011001011010101101110011011010010100011111101001001000100011110010000010011010
9000 0.864063490184 011100111011101111010001100111101000111100100001000111111111111000010100111110110111001010001010010110111111111100010001111011100101010111100000001110010010011111000001101010100100011010111111011110101010101110010010111010011101100111100001110100000101101100010001101110111001110010001001110000000111011000000000111011101101000011110110010100111001111111100100101110110110010010011100
9100 0.865477204423 011101111010001011010001111111100010110100110101011101111101011000010000101110111101010011101011010110011000110110010001111111100100010111100001101110011010011111010011111010000110010110001111111110100011101110010100111100011100000110110010111110011001011100010001001010111101011011001111111000000111001010001000111010101101000001111011000100111001111101001001101111111000000010011000
9200 0.867742851533 111111111010100111010001100111000001101101111001011011101111111000010100101110110111001011000110010010001110111000100001111111100100010110100101100010111000011111000011101010000110001010101111011010000010001110010010110010011000000111110001111100100011101110110000001110111001101011111001111000010111011010001000111111101101100111111010010100111001101001100101101111100011010010011100
9300 0.864659671861 001111011010101101110001101110110000110000110011111111110111111010010000111010111110101010001010110110111110111100110001110101000100011011100001101110011010011111010001101000000110011010001101111100011010001110110010101011011101100110100011111100011011011100110001101010111101011000101101101001001110011010000000011010111101100111111101010100011011100111101100101111011010000010011100
9400 0.865077892928 111101111010101101010101100111100100101100100001011111000101110000010100101110111010001011111111000100111101111101100001111111110101000110100001101110011000011111101001101010010110001000101011011110000110101010010110110000011101100110110011111110000010101110010000111001111001110011001101111000001011001010001000111011101101110110111011000100110001101001101000101110011110010010011100
9500 0.863550345837 101111100010101111010001101110010011110110011011011101011101111010010100101010111111001010001100010010001011111011100011110111110100010011100000101111111100011111001001101010010110001010101111011110001010101110110000111110011101000110000011111100100011111100100010101110111101010111011001111000011011001110000000101010111101100111111101000000110001101101000000101011011010010010010100
9600 0.864818231336 101111100010101111010101101110010011110110011011011101011101111010010100101010111111001010001100010010001011110010100011110111110100010011100000111111111100011111001001101010010110001010101111011110001110101110110010111110011101000110000011111100100011111100100010101111110101010110011001111000011011001110000000101010111100100111111101000000110000100101010000101011011010010010010100
9700 0.863637119166 011101110010100011010111100110000010110100111001011111001101011000010101101011111111001010001100100010101010110110100111111111100101010011100000111110110101011111000001101010000110001010101111011110000100101110110000010110011101000110010111011100110010001100110000101011111101011010011001111000011011011110000000111010111100100111111111000100111001110101000000101011010010010010011100
9800 0.866406635925 101111110000100111010101100110011011110110111101011101011101111000000100100010111111001010000100000110001111111000100011101111100100010011110001111111011100111111000001101000010110001010101101011110001110101110110010010110011101100110110001111110100110001100100011101111110101010110001101111000111010001110001000111010111101100111111001000000111010100100000000101011011011010010011100
9900 0.864841086609 001101110010100111110011101111101000111100110001011111011100011000010101101011111111001000011110010111111010110101100011110111110101010011101001001110011101011011001001101010000011001010101111010100000100101010110000010010011101001110110001011110001000001110110000101010110101011011101000101111011011011110001100111010101101100100111111010100010111110101001000101111010010000010000000
10000 0.865200550014 111111110010101111010001101110001000101101111101010101111010111000000100101011101011011000001110110110111000100111110011111111100101010011110000101110011100001111000001111000101010000010101101011100000110101110110000000111110101000010100001110110000101011111100011101001111101011000101101110000110011000110001001111110001111100111111110010100011000010101101001101011011011010010101111
10100 0.866874648296 001011110011111011010101101010110001100110110001011101011010111001110001101011000111101110001110100111010001100111110011101001100111000111100010001110111110000011100001101100100110010110111101001100001011101110111001111110011011000110110111111100110110101000100010100000110001011110001011111100101011100110001100111000111111100110111011110100110010100100111101101111011010010010111100
Mejor resultado: 0.863550345837 101111100010101111010001101110010011110110011011011101011101111010010100101010111111001010001100010010001011111011100011110111110100010011100000101111111100011111001001101010010110001010101111011110001010101110110000111110011101000110000011111100100011111100100010101110111101010111011001111000011011001110000000101010111101100111111101000000110001101101000000101011011010010010010100
