200 0.941546891065 100110010001101100100101111100101111010011011100010100010100111101111000001010111101100101010101111101001001011111110101001111110011111001110000010110110110100101111101011111010101011101111111001000100100101100010100110000010001100101111011111010010001111101001011101111101110111111110010011100011010000011001010110100011011110000001000000001010001111101111000001110011111001100010010
300 0.917072207241 110101100001101111110111101100100101010000101111001111111010010101111001001111000011010101011111110101011100000111111001110001111110111110110010101110011110101111001000110101001111110101100111101010001100101011100000100111111111101011001001111011110010100010010000011111110101101011110101111010010011111110111001010111000111010100011001010101110001000101000100110111100111010100011001
400 0.901308399013 110101100001101111110111001101100101110101100111111111001000010111111101001101010110010101011111111100101001000011110010110001110110111110110011101110001110111011100000111000101111010100100111100001001010101011100000110111111111010111110001111011110010101000010000011111111101111001110101111011010101101010111111011111100111010110011111010011110111001101100110110111101101010010011000
500 0.902894930299 100101100001101101110111101001111101110000100111111011001000000110111101101101000111010101011111110100101101000011110001110000110110110110110010001110101110111111100000101001011111110000100100101101001010101011100001110011011111000111110001111011111010100001110000011111111101101011110101111011010101111010111001011110000111010100011110010111111011001101100110111111101101010010111001
600 0.89665229058 110101000001100111110011101001100101110101000111111011101000010111111010001101010100010101111111111110111011000011010101110011010110111100110011101110011111101111100000110000111111010101101111110100001011101011110000110110111111110101100101111001010010101000010100111111111101111011110110111110010101101110101111011101100110100110111010010011110011000101110110110111111111000011011010
700 0.891915232799 101111111010101111000100101001110001100110010001010111011101010111011101101110111101111010011111001100111100110000110111110111110001011000111011101000000010101111111010001111001111010110101111110001011000011111101000110100101101000111110111101010100111111001011000111111111011111111000010111000100100101111110010000101100111110011110110101101011011111101110000000111001001110010111000
800 0.887074581402 110101100010111111110011101111110111010100111111100111110001110100010101001001000111011101011111000101101100100111110101110011111110010010110011001111101010111111001000101001010111100000100110101101001010101011111000110110011011000101110011111010111010101000010001001111111111111011110000001011110101111010101001010100011011000111011011010001010011110101111110100111001011110010111011
900 0.883583277762 110111100001100101110011101111101010110100110111100111100001111110111101101101010100011100100111011100101111000111110101110011110111011100000011000011001010001111101000001100011111110010100011001100001011101011111010110110011111010011110001111000111110101011110001011101110111001011000000001111110101101001111101010100101111000110111110010011110001000101001110000111011111000110011001
1000 0.882305104705 010110110001101111011101101110101011010100110111111111111000100100011001101110111010100001111101000110101111000011111101111011110100110010100011101010001101111111101000111110110101101111101111100100001110001011110010010110011100001111100001011010000000101101000001101101110010101011110010101001000111101010111111011101101111100101110011010000111001100101001110000111001111110110111000
1100 0.881699269295 110101000011111111011101100111110010111100100111100110011000010100111101101100010111011001010111010101111101110111110100111001111100010110110011101110001111011011101001101011110111010010101111110100001010001011111010110101001101100110110011110010111011101100110001111111101110110011010000101011100001101100100011001100101111100111011011010101000011100101110100000111000011110011011000
1200 0.877600813327 000100100001101111111011111111110011010100100011111111101000101100110101101110111100101001101111111100001111010011110101110010010100010010100010001011001000111111101000101000011101110110111111100000000110111011110110010010010101000111110001011010000000101100000000111101111110011011110100011110100001101111111111010101011010100110110011010101110001100101101110100111000111110111011000
1300 0.877260778502 101101100011101101010111101011110001111100110011100100011000100111010101101101110100011001010111011110011111010000110100110011110110110110010011101010001100101111001000111000110111010011111111111100001110001011110000010111001111010111110011110010100100101100101001101111111110001011011000111000010000001000010101111100101111100111010011111100100011101101101100101110011111110010111000
1400 0.875341102065 101100110011100111010101101111110011110100100111010101010001001101111101101110111000101000111101101100001110010001110101100010010011011010110010101001010010111111101001101100010111110010110111110001000010001001110010010110011111000111110111001000110011101100010000111111101110011011010111111110000011101111111111011101000111100110111011010000010001101101011100100111000011110110111101
1500 0.874909654764 100100010010100111010111101010101001101100110111110100011000101111010101101101010110011101000111001110001101110011110100110011110110111100110011101001001100101110101001010001110111010010101111111100001010101011110000010110001101000111110011111010111000101100101001001111111110111011011000111100010000001010011101111100101111100111111011111100100011100101110100101110111111010010011000
1600 0.871285247756 100110000010100111010111101101110001110100110011100111011000111101010100101111011110011001100111001100011100110010010101111011110101010110100011100110001010111111101000011001000111010110101111101100000010001011111010110111011111100011111000111010111011101100101001101011111100101010001001011011010011001010011101001101101110100011110010010101010000010101001100101111101111010110101100
1700 0.872446120303 000101111010101111010101101111111011110100110111110111010000011100010101101010011110110010101101010100111100100011110101110011110100010000100011100010001000101111101010001111000111010110111111101000000100001011111110110110110111000001110101110110101001101100110001101001111110001011010000101011010011001111101000111101100110100101110011010100010001101101001110101111100011010010011110
1800 0.870961932924 000100010010101111000101101011101111101100010001010111010001000011010101101100101110001010110001110110001111110001110100111111010110010100100010100010101000101111101000101100010101010010110111111101000010001111111000110110011110000111110111111110101001101100100011101011110111111111111001101001000011001110011011011001000111100010101111010101010011100101101100100111100010010010111110
1900 0.869402625429 000100010010101111010101101011100001110100110011110111000001001111010101101110011010100010110101010110111100110010010101111111110111010100100011000000001010101111101010101001010111010010100111111100001010001011111110110110110101100011110001110010111001101000100001101001111100111011010101101011010011101010111101011001101101100101111010011100110001000101101100101111100010010010111100
2000 0.866792561047 100101110010100111010101001111101010110100100111010101111000010100010100101110011110100000100111111110001110010111110101101011010111110000110011101100011010101111101000101101010111010010110111111000010010000111111000000110011111000000110101101110000010101100100001101011111111111010010111011000110010101110011100111100100111100110100011011100010001110101100000111011001111010010111110
2100 0.86575874949 000100010010100111010101101111110011110100110111111111011101011111110100101100011110000000110111111101011100010110010101101010110101010100100011101110001010101111101000101110010111000110111111111100000010101011110001010111111101100011110001111010010010101000110000101111111100110011000111101011010011101110011010010110101101000000110011110100110000000101001000101111100011010110111010
2200 0.86577617583 000101010010100111010101101011001011100100010011110101000001001101010001101110011000000001110011110110111010110011110110111111110110110110100011001010101110100111101000101110010111010010110111111100000010100111010000010110111101100011110011111100100001101100100000101011110101111011011111101101010101101011011111111000100011000011110101011100010001100101101000000011001011010010111100
2300 0.862682070401 100101010011101101110000101110110000010100100111010101010000011101010101101110111110101001100101010110001110010111100101101111110101010010100011000110111000101111110000101101000111010110101111111110000010001011010010110110011101100111110011110100001000101100110001101001110111001011010111001100010000101110011101111101111111100011100111011110010011000101101000111011001011110010011100
2400 0.865223556722 100101110011101101010100001110101001110110000111100111111000010101010100101010111011000000100101011100011110010101110101110111010110110110110010001110110010110111101000111001000111010010011111111100000000001010011000010111011101000010111011111010010000101100100001101011110110010000001111111001110011101110011101111100101111100010110010010110010001111101001010101011001111010010111100
2500 0.863713858073 100101110011101111010100111110111010100110000111110111011000011100010100101000111010001000100101010100011110010001110101111111000101010110110010000110111010110111101000101101000111010110011111111100000000001011011010010110011101000010111010110000011000101100100001101011110110110010001111101010010001001110011101011100111111100110110011010100010011110101101100111011101011010010111110
2600 0.862742223522 100101010010100111000101101011000011110101110111010111100000001101010001101110111000010000110011110110101011110010110100111110110101010110100001101100101000101111111000101100000111000010100111111101101010101111110001000110011101100111110011110110100001101100100000101011110111011011010001100101010001101010011001111100100001000011111001011100110011110101101000100111001011010010111000
2700 0.860818968201 100101110011100111010100101110111011100100100111010100001000011101010100101110111110101000100101010100010110100011110101111010010101110110100011001110111110101111101010111110000111000110101101111100000000101011010100000110011101100110110001110110100000110100110001101011100110010011001111111110010101001100011101010100101011100000100011010100010001111101101000101011001111010010011100
2800 0.860516878821 000101010010001111010000001011101011000101100001110111011011111100010101101000111010000101110101111100011010110100110101111011010100010110100010101110100010111111101000111000010111010101101111111100000010001011110000110010011111000111111011111000101001101100100001101111110100011010001111001000010001101111011101011101101111100011100011011101010001110101001000001011100011010010111110
2900 0.858982752202 001101010011100101001001101001100011100100000111010100001011011100010001101110011110101000000111111110011000010111100101101010110101110110100011010000001000111111110000101111000110000110101111111110100010101111110000110110011101100110010011110100100010101100100000101101110111011011011111111100001101101111101100111101001101000010110010011100011011100101001000100111101111000010011110
3000 0.856453355609 000101010010101111111101101011101011100100000011010111011001000100010001101010011110001001000101111110011000010111110100111010100111110110100011011000001010101111100000101111010110000110101111110110000110101111110000111110011111100110110010110100000000101100100000101001110111011011001111111100000101101110001100111001001101100010110010011100010001101101001000101111101111010010011000
3100 0.856592104777 010101011010101111010100101111100011100100100011010110011000001101010100101010111010001000110111110110001010110111110111111111010100000011100010101010101011101111101000101010000111000010111111111000101000101010010000010110011101100110111101110000101000101100100000101011110110010010011111111100010001101010011100111010110111100011101011011100010011100101101000101011000011010010011000
3200 0.856937595204 001101011010101101000101101011100011100100100011010010001010001101010100101000111110101100110101110110011010110111010101111111110100010111100000001110001110101111101000111110010111000110101111001100101000101010010010100110011101100110110001110000001000101100100000101111110101010010001111111100010011101000011100111111110101100011111111011100010011000101101000111011101011010010111100
3300 0.854294170839 000101010010100101000001101011100010100100010001010100001011001101000101101100011110000000010111110110011010010101000101101010110100100111100011001110001100111111101000101110010111000010101111011100101010101011110000110110011111100110110011110100001001101100100000101011111110010111001111110100010001101110011101011101101111100001110011011100010001101101001000101011001111010010011000
3400 0.854406852173 000101010010100101010100101111101011100100100001010000101010011101000100101100111110100000110111110110100010100111110101100011110101110010111010001110001010001111101000111011000100000110001111110100100010101011010000110010010101000110010001111100000010111100100000101011110110011010001111111100100001101110011101011111101111100011110010011100010011100101101000101011101011010010111110
3500 0.854169497912 110100010000001111000001101111101011100100100011010100111000010100010101101010111100001100100111100110011110110111110101110011110101110010100011001110101010101111101000101101000111000010111111111100001010101011110000010110011101100010110101110100101101110100100000101011110110000010011011100100010101101100011101111101111111100010100000010100010001110101011000101011000011100010111100
3600 0.853354651727 001101010010100101010001101010000011100100100001110101111010001100010100101100111010000000110111100110011010000001110101111011110101010110100011001110001100111111101001101111000101000010101111111100000010111111110000110110011101100111110001110100001001111100100000101011110111010010001111110100110101101100011101111111101111100010110010010100010001110101001000101011001111000010111100
3700 0.852820515696 010100010010100110000001101011101011100100100001000100011100011111010001101110101110000100100101110111001110110111110001110110100100110110100001001100100100111111111000101011000111000110101111111100100010101011010000100010011101100110110011100000001000101100000000101001110111011010001111101100000001101111011101111101101111100011110011011100011001101101001001101111101111010010111100
3800 0.852215854837 000101110010100111010001101010001011100100100011110100011010001101010101101000111110000000010101110110011110010011110101101110110101010110100011001110001010011111100000101111000101000110110111110100000000101011110001001110011101100110010001110100000000101100100001101011110110011011001111100100111001001110011101111111111111100010110010010100010001011101101000101011101111000010111110
3900 0.85170687658 000101110010100111010001101010001011100000100011010101111010001101010100101100111110000000010101110110011110010011110111101110100101010110100010001110001010011111100000101111000101000010101111111100000000101011110000101110011101100110010001110100000000001100101001101011110111011011001111100101111001001100011101011111111111100010100010010100010001001101101000101011001111000010111110
4000 0.851801026886 000101110010100111010001101010011011100000110011010100101010011101010100101100111111100000010100110110001010110111110101101111111101010110101010001110001010011111111000101011100101000010101111111100000010001011110001101110011101100110010001110000000000101100100000001011110110001011001111100101011001001100011101011111101111100010100010011100110011101101100000101011001111000110111110
4100 0.853040050553 000001110010101100000001101110101011100101111101011100011010001101010100101110111100100000111101110111011010010111110101101011110100010110100010001110001010111111101000111011000111000110101111111100000010100011010000100010011001000110110011110000101000101100100000101011110111000010001111101100000100100100011101111111101101100010100010011100111011101100101000101011001111010010111100
4200 0.851179620854 000101110010101111010001001011100010000100110011010101111010001101010100101000111110000000110110111111001110110111110101111010100100010110100011001110001010011111100000101010000111000110101111110100000000100011110000001010011001100110110001110100000100001100101001001101110111010011001111110100010101101100011101011101110111100010110011010100010011001101101000101011001111010010110110
4300 0.850423066118 000001010010101111010001101111100001000100110001011100010010001101010100101110111110100000110111110111001010110111110101101011100100010110101010001110001011111111110000101010100111000110101111111100000010101011110000001110011011100110110011110100001000101100100000101011110111001010001111001100000001101110011101111111111111100010100010010100110011110101000000101111101111010010101100
4400 0.849326637555 011101110010101111000001101010100011000100110001000101101011011100010100101110111110000000010000111110011010110111110101111101100101010110100010001110001110011111100000101111010111000010101111110100100000101001110000100010011001100110110001110100001000101100100000001001110111011011001111011100010100101110011101011111110111100010100011010100010011001101101000100111000111000010101110
4500 0.850603754108 000101110010100111000001101111100011100100110001010100101010001100010100101010111111100000101110111110101010010111110101111111101100010110100010101110001100111011100000101011010111000010101111111100000011001011110000001110011101000110010001110000100000101100100000101011110110001010001111111100011000101110011101110111101111000010100010000100110001001101100000101011000111010010111110
4600 0.848933946959 000101110010101111000101101011111011100100110001010100101010011100010100101000111111000000110110110110001010110111110101100101110100010110100010001110000000111111110000101011010111000010101011110100110010101011110000001010010101100110010001110100100001101100100000101011110110011010001111111100011000101100001101111111101111100010100010000100111001001101100000101111000111010010111100
4700 0.848973001652 001101110010100111010101101010101011001100100001010100001010001100010100101010111100000000101110111110001010110110110101111111100101010110100011001110001100111111100000101011010111000110101111111100000011101011110000001110011101000110110001110100000000101100100000101001110110000010001011111100011001101110101100111111101111100110100010011100110001001101101000101001011111010010111110
4800 0.849857781899 000101110010101111000001101011000011101100110001001100111010001101010100100000111110100010100100110110010010110011110101100110100101010110100010001110011010110111111000101011000111010110101111111100000010101011110000101010011001100110110001010100000101101100100000101011110111000010001111111100011001001100011101111101101101100010110010010100110011001101111000101011110111010010111100
4900 0.849419822327 000101111010101111010001101111101011000100110011000100111000011101010100101110111111000010110110111110001010110111110101101111100101010111100010001010001000111111100000101011000111000010101011010100010010101011110000000010011101100110010001110100000000101100100000101101110100010010001111001100000101101100011101111111101111100010100011010100010001111100100000101111001101010010111101
5000 0.847717283869 001101110010100111010001101110000011000100110011010100111000001100010100101110111111000010010110111110001110110111110101101111110101010110100011001010001000011111100000101011000111000010101011111100010000101011110000111010010111100110110011110100000000101100100000101101110101000010001111101100011101101100011101111111111111100010100010010100011001101101100000101111000111000010111100
5100 0.847906143389 000111110010101111000001101011100011100100110011000100111010001100010100100010111101100010110100110110011010110111110101101110100101010110100010001110011000111111101000101001000111000010101111010100000010101011110000101010011001100110010001111100000001101100100000101011110111011010001111111100010001001100010100111111101101100010110010010100110011101101101000101010110111010000111100
5200 0.848494036561 000111110010101111000001101011100011100100110011000100111010001100010100100110111110100010101110110110001010010111110101101110100101010110101011001110011000111111101000101001010111000010101111110100000000101011110000100010011001100110010001110100010001101100100000101011110011011010001111111100010001011100010101111111101101100010110011010100010001101101101000101010010111010010111100
5300 0.848437526966 000101010010100111010101101011000011100100110001010100111000001100010100101010111010100010100110110110111010010101110101100110100101010110000010101110011010010101100000101001010111000010101111011100000001001011110001101010011101100110110001110000000000101100100000101011111111001010001111101100011001101110100101111111101111100010110011010100011011111101101000101011011111010010111100
5400 0.848260302436 001101110010100111000001101011001000100100111001010100101000001100010100101010111110000010100100111110011010110111110101110111100101010110100010101110001010010101100000101100010101000110101111011100000001001011010000011010011101100110110001110000000000101100100000101001111110000010001111111100011101001100010101111110101111100110110011110100011011101101101000101011111111010010111100
5500 0.84763474012 001101110010101111000001101011001010100100111001010100101010001100110100101110111110100010101110111110001010110110110101111011100101010110100010101110001010010101110000101000010101000010101111011100000111001010010000010010011101110110110001110000000000001100100000001001111110000010001111111100011101101100010101001110101111100010110011110100010011101101101000101011101111010010111100
5600 0.847889244905 000101000010101111000101101010101011100000110001010100101000011100010100101010111110000010101100011110010010110101110101101011110101010110000011001110001010011101100000101011000111000010101101011100100010101111010000101100011011100110110101110100000001101100100000101001110111000010001111111100011001101110010101111111101111100010101011010100111011011101111000101011001111000010111100
5700 0.848481950846 000101010010111111010001101011101011100100100011010100101000010100010100101011111100000000101100111110110010110111110101101011100101010110000011011110001110111101100000101011010111000010001111011100100010101011010000100010011011100110111101110100000001101100100000101011110111001010001011111100011001001100010100101111101111100110101011010100111011001101111000100011001111000010111100
5800 0.848834931617 000101010010101111000001101111111011100100110011010100111000001100000100100000111101100010101101010110011010110111110101101111100101110110100111001110011000011101110000101011010110000010100111010100000010101001010000001010011101100110110001110000000000001100100000101011111111001010001111111100011101101100011101110111101011100010110010010101111001001101101001101010100011010010111100
5900 0.847738082583 001101010010101111000101101111001000100100100001010101111010001110110100100010111111000010111101110110011010111110110101111011100101010110100010001100011010011101100000101011010111000011100111011100000000101011110000111010111111100110110001110000000000101100100000101011110110000010001011101100010101101100110101111111100101100110100010010100010001111101101000101111000111010010101100
6000 0.847267786687 000101010010101111000001101111111010100101100001010000111010011100010100100010111111101010011110010111011010110111010101100011000101010110101010001110011010010111100000101011000111000010101111011100100010101101110000111010011101100110110001110000000000001100100000101011110111000010001001101100010001101100011101111111101011100010110011110100110011101101100000100110110111000010111100
6100 0.846481511534 000101010010101111010001101111101000100001100011010100111010001100000000101010111111001000101110011110001010110111110101101111100101110111100010001110011110010111100000101011010111010110101111011100000011101001110000000010011101100010110001111100000001100100100000101011110111000010001101101100010001001100010001001111101011100010110010011100111001001101101000101011101111010010111100
6200 0.845361791404 000101010010101111010001101010101010100100110111010000100010001100010100101010111111100000010110110110011000110111110001100011100101010110101011001110001110011111100000101011000111000010101111011100100010101011110000101010011101100110110001110000000000101100100000101011111111000010001001101100010101001110001101111110101111100110100011110100110011001101101000101110110111000010101110
6300 0.846267308965 001101010010101111000001100111001011100100100011010100101010001100010100100000111100001010111110110110011010110110110101100011110101010110100011001100101110011111100000001011000111000010101111010100000010101011110000101010011011100110110001110000001000101100100000101001100111000010001111111100010101101100011100111011101101100110110011010100110001101101101000101111100111010010111100
6400 0.846565509226 000101010010101111010001100111101010100100110011010100111010001100010100101000011110001010101110010110011010110110110101100110110101011110100011001110001110011110100000101011100111000010101110011100000010101011110001100010011111100110110001110000001100101100100000101001100111000010001111111100010101101110010100111111101101100110000011010100010001001101101000101111010111000010111100
6500 0.846445033594 000101010010101111010001101111100011100100110011010100101010011100010100111010110110101010101110110110011000110111110101100011100101010110101011001110001110011111100000001011010111000010101111011100000010101001110000111010011001100110110001110000000000101101100000101011110111010010100011111100010001001110000101001111101101000110100010110100010011001101101000101101101111000010111100
6600 0.84665427581 000101010010101111010001101101001011100100100011010100111010001100010100101010111101101000001010110110011100110110110101101011100101010110100111001110001110011111100000101011000111000010101111011100100011101011110000100010011111100110110001110001100000101100100000101001111011000010001011100100010001001110001100111001111101100110000011010100010001101101101000101101100111010010111100
6700 0.84570734461 000101110010101110010001101111101010100100100001010100101010001100110100100010111100101000000110110110011010000101110101100101100101000110111011001100001110011111110000101011000111000010101111011100000010001011110000100010111111100110110001111000100000101100100000101001110111000010001011111100011101001110010100111101101101100010110010010100010011101101101000101101111111010010111100
6800 0.844163930383 000101010010101111010001101111100010101100110011010100101010001100010100101010011110101000101110010110011010010110110101101110000101000110100011001110101110011111100000101011100111000110101111011100000010101011110000111010011111100110110001110000000001101101100000101011111111000010001011111100010001001100010100011111100101000010100010010100011011001101101000101101110111000010111100
6900 0.844944033133 000101010010101111010001101111101010100100110001010100101010001100110100101010111110101010000110110110011010000111110101100111100101000110101011011100001100001111100000101000000111000010101111011100000010001011110001100010111101100110100001111000000010101101100000101011110111000010001011111100010101001110000100111111101101100010110011010100111011011101100000101101101111010010111100
7000 0.846180616291 000101000010101111010001101111100011100100110011010100111010001000001100101110111110001010101110010110011010000110110101100111100101000110100011001110001100011111000001101001000111000010101111000100000010101011110001110010011111100110110001110000000000101100101000101011110111010010001011111100010001001010000101111111110101100110111010010100010001001101101000101101101111010010111100
7100 0.845124753797 000101010010101111000001101111100011100100111011010110111010001100110100100010101110100010010110010110001010010110110101100111100101000110101011001100001100001111100000101011000111010010101101010100100011001011110000110010011111100010110001111000000000101100100000101011110111000010001011101000010001001110000101101111101101100010111011010100110011001101101000101111100111010010111100
7200 0.844837112026 000101111010101111010001101111101011100100100011010100101010001100110100101010111110000010010100010110001010110111110101100111000101010110101011001100001110011111100001101010001111000010001111011100000010001011110001101010011101100110110001111000000010101100100000101011110111010010001011111100010001001110010100111111101101100010110011010100001011001100101000101101111011000010011100
7300 0.845022794742 000101010010101111000001101011101010100100110011010100111010011100110100100010111100101010000110010100011010000111110101100111100101000110101111001110001110011111100000101011000111000010101111011100100011101010110001111010110101100110100001110000100000101100100000101011110111000110001011010100010001001010010101111111101101100110110011010101010011001101000000101111100111000010111100
7400 0.844411363881 000101111010101011010001101111101010100100100011010100101010001100010100101010111110101000001010010110001010100110110101100011110101010110101011001100001100000111100001101010100111001010101101011100000010101011100001101010011111100110110001110000000000111100100000101011110111010010001011101000010001001110010100101111101101100110110011010100000011101101101000101111100111010010111100
7500 0.845349134171 000101111010101111010001001111101010100100110101010100111010001100010000101010111110101010101110010110011010110110110101110011100101000110100011001110001010001111100000101011100111000010101111011100000011101001110001101011011101100110100001110000000010101110100000101011110111000010001011111100010001001010000100111111101101100110110010010100101011001101100000101111100111010010111100
7600 0.84524342941 001101011010101111010101101111101011100100100011010100111010001100010001001010110110101010000110010100001010010110110101110111100101000110101011001100001010001111100001101011000111000110101111011100000010101001110001101010111101100110100001110000000010101100100000101010111111000010001011101100010001001110001100111111111001100110110010010100110011001101101000101111011111010010111100
7700 0.844947313617 001101110010101111010001101011101011100100110011010100101010011110010101101010111100001010001110010110001010000110110101100111100101010110100011001100001110011111100000101011001111000010101111011100000010001011110000110010011101100110110001010000000001101100100000101011110111000010001011111100000001001110001101001111101101100110100011010100110011001101100000101111110111000011111100
7800 0.844434384556 001101111010101111010001001111101010100100100001010100111010011100110100100011111110100000101110010110001010110110110101101111100101010110100011001110101000011111100000101011000111000010101111011000000010101011110000010110011101100100110001110000000000101100100000101011110111010110001011001100010001001110010000101111001001100110110010010100011001001101101000101111100111010010111100
7900 0.844797595429 001101110010101111010001001111101010100100100011010100111010001100010000100011110101100000101110010110001011110110110101111111100101010110100011001110100000011111100000101010010111000010101111011100000010101011110000111110011101100100100001110000000001101100100000101001110111000010001011111100010001001110010000101111101001100111110010010100111001001101101000101111100011010010111100
8000 0.843141317303 001101010010101111010000101111101011100100110001010100111010101100110100101010111110101010001110010100011010110110110101100111100101000110101011001110101100011111100001101010000111000010101111011100000011001001110001100010011101000110110001110000000010111100100000101011110110010010001011101100010000001110010100111111001001100000110011010100010011001101101000101111001111000010111100
8100 0.843355892981 001101111010101111010001101011101110100100100001010100101010011100110101101010111110101010001010011000001011110110110101100111100101000110101011001110000000011111100000101010000111000010101111011100000010101111110000000010011011100110110001110000000000111100100000101011110111010010001011111100010001001110000101011111100101100010110010010100010011001101100001101111110011010010111100
8200 0.845633110658 001101110010101111000000101111100010100100100011110100101010101100010100101010111110110010100110010100001010100110110101110111100110000110100011001110101000011111100001101010000111000010101111011100000010001011110000010010011101100110110001110000110000111100100001101011110111000010001011101100010001001110000100011111101101100100110011010100111011001101101001101111100111010010101000
8300 0.845136384811 001101110010101111010001001111111010100100111011110100111010011100010000101010111110110010100110010100001010110110110101101111100101000110100011001110011110011111100001101010000111000010001111011110000010101010110000010010011101100110110001110000100001101000100000101011110111000010001001111100010001001110000000111111101101100000110010010100011011001101100000101010101011010010111000
8400 0.844999897188 001101110010101111000000101111101110100100110001010100101010001110110100101010111110100010101010010110001010010110110101101111100111000110101011001110011100011111000001101011100111000010101111011100000000101010110000110010011101100110110001111000000000101100100000001011110111000010001001101100010001001110000001111111001111100100110010010100011011001101101000101111100111010110111100
8500 0.846373312064 001100010010101111110000101111100010100100110001010100111011001100110000101010111110101010000110010110011010010110110101101111100101010110100011001110001100011111100001101010000111000010101111011100000010100011110000100010011101100111110001111000000011111100100000101011110111000110001011111100010001011010001000101011001101100001110011010100000011001101101001101111100111010010111000
8600 0.844318636902 001101110010101111000001101111101010100100111001010100101010001100010100101010111100100010110010010110001010000110110101101110100111010110100110000111001100011111100001101010000111000110101101011100000010101010110001010010011111100110110001110000000001101100100000101011111111000010001011001100010001001110010001111101111111100111110010010100011011001101100000101111101011010010101000
8700 0.843611551539 001101010010101111000001101111101011000100110001010101101010001100110100101010111111000010100110111100001010010110110101100111100101010110110011001110001000010111100001101010000111000010101111011110000010001000110000110010011001100010010001110000000001111110100000101011110111010010000011111100010001001110000100011111101101100000110010010100111011001101001000101011010011010010111100
8800 0.84420081909 001111110010101110010001101111100010100100010001010100111010001100010100100010111100101010100010011110011010110110010101101111100101010111100111001110001000001111000000101010000111000010101111011100010010101111110000111110011101100110110001110000000000101100100000001011110111000010001001111100010001001110001100001111101111100000111010010100011011101101101000101111100111000010101100
8900 0.844939625116 001101110010101111000001101111101010000100110011010100101011001100010100101010111111101010000010011110011010110110010101001111000101000111100011001110001000011110100001101010000111000010101111011100000010101011010000110010011101100110110001111000000011011100100000001011110111000010001001101100010001001110010100101111101011100011110010010100011011001101001000101111000111000010101100
9000 0.845800057913 001101010010101111010001100111101010000000111001010100101010011100110100101010111110001010100110010110001010100110110101100111100101000110100111001110001110011111000000101010000111000010101111011100001011001011110000010010011111100110110001110000000001111100100000101001110111000010001011101100010000001110010101011101101101100000010110010100110011001101101101101111000111010010111100
9100 0.845441182003 001101110010101111000001101111100010000100110001010101101011011100010100100010111110011010100110010100010010110111110100100111100101000110100011001110101100011111101001101010000111010010101111011100000010101010111000110010011101100110110001011010000001001100100000001011110111000010001001100100010001001110000100101111100111100010110011010000111011001101101000101111100111000010101100
9200 0.845074183936 001101011010101111010001101111101011000100100001010100100011001001110100101010111110000110001110011100111010000110110101101111100101010110100011001110001000001111100001101010000111000010101111011100000010100010110000110000011101100110110001111000000001111100101000101001110111011010001011111100010000001110000000111111101111100001110010010100011001001101101001101111100011010010111110
9300 0.843673131134 001101110010101111000001101011101110000100111001010110101011001000010100100010111110111010100110010110001010110111110001101111110100000110110011001110000100011111100001101010000111000010101101010100000000101010110000111010011101100110110101011000000000011100100000001011110111000010101001100100010001001110001100101111101111000010110011010101011011001101001000101111100011010110101110
9400 0.845005395143 001101011010101111010001101110101011000100100101010100101001001111010100101010111110000110001110011100001010000110110101101111000111010110100011001100001000001111100001101010000111000010101111011100010010101010110000111010011101100110110001111000000001101100100000101111110111010010001001101100010000001110001001111111101111100001110010010100011001001101101001101111100011010011111110
9500 0.845790010998 001101110010101111000001101011001011100100100001111100100010011110010100101010111100101010101110010100001010000110110001101111100101010110100011001010001000011101110001101010000111000010101101011100000010101011110000111010011101100110110001110000000001111100100000101011110111010000000111101100010001001110010100111111001101100010110010100100111011001111000001101111100011010010111000
9600 0.843986352368 001101010010101111000001101111101110000100110001010100101000011100010100100010111111100010000111010110101010111110110101101111110101010110100011001110001010011110100000101010000111000010101101000100000010101111110000110010011101100110110001111000000000101100100000001111110111001010101001111100011001001110001000101111001111100010110011010101010011001101101000101111100011010110101100
9700 0.842492319703 001001100010101111000001101111001011000100100001010100100010011000010100101010111110101010101110010110001010110110110101101111100101010110100011001110001000011111100001101011000111000010101001011100000010101010110000010010011101100110110001011000000001111100100000101011110111010010000111101100010001001110000100111111000101100000110010010100011011011111001000101111100111010110111000
9800 0.842350219222 001101110010101111000001101011101010100100100001010100101001001010010100101010111110100010101111010100111010000101110101101111100101010110100011001010000000001111111001101010000111000010101101010100010010101011111000111010011101100110110001101000000001101100100000001011110111010010000101100100010001001110010100011111101111100010110011010100011011000101100000101111100011010010111000
9900 0.844628643739 001101011011101011000001101111101011100100110001010100101001011000010000101010111110100010100101011100101010111100010101110111100101000110100011001110001000011101110000101000001111000010101101011100000010101010110000110010011101100110110001111000000011011100100000001011010111001010001111101100010001001110001000101111101111000010110010010100011001001101101000101111101011010110111100
10000 0.844474425967 101101111010101111000001001111101011000100101001110100101010011001010100101010111110100010101110010100101010110111110101101111100101010110100011001010000100011101100001101010000111000010101001011100000010101010110001100010010101100110110001011100000001101100100000101011110111000010001001101100010001001110010100101011101111100010110010010100111011001101101000101111100111010010111100
10100 0.84398110018 001101110011101111000001101111101010100100110001010100101000001100010000101010111110101010000101010100001010011111000101111111000101010110100011001110000000011111110000101000001101000110101101011100000010101010110001111010011101100110110001111000000011101100100000001011010111010010001011101100010001001110010100001111111111100000111011010100111011000101001000101111100011010010111100
10200 0.844613061456 101001010010101011100001101011101010100100110101010100101000001010010100101010011110100000101110010100101010110110010101101111100101000110100011001110010000011111101000101010100111000010100101011100000011101110110001110011011101100110110001111100000001101100100000101111110111000010001011101000000001001110010100011101101111100010110010010100011011001101101000101111100111010010101100
10300 0.844050764713 001101110010101011010001101011101011100100100001010100101001011000010010100010111110100010001101010100001010001111110101101111100101010110100001001110101010001111100000101010001111000010101101011100000011101111111000110010011101100110110001101000000011101100100000101011110111000010001001100100010000001110011100001111111111100010110010010100111011001101001000001111100011010110111100
10400 0.8435223864 001101010010101111010001101111101011100100100001110100100001011000010010101010111110101010001111010100001010100111110101101111100101010110100001001110001010001111100000101011001110000010101101011100010010101010111000110010011101100110110001111000000011101100100000001011110011000010001001101100010001101110011100001111111111100010110011010100011011001101001000001111100011010110101000
10500 0.843574378471 001101110010101011000001101101101010000100100101010100111001001010010100101010111101000000100110010110001010110110110101101111100100000110100001001110100000011111100001101010100111000010101111011100000011100010110001111010010111100110110001111000000001101100100000001011110111000010101111101100010001001110010100111101101111100010110011010100011010001001101000101111100111010010111100
10600 0.843095764653 001101111010101011000001101101101010000100100101010100111001001010010100101010111101000000100110010110001010110110110101101111100100000110100001001110100000011111100001101010100111000010101111011100000011100010110001111010010111100110110001111000001001101100100000001011110111000010101111101100010001001110010100111101101111100010110011010100011010001001101000101111100111010010111100
10700 0.843742189324 001101110001101111000001101011001010100100101001010100101000011100010100101000011110001010101111010110000010100110010101101101100101010110100001001110000000011111101000101110000111000010101011011100000010101110111000110010011101100110110001111100000001101100100000001011111111000010001011100100010001101110011100011111101101100010111011010100011011001101001000101111100111010010111000
10800 0.843357199136 001101010010101111010001101111101010100100101001010100101000001110010100101010101100000000101110010100000010110110110101101111100101000110000011001110100000011111100001101010000111100010101111011100000011101110110001110010011101100110110011111000000001101100100000001011110111000011101101101000010001001110010100101111101111100010110011010000011010001111001000101111100111010110111100
10900 0.843274933684 001101011010101111000001101111100010000100100101010100101000101010010100100010111101100000101110010110001010010110110101101111100101000110100101001110100000011111100001101010000111100010001111011100000011101011110001100010011101100110110001111000000001101100100000001011110111000010101111100100010101001110010100011111101111100010110010010100011001001101001000101111100011010110111100
11000 0.844228103947 001101011010101111000001101111001010000100100001010100101000001110010100101010111100100000111110010110000010110110110101101111100100000110100001001110100000011111100001101010100111000010001111011100000011101010110001110010011101100110110001111000000001111100100000001011111111000011101111100100010001001110010100001101101111100010110111010100011001001001101000101111100111010110111100
11100 0.843579421371 001101011010101111000001101111101010000100100101010100101100101010010000101011111101100010101111010101001010010110110101101111100101000110100001001110100000011111100001101000000111000010101101011100000011101111110001100000011101000110110001111000000001101100100000001011110111000010101111100000010101101110010100111101101111100010110011110100011001101101101000101111100011000110111110
11200 0.844094531973 001001011000101011000001101111101010100100100101010100101001011000010100101010111100001000100110010110001010010110110101101111100101010110100011001110100000011101100001101010000111100010101111011100000011101010011000110010011101100110110001101000000000111100100100001011110111000010001101101100010001001110010100011101100111100010110010010100011011001101001000101111100111010010111100
11300 0.844352892858 001001011011101011000001101111101010100000100101010100101000011010010100101011110111100010001110010110001010110101110101101111100101000110100011001010000000111111100001101110000110000010101101011100000011101110110001110010011111100110110001111000000001101000100000001011110111000010100101101100000001001110010100111101101111000010110010010100011011001101101100101111100011010010111100
11400 0.843637563022 001001010010100111000001101111101010000110100011010100101000011000010010101010111100100000111110010100010010110010110101101111100111010110100001001110000000111111100001101110101111000110101101011100000011101110110001110010011101100110110001111000000000111100100000001011110111000010101101101000000001001110010100111101101001100000110111010100011001101101001000101111100111010110111100
11500 0.843267355253 001101010011100011000001101111101010100000100001010100101000011100010110101010110101100000101111000100011010110111110101101111100101000110100011001110000000010111101001101010000111000000101101010100001011100010110001110010011111100110110001111000000000101100100000001011110111000011100011101100010001001110010100111011101111000010110011010101011011011101101100101111100011010010111100
11600 0.844381641097 001001011010101111000001101111111010100100110011010100101000011000010100101010111101000010110110010110000010000110110101101111100101010110100011001110000001011111100001101010000111100110101011011100000011101010111001110010011101100110110001101000000001101100100000001011110101000011001101101100010001001110010100111101100111100110110110010100011001000001001000101111100011010010111100
11700 0.844067074063 001001011010101011000001101111001010100100100001010100101001011010010110101010111101100100100111011110111010110110110101101111110101000110100011001110000000011111100000101010100111000110101101011100000011101010011000111010011101100110110001111000000000101000100000001011110111000010101110101000100001001110010100011111101101100010110010010100011001001101001000101111100011010010111000
11800 0.844848355469 001001011010101111000001101111000011100100110011000100101001011000010000101010111100101010101111010110010010110110110101111110100101000110100011101110000000011111100000101010000111000010101101001100000011101110111001110010010101000110010001111000000000111100100000101011110011001010101100101011000001101110010100011101101011100010110110010101011001001101001000101111100111010010111100
11900 0.844063573221 001001011010000111000001101111101000100100110001110100111000011000010100101010111100100010100010011111000010110110110101101111110101000110100111001110000000111111100001101010000111000110101101011100000011101010010000111010011101100110110001111000000000101000100000001011110111010010101011101000010001101110010100011111101111100010110000010100011001001101101000101111100111010010111000
12000 0.843360920065 001001011010111111000001101111111011100100100001010100101000011001010000101010111101100010101110010110010001010110110101101111100101010110100111001110000010111111100001101110000111000010101101011000000011101011010001110000010101100110110011110000000001101100100000101011110111000010101101001100010001001110010100011111101101100010110010010100011001001101001000101111110011010010111000
12100 0.84334019099 001001011000101011000001101111101010100100100001010100101011001000010000101010111100100100100110010110011010100110110101111011100101000111100111001110000010011111100001101010100110000010101101011100000011101010010001100010011101100110110001111000000000101100100000001011110111010011101000101000010101101110010100001111111101100110110011010101011001001101001100101111100011010010111100
12200 0.842831656162 001001011011101011000001101111001010100100100001110100101001011000010100101010111100000000001110010110010010110110110101111111100101010110110011001110000010011111100001101110100111000010101101011100001011101110010001111010011101100110100001110000000000101100100000101011110111010010101001101000000001001110010100011001101111000010110010010100011001011101001000001111100111010110011110
12300 0.842564349888 001101011010101111000001101111111010100100100011010100101000011000010000101010111100000100100110010110010010110110110101111111100101000110100111001110010000011101100001101010100111000010101101000100000011101010110001111010111101000110110001111000010000101100110000001010110011010011101101101000000001101110010100001111101101100010111010010101011001101101001100101111100111010010111000
12400 0.843217202943 001001011010111111100001101111111010100100100001010100100000011100010100101010111100000010100110010110010011110110110101101111100101000110100011001110000010011111100001101010100111000010101111011100000011101010110001111010011101000110110001111000100001101100110000001011110111000011101101101000000001101110000100001101101100100011110010010100011001001101001000101111100111010110111000
12500 0.843497825434 001001011010101011000101101111001010100100100011010100101001001000010100101010111100001000001010010110010010100110110101101111100101000110110011001100010010101111100001101000100111000010101101011100000011101110110001111010011000100110110011111000110000101100110000101111110111010010101001101000010001001110011000011101101111100010110010010100010001101101001100101111100011010010011100
12600 0.844353561782 001101010010101111000001101111111010100100100001010100100001011100010100101010111100000010100110010110010010101110110101101111100101000110100011001110000010111111100001101010101111000010101101011000000001101111110001110010011101000110110011111000100001101100110000101011110011000010101001101000010101001110000100001101101111100011110010010110010001001101001100101111100111010010111000
12700 0.843838125429 001100010010101111000001101111111010100100110001010100100001011100010100101010111100001010101110010110010010111110110101101111100101010110100011001111000010011111100001101010001111000010101101010000000001101111110001110010011100000110110001110000000001100110100000101111110111000010101001111000010001001110000100001101101111100010111010010100010001001101101100101111100011010010111000
12800 0.842062521139 001101110010101111000001101111001010100100100001010100100001011001010100101010111100000010100110010110011010111110110101101111100101000110100011101110000010011111100001101010100111000010101101011100000011101000110000110010011101000110110011111000100000101100110000101011110011100011101001101000010001001110010100001101101111100011010010010100011000001101001000101111000011010010111100
12900 0.842631117513 001101110010101111000001101111001010100100000001110100100001001000010100101010111100100010000110000110011010100110110011101111100101010110100011001110000010011111000001101010000111011010101101011000000011001110110001010010011101000110110001110000100001101110100000101011110111000010101001101000010001001110010100001101101111100010111010010100010001001101101100101111100011010010111100
13000 0.842067918698 001101110010101111000001101111101010100100100001110100100001001001010100101010111100000010000110011110011010100110110001101111100101010110100011001111010010011111100001101010100111001010101101010000000011101110110000110010011100000110110001110000100001101110110000101011110011000010101001101000010001001110010100001101101111100010111010010100010011001101001100101111000011010010111000
13100 0.84218417344 001111010010101111000001101111101000100100100001010100101001001100010100101010111101000010100110000100011010100110110101101111100101010110100011101110000010010111100001101010000111000010101101011110000011101011110000111010011101000110110001111000000001101100110000101011111111001010101001101000010001001110011100001101101111100010110010010110010000111101011000101111001011000010111100
13200 0.842019806625 001001010010101111000001101111101010100100100011010100100001001000010000101010111100001010101110010110011010100110110101101111100101010110100011001111010010011111100001101000101111000010101101010100000011101111110001110010111100100110110001111000100000101100110000001011110010000010001001101000010001101110010000001111101111100010111011010100111011101101001000101111000011010010111000
13300 0.84337784295 001101110010101101000001101111101000000100100001010100100001001100010100101010111101001000101110000100011011100110110101101111100101010110100011001101000010011111100001101010100111000010101101011110000011101110110000111010111101100110110011110000100001101110110000001011110011000010101000101000010001001110110100001101101111100010111010010100110000001101001100101111001011010010111000
13400 0.842396459736 001001010010101111000001101111101010100100100011110101100001001001010000101010111100000010100110010110010010110110110001101111100101010110100011101110010010011111100001101010100111000010101101010110000011101111111001111010011100000110110101111000000001101100110000001011111011000010001001101000010001101110010100001101101111100010110010010100010001001101001001101111000011010010111100
13500 0.842901299825 001101110000100111000001101011111010100100100101010110100001001000010100101010111100000010100110000110011010101110110001101111100101000110100011101110000010011111100001101010000111000010101101011010000011101011110001111010011101000110111001111000100001101100110000101011110111011010001011101000010001001110011101001101101101100010110010010100010001001101001000101111000011010010111100
13600 0.841975518219 001111010010101111000001101111101010100100100011010100101000001000010100101010111100011000101110010100011000100110110101101111100101010110100011011110000010011111100001101010100111000010101101010010000011101111110000111010011001000110111001111000000001101100110000101011110111000010101011101000010001001110011100001101101101100010110011010100010000001101001010101111000011000010111100
13700 0.843811730595 011101011010100111000001101010111010100100110001010110101001101000010100101010111100001010100110010110011010101011110101111011100101010110100011001110000010011111100001101010000011000010101101011000000010101011111001110010011101000110110001110000100101101100110000101011110111010010001001101000010001001110011100001101101111000010110011010010010001111101001000101111000011000110110100
13800 0.842830337463 001101010010101111000001101111101010100000100001010100001000001000010100101010111110001010100110010110010010110010110101111111100001010110110011001111000010011111100001101010000111010010101101010100000011101011110000111010011101100110110011110000100001101100100000101011110011010010001001101000010001001110011110001101101111100010110010000100001001011101001000101111000011010010011000
13900 0.841882945744 001001110010101111000001101011101010100000110001010100000000001000010100101000111110001010100110010110011010100110110101111111100101010100110011001111000010011111110001101010000111000010101101010100000011101011110000111010011101100110110011110000000001101100100000101011110011010010001001101000010001000110010101001101101111100010111010010100011001011101001001101111000011010010011000
14000 0.840779623555 001101110010101111000001101111100010100100110001010100100001001000010100101010111100001010100110010110011010100110110101101111100111010110100011001111000010011111110001101010000110000010101101011100000010101111110000010010011101100110110001111000000001101100010000101011110111010010001011111000010001000110011001001101101111100010110010010100010011001101001000101111000011000010111000
14100 0.84335381626 001101110011101111000001101011101010100100110101010100101000101000010100101110111100000010001100110110011010100110110001111111100101010110100011001110000010011111100001101010000011000010101101001100000010101001110000111010011101000110110011011000100101101100000010101011110111010010001011101000010001001110011000101101101111100010110010010100010001001101101001101111001011010110111000
14200 0.842977910085 001101010010101111000101101111100011100000110001010100101001100000010000101010111110001010100110010110011010100110110001101111100101010110100011001110000010011111110000101010000111000010101101011100000000101011110001111010011101000110110011111010100001101100110010101011110111010010001001101000000001001110011101011101101111100010110010000100010001001101001000101111000011010010011100
14300 0.841185974301 001101010010101111000101101111101011100000100001010100101001100000010100101010111100001010000110010110011110100110110001101111100001010110100011001010000010011111110001101010000111000010101101011100000010101010110001111010011101001110110001111000100001101100000000101011110111010010001011101000010001001110110101001101101111100010110010010100000001001101001000101111010011010010111100
14400 0.842797058149 001101010010101011000001101111101010100000110011010111101001001010010000101100111100000010101110010110010010101110110101111111100101010110100011001110000010011101100001101010001111000010101101010100000011101111110000110010011101000110010001111000100001101100110000101011110111010010001001101000010001001110010100001101101011100010110010010100010001011101001010101111000011000010111100
14500 0.842338232788 001101110010101111000001101011101010100000110001010111111001101000010100101100111101001010101110000110010010100110110101101111100001010100000011001110000010011101100001101010000111000010101101010100000011101111110000110010011101000110010011111000000001101100110000101011110111010010001001101000010001001110010100001101101111100010110010010100010001001101001011101101000011010010111100
14600 0.842421142785 001101010010101111000001101111101010100000110001010110111001101000010100101100111100001010000110010110010010100110110101111111000101010100100011001110000010011101100001101010000111000010101101011100000011101011110001110010011101000110011001110000100001111100110000101001111011010010001001101000010001001110000100001101101011100010110010010100010001011101001001101111000011010010111100
14700 0.844110366212 001001110010101111000101101011101010100100110011010110100001101000010100101010111110000010001110010110011010100110110101111101110001010111100011001110000010011111100001101010001101001010101101011100000011101111110001110010011101100110010001111000100000101100100000101011110111010010001001101000010001001110001000101101101011100110010010010100001001001101001000101111000111000010111000
14800 0.841939498436 001100011010101111000001101111101010100000101011010101110001111000010000101000111110001010001110000110010010110110110101101111100001000110100011001110000010011111110001101010000111000010100101010100000010101011110001110110011101100110110011111000000001101101110000101011110111000010011001101000000001101110011101011101101111100010110010010100000001001101001000000111000111010010111100
14900 0.84221889091 001101010010101111000101101111101010100100110001110100101000101000010000101010011000001010101110000110011010100110110101101111100101000110100011001110000010011111110001101010100111001010101101010100000011101011110000110011011101000110111111111000000001101100110001101011110111010010001001101000010001001100010100011111101011100010110010010100010001001101001001101111010011000010111100
15000 0.841495995465 001101000010101111000101101111101010100100110011010110100001001000010100101010111110000010101110000110011010100110010101101111100001000110100011001110000010011111100001101010000111001010101101011100000011101010110000110010011101100110010011111000000001101100100001101011110111010010001001101000010001001110010100011101101011100010110010010100010001001101001001101111000111000010111000
15100 0.843453103401 001101011010000111000001101111101010100000100111010100101001111000010100101010111101000110101110000110010010110011110101111111100101010110100011001110000010011111110001101010000111000010101101011100000011101110110000110010011101101110110100110000100011101100100000101011110111010010001001100000000001001110010101001111101111100010010010010100100001001101001000001111000111000010111000
Mejor resultado: 0.840779623555 001101110010101111000001101111100010100100110001010100100001001000010100101010111100001010100110010110011010100110110101101111100111010110100011001111000010011111110001101010000110000010101101011100000010101111110000010010011101100110110001111000000001101100010000101011110111010010001011111000010001000110011001001101101111100010110010010100010011001101001000101111000011000010111000
