200 0.924565408426 110100101011101111011111100000011111000100111111110000010111000110001110101010111011001010100111100110101111100100011101011011111000100101010111011010110011000111111001111110110100000010110011000010110001111110110101011100010100010101111011010000100101001100101011011111110011011001001111001101110011111010011110001010101001100111010001111110110010101100100100101001111101000111101001
300 0.910924382006 100000101011101011111011110100110111000100110111110000010111011110001110101010111011001000100111100111101111100001110101011111111000100101110111001010110011010111111001111110110100001010110011001110110011111110110101111100000101110101110011011000100100001100101010011111110011011011101101001101101011011010111110001000101001100111010011111110110000101110000001101001110101010111001001
400 0.897641685936 111011101111101111001111111110111111110110110010101100000101100110010110101010110110001000100111101110111011110110111100111111100101010100110111001110110101111111111001111111111110000101110011100111001111010111010101011010000100111101110111000000111110001101110001101111001101010011001100000111111111110110011101010010110000101011111011001111110000101110101010110111011110010010100000
500 0.890665276834 100000101011101011011111111100110111100110110111010100000111111110001110101011111011001000100111100111111111110001110101111011111001100111110111001000110011110111111001111110110101001010111011011110100000011111110101111100000101110101110011010000110101001101100010111111110011011011101101011111100010011110111110001000101001101111110011100110110110101110001011101111010110010111100001
600 0.884456673212 110001111011101111001011111100111110000100010111010100100111000110000010101010111111001000100111100110101011110111110101010011110100110110011111011110100011110111111001011110110010000011111011001110001100111110110111111110000001110101110011010001100100001100100001111111111111010011001110010101110111111110011101000010110001101111010011111110110010101110101000101111010111010010001000
700 0.88258370561 110000111011101111011001111100111111000000111111010100100110000110100010111010111111001000100111100110101011110011110101011111110100100111010111001110100001111111111001011110110000000011110011101110001000111110110111111110000101110111111011001000100100001100100001111111111111010011001111010101110111111110011111000011101001101111010011111110110000101110101000101111010111010010001000
800 0.881044460221 111001111010101111000011111100111110100110110110111100110101100110010110101010110110001000100111101111111010110110110101111011100100110100011111001010000001110111111001111110111100000011110111001110010110011110110101111110000101110100110011010000001100001110100001101110110111010011001111001111110011111110011101000010101100101111010001101110110010110110101110101111100011010010100000
900 0.877182894904 110001101011101111010011111100111110000110110111010100111101100110010110101010110110001000100111101110111010110110110101111011110100100111111111001110000001110111111001111111110100000010110011011110010110011110100101111110000001110110110011010000101111001100100001101111110011010011001111001111110011111110011101000010101101101111010011101110110000110110101000101111010011010110100000
1000 0.875058668593 111101101011101111001011101100111110100110100111010100110011000110010110101000110111001000101111101110111011110110110101011111100100110110001011001110100001110111111001111110100110000011110011001110011100111110110101111110010101110100110011011000100000001100110011101111110011010011001111011101010111010100011101001010110001100111110011001110110010101110101000101111000110010010000000
1100 0.872751307699 111101001011101111010011111100111110100100100111010100100011000110000110101000111010001000101111101110111011100010110101111011110100110110000111011110100011011111111001111110100010000010111011011110011000111110110101111110000001110100110011011000101101001100110011101111110011010011001111011101010111111110011101001010100101100111110011001110110010110110001000101111010110010110000000
1200 0.870421572127 111000011010101111010011111100111110100110100111010100100101100110010110101010111110001000100111101110111011100010110101110011111100110110010111011100100011011111111001111110110010000010111111011110010010111110010001111110000001110110110011010000101100001100100011101111110011010011001111001101010011111110011101001010100101100011110011101110110010100110101000101111010011010110000000
1300 0.867969663061 111001101010101111010011111100111110100100110111010100100001010110010110101010110111001000100111001110111011110010110101110111101100100111110111001110000001010111111001111110101110000110111111001110011110011110010001111010010001110110110011010000101100001100100001101111110010010011000111001101010011111110011101001000110101100111100011101100110010100110101000101111010011010110100001
1400 0.867697172862 111001101011101111010001111110111110100110110111010101100011000110000100101010111011001000101111000110111011110010110101110111100100110110110111001110000001010111111001111110101111000110111111001110010110011110010001111110010001110110110011010000101100001100100001101101110011010011000111001101010011111110011101001000101101100111110011001110110010100110101000101111010011000110000000
1500 0.865078191509 111001101010101111010001111100111110100100110111010101100001000110000110101000110111001000101111001110111011110010010101110111100100100110110011001110010011010111111001111110100110000110111111011110010110111110010001111010010001110110110011111000101100001100100001101111110010010011000111001101011011111110011101001000100101100101110011001100110010100110101000101111010011010010100000
1600 0.863138548622 111001101010101111010001101110111110100110110111010100100011000110000100101010111011001000101111000110111011110010110101110111100100100110110111001110000000010111111001111110100110000110111111001110000110011111010001111110010001110110110011010000101100001100100001101111110010010011000111001101010011011110011101001001101101100111110011001110110010100110101000101111010010010110000100
1700 0.863554574104 111001101010101111010001101110111110100110110111010100100011000110000100101010111011001000101111000110111011110010110101110111100100100110110111001110000000010111111001111110100111000110111111001110000110011111010001111110010001110110110011010000101100001100100001101111110010010011000111001101010011011110011101001001101101100111110011001110110010100110101000101111010010010110000100
1800 0.862978263049 111001101010101111010001101110111110100110110111010100100011000110000100101010111011001000101111000110111011110010111101110111100100100110110111001110000000010111111001111110100111000110111111001110000110011111010001111110010001100110110011010000101100001100100001101111110110010011000111001101010011011110011101001001101101100111110011001100110010100110101000101111010010010110000100
1900 0.861672167872 101001101010101111010001101110111110100110110111010100100011000110000100101010111111001000101111000110111011110010110101110111100100100110010111001110000010010111111001111110100111000110111111001110000010011111010001111110010001110110110011010000101100001100100001101001110010010011000111001101010011111110011101001001100101100111110011001100110011100110101000101111010010010110100100
2000 0.86064087575 111001101011101111010001101110111010100110110111010100100011000110000100101000111111001000101111000110111011110010110101110111100100100110110011001110000000010111111001101110100110000110111101001110000110111110010001111110011001110110110011011000101100001100100001101110110011010011000111001100010011011110011100001001100101100111110011001110110000100110101000101111010011010110000000
2100 0.858935537239 110001101010101111010001101110111010100110110111010101100011000110000100101000111111001000101111000110111011110010110101110111100100110110110011001110000000010111111001111010100111000010111111001110000110111110010001111110010001100110110011010000101100001100100001101111110010010011000111001100010011011110011100001001101001100111110011001100110010100110101000101111010010010110010100
2200 0.859309236734 111001101010101111010101101110111010100100110111010100100011000110000100101000111111001000101111000110111011110010110101110111100100110110110011001110000000010111111001101110100110000110111111001110000110111110010001111110011001100110110011010000101100001100100001101111110011010011000111001100010011011110011100001001100101100111110011001100110010100110101000101111010010010110000100
2300 0.857743750168 111001101010101111010001101110111110100100100111010100100011000100000100101010111111001000101111000110111011110010110101110111100100110100110011001110000010010111111001101110100110000110111101001110000110111110010001111110011001100110010011010000101100001100100001101011110111010011000111001100010011111110011101001001100101100111110011001100110010100110101000101111010010010110000100
2400 0.856680131694 111001101010101111010001101110111010100100110111010100100011001110000100101010111111101010101111000110111011110010110101110101100100110110110011001110000000010111111001101000100111000010111111001110010010111110010001111110010001100110010011010000101100001100100001101111110011010011000111000100010011011110010100001001101101100111110011001100110010100110101000100111010010010110110100
2500 0.856174121974 111001101010101111010001101111111010100100110111010100100011001110000100101010111111001010101111000110111011110010110101110101100100110110110011001110010000010111111001100010100111000010111111001110010010111110010001111110010001100110010011010000101100001100100000101111110011010011000101000100010011011110010101001001101101100111110011001100110010100110101000100111010011010110100100
2600 0.855995464904 111101101010101111010001101110111010100100110111010100100011000110000100101010111111101010101111000110111011110010110101110111100100110110110011001110000000010111111001101000100111000110111111001110000010001110011001111110010001000110110011010000101101001100100000101111110011010011000101000100010011011110010100001001101101100111110011001100110010100110101000101111010011010110100100
2700 0.855543489308 111001101010101111010001101111111010100100110111010100100011001110000100101010111111001010101110000110011011110010110101110101100100110110110011001110000010010111111001101000100111000010111111001110010010111110010001111110010001100110010011010000101100001100100000101111110011010011000101001100010011011110000100001001101101100111110011001100110010100110111000101111010011010110110100
2800 0.854574620242 111001001010101111010001101111111010100100110111010100100011001110000100101010111111101000101111000110011011110010110101110101110100010110110011001110000010010111111001101000100111000110111111001110000010111110010001111110010001100110010011010000101100001100100000101111110010010011000101001100010011011110001001001001100101100111110011011100110010100110111000101111010011010110110100
2900 0.854403252698 111101101010101111010001101110111010100110110111010100100011001000000100101010111111101010101111000110011010110010110101110101110100110110110011001110000000010111111001101000100111000010111111001100000010111110011001111110010101100110110011010000101100001100100000101111110011010010000101001100010011011110011100001101101101100111110011001100110010100110101000101011010011010110100100
3000 0.853479485492 111101101010101111010001101111111010100000110111010100100011001000000100101010111111001010101111000110011010110010110101110101110100110110110011001110000000000111111001101000100111000010111111001110000010111110011001111110010101100110010011010000101100001100100000101110110011010011000101101100010011011110011100001001101101100111110011001100110010100110101000101011010011010010100100
3100 0.852754391432 111001101010101111010001101111111010100100110111010100100010111000000100101010011111101000101111000110011010110010110101110101110100010110110011001110000000010111111001101000100111000010111111001010000010111010010001111110010101100110010011010000101000001100100000101111110011010011000111001100010011001110111100001001101101100111110011001110110010100110101000101111010011010010100100
3200 0.853053453683 101000101010101111010001101111111000100100110101010100100010101000010100101010111101101000101111000110011010110010110101110101110100110110110011001110100000010111111001101000100111000010101111001110000010111110011001111110010101100110010011010000101100101100100000101111111011010011100101001100010001011110001101001001101101100111110011011100110010100110001000101011010011010010100101
3300 0.851549988014 111101101010101111010001101111111010100100110111010100100011111000010100101010111101001010101110000110011010100010110101110001110100010110110011001110100000000111111001101000100111000010101111001110000000111010010001111110010101100110010011010000101100001100100000101111111011010011000101001100010011011110011100001001101101100110110011011100110010100110001000101111010011010010100100
3400 0.852112814631 111101101010101111010001101111111010100100111011010100100011101000010100101010101101101000101111000110011010100110110101110111110100010110110011001110000000010111111001101000100111000010101111011010000000111010010001111110010101100110010011010000101100001100100000101111110011010011000101001100010011011110011100000001101101100110110011011100110010101110001000101111010011010110100100
3500 0.851757721475 101101101010101111010001101111111010100100111101010100100011101000010100101010111101001000101111000100011010100110110101110101110100110110110011001100000000010111111001101000000111000010101111001010000010111010011001101110010101100110010001010000101100001100100000101111111111010011001101001100010011011110001101001101111101100110111011011100110010100110001000101111010011010010100110
3600 0.851654267566 111101101011101111010001101111111010100100111101010100100011101000010100101011111101101000101110100110011010100110110101110001110100010110110011001110000010000111111001101000100111000010101111001000000000111010011001111110010101100110010011010000101000001100100000101111110011000011000101101100010011011110011100001001101101100110110011011100110010100110001100101111010011010110100100
3700 0.851322693213 100101100010101111110101101101111010100100110101010100100011101010010100101010101101001000101110100110011010110110110101110111110100010110110011001110100000000111111001101000000111000010101111000010000010111010011001111010010101000110010011010000101100001100100000101111110111010010000101001100010011011110011100001100101111100110110011011100110010100110001000101111010111010110100100
3800 0.851116417855 100101100010101111110101101101111010100100110001010100101011101010010100101010101101001000101110100110011010110110110101110011110100010110110011001110100000000111111001101000100111000010101111001000000010111010011001111010010101100110010011010000101100001100100000101111111111000010001101001100010011001111011100001001101111100110110111011100110010100110001000101111010111010010100100
3900 0.850469023085 111101111010101111010001101110111010100100110101010100100011101000010100101110111101101000101110000110011010100110110101110001110100010110110011001110000000000111111001101000100111000010101111011110000010101010011000111110010101100110010011010000101100001100100000101111111011000011001101001000010011111110011101000001101111100110110011011100110010100110001000101111110011000010100100
4000 0.850859273337 101001100010101111010001101111111010100100110101010100100011111010010100101010111101001000111111100110011010110110110101110011110100010110110011001110100000000111111001101000100101000010101111001100000010101010010001111010010101100110010011010000101100001100100000101111111011010010000101000100010011011111011100001100101111100110110011011100110010100110011000101111010111010010100100
4100 0.846944202852 101101100010101111010001101111111010100100110101010100100011101000010000101010111101101000100111000110011010110010110101110001110100010110110011001110000000000111111001101000000111000110101111011110000010101010011001111110010101100110010011010000100000001100100000101111111011000010000101101100010011001110011101001101101111100110110011011100010010100110111000101111010011010010100100
4200 0.847709902452 101101100010101111010001101111111010100100110101010100100011101000010000101010111101101000100111000110011010110010110101110001110100010110110011001110000000001111111001101000000111000110101111010110000010101010011001111110010101100110010011010000100000001100100000001111111011001010100101101100010001001110011101001101101111100110110011011100010010100110111000101111010011010010100100
4300 0.847984930137 100101100010101111010001101111111010100100110101010100100011101000010000101010111101101000100111000110011010110010110101110001110100010110110011001110000000001111111001101000000111000110101111010110000010101010011001111110010101100110010011010000100000001100100000001111111011001010100101101100010001001110011101001101101111100110110011011100010011100110111000101111010011010010100100
4400 0.846665880243 101001100010101111010001101111111010100100110101010100100011101000010000101110111101001000100111100110011010110110110101110001110100010110110011001110000000000111111001101000000111000010101111011100000010101010010001111110010101100110010011010000100000001100100000001111111011001010000101101100010011001110011101001101100111100110110011011100010011100111111000101111010011010010100100
4500 0.846189341056 101101100010101111010001101111111010100110110101010100100011101000010000101010111101001000100111100110011010110110110101110001110100010110110011101110000000001111111001101000000111000010101111011110000010101010010000111110010101100110010011010000100000001100100000001011111011001010001101101100010011001110011101001101100111100110110011011100011010100110101000101111010011010010100100
4600 0.84695513386 101101100010101111010001101111111010100110110101010100100011101000010000101010111101101000100111100110011010110110110101110001110100010110110011101010000000001111111001101001000111000010101111011110000010101000010000111110010101100110010011010000100000001100100000101011111011000010001101101100010111001110011101001101100111100110110011011100011010100110101000101111010011010010100100
4700 0.846510663077 101101100010101111010001101111101010100110110101010100100001101000010000101010111101101000100110000110011010110110110101110001110100010111110011101110001000001111111001101000000111000010101111011110000010101000010000101110010101100110010011010000100000001100100000001011111111001010001101101100010011001110011101001101100111100110110011011100011010100110101000101111010011010010110100
4800 0.84668954856 101101100010101111010001101111101010100110110101010100100011101000010000101010111111001000100111000110011010110110110101110001110100010110110011001110001010000111111001101001000111000110101111011110000010101000010000101110010101100110010011110000100000001100100000101111111111000010001001101000010111001111011101001101100111000110110011011100011011100110001000101111010011010010110100
4900 0.846332605919 001101100010101111010001101111001010100110110101010100000001101000010000101010111101101000100111000110011010110110110101110001110100010110110011101110000000001111111001101001100111000010101111011100000010101000010000111110011101100110110011010000100000001100100000101011110011001010001101101100010111001110011101001111100111100110110011011100011010100111101000101111010011010010101100
5000 0.84549305652 001101100010101111010001101111001010100110110101010100000001101000010000101010111101101000100111000110011010110110110101110001110100010110110011101110010000001111111001101001100111000010101111011100000010100000010000111110011101100110110011010000100000001100100000101011110011001010001101101100010011001110011101001111100111100110110011011100011010100111101000101111010011010010101100
5100 0.84587435147 001101100010101111010001101111001010100110110101010100000001101000010000101010111101101000100111000110011010110110110101110001110100010110110011101110000000001111111001101001100111000010101111011100000010101000010000111110011101100110110011010000100000001100100000001011110011001010001101101100010011001110011101001111100111100110110011011100011010100111101000101111010011010010101100
5200 0.845289693582 001101100010101111010001101111001010100110110101010100000011101000010000101010111101101000100111000110011010110110110101110001110100010110110011101110000000001111110001101001100111000010101111011100000010101000010000111110010101100110110011110000100000001100100000001011110011010010001101101100010011001110011101001111100111100110110011011100011010100111101000101111010011010010101100
5300 0.84462967771 001101100010101111010001101111001010100100110101010101100011101000010000101010111001101000100111000110001010110110110101110011110100010110110011001110000000001111110001101000100111100010101111011100000010101000010000111110010101100110110011110000100000001100100000101011111011000010000101101100010011001110011101001111100111100110110011011100011010100111101000101111010011010010101100
5400 0.845196594624 001101100010101111010001101111001010100110110101010100100011101000010000101010111101001000100111000110011010110110110101110001110100010110110011001110010000101111110001101000100111000010101111011100000010101000010000111110011101100110110011110000100000001100100000001011110011000010001101101100010011001110011101001111100110100110110011011100011010100111101000101111010011010010111100
5500 0.844140301448 001101100010101111010001101011101010100110110101010100000011101000010000101110111101101000100111000110001010110110110101110001110110010110110011001110000000001111110001101000100111000010101111011100000010101000010000110110011101100110110011110000100000001100100000001011111011000010001101101100010111001110011101001111100111100110110011011100011010100111101000101111010011000010111100
5600 0.843590294649 001101110010101111010001100111001010100110110101010100000011101000010000101110111101001000100111000110010010010110110101110101100100010110110011001110010000001111110001101000100111000010101111011100000010101000010000111110011101100110110011110000100000001100100000101011110011000010001101101100010011001110011101001111100111100110110011011100010010100111101000101111010011010010111100
5700 0.844125311513 001101110010101011010001100111001010100110110101010100000011101000010000101010111101001000100111000110001010010110110101110001110100010110110010101110010000001111110001101000110111000010101111011100000010101000010000111110011101100110110011111000100000001100100000101011110011010010001101101000010011001110011101001111101111100110110011010100011010100111101000101111010011010010111100
5800 0.84273823214 001101110010101110010001100111001010100110110101010100000011101000010000100010111101001000100111000110011010110110110101110101000100010110110011001110010000001111110001101000100111000010101111011100000010101000010000111110011101100110110011111000100000001100100000101011111011000010001101101100010011001110011101001111100111100110110010010100010010100111101000101111010011010010111100
5900 0.843853238758 001101110010101110010001100111101010100110110101010100000010101000010000101110111001001000100111000110010010110110110101110101110110010110110011001110010000001111110001101010100111000010101111011100000010101000000000111110011101100110110011111000100000001100100000101011110011000010001101101100010011001110011101001111100111100110110011011100011010100111001000101111010011010010111100
6000 0.843058560894 001101110010101111010001100111001010100110110101010100000011101000010000101010111101001000100111000110010010110110110101110101100100010110110011001110010000001111110001101000100011000010001111011100000010101000010000111110011101100110010011111000100000001100100000101011110011000010001101101100010011001110011101011111100111100110110011010100010010100111101000101111010011010010111100
6100 0.842792965092 001101110010101110010001100111101010100010110101010100000010101000010000101110111101001000100111000110010010110110110101110101110100010110110011001110010000001111110001101010100111000010101011011100000010101000010000111110011101100110110011111000100000001100100000101011110011000010001101101100010011001110011101001111100111100110110011011100010010100111001000101111010011010010111100
6200 0.843030271919 001101110010101111010001100111101010100110110101010100000011101000010000101110111101001000100111000110010010110110110101110101100100010110110011001110010000001111110001101000100111000010101111011100000010101000010000111110011101100110010011111000100000001100100000101011110011000010001001101100010011001110011100001111100111100110110011010100010010100111101000101111010011000010111100
6300 0.842926102331 001101110010101111010001101111001010100110110100010100000011101000010000101110111101001000100111000110010010110110110101110101100100010110110010001110010100001111110001101000100111000010101111011100000010101000010000111110011101100110110011111000100000001100100000101011110011000010001101101100010011001110011101001111100111100110110011010100010000100111101000101111010010000010111100
6400 0.841590319867 001101110010101111010001101111101010100110110101010100000011101000010000101010111101001010100111000110010010110110110101110101100100000110110011001110010000001111110001101010100111000010101111011100000010101000010000111110011101100110010011111000100000001100100000101011110011000010001101101100110011001110011100001111100111100100110010010100010010100111001000101111010011000010111100
6500 0.842385856438 001101111010101111010001101111101010100110110100010100000011101000010000101110111101001000100111000110010010110110110101110101100100010110110011001110010000001111110001101010100111000010101111011100000010101000010000111110011101100110110011111000100000001100110000101011110011000010001101101100010011001110011101001101100111100100110011010100010000100111001000101110010011000010111100
6600 0.842564100472 001100110010111111010001101111101010100010110101010100000011101000010000101110111101001000100111000110010010110110110101110101100100010110110011001110010000001111110001101010100111000010101111011100000010101000010001111110011101100110110011111000100000001100110000101011110011000010001001101100010011001110011101001111100111100110110011010100010000100111001000101111010011000010111100
6700 0.84163689447 001101110010101111010001101111100010100110110101010100000011101000010000101110111101001000100111000110010010110110110101110101100100010110100111001110010000001111110001101010100111000010101101011100000010101000010000111110011101100110110011111000100000001100100000101011110011000010001101101100010011001110011100001111101111100110110011010100000000100111001000101111010011000010111100
6800 0.841519761898 001100110010111111010001101111100010100110110101010100000011101000010000101110111101001000100111000110010010110110110101110101100100010110100011001110010000001111110001101010100111000010101101011100000010101010010000111110011101100110110001111000100000001100100000101011110011000010001001101100010011001110011100001111101111100000110011010100010010100111001000101111000111010010111100
6900 0.842436236424 001100110010101111010001101111100010100110110101010100010011101000010000101110111101001000100111000110010010110110010101110101100100010110100011001110010000001111110001101010100111000010101101011100000010101010110000111110011101100110110011111000100000001100101000101011110011000010001001101100010011001110011100001111111111100010110011010100010000100111001000101111000111010010111000
7000 0.842271832853 001100110010101111010001101111101110100110110101010100011011101000010000101110111101001000100111000110010010110110010101110101100100010110110011001110000000001111110001101010100111000010101111011100000010101000110000111110011101100110110011111000100000001100110000101011110011000010001001101100010011001110001100011111100111100110110011010100010000100111001000101111010011000010111000
7100 0.841802612073 001100110010111111010001101111101010100110110101010100000011101000010000101110111101001000100111000110010010110110110101110101100100010110110011001110010000001111110001101011000111000010101101011100000010101010110000111110011101100110110011111000100000001100110000101011110011000010001001101100010011001110001100001111111011100010110011010100010000100101001000101111010111000010111000
7200 0.841571446256 001100110010101111010001101111101010100110110101010100010011101000010010101110111101001000100111000110011010110110110101110101100100010110110011001110010000001111110001101010100111000010101111011100000010101010010000111110011101100110110011111000100000001100100000101011110011000010001001111100010011001110001100001111100111100010110011010100010000100101000000101111010111000010111000
7300 0.840781652013 001101110010101111010001101111101010100110110101010100000011101100010000101110111101001000100111000111010010110110110101110101100100010110110011001110010000001111110001101010000111000010101101011100000010101010110000111110011101100110110011111000000000001100100000101011110011000010001001101100000011001110011100001111101011100010110001010100010000100101001000101111010111000010111000
7400 0.841120855579 001100110010101111010001101111101010100010110101010100000011101000010010101110111101001000100111000110011010110110110101110101100100010110110011001110000000001111110001101010000111000010101101011100000010101010110000111110011101100110110011111000100000001100100000101011110011000010001001111100010011001110011100001111101011100010110011010100010000100101001000101111010111000010111000
7500 0.840447556932 001101110010101111010001101111101010100010110101010100000011101000010000101110111100001000101111000110011010110110110101110101100100010110110011001110011000001111110001101010000111000010101111011100000010101010110000111110011101100110110011111000000000001100100000101011110011000010001001101100010001001110011100001111101011100010110011010100010000100101001000101111010111000010111000
7600 0.840586496387 001101110010001111010001101111101010100010110101010100000011101000010000101110111100001000101111000110011010110110110101110101100100010110110011001110011000001111110001101010000111000010101111011100000010101010110000111110011101100110110011111000000000001100100000101011110011000010001001101100010001001110011100001111101011100010110011010100010000100101001000101111010111000010111100
7700 0.840586719549 001101111010101111010001101111101010100000110101010100000011101000010000101110111100001000101111000110011010110110110101110101100100010110110011001110001000001111110001101010000111000010101111011100000010101010110000111110011101100110110011111000000000001100100000101011110011000010001001101100010001001110011100001111101011100010110011011100010000100101001000001111010111000010111001
7800 0.839868457662 001100110010101011010001101111101010100000110101010100000001101000010000101110111101001000101111000110011010110110110101110111100100010110110011001110000000001111110001101010000111000010101101011100001010101110110000111110011101100110110011111000000000001100100000101001110011000010001001111100010001001110011101001111101011100010110011010100010000100101001000101111010111000010111100
7900 0.839708509458 000101110010101011010001101111101010100010110101010100000011101000010000101110111101001000101111000110011010110110110101110110100100010110110011001110000000101111110001101010000111000010101101011100000010101110110000111010011101100110110011111000000000001100100000101011110011000010001001101100010001001110011101001111101011100010110011010100010000100101001000101111010111000010111100
8000 0.839498365518 000100110010101011010001101111101010100000110101010100000001101000010000101110111101001000101111000110011010110110110101110111100100010110110011001110000000001111110001101010000111000010101101011100000010101110110000111110011101100110110011111000000000001100100000101001110011000010001001111100010001001110011101001111101011100010110011010100010000100101001000101111010111000110111100
8100 0.840146643193 001100110010101111010001101111101010100010110101010100000001101100010000101110111101001000101111000110011010110110110101110111100100010110110011001110000000001111110001101010000111000010101101011100000010101110110000111110011101100110110011111100000000001100100000101001110011000010001001100100010001001110011101001111101011100010110011010100010000100101001000101111010111000010111100
8200 0.839278741516 001100110010101111010001101111101010100010110101010110000010101000010000101110111101001000101111000110011010110110110101110111100101010110110011001110011000001111110001101010000111000010001101011100001010101010110000111010011101100110110011111000000000001100100000101011110011000010001001101100010001001100011100001111101011100010110011010100010000000101001000101111110111000010111100
8300 0.840422422308 001101110010101011010001101111101010100010110101010100000001101000010000101110111101001000101111000110011010100110110101110101100101010110110011001110010000101111110001101010000111000010101101011100001010101110110000111010011101100110110011111000000000001101100000101001110011000010001001100100010001001110011101101111101011100010110011010100010000100101001000101111010111000010111100
8400 0.840422422308 001101110010101011010001101111101010100010110101010100000001101000010000101110111101001000101111000110011010100110110101110101100101010110110011001110010000101111110001101010000111000010101101011100001010101110110000111010011101100110110011111000000000001101100000101001110011000010001001100100010001001110011101101111101011100010110011010100010000100101001000101111010111000010111100
8500 0.839983571274 001101110010101111010001101111101010100000110101010100000001101000010000101110111101001000100111000110011010110110110101110101100101010110110011001110011000101111110001101010000111000010001101011100000010101110110000111010011101100110110011111000000000001100100000101001110011000010001001100100010001001110011100101111101011100010110011000100110001000101001000101111010111000010111100
8600 0.839887481245 001101110010101011010000101111101010100000100101010100000011101000010000100010111101001000101111000110011010110110110101110101100101010110110011001110010000001111110001101010000111000010001101010100001010101010110000111010011101100110110011111000000000001100100000101001110011010110101001101100010001001110011101001111101011100010110011010100010001000101001000101111010111000010111100
8700 0.840278717684 001001110010101001010001101111101010100000100101010100000001101000010000101110111101001000100111000110011010110110110101110111100101010110110011001110011000101111110001101010000111000010101101011100001010101110110000111010011100100110110011111000000000001100100000101011110011000010001001101100010001001110011101001111101011100010110011010100010001100101001000101111110111000010111100
8800 0.840490464153 001101110010101011010001101111101010100000100101010100000001101000010000100110111101001000101111000110011010110110110101110111110101010110110011001110011000001111110001101010000111000010001101010100001010101010110000111010011001100110110011110000000000001100100000101001110011000110001001101100011001001110011101001111101011100010110011010100010001000101101100101111010111000010111100
8900 0.839631462062 001101110010101011010001101111101010100000110101010100000011101000010000101110111101001000100111000110011010110110110101110111100101010110110011001110010000001011110001101010000111000010101101011100001010101010110000111010011101000110110011111000000000001100100000101011110011000010001001001100010001001110011100101111101011100010111011010100010001100101001000101111010111000010111100
9000 0.838824044263 001100110011101011010001101111101010100000110101010100000001101000010000101110111101001000100111000110011010110110110101110111100101010110110011001110011000001111110001101010000111000010101101011100000010101010110000111010011100000110110011111100000000001100100000101011110011000010001001101100010001001110011101001111101011100010110011010100010001000101001000101111010111000010011100
9100 0.840345393864 001101110011101111010001101111101010100000110101010100000001101000110000101100111101001000100111000110011010110110110101110111100101000110110011001100011000001111110001101010000111000010101101011100000010101110110000111010011100100110110011111100000000001100100000101011110011000010001001101100010001001110011101001111101011100010110011010100010001000101001000101111010111000010011100
9200 0.83954625612 001100110011101011010001101111101010100000110101010100000001101000010000101100111101001000100111000110011010110110110101100111100101010110110011001110011000001111110001101011000111000010101101011100000010101010110000111010011101100110110011111100000000001100000000101011110011000010001001101100010001001110011101001111101011100010110011010100010001100101001000101111010111000010111100
9300 0.840281280111 001100110011101011010001101111101010100000110101010100000001101000010000101100111100001000100111000110011010110110110101110111100101010110110011001110011000001111110001101011000111000010101101011100000010101010110000111010011101000110110011111000000000001100100000101011110011000010001001101100010001101010011101101111111011100010110011010100010001100101001000101111010111000010111100
9400 0.83981393258 001100110010101011010001101111101010100000100101010100000000101000010000101100111101001000100111000110011010110110110101110111100101010110110011001110011000001111110001101011000111000010101101011100000010101010110000111010011101100110010010111000000000001100100000101011110011000010001001101100010001001110011101101111111011100010110011010100110001101101001000101111010111000010111100
9500 0.839117136269 001100110010101011010001101111101010100000100101010100000000101000010000101100111100001000100111000110011010110110110101110111100101010110110011001110001000001111110001101011000111000010101101011100000010101010110000111010011101100110110011111000000000001100100000101011111011000010001001101100010001001110011100101111101011100000110011010100110001101101001000101111010111000010111100
9600 0.839117255727 001100110010101011010001101111101010100000110101010100000000101010010000101100111100001000100111000110011010110110110101110111100101010110110011001110011000001111110001101010000111000010101101011100000010101010110000111010011101100110110011111000000000001100100000101011111011010010001001101100010001001110011100101111101011100000110011010100010001100101000000101111010111000010111100
9700 0.839313509016 001100110010101011010001101111111010100000110101010100000000001000010000101100111100001000100111000110011010110110110101110111100101010110110011001110011000001111110001101010000111000010101101011100000010101010110000111010011101100110110011111000000000001100110000101011110011010010001001101100010001001110011101101111101011100000110011010100010001100101000000101111010111000010111100
9800 0.83869355794 001100110010101011010001101111101010100000100101010101000000001000010100101100111000001000100111000110011010110110110101110111100101010110110011001110011000001111110001101010000111000010101101011100000010101010110000111010011101100110010011111000000000001100100000101011110011000010001001101100010001001110011101101111101011100010110011010100010011100101001000101111010111000010111100
9900 0.839085766232 001100110010101011010001101111101010100000110001010100010001001000010000101100111100001000000111000110011010110110110101110111100101010110110011001110011000001111110001101010000111000010101101011100000010101010110000111010011111100110110011111000000000001100100000101011111011000010001001101100010001001110011100101111101011100000110011010100010001101101001000101111010111000010111100
10000 0.839563309648 001100110010101011010001101111111010100000111101011100000001001000010000101100111100001000100111000110011010110110110101110111100101010110110011001110011000001111100001101010000111000010101101011100000010101010110000111010011101100110110011111000000000001100100000101011110111000010001001101100010001001110011100001111101011100000110011010100010001100101001000101111010111000010111101
10100 0.839030061227 001100110010101111010001101111111010100000110101011100000001001000010100101100111000001000100111000110011010110110110101110111100101000110110011001110011000001111110001101010000111000010101101011100000010101010110000111010011101100110110011111000000000001100100000101011110011000010001001101100010001001110011101001111101011100000110011010100010001100101001000101111010111000010111100
Mejor resultado: 0.83869355794 001100110010101011010001101111101010100000100101010101000000001000010100101100111000001000100111000110011010110110110101110111100101010110110011001110011000001111110001101010000111000010101101011100000010101010110000111010011101100110010011111000000000001100100000101011110011000010001001101100010001001110011101101111101011100010110011010100010011100101001000101111010111000010111100
