200 0.931247918323 111011111111001110111101111111001111111110101111100011000001111000010100001110111100001111000100010100100110100011000111110101110000011010110000100010001100110101111010011011111111011000010101101101111101010110110000111100111011101010100110011011010100101001100010111001001111110001010101010110100100101110010111111111110110100000100110000100111011111101001010111010101010001101101110
300 0.916330481718 111011111111001111010101111111101111111110100101000011010001111000010100001110110100001111000101010111110110110011001110110111110001100010110100100010000101110001111110011001111010011000111101111101111101010111110001111010111011100010100110011000001100101001101010001001101111110011001101010110100100101110010111111101111110100100100110000110111001111101001010111000111110001101101100
400 0.903634550693 111110110111011110110101101110101111000110101100010111001101101111110100001110101101100100101111000110110011101110011100010111110011011111110000001110010111000101110101011010110010010001111011110000001001110011011001111110011110101010111010011011100110100101101011101011111101110011001111011111010101100110111011111001110110100111110101000100111001100001101111111010001110111110110100
500 0.897687833289 111011111110011111111111101101101111110111110101110001010101011010110100001111110100110010100010110011011111100110110100110111100101001110110001110010000111100010111101101010110111011000101101101100111011110111111111111100011111110111110010111001101110101100101101000111111100110001010111011100000011111110011011101100011101100101110110000100111001110001111111111100110111001110101100
600 0.890374589728 011111110011011010110011111101101011110110101111010111010101111101110001101110111101111111010111000101010010111111111111111111110001000110111000101110010101011001111110101001100010010011111011110101011010000111010001111110111100100010010011111100011101100101011010001101111111110011001101010110000100101110010011111101101111100100110001100110111011111101110001111110001101011110110110
700 0.888028316486 111011110111001010111000101111101111010110111101010011010101111100110100100111111101011111000111000111010011110110100111110111100101100110110000101010001111000000110011101000111110011010111111110100111001001111111001111000011100101000110010111000000110001001001111001011101100110011010101011100010111101110011111111111111101100100110111000110110001110101001111101110101111001000110100
800 0.886907312517 011111110111001010110100111101101011110110111101010011010101111100110100100110111101011111010111000101010010111110101111111111100101000110110000101010010101010001110110101001110110011011111111110100011010001111110001111000011100100000010011111100000111000001011110001111101101110011011101011110000100101110011111111101101101100100110101000110111001111101000101101110101111001010110110
900 0.883995412437 111111110011001111111011111101101010010110101111010011000101111011110001101110110001101111010111100111010111010010111111111111000001100110110110101110010111011001101000101001100110011011101111111010011010000111010001111110111101100010110010101000001101100101001001001001111111110111011101010110100100101110010110101101101110100110110101100100010001101101110001101100001111011110110100
1000 0.881187385158 111001110011001010110001101111101111010110101101010111011101111100110000101110111100111111010111001101010000111111110101110011100101001110010000101010010101000001111010101001110110011010111111101101111000001111010001011110111100100010110011111000011111101101110010001011111111110011010101000100010100101110011111111101101111100100111101010110110001101101100001101110001111001010110110
1100 0.879270569136 111001110010001010110001101111101011010111101101010111000101111100110100101110110100101101010111001101010110011111110101111011100101001110110000101010010101000001111101101001100110011011101111101100111010000110010001011110111101100010110011111000011111101101100000001101111111110011010101010100100100101110010111111101100111100110111001100010110001111101100001111110001111001110110110
1200 0.875499834692 111101110011001010111001101111101011010011101101010111000101111100110100101110110100101101011111000101010010111110110101110011100101000110111000101110010111011001111000101000100110010010101111100110111010000110010001011110111101100010110011011000011111001101001011001011111111110011110101000100000100110110010111111101101111100100111101010100110001111101000001111110001111001110110110
1300 0.874618204969 111101110011001010111001101111101011010011101101010111000101111100110100101110110100101101001111000101010010111110110101110011100101000110111000101110010111011001111000101000100110010010101111100110111010000110010001011110111101100010110011011000011111001101001011001011111111110011110101000100000100110110010111111101101111100100111101010100110001111101000001111110001111001110110110
1400 0.873475126323 111101110011001000010001101111101010010110101101010011010001111100110100101110110100101101011111100111010110010110111101110011000001100110110000001010010101010001100001101000100110011010111111101100111010000010010001011110111111100010010011111000000111001101101000001111111111110011011101010100000101101110011111111101100111100110110100100110110001111101100001101110001111001110110110
1500 0.871150384293 111001111011001110111001101111000011110110101111010111010101111110110100101111111100101111011111100111010010111110110101111011100101000110110000001010010111000001110000101001100110010010101111100110011010001100010001011110111101100010110011011000001111101101000011001001111111110111011101000100000000101110010111101111101111100100111101010100110001111101000001001110001011001110110110
1600 0.869850917536 111101110011001010011001101111101000110110101111010111010001111000110100101110110000101101000111100111010110011110111101110011100101000110010000011010010101010001000001111000100110011010111111101100011010001010010001011010111101100010010011111000001111001101100000001011111111110011011101010100000101101110011111111101100110100110110101010110010001111101100001101010011111001110110110
1700 0.866434906829 111001110011001010010001101111100011110110101101010111010101111100110100101110111100101011011101000101000110111110110101110011000101000110110000101010010111000001110001101000100110011010101111100110011010001010010001111010111101100110010001011000001111101101100001001011111111110011011101000100000000101110010111111101101111100110111101000100010001111101000001001110011011011110110110
1800 0.866881411383 111001111011001110111001101111100011110110101101010111010101111110110100101110111100101011011101000111010010111110110101110011100101000110110000001010010111001001110000101000100110011010101111101110011010001000010001011010011101100010010001011000001111101101100001001011111111110011011101000100000000101110010111111111101111100100111111000100010001111101000001001010001011001010010111
1900 0.865878987955 111001111011001110011001101111100011110110101101010111010001111110110100101110111100101001001101100111010010111110110101110001100101000110010000001110010111011001110000101000100110010010101111101110011010001110010001011010111111100010010011011000001111001101100001001011111111110011011101000100000101101110011111111101101011100100111101000100010001111101000001001010001011001010110111
2000 0.864560070646 111001110011001110110001101111000010110110101111010111010001111110110100101110111100101001011101100111010010111110110101110011100101000110110000101110010110010001110001101001100110010010101011101100011010001100010001011010011101100010011001011000001101101101100000001011111111010111011101000100000001100110011111001111100111100110111101010100110001111101000001001110011111001110110110
2100 0.862963456895 111001111010001110110001101111001010110110101101010111010001111110010100101111111000101101001111000111010010010110110101110011100101000110110000001110010101001001110000101000100110010010101111101110001010001110010001011010111101100010110011011000001111101101100000001011111111110111011101000100000000101110011111111111101111100110111111010100010001101101000001101010001011001010110111
2200 0.86106607961 111001111010001110110001101111001010110110101111010111010001111110110100101110111100101101011111100111010010110110110101110011100101000110110000101010010110001101110001101000100111000010101011001100011010100100010001011010001101100110010011011000001111101101100001001001111111010111001101000100000000101110000111101111101111100110111101010100110001111101001001101010001111001010110110
2300 0.861268575096 111001111011001110110001101111101010110110101101010111010001111010010100101110111100101001001111000111010010111110110101100011100101000110110000001010011110001001100000101001100110010010101111101110001010001110010001011010111101100010010011011000001111101101000000001011111111110011011001000100000001101110010111111111101101100100111111010100010001101101100101101010001011001010110110
2400 0.860763106771 111001111010001110110001101111001010110110100111010111010001111110010100111110011000101101001111000111010010110110110101110011100101000110110000001110010100001001110001101000100111010010101011001110011010100110010001011010011101100010110011011000001111101101100000001011111111010111001101000100000000101110010111111111101111100110111101010100110001111101000000101010001111001010110111
2500 0.859544441785 111001111011001110110001101111001010110110101111010111010001111010110100101010111100101100101111000111010010110110110101110011100101000110110000001010011000001101110001101000100111010010101001001100001010000110010001011010011101100010011011011000001111101111100000001011111111110011001101000100000001101110000111111111101111100110111111010100110001111101100001101010001011001010010110
2600 0.856196337112 111001111010001110110001101111100010100110101101010111010011111010010100101111111100101001001111100111010010010110110101110011100101000110110000001110010100001101110001101001100111010010101101001100001010001110010001111010111101100010010001011000001111101101100000101011110111010111001101000100000000101110010111111111101111100110111111010100010001101101000000101010001011001010010110
2700 0.85708923804 111001111010001110110001101111100010100110101101010111010011111010010100101111111100101001001101100111010010010110111101110011100101000110110000001110010100001101110001101001100111010010101101001100001010001110010001111010111101100010010001011000001111101101100000101011110111010111001101000100000000101110010111111111101111100110111111010100010001101101000000101010001011001010010110
2800 0.855525084993 111101111010001110010001101111001010100110101101010111010000111010010100101110111100101101001111000111010010110110110101100011100101000110110000001110010110001101110001101001100110010010101101101100001010000010010001011010111101100010110011011000001111101101100000001011110111010111001111100100000000101110000111111111101111100100110111010100010001111101000000101011001011001010011110
2900 0.852978850569 111001111010001110110001101111100010100110101101010111010011111010010100101110011100101001101111000111010010010110110101100011100101000110110000001110011100001101110001101001100111010010101101001100001010001111010001110010011101100000110011111000001111101100100000001011110111010011001101100100000000101110010101111111101111100110111111010100010001101101000000101010001011001010010110
3000 0.853473163967 111101111010001110110001101111000010100110101101010111010011111010010100101110011100101001001111000110010010010110110101100011100101000110110000001110011110001101110001101001100111010011101101001100001010001110010001110010011101100010010001111000001011101100000000101011111111010111001101000100000001101110010111111111101111100110111111010100010001101101000000101010001011001010110111
3100 0.852020459623 111001111010001110110001101011101010100110101101010111010001111010010100101110011100101001001111000111010010010110110101110011100101000110110000001110010100000101110001101001100111010010101101001100001010101110010001110010011101100010010001011000001111101100100000001011010111010011001111100100000001101110010101111111101111100110110111010100010001101101000000101011001011001010011010
3200 0.849898877869 111101111010000110110001101111001010100110101101010111010011111010010100101110011000101001001111000110010010010110110101110011100101000110110001001110011100001101110000101001000111010010101101001100001010001110010001011010011101100010110001111000000011101100100000101011111111000111001111000100000001101110010101111111101111100110111111010100010001101101000000101010001011000010111110
3300 0.849431472579 011101111010000110110001101111100010100110101101010111010000111000010101101010111100101001001111000110010010010110110101110011100101000110110000001110011100001101110000101001000111010010101101001100001010101010010001011010111101100010110001011000000011101100100000101011111111010111001111000100000001101010010101111111101111100110111111010100010001111101000000101011101011000010111010
3400 0.849424924738 111101111010001110010001101111001010100110101101010111010001111010010100101110111100101000001111000110000010010110110101100011100101000110110010001110010110001101010001101001100111000010101101001100001010101010010000110010011101100010110011111000001010101100100000101011111111010111001111100100000001101110010101111111101111100110110111010100010001101101000000101011001011001010110110
3500 0.84933540389 011101111110001110010001101111001010100110101101010110010000111010010100101110111100101000001111000110000010110110110101100011100101000110110010001110011110001101110001101001000111000010101101001100001010101110010001110010111101100010110001011000000011101100100000101011111111010111001101100100000001101110010101111111101011100110110111010100010001101101000000101011101011001010111110
3600 0.847961983815 011101111010001010010001101011101010100110101101010111010001111010010100101110111100101001001111000110000010010110110101110011100101000110110000001110011100001101110001101001000111000010101101001100001010101110010001011010011100100010010001111000000011101100000000101011111111010111001111100100000001101110010101111111101011100110110111010100010001101101000000101011101011000010111010
3700 0.846692611133 011101111010000110110001101101001010100110101101010110010001111000010100101110111000101000001111000110000010110110110101100011100101000110110010001110011100001101110001101001000111000010101101001100001010101010010001110010111101100010110011111000000011101100100000101011111111010111001101100100000001001110010101111111101111100110110111010100010001101101000000101011101111000010111010
3800 0.846399166006 001101111010000110110001101111101010100110100101010111010001111010010100101110011100101000001111000110010010010110110101110011100101000110110000001110011100001101110001101000000111010010101101001100000010101111010001010010011101100110110011111000000011101100100000101010111111010011001101100100000001101110010101111011101011100110110111010100010001101101000000101011001011000010111000
3900 0.846344404634 001101111010001110110001101101101010100110101101010111010001111000010100101110111100101000000111000110010010110110110101110011100101000110110000001110011100001101010001101001000111000010101101001100000010001011010001110010111101100010110011111000000011101100100000101011111111010111001101100100000001001110010101111111101011100110110111010100010001001101000000101011101011000010111000
4000 0.845417717157 011101111010001110110001101101101010100110100001010110010000111000010100101110111100101000001111000110010010110110110101100011100101000110110010001110010100001101110001101001000111000010101101001100001010101010010001110010011101100010110001111000001011101100100000101011110111010011001111100100000001001110010101111111101011100110111111010100110001101101000000101011101011000010111010
4100 0.845204664731 011101111010001110110001101101101010100110111101010100010001110000010100101110111000101000001111000110010010010110110101100011100101000110110010001110011100001101110001101001000111000010101101001100001010101010010001010010111101100010110011111000000011101100100000101011110111010111001101100100000001001110010101111011101111100110110111010100010001101101000000101011101011000010111110
4200 0.845270164955 001101111010000110110001101101101010100110101101010110010001111000010100101110111000101000001111000110000010110110110101110011100101000110110010001110011100001101110001101001000111000010101101001100001010101010010001110010011101100110110011111000000011101100100000101011111111010111001101100100000001101110010101111111101011100110110111010100010001101101000000101011000011000010111000
4300 0.843826102457 011101111010001110110001101111101010100110101001010100010001111000010100100110111100101000000111000110010010110110110101100011100101000110110010001110010100001101110001101001000111000010101101001100001010101010010001010010011101100110110011111000000011101100100000101011110111010011001101100100000001101110010101111111101011100110110111010100010001101101000000101011001011000010111010
4400 0.844322842852 011101111010001110110001101101111010100110101001010100010001111000010100101110111100101000000111000110010010110010110101100011100101000110110010001010010100001101110001101001000111000010101101001100001010101010010001110010011101100110110011111000000011101100100000101011110111010011001101100100000101001110010101111111101111100110110111010100010001101101000000100011001011000010111010
4500 0.843027973236 001101111010001110110001101101101010100110100001010100010001111000010100101110111100101000000111000110010010110110110101110011100101000110100010001010010100001101110001101000000111000010101111001100001010101010010001111010011101100110110011111000000011101100100000101011110110010011001101100100000001101110010101111111101111100110110111010100010001001101000100101011001011000010111000
4600 0.843448338567 001101111010001110110001101111101010100110100001010110010001111010010100101110111100101000001111000110010010110110110101100011100101000110110010001010010000001101110001101001000111000010101101001100001010101010010001110010011101100110110011111000000011101100100000101011110111010011001111100100000001101110000101111111101111100110110111010100000001101101000000101011000011000010111010
4700 0.843087352111 001101111010101110110001101101111010100110101101010110010001111000010100101110111100101000000111000110100010110110110101100011100101000110110010001110010100001101110001101001000111000010101101000100001010101010010001110010011101100010110011111000000001101100100000101011111111010011001001100100000001001110010001111111101111100110110111010100010001101101000000101011000011000010111000
4800 0.841405189126 001100111010001110110001101111111010100110101001010100010001111000010100101110111100101000000111000110010010110110110101100011100101000110100010001110010100001101110001101000000111000010101101010100001010101010010001110010011101100110110011111000000011101100100000101011111111010011001111100100000001001110000101111111101111100110110111010100010001101101000000101011010011000010111000
4900 0.842060077036 001101111010100110110001101111111010100100101001010100010001111010010100101110111100101000000111000110010010110110110101100011100101000110100010001110010100001101110001101001000111000010101101001100001010101010010000110010010101100010110011111000000011101100100000101011110110010111001101100100000001101110010101111111101111100110110111010100010001101101000000101011000011000010111010
5000 0.841997674188 001101111010101110110001101111111010100100101101010100010001111000010100101110111100101010001111000110010010110110110101100011100101000110100010001110010001001101110001101001000111000010101101000100001010101010010000110010010101100010110011111000000011101100100000101011110111010111001101100100000001101110000101111111101111100110110111010100010001101101000000101011000011000010111000
5100 0.840810018242 001101111010101111110001101111111010100000100001010100010001011000010100101110111100101010001111000100010010110110110101100011100101000110100010001010010000001101110001101000000111000010101101010100001010101010010001110010011101100110110011111000000011101100100000101011110111010011001111100100000001101110010101111111101111100110110111010100010001101101000000101011000011000010111100
5200 0.840666552271 001101111010001110110001101111111010100000101001010100011001011000110100101110111100101010001111000100010010110110110101100011100101000110100010001110010000001101110001101000000111000010101101000100001010101010010001110010011101100110110011111000000011101100100000101011110111010011001111110100000001101110010101111011101111100110110111010100010001101101000000101011000011000010111100
5300 0.840719907983 001101111010101110110001101111111010000110100001010100010001111000010100101110111100101010001111000100010010110110110101100001100101000110100010001010010000001101110001101000000111000010101101011100001010101010010001110010011101100110010011111000000011101100100000101011110111010011001111100100000001001110010101111111101111100110110111010100010001001101000000101011010011010010111100
5400 0.840869737409 001101111010101111110001101111111010100000101001010100010001111000010100101110110100101010001111000100010010110110110101100011100101000110100010001010010010001101110001101000000111000010101101010100001010101010010001110010011101100110110011111000000011101100100000101011110111010011001101100100010001101110010101111111101111100110110111010100010001001101000000101011000011000010111000
5500 0.84064397246 001101111010101111110001101111111010100000101001010100010001111000010100101110110100101010001111000100010010110110110101100011100101000110100010001010010010001101110001101000000111000010101101010100000010101010010001110010011101100110110011111000000011101100100000101011110111010011001101100100010001101110010101111111101111100110110111000100010001101101000000101011000011000010111100
5600 0.840492852289 001101111010101111110001101111111010100000101001010100010001111000010100101110101100101010001111000110010010110110110101100011100101000110100010001110010000001101110001101000000111000010101101010100001010101010010001110010011101100110110011111100000011101100100000101011110111010011001101100100010001001110000101111111100111100110110111010100010001001101000000101011000011000010111000
5700 0.840442707447 001101111010101111110001101111111010100000100001010100000001111000010100101110111100101010001111000100010010110110110101100011100101000110100010101010010000001101110001101000000111000010100101010100000010101010010001110010011101100110110011111000000011101100100000101011110111010011001101100100000001001110011101111111101111100110110111010100010001101101000000101011000011000010111000
5800 0.839752931983 001101111010101111110001101111111010100000101001010100010001111000010100101110111100101010001111000100010010110110110101100011100101000110100010001010000010001101110001101000000111000010101101010100001010101010010001100010011101100110110011111000000011101100100000101011110111010011001101100100010001001110000101111111101111100110110111010100010001101101000000101011000011000010111100
5900 0.840323981536 001101111010001111110001101111111010100100100001010100010001111000010100101110111100101000001111000100010010110110110101100011100101000110100010001010010000001101110001101000000111000010101101011100000010101010010001110010011101100110110011111000000011101100100000101011110111010011001101100100000001001110010101111111101111100110110111010100010001101101000000101011000011000010111100
6000 0.840387037977 001101111010001111110001101111111010100100101001010100010001111000010100101110111100101010001110000100010010110110110101100011100101000110100010001110010010001101110001101000000111000010101101010100000010101010010001110010011101100110110011111000000011101100100000101011110111010011001111100100010001101110010001111111110111100110110111010100010001001101000000101011000011000010111100
6100 0.840214615007 001101111010101111110001101111111010100100101001010100010001111000010100101110111100101010001110000100010010110110110101100011100101000110100010001110010010001101110001101000000111000010101101010100000010101010010001110010011101100110110001111000000011101100100000101011110111010011001111100100010001101110010101101111100111100110110111010100010001001101000000101011000011000010111100
6200 0.839741596532 001101111010101111110001101111111010100100101001010100010001111000010100101110111100101010001110000100010010110110110101100011100101000110100010001010010010001101110001101000000111000010101101010100000010101010010001100010011101100110110011111000000001101100100000101011110111010011001111100100010001001110010101101111101111100110110101010100010011001101000000101111000011000010111100
6300 0.839355532749 001101111010101111110001101111111010100100100001010100010001111000010100101110111100101010001111000100010010110110110101100011100101000110100010001010010000001101110001101000000111000010101101011100000010101010010001110010011101100110110011111000000011101100100000101011110111000011001101100100000001001110010101111111100111100110110111010100010001001101000000101011000111000010111100
6400 0.839530398479 001101011010101111100001101111111010100100101001010100011001111000010100101110111100101010001110000100010010110110110101100011100101000110100010001110010000001101110001101000000111000010101101010100001010101010010001110010011101100110010011111000000011101100100000101011110111010011001111100100010001001110010101101111101111100110110111010100010001001101000000101011010011000010111100
6500 0.839562845218 001101011010101111100001101111111010100100100001010100010001111000010100101110111100101010001110000100010010110110110101100011100101000110100010001010010000001101110001101000000111000010101101011100000010101010010001110010011101100110010011111000000011101100100000101011110111010011001111100100010001001110010101101111101111100110110111010100010001001101000000101011000011000010111100
6600 0.839233583603 001101111010101111110001101111111010100100100001010100010001111000010100101110111100101000001111000110010010110110110101100011100101000110100110001110010010001101110001101000000111000010101101010100000010101010010000110010011101100110110011111000000011101100100000101011110111000011001111100100010001001110010101011111100111100110110001010100010001001101000000101011000011000010111100
6700 0.838512741374 001101111010101111110001101111111010100000100001010100111001111000010100101110111100101010001111000100010010100110110101100011100101000110100011001010010000001101110001101000000111000010101101011100000010101010010000110010011101100110100011111000000011101100100000101011110111000011011101100100010001001110010101011111100111100110110011010100010001001101000000101011000011000010111100
6800 0.839166000908 001101110010101111100001101111111010100100100001010100111001111000010100101110111100101010001110000100010010110110110101100011100101000110110011001010010000001101110001101000000111000010101101011100000010101010010000110010011101000110110011111000000011101100100000101011110111000011101111100100010001001110010101011111100111100110110011010100010001001101000000101011000011000010111100
6900 0.838380603964 001101110010101111100001101111111010100100100001010100111001111000010100101110111100101010001110000100010010110110110101100011100101000110100010001110010000001101110001101000000111000010101101011100000010101010010000110010011101000110110011111000000001101100100000101011110111000011001111100100010001001110010101011111100111100100110011010100010001001101001000101011000011000010111100
7000 0.838303191633 001101110010101111100001101011111010100100100001010100111001111000010100101110111100101010001111000100010010110110110101100011100101000110100110001110010000001101110001101000000111000010101101011100000010101010010000110010011101000110110011111000000001101100100000101011110111000011001111100100010001001110010101011111100111100010110011010100010001001101001000101011000011000010111100
7100 0.838380697167 001101110010101111110001101111111010100100100001010100111011111000010100111110111100101010001110000100010010110110110101100011100101000110100011001010010000001101110001101000000111000010101101011100000010101010010000110010011101000110110011111000000011101100100000101011110110000011001101100100010001001110010101011111100111100010110011010100010001001101000000101011000011000010111100
7200 0.83816201268 001101110010101111110001101111111010100100100001010100011011111000010100101110111100101010001110000100010010110110110101100011100101000110100010001110010000001101110001101000000111000010101101010100000010101010010000110010011101100110110011111000000001101100100000101011110111010011001011100100010001001110010101011111100111100110110011010100010001001101000000101011000011000010111100
7300 0.838610917826 001101010010101111100000101111111010100100100001010100110011111000010100101110111100101010001111000100010010110110110101100011100101000110100011001110011000001111110001101000000111000010101101011100000010101010010000110010011101000110010011111000000001101100100000101011110111010011001111100100010001001110010101011111100111000110110011010100010001001101001000101011000011000010111100
7400 0.838697552007 001101110010101111110001101111111010100100100001010100010011111000010100101110111100101010001111000100010010110110110101100011100101000110100011001110010000001101110001101000000111000010101101010100000010101010010000110010011101000110110011111000000011101100100000101011110111000011001111110100010001101110010101011111100111100010110011010100010001001101000000101011000111000010111100
7500 0.838166959004 001001010010101111110001101111111010100100100001010100011001111000010100101110111100101010001110000100010010110110110101110011100101000110100011001110010000001101110001101000000111000010101101011100000010101010010000110010011101000110110011111000000001101100100000101011110111010011000111100100010001001110010101011111101111100110110011010100010001001101000000101011000011000010111100
7600 0.838327061849 001101110010101111100001101111111010100100100001010100011001111000010100101110111100101010001111000100010010110110110001100111100101000110100011001110010000001111110001101000000111000010101101010100000010101010010000110010011101000110010011111000000001101100100000101011110110000011001111110100010001001110010101111111100111100110110011010100010001001101000000101011000111000010111100
7700 0.838642564848 001101110010101111110001101111111010100100100001010100011001111000010100101110110100101010001110000100010010110110110101100111100101000110100011001110010000001101110001101000000111000010101101010100000010101010010000110010011101000110110011111000000001101100100000101011110111010011001001110100000001001110010101011111100111100110110011010100010011001101001000101011010011000010111100
7800 0.837903049372 001101110010101011110001101111111010100100100001010100011001111000010100101110111100101010001111000100010010110110110001100011100101000110100011001110010000001111110001101001000111000010101101010100000010101010110000110010011101000110010011111000000001101100100000101011110111010011001011100100000001101110010100011111100111100110110011010100010001001101000000101011000111000010111100
7900 0.837728719696 001001110010101111100001101111111010100100100001010100011001111000010100101110111100001010001111000100010010100110110101100111100101000110100011001110010000001111110001101000000111000010101101011100000010101010010000110010011101000110010011111000000001101100100000101011110111000011001111100100010001001110010101011111101111100110110011010100010001001101000000101011000111000010111100
8000 0.837454911527 001101010010101111100001101111111010100100100001010100011001111000010100101110111100101010001110000100010010110110110101100011100101000110100011001110010000001111110001101000000111000010101101011100000010101010010000110010011101000110110011111000000000101100100000101011110111010011001111100100010001001110010101011111101111100110110011010100010001001101000000101011000011000010111100
8100 0.837045348559 001001110010101111100001101111111000100100100001010100011001111000010100101010111100101010001110000100010010110110110101100011100101000110100011001110010000001111110001101001000111000010101101011100000010101010010000110010011101000110010011111000000001101100100000101011110111000111001111100100000001001110010101011111100111100010110011010100010001101101001000101011000011000010111100
8200 0.837422009886 001001110010101111110001101111111010100100100001010100011001111000010100101100111100001010001111100100010010110110110101100011100101000110100011001110010000001111110001101000000111000010101101011100000010101010010000110010011101000110010011111000000001101100100000101011110111000111001111100100000001001110010101011111100111100010110011010100010001001101001000101011000011000010111100
8300 0.836962631531 001101010010101111100001101111111010100100100001010100011001111000010100101110111100101010001110000100010010110110110101100111100101000110100011001110010000001111110001101000000111000010101101011100000010101010010000110010011101000110010011111000000001101100100000101011110111000011001111100100000001001110010101011111111111100010110011010100010001001101000000101011000011000010111100
8400 0.837145057417 001101010010101111100001101111111010100100100011010100011001101000010100101010111100101010001110000100010010110110110101100011100101000110100011001110010000001111110001101001000111000010101101011100000010101010110000110010011101000110010011111000000001101100100000101011110111000011000111100100010001001110010101011111101111100010110011010100010001001101000000101111010011000010111100
8500 0.836499669793 001101110010101111100001101011111010100100100001010100011001111000010100101110111100101010001110000100010010110110110101100011100101000110100011001110010000001111110001101000000111000010101101011100000010101010110000110010011101000110010011111000000001101100100000101011110111000010001111100100010001001110010101111111100111100010110011010100010001001101000000101111000011000010111100
8600 0.836700523624 001101010010101111100001101111111010100100100001010100011001111000010100101100111100101010001110000100010010110110110101100011100101000110100011001110010000001111110001101000000111000010101101011100000010101010110000110010011101000110010011111000000001101100100000101011110111000010001111100100010001001110010101011111100111100010110011010100010001001101001000101111010011000010111100
8700 0.836968932224 001101010010101111100001101111111010100100100001010100011001111000010100101110111100001010001110000100010010110110110101100111100101000110100011001110010000001111110001101000000111000010101101011100000010101010010000110010011101000110010011111000000001101100100000101011110111000011001111100100000001001110010100011111101111100010110011010100010001001101000000101111010011000010111100
8800 0.836327624887 001101010010101111100001101111111010100100100001010100011001111000010100101110111100001010001110000100010010110110110101100111100101000110100011001110010000001111110001101000000111000010101101011100000010101010010000110010011101000110010011111000000001101100100000101011110111000011001111100100000001001110010100011111101111100010110011010100010001001101000000101111010011000010111100
8900 0.836661885904 001101010010101111100001101111111010100100100001010100011001111010010100101110111100001010001110000100010010110110110101100011100101000110100001001110010000001111110001101000000111000010101101011100000010101010010000110010011101000110010011111000000001101100100000101011110111000010001111100100010001001110010101011111101111100010110011010100010001001101001000101111000011000010111100
9000 0.836417468664 001101010010101111100001101111111010100100100001010100011001111000010100101010111100001010101110000100010010110110110101100111100101000110100011001110010000001111110001101001000111000010101101011100001010101010010000110010011101000110010011111000000001101100100000101011110111000011001111100100000001001110010100011111101111100010110011010100010001001101000000101111000011000010111100
9100 0.836583866155 001101110010101111100001101111111010100100100001010100011001111000010100101010101100001010001110000100010010110110110101101111100101000110110001001110010000001111110001101000000111000010101101011100000010101010010000110010011101000110010011111000000001101100100000101011110111000010001111100100010001001110010100011111101111100010110011010100010001001101000000101111000011000010111100
9200 0.836610989648 001101110010101111100001101111111010100100100001010100011001111000010100101010111100001010001110000100010010110110110101101111100101000110100011001110010000001111110001101000000111000010101101011100000010101010010000110010011101000110010011111000000001101100100000101011110111000011001111100100000001001110010100011111101111100010110011010100010001001101000000101111000011000010111100
9300 0.83693920738 001101010010101111100001101111111010100100100001010101011001111000010100101110111100001010001110000100010010110110110101100011100101000110100011001110011000001111110001101000000111000010101101011100000010101010010000110010011101000110110011111000000001101100100000101011110111000011001111100100000001001110010100011111101111100010110011010100010001001101000000101111000011000010111100
9400 0.836820788005 001101110010101110000001101111111010100100100001010100011001111000010100101010111100001010001110000100010010110110110101101111100101000110110011001110010000001111110001101000000111000010101101010000000010101010110000110010011101000110010011111000000001101100100000101011110111000011001111100100000001001110010100011111100111100010110011010100010001001101001000101111010011000010111100
9500 0.836558656806 001101010010101111100001101111111010100100100001010100010001111000010100101010111100001010001110000100010010110110110101101111100101000110100011001110010000001111110001101000000111000010101101010100000010101010010000110010011101000110010011111000000001101100100000101011110111000011001111100100010001001110010101011111100111100010110011010100010001001101001000101111010011000010111100
9600 0.836533510368 001101110010101111100001101111111010100100100001010100011001111000010100101010111100001010001110000100010010110110110101100011100101000110100011001110010000001111110001101000000111000010101101010100000010101010110000110010011101000110010011111000000001101100100000101011110111000011001111100100010001001110010100011111100111100010110011010100010001001101001000101111010011000010111100
9700 0.837001789929 001101010010100110100001101111111010100100100001010100011001111000010100101010111100001010001110000100010010110110110101100111100101000110100011001110010000001111110001101000000111000010101101011100000010101010110000110010011101000110010011111000000001101100100000101011110111000011001111100100000001001110011100111111100111100010110011010100010001001101001000101111010011000110111100
9800 0.836369445478 011101110010101111000001101111111010100100100001010100011001111000010100101010111100001010001110000100010010100110110101100111100101000110100011001110010000001111110001101000000111000010101101010100000010101010110000110010011101000110010011111000000001101100100000101011110111000010001111100100010001001110010100011111101111100010110011010100010001001101001000101111010011000010111100
9900 0.835886309242 001101010010101111000001101111111010100100101001010100011001111000010100101010111100001010001110000100010010100110110101100111100101000110100011001110010000001111110001101000000111000010101101010100000010101010110000110010011101000110010011111000000001101100100000101011110111000010001111101100010001001110010100011111101111100010110011010100010001001101001000101111010011000010111100
10000 0.836323144297 011101010010101111000001101111111010100100100001010100011001111000010100101010111100001010001110000100010010110110110101100111100101000110100011001000010000001111110001101000000111000010101101111100000010101010110000110010011101000110010011111000000001101100100000101011110111000111001111100100000001001110010100011111100111100010110011010100010001001101001000101111010011000010111100
10100 0.836136171435 001101010010101111000001101111111010100100100001010100011001111000010100101010111100001010001110000100010010110110110001100111100101000110100011001110010000000111110001101000000111000010101101011100000010101010110000110010011101000110010011111000000001101100100000101011110111000011001111101100010001001110011100011111100111100010110011010100010001001101001000101111010011000010111100
10200 0.836321100675 001101010010101111000001101111111010100100100001010100011001111000010100100010111100001010001010000100010010110110110101100111100101000110100011001110010000000111110001101000000111000010101101011100000010101010110000110010011101000110010011111000000001101100100000101011110111000011001111101100010001001110011100011111100111100010110011010100010001001101001000101111010011000010111100
10300 0.836233600854 001101010010100110000001101111111010100100100001010100011001111000010100101010111100001010001100000100010010110110110101100111100101000110100011001110010000001111110001101000000111000010101101011100000010101010110000110010011101000110010011111000000001101100100000101011110111000011001111100100010000001110011100011111101111100010110011010100010001001101101000101111010011000010111100
10400 0.836558897034 001101010010101111000001101111111010100100100001010100011001111000010100101010111100001010001010000100011010110110110101100111100101000110100011001110010000001111110001101000000111000010101101011100000010101010110000110010011101000110010011111000000001101100100000101011110111000011001111100100010001001110010100011111101111100010110011010100010001001101001000101111010011000010111100
10500 0.836914235533 001101010010101111000001101111110010100100100001010100011001111000010100101010111110001010001110000100011010110110110101100111100101000110100011001110010000101111110001101000000111000010101101011100000010101010110000110010011101000100010011111000000001101100100000101011110111000011001111100100010001000110010100011111101111100010110011010100010001001101001000101111010011000010111100
10600 0.836270977913 001101010010101111000001101111111000100100100001010100011001111000010100101010111100001010001110000100010010110110110001100111100101000110100011001110010000001111110001101000000111000010101101011100000010101010110000110010011101000110010011111000000001101100100000101011110110000011001111101100010001001110001100011111101111100010110011010100010001001101001000101111010011000010111100
10700 0.836129003991 001101010010101111000001101111111010100100100001010100011001111000010100101010111100001010001110000100010010110110110001100111100101000110100011001110010000001111110001101000000111000010101101011100000010101010110000110010011101000110010011111000000001101100100000101011110110000011001111101100010001001110000100011111101111100010110011010100010001001101101000101111010011000010111100
10800 0.836436814199 001101010010101111000001101011111010100100100001010100011001111000010100101010111100001010001110000100010010110110110101100111100101000110100011001110010000001111110001101000000111000010101101011100000010101010110000110010011101000110010011111000000001101100100000101111110111000011001111100100000001001110010100011111101111100010110011010100010001001101001000101111010011000010111100
10900 0.83614936557 001101010010101111000001101011111010100100100001010100011001111000010100101010111100001010001100000100010010110110110101100111100101000110100011001110010000001111110001101010000111000010101101011100000010101010110000110010011101000110010011111000000001101100100000101011110111000011001111100100010001001110010100011111101111100010110011010100010001001101001000101111010011000010111100
11000 0.836610131663 001101010010101111000001101111111010100100100000010100011001111000010100101010111100001010001110000100010010110110110001100111100101000110100011001110010000001111110001101000000111000010101101011100000010101010110000110010011101000110010011111000000001101100100000101011110111000011001111101100000001001110011100011111100111100010110011010100010001001101001000101111010011000110111100
11100 0.836411142673 001101010010101111000001101111111010100100100001010100011001111000010100101010111100001010001110000100010010110110110001100111100101000110100011001110010000001111110001101010000111000010101101011100000010101010110000110010011101000110010011111000000001101100100000101011110111000011001111100100000001001110011100011111101111100010110011010100010001001101001000101011010011000110111100
11200 0.835826629752 001101010010101111000001101111111010100100100001010100011001111000010100101010111100001010001110000100010010110110110101100111100101000110100011001110000000001111110001101000000111000010101101011100000010101010110000110010011101000110011011111000000001101100100000101011110111000011001111100100000001001110010100011111101011100010110011010100010001001101001000101111010011000010111100
11300 0.835555977188 001101010010101111000001101111111010100100100001010100011001011000010100101010111100001010001110000100010010110110110001100111100101000110100011001110010000001111110001101010000111000010101101011100000010101010110000110010011101000110010011111000000001101100100000101011110111000011001111100100000001001110011100011111101111100010110011010100010001001101001000101111010011000010111000
11400 0.836156770616 001101010010101111000001101111111010100100100001010100011001111000010100101010111100001010001110000100010010110110110001100111100101000110100011001110000000001111110001101010000111000010101101011100000010101010110000110010011101000110011011111000000001101100100000101011110111000011001111100100000001001110011100011111101011100010110011010100010001001101001000101111010011000010111100
11500 0.8358909125 001101010010101111000001101111111010100100100001010100011001111000010100101010111100001010001110000100010010110110110001100111100101000110100011001110000000001111110001101010000111000010101101011100000010101010110000110010011101000110011011111000000001101100100000101011110111000011001111100100000001001110011100011011101011100010110011010100010001001101001000101111010011000010111100
11600 0.836156770616 001101010010101111000001101111111010100100100001010100011001111000010100101010111100001010001110000100010010110110110001100111100101000110100011001110000000001111110001101010000111000010101101011100000010101010110000110010011101000110011011111000000001101100100000101011110111000011001111100100000001001110011100011111101011100010110011010100010001001101001000101111010011000010111100
11700 0.835914290774 001101010010101111000001101111111010100100100001011100011001111000010100101010111100001010001110000100010010110110110001100111100101000110100011001110000000001111110001101010000111000010101101011100000010101010110000110010011101000110010011111000000001101100100000101011110111000011001111100100000001001110011100011111101011100010110011010100010001001101001000101111000011000010111100
11800 0.835517775933 001101010010101111000001101111111010100100100001010100011001111000010100101010111100001010001110000100010010110110110001100111100101000110100011001110000000001111110001101010000111000010101101011100000010101010110000110010011101000110010011111000000001101100100000101011110111000011001111100100000001001110011100011111100111100010110011010100010001001101001000101111010011000010111100
11900 0.836267652023 001101010010101111000001101111111010100100100001010100011001111000010100101010111100001010001110000100010010110110110001100111100101000110100011001110000000001111110001101010000111000010101101011100000010101010110000110010011101000110010011111000000001101100100000101011111111000011001111100100000001001110011100111111101011100010110011010100010001001101001000101111000011000010111100
12000 0.836070330719 001101010010101111100001101111111010100100101001010100011001101000010100101010111100001010001110000100010010110110110001100111100101000110100011001110000000001111110001101010000111000010101101011100000010101010110000110010011101000110010011111000000001101100100000101011110111000011001111100100000001001110011100011111101011100010110011010100010001001101001000101111010011000010111100
12100 0.836265160483 001101010010101111000001101111111010100100100001010100011001111000010100101010111100001010001110000100010010110110110001110111110101000110100011001110000000001111110001101010000111000010101101011100000010101010110000110010011101000110010011111000000001101100110000101011110111000011001101100100000001001110011100011111100011100010110011010100010001001101001000101111010011000010111100
12200 0.835893003526 001101010010101111000001101111111010100100100001010100011001111000010100101010111100001010001110000100010010110110110001110111100101000110100011001110000000001111110001101010000111000010101101011100000010101010110000110010011101000110010011111000000001101100100000101011110111010011001101100100000001001110011000011111100011100010110011010100010001001101001000101111010011000010111100
12300 0.836138896639 001101010010101111000001101111111010100100100001010100011001111000010100101010111100001010001110000100010010110110110001100111100101000110100011001110000000001111110000101010000111000010101101011100000010101010110000110010011101000110110011111000001001101100100000101011110011010011001101100100000001001110011100011111101011100010110011010100010001011101001000101111000011000010111100
12400 0.835921603633 001101010010101111000001101111111010100100100001010100011001111000010100101010111100001010001110000100010010110110110001100111100101000110100011001110000010001111110000101010000111000010101101011100000010101010110000110010011101000110110011111000001001001100100000101011110011010011001101100100000001001110011100011111101011100010110011010100010001011101001000101111000011000010111100
12500 0.835979360629 001101010010101111000001101111111010100100100001010100011001111000010100101010111100001010001110000100010010110110110001100111110101000110100011001100000000001111110001101010000111000010101101011100000010101010110000110010011101000110010011111000000001101100100000101011110111010011001101100100000001001110011100011111101111100010110011010100010001001101001000101111000011000010111100
12600 0.83525122318 001101010010101111000001101111111010100100100001010100011001111000010000101010111100001010001110000100010010110110110001110111100101000110100011001110000000001111100001101010000111000010101101011100000010101010110000110010011101000110010011111000000001101100100000101011110011000011001111100100000001001110011100011111101111100010110011010100010001001101001000101111010011000010111100
12700 0.835242446323 001101010010101111000001101111111010100100100001010100011001111000010100101010111100001010001110000100010010110110110001101111100101000110100011001110000000001111110001101010000111000010101101010100000010101010110000110010011101000110010011111000000001101100100000101011110111000011001101100100000001001110011100011011101111100010110011010100010001001101001000101111010111000010111100
12800 0.835890458071 001101010010101111000001101111111010100100100001010100011001111000010000101010111100001010001110000110010010110110110001100111100101000110100011001110000000001111100001101010000111000010101101011100001010101010110000110010011101000110010011111000000001101100100000101011110111000011001111100100000001001110011100011111101111100010110011010100010001001101001000101111010011000010111100
12900 0.836024732123 001101010010101111000001101111111010100100100001010100011001111000010100101010111100001010001110000100010010110110110001110111110101000110100011001110000000001111100001101010000111000010101101010100000010101010110000110010011101000110110011111000000001101100100000101011110011000011001111100100000001001110011100011111101111100010110011010100010001001101001000101111000011000010111100
13000 0.835805592144 001101010010101111000001101111111010100100100001010100011001111000010100101010111100001010001110000100010010110110110001100111100101000110100011001110000000001111100001101010000111000010101101010100000010101010110000110010011101000110010011111000000001101100100000101011110110000011001101100100000001001110011100011111101111100010110011010100010001001101001000101111010111000010111100
13100 0.835798880773 001101010010101111000001101111111010100100100001010100011001111000010100101010111100001010001110000100010010110110110001110111110101000110100011001010000000001111100001101010000111000010101101010100000010101010110000110010011101000110110011111000000001101100100000101011110011000011001111100100000001001110011100011111101111100010110011010100010001001101001000101111000011000010111100
13200 0.836405081851 001101010010101111000001101111111010100100110001010100011001111000010100101010111100001010001110000100010010110110110001100111110101000110100011001110000000001111100001101010000111000010101101011100000010101010110000110010011101000110110011111000000001101100100000101011110011000011001111100100000001001110011100011111101111100010110011010100010001001101001000101111000011000010111100
13300 0.835814236375 001101010010101111000001101111111010100100100001010100011001111000010100101010111100001010001110000100010010110110110001100111100101000110100011001110000000001111100001101010000111000010101101011100000010101010110000110010011101000110110011111000000001101100100000101011110111000011001111100100000001001110011100011111101111100010110011010100010001001101001000101111000011000010111100
13400 0.835814236375 001101010010101111000001101111111010100100100001010100011001111000010100101010111100001010001110000100010010110110110001100111100101000110100011001110000000001111100001101010000111000010101101011100000010101010110000110010011101000110110011111000000001101100100000101011110111000011001111100100000001001110011100011111101111100010110011010100010001001101001000101111000011000010111100
13500 0.836003244232 001101010010101111000001101111111010100100100001010100011001111000010100101010111100001010001110000100010010110110110001100111100101000110100011001110000000001111100001101010000111000010101101011100000010101010110000110010011101000110010011111000000001101100100001101011110111000011001111100100000001001110011100011111101111100010110011010100010001001101001000101111000011000010111100
13600 0.835740422205 001101010010101111000001101111111010100100100001010100011001111000010100101010111100001010001110000100010010110110110001110111110101000110100011001110000000001111100001101000000111000010101101011100000010101010110000110010011101000110010011111000000001101100100000101011110011000011001111100100000001001110011100011111101111100010110011010100010001001101001000101111000011000010111100
13700 0.835771710854 001101010010101111000001101111111010100100100001010100011001111000010100101010111100001010001110000100010010110110110001101111100101000110100011001110000000001111100001101010000111000010101101011100000010101110110000110010011101000110000011111000000001101100100000101011110111000011001111100100000001001110011100011111100111100010110011010100010001001101001000101111000011010010111100
13800 0.835337786043 001101010010101111000001101111111010100100100001010100011001101000010100101010111100001010001110000100010010110110110001100111100101000110100011001110000000001111100001101010000111000010101101011100000010101110110000110010011101000110010011111000000001101100100000101011110111000011001111100100000001001110011100011111101111100010110011010100010001001101001000101111000011000010111100
13900 0.83605528565 000101010010101111000001101111111010100100100001010100011001111000010100101010111100001010001110000100010010110110110001100111100101000110100111001110000000001111100001101000000111000010101101011100000010101010110000110010011101000110010011111000000001101100100000101011110111010011001111100100000001001110011100011111100111100010111011010100010001001101001000101111000011000010111100
14000 0.836213644681 000101010010101111000001101111111010100100100001010100011001111000010100101010111100001010001110000100010010110110110001101111100101000110100111001110000000001111100001101010000111000010101101011100000010101010110000110010011101000110010011111000000001101100100000101011110111000011001111100100000001001110011100011111101111100010110011010100010001001101001000101111000011000010111100
14100 0.835784490988 000101010010101111000001101111111010100100100001010100011001111000010100101010111100001010001110000100010010010110110001110111100101000110100011001110000000001111100001101010000111000010101101011100000010101110110001110010011101000110010011111000000001101100100000101011110011000011001111100100000001001110011100011111101111100010110011010100010001001101001000101111000011000010111100
14200 0.83586762333 001101010010101111000001101111111010100100100001010100011001111000010100101010111100001010001110000100010010110110110001111111100101000110100011001010000000001111100001101010000111000010101101011100000010101010110000110010011101000110010011111000000001101100100000101011110011000011001111100100000001001110011100011111101111100010110011010100010001001101001000101111000011000010111100
14300 0.835887472949 001101010010101111000001101111111010100100100001010100011001111000010000101010111100001010001110000100010010010110110001110111100101000110100011001110000000001111100001101010000111000010101101011100000010101110110000110010011101000110010011111000000001101110100000101011110111000011001111100100000001001110011100011111101111100010110011010100010001001101001000101111000011000010111100
14400 0.835766734338 001101010010101111000001101111111010100100100001010100011001111000010100101010111100001010001110000100010010110110110001100111100101000110100011001110000000001111100001101010000111000010101101011100000010101010110000110010011101000110010011111000001001101100100000101011110111000011001111100100000001001110011100011111101111100010110011010100010001001101001000101111000011000010111100
14500 0.835617805094 001101010010100111000001101111111010100100100001010100011001111000010100101010111100001010001110000100010010110110110001100111100101000110100011001110000000001111100001101010000111000010101101011100000010101010110000110010011101000110010011111000001001101100100000101011110111000011101111100100000001001110011100011111101111100010110011010100010001001101001000101111000011000010111100
14600 0.835814236375 001101010010101111000001101111111010100100100001010100011001111000010100101010111100001010001110000100010010110110110001101111100101000110100011001110000000001111100001101010000111000010101101011100000010101010110000110010011101000110010011111000000001101100100000101011110111000011001111100100000001001110011100011111101111100010110011010100010001001101001000101111000011000010111100
14700 0.835598696263 001101010010101111000001101111111010100100100011010100011001111000010100101010111100001010001110000100010010110110110001100111100101000110100011001110000000001111100001101010000111000010101101011100000010101010110000110010011101000110010011111000000001101100100000101011110011000011001111100100000001001110011100011111101111100010110011010100010001001101001000101111000011000010111100
14800 0.835352775197 001101010010101111000001101111111010100100100001010100011001111000010100101010111100001010001110000100010010110110110001101111100101000110100011001110000000001111100001101010000111000010101101011100000010101010110000110010011101000110010011111000000001101100100000101011110011000011001111100100000001001110011100011111101111100010110011010100010001001101001000101111000011000010111100
14900 0.835853674997 001101010010101111000001101111111010100100100001010100011001111000010100101010110100001010001110000100010010110110110001111111100101000110100011001110000000001111100001101010000111000010101101011100000010101010110000110010011101000110010011111000001001101100100000101011110011000011001111100100000001001110011100011111101111100010110011010100010001001101001000101111000011000010111100
15000 0.836166889052 001101010010101111100001101111111010100100100001010100011001111000010100101010110100001010001110000100010010110110110001110111100101000110100011001110000000001111100001101010000111000010101101011100000010101010110000110010011101000110010011111000000001101100100000101011110011000011001111100100000001001110011100011111101111100010110011010100010011001101001000101111000011000010111100
15100 0.836057816572 001101010010101111000001101111111010100100100001010100011001111000010100101010111100001010001110000100010010110110110001101111100101000110000011001110000000001111100001101010000111000010101101011100000010101010110000110010011101000110010111111000000001101100100000101011110011000011001111100100010001001110011100011111101111100010110011010100010001001101001000101111000011000010111100
15200 0.835814236375 001101010010101111000001101111111010100100100001010100011001111000010100101010111100001010001110000100010010110110110001101111100101000110100011001110000000001111100001101010000111000010101101011100000010101010110000110010011101000110010011111000000001101100100000101011110011000011001111110100000001001110011100011111101111100010110011010100010001001101001000101111000011000010111100
15300 0.835803821626 001101010010101111000101101111111010100100100001010100011001111000010100101010111100001000001110000100010010110110110001101111100101000110100011001110000000001111100001101010000111000010101101011100000010101010110000110010011101000110010011111000000001101100100000101011110011000010001111100100000001001110011100011111101111100010110011010100010001001101001000101111000011000010111110
15400 0.835995526759 001101010010101111000001101111111010100100100001010100011001111000010100101010111100001000001110000100010010110110110001101111100101000110100011001110000000011111100001101010000111000010101101011100000010101010110000110010011101000110010011111000000001101100110000101011110011000011001111100100000001001110011100011111101111100010110011010100010001001101001000101111000011000010111100
15500 0.835592977646 001101010010101111000001101111111010100100100001010100011001111000010100101010111101001010001110000100010010110110110001101111100101000110100011001110000000011111100001101010000111000010101101011100000010101010110000110010011101000110010011111000000001101100110000101011110011000010001111100100000001001110011100011111101111100010110011010100010001001101001000101111000011000010111100
15600 0.835994926846 001101010010101111000001101111111010100100100001010100011001111000010100101010111100001010001110000100010010111110110001101111100101000110100011001110000000011111100001101010000111000010101101011100000010101010110001110010011101000110010011111000000001101100100000101011110010000010001111100100000001001111011100011111101111100010110011010100010001001101001000101111000011000010111100
15700 0.835702769496 001101010010101111000001101111111010100100100001010100011001111000010100101010111100001010001110000100010010110110110001101111100101000110100011001110000000011111100001101010000111000010101101011100000010101010110001110010011101000110010011111000000001101100110000101011110011000010001111100100000001001110011100011111101111100010110011010100010001001101001000101111000011000010111100
15800 0.835368748235 001101010010101111000001101111111010100100100001010100011001111000010100101010111100001010001110000100010010111110110001101111100101000110100011001110001000011111110001101010000111000010101001011100000010101010110000110010011101000110010011111000000001101100100000101011110011000010001111100100010001001110001100011111101111100010110011010100010001001101001000101111000011000010111100
15900 0.835591792261 001101010010101111000001101110111011100100100001010100011001111000010100101010111100001010001110000100010010110110110001101111100101000110100011001110000000011111100001101010000111000010101101011100000010101010110000110010011101000110010011111000000001101100100000101011110011000011001111100100000001001110011100011111101111100010110011010100010001001101001000101111000011000010111100
16000 0.835799095478 001101010010101111000001101111111010100100100001010100011001111000010100101010111100001010001110000100010010110110110001101111100101000110100011001110000000011111100001101010000111000010101101011100000010101010110000110010011101000110010011111000000001101100110000101011110011000011001111100100000001000110011100011111101111100010110011010100010001001101001000101111000011000010111100
16100 0.835595870878 001101010010101111000001101111111010100100100001010100011001111000010000101010111100001010001110000100010010110110110001101111100101000110100011001110010000011111100001101010000111000010101101011100000010101010110000110010011101000110010011111000000001101100110000101011110011000011001111100100000001001110011100011111101111100010110011010100010001001101001000101111000011000010111100
16200 0.835701761768 001101010010101111000001101111111010100100100001010100011001111000010100101010111100001010001110000100010010110110110001101111100101010110100011001110000000011111110001101010000111000010101101011100000010101010110000110010011101000110010011111000000001101100100000101011110011000010001111100100000001001110001100011111101111100010110011010100010001001101001000001111000011000010111100
16300 0.835852639959 001101010010101111000001101111111010100100100001010100011001111000010100101010111100001010001110000100010010110110110001101111100101000110100011001110010000011111100001101010000111000010101101011100000010101010110000110010011101000110010011111000000001101100100000101011110011000010001111100100010001000110011101011111101111100010110011010100010001001101001000101111000011000010111100
16400 0.834921212254 001101010010101110000001101111111010100100100001010100011001111000010100101010111100001010001110000100010010110110110001101111100101010110100011001110000000011111100001101010000111000010101101011100000010101010110000110010011101000110010011111000000001101100100000101011110011000010001111100100000001001110001100011111101111100010110011010100010001001101001000101111000011000010111100
16500 0.835496443556 001101010010101111000001101111111010100100100001010100011001111000010100101010111100001010001110000100010010110110110001101111000101010110100011001110010000011111100001101010000111000010101101011100000010101000110000110010011101000110010011111000000001101100100000101011110011000010001111100100000001001110011100011111101111100010110011010100010001001101001000101111000011000010111100
16600 0.835123598027 001101010010101111000001101111111010100100100001010100011001111000010000101010111100001010001110000100010010110110110001101111100101000110100011001110010000011111100001101010000111000010101101011100000010101010110000110010011101000110010011111000000001101100100000101011110011000010001111100100010001001110011101011111101111100010110011010100010001001101001000101111000011000010111100
16700 0.835919137035 001101010010101111000001101111111010100100100101010100011001111000010100101010111100001010000110000100010010110110110001101111100101010110100011001110010000011111100001101010000111000010101101011100000010001010110000110010011101000110010011111000000001101100100000101011110011000010001111100100000001001110011101011111101111100010110011010100010001001101001000101111000011000010111000
16800 0.835778162866 001101010010101111000001101111111010100100100001010100011001111000010100101010111100001010001110000100010010110110110001101111100101010110100011001110000000011111100001101010000111000010101101011100000010101000110000110010011101000110010011111000000001101100100000101011110011000010001111100100010001001110011100011111101111100010110011010100010001001101001000101111000011000010111100
16900 0.835616884878 001101010010101111000001101111111010100100100001010100011001111000010000101010111100101010001110000100010010110110110001101111100101000110100011001110000000011111100001101010000111000010101101011100000010101010110000110010011101000110010011111000000001101100100000101011110011000010001111100100000001001110011101011111101111100010111011010100010001001101001000101111000011000010111100
17000 0.834841838721 001101010010101111000001101111111010100100100001010100011001111000010000101010111100101010001110000100010010110110110001101111100101000110100011001110000000011111100001101010000111000010101101011100000010101010110000010010011101000110010011111000000001101100100000101011110011000010001101100100000001001110011101011111101111100010111011010100010001001101001000101111000011000010111100
17100 0.835249911754 001101010010101111000001101111111010100100100001010100011001111000010100101010111100001010001111000100010010110110110001101111100101000110100011001110000000001111100001101000000111000010101101011100000010101010110000110010011101000110010011111000000011101100100000101011110011000010001111100100010001001110011101011111101111100010110011010100010001001101001000101111000011000010111100
17200 0.835489968614 001101010010101111000001101111111010100100100001010100011001111000010100101010111100001010001110000100010010110110110001101111100101010110100011001110000000011111100001101010000111000010101101011100000010101010110000110010011101000110010011111000000001101100100000101011110011000010001111100100000001001110011100011111101111100010110011010100010001000101001000101111000011000010111100
17300 0.835638897857 001101010010101111000001101111111010100100100001010100011001111000010100100010111100001010001110000100010010110110110001101111100101010110100011001110000000011111100001101010000111000010101101011100000010101010110000110010011101000110010011111000000001101100100000101011110011000010001111100100000001001110011100011111101111100010110011010100010001001101001000101111000011000010111100
17400 0.835073943131 001101010010101111000001101111111010100100100001010100011001111000010100101010111100001010001110000100010010110110110001101111100101010110100011001110000000011111100001101010000111000010101101011100000010101010110000110010011101000110010001111000000001101100100000101011110011000010001111100000000001001110011100011111101111100010110011010100010001001101001000101111000011000010111100
17500 0.835489968614 001101010010101111000001101111111010100100100001010100011001111000010100101010111100001010001110000100010010110110110001101111100101010110100011001110000000011111100001101010000111000010101101011100000010101010110000110010011101000110010011111000000001101100100000101011110011000010001111100100000001001110011100011111101111100010110011010100010001000101001000101111000011000010111100
17600 0.835310295499 001101010010101111000001101111111010100100100001010100001001111000010100101010111100101010001110000100010010110110110001101111100101000110100011001110000000011111100001101000000111000010101101011100000010101010110000110010011101000110010011111000000001101100100000101011110111000010001111100100000001001110011100011111101111100010110011010100010001001101001000101111000011000010111100
17700 0.835331548414 001101010010101111000001101111111010100100100001010100011001111000010100101010111100001010001110000100011010110110110001101111100101010110100011001110010000011111100001101010000111000010101101011100000010101010110000110010011101000110010011111000000001101100100000101011110011000010001111100100010001001110010101011011101111100010110011010100010001001100001000101111000011000010111100
17800 0.835310295499 001101010010101111000001101111111010100100100001010100001001111000010100101010111100101010001110000100010010110110110001101111100101000110100011001110000000011111100001101000000111000010101101011100000010101010110000110010011101000110010011111000000001101100100000101011110111000010001111100100000001001110011100011111101111100010110011010100010001001101001000101111000011000010111100
17900 0.835310295499 001101010010101111000001101111111010100100100001010100001001111000010100101010111100101010001110000100010010110110110001101111100101000110100011001110000000011111100001101000000111000010101101011100000010101010110000110010011101000110010011111000000001101100100000101011110111000010001111100100000001001110011100011111101111100010110011010100010001001101001000101111000011000010111100
18000 0.83544989 001101010010101111000001101111111010100100100001010100011001111000010100101010111100001010001110000100010010110110110000101111100101010110100011001110000000011111100001101010000111000010101101011100000010101010110000110010011101000110010011111000000001101100100000101011110011000010001111100100000001001110011100011111101111100010110011010100010001001101001000101111000011000010111100
18100 0.835332891325 001101010010101111000001101111111010100100100001010100011001111000010100101010111100101010001110000100011010110110110001101111100101000110100011001110000000011111100001101010000111000010101101011100000010101010110000110010011101000110010011111000000001101100100000101011110111000010001111100100010001001110011100011011101111000010110011010100010001001101001000101111000011000010111100
18200 0.83560791901 001101010010101111000001101111111010100100100001010100011001111000010100101010111100101010001110000100011010110110010001101111100101000110100011001110000000011111100001101010000111000010101101011100000010101010110000110010011101000110010011111000000001101100100000101011110111000010001111100100010001001110011100011111101111000010110011010100010001001101001000101111000011000010111100
18300 0.835685434456 001101010010101111000001101111111010100100100001010100001001111000010100101010111100001010001110000100010010110110110001101111100101000110100011001110000000011111100001101010000111000010101101011100000010101010110000110010011101000110011011111000000001101100100000101011110111000010001111100100000001001110011100011111101111100010110011010100010001001101001000101111000011000010111100
18400 0.835775564795 001101010010101111000001101111111010100100100001010100001001111000010100101010111100001010001110000100010010110110110001101111100101010110100011001110000000011111100001101010000111000010101101011100000010101010110000110010011101000110010011111000000001101100100000101011110011000010001111100100000001001110011100011111101111100010110011010100010001001101001000101111000010000010111100
18500 0.835229638759 001101010010101111000001101111111010100100100001010100001001111000010100101010111100001010001110000100010010110110110001101111100101010110100011001110000000011111100001101010000111000010101101011100000010101010110000110010011101000110010011111000000001101100100000101011110111000010001111100100000001001110011100011111101111000010110011010100010001001101001000101111000011000010111100
18600 0.835648236538 001101010010101111000001101111111010100100100001010100001001111000010100101110111100001010001110000100010010110110110001101111100101010110100011001110010000011111100001101010000111000010101101011100000010101010110000110010010101000110010011111000000001101100100000101011110011000010001111100100000001001110011100011111101111100010110011010100010001000101001000101111000011000010111100
18700 0.835580190454 001101010010101111000001101111111000100100100001010100001001111000010100101010111100001000001110000100010010110110110001101111100101010110100011001110000000011111110001101010000111000010101101011100000010101010110000110010011101000110010011111000000001001100100000101011110111000010001111100100010001001110011100011111101111100010110011010100010001001101001000101111000011000010111100
18800 0.835458206073 001101010010101111000001101111111000100100100001010100011001111000010100101010111100001010001110000100010010110110110001100111100101010110100011001110010010011111100001101010000111000010101101011100000010101010110000110010011101000110010011111000000001101100100000101011110011000010001111100100000001001110011100011111101111000010110011010100010001101101001000101111000011000010111100
18900 0.835201838834 001101010010101111000001101111111010100100100001010100001001111000010000101010111100001010001110000100011010110110110001101111100101010110100011001110010000011111100001101010000111000010101101011100000010101010110000110010011101000110010011011000000001101100100000101011110111000010001111100100000001001110011100011111101111100010110011010100010001001101001000101111000011000010111100
19000 0.835281747831 001101010010101111000001101111111010100100100001010100001001111000010000101010111100001010001110000100011010110110110001101111100101010110100011001110011000011111100001101010000111000010101101011100000010101010110000110010011101000110010011011000000001101100100000101011110111000010001111100100000001001110011100011111101111100010110011010100010001001101001000101111000011000010111100
19100 0.834669162397 001101010010101111000001101111111010100100100001010100001001111000010100101010111100001010001110000100011010110110110001101111100101010110100011001110000000011111100001101010000111000010101101011100000010101010110000110010011101000110010011111000000001101100100000101011110011000010101111100100000001001110000100011111101111100010110011010100010001001101001000101111000011000010111100
19200 0.835067626346 001101110010101111000001101111111010100100100001010100001001111000010000101010111100001010001110000100011010110110110001101111100101010110100011001110000000011111100001101010000111000010101101011100000010101010110000110010011101100110010011011000000001101100100000101011110011000010001111100100000001001110011100011111101111100010110011010100010001001101000000101111000011000010111100
19300 0.835235285443 001101110010101111000001101111111010100100100001010100001001111000010000101010111100001010001110000100011010110110110001101111100101010110100011001110000000011111100001101010000111000010101101011100000010101010110000110010011101000110010011111000000001101100100000101011110011000010001111100100010001001110011100011111101111100010110011010100010001001101000000101111000011000010111100
19400 0.83512562749 001101010010101111000001101111111010100100100001010100001001111000010100101010111100001010001110000100011010110110110001101111100101010110100011001110000000011111100001101010000111000010101101011100000010101010110000110010011101000110010011011000000001101100100000101011110011000010001111100100010001001110001100011111101111100010110011010100010001001101001000101111000011000010111100
19500 0.835048713991 001101010010101111000001101111111010100100100001010100001001111000010000101010111100101010001110000100010010110110110001101111100101010110100011001110000010011111100001101010000111000010101101011100000010101010110000110010011101000110010011111000000001001100100000101011110011000010001111100100010001001110011100011111101111100010110011010100010001000101001000101111000011000010111100
19600 0.835489968614 001101010010101111000001101111111010100100100001010100001001111000010100101010111100001010001110000100010010110110110001101111100101010110100011001110000000010111100001101010000111000010101101011100000010101010110000110010011101000110010011111000000001101100100000101011110011000010001111100100010001001110011100011111101111100010110011010100010001001101001000101111000011000010111100
19700 0.835240051924 001101010010101111000001101111110000100100100001010100001001111000010100101010111100101010001110000100011010110110110001101111100100010110100011001110000010011111100001101010000111000010101101010100000010101010110000110010011101000110010011111000000001101100100000101011110011000010001111100100010001001110011100011111101111100010110011010100010001001101001000101111000011000010111100
19800 0.834496454567 001101010010101111000001101111111010100100101001010100001001111000010000101010111100001010001110000100011010110110110001101111100101010110100011001110000000011111100001101010000111000010101101011100000010101010110000100010011101000110010011111000000001101100100000101011110011000010001111100100010001001110011100011111101111100010110011010100010001001101001000101111000011000010111100
19900 0.83505023412 001101010010101111000001101111111010100100100001010100001001111000010000101010111100001010001110000100011010110110110001101111100101010110100011001110000000011111100001101010000111000010101101011100000010101010110000110010011101000110010011111000000001101100100000101011110011000010001111100100010001001110011100011111101111100010110011010100010001001101001000101111000011000010111100
20000 0.834953079812 001101010010101111000001101111111010100100100001010100001001111000010100101010111100001010001110000100010010110110110001100111100101010110100011001110000010011111100001101010000111000010101101010100000010101010110000110010011101000110010011111000000001101100100000101011110011000010001111100100010001001110001100011111101111100010110011010100010001001101001000101111000011000010111100
20100 0.834971018113 001101010010101111000001101111111010100100100001010100001001111000010000101010111100001010001110000100011010110110110001101111100101010110100011001110000010011111100001101010000111000010101101011100000010101010110000110010011101000110010011111000000001101100100000101011110011000010001111100100010001001110001100011111101111100010110011010100010001001101001000101111000011000010111100
Mejor resultado: 0.834496454567 001101010010101111000001101111111010100100101001010100001001111000010000101010111100001010001110000100011010110110110001101111100101010110100011001110000000011111100001101010000111000010101101011100000010101010110000100010011101000110010011111000000001101100100000101011110011000010001111100100010001001110011100011111101111100010110011010100010001001101001000101111000011000010111100
