5588.32 0011110111111100111011101011010000001011010101000100001111010110
4627.44 0000100111111100011011111111011000001011011101100111001111010110
3788.13 0001101111111100011011011011010000001011111101100110101101010111
2136.96 0001101011110110011011101010010000001011011001000111001110010010
1173.78 0000101011110110011011001010010000001011111001000111001110010010
965.34 1000101111110110011011001010010000000011111101100111001111011010
506.11 0000101111110110011011000010010000011011111101100110001111010010
546.24 0000101011010110011011001010110100001011111101000111001111010011
295.64 0000101111010110011011000010110000001011111101000111001111010010
235.12 0000101111110110011011000010110000001011111101000110001111010010
230.25 0000101111110110011011000010110000001011111101000111001111010010
29.34 0000101111110110011011001010110000001011111101000111001111010010
241.24 0000101011110110011011001010010000001011110101000111001111011010
192.15 0000101111110110011011001010110000001011111101000111001111011010
30.98 0000100111110110011011001010010000001011110101000111001111010010
30.98 0000100111110110011011001010010000001011110101000111001111010010
34.63 0000101111110110011011001010010000001011110101000111001111010010
52.32 0000101011110110011011001010010000001011111101000110001111010010
39.5 0000101111110110011011001010010000001011110101000110001111010010
39.5 0000101111110110011011001010010000001011110101000110001111010010
8.52 0000101111110110011011001010010000001011111101000110001111010010
109.58 0000101111110110011011001010010000011011111101000110001111010010
272.39 0000101111110110011011001010010000011011111101000110001111011010
164.07 0000100111110110011010001010010000011011111101000110001111010010
105.93 0000100111110110011011001010010000011011111101000110001111010010
4.87 0000100111110110011011001010010000001011111101000110001111010010
101.94 0000100011110110011010001010010000001011111101000111001111010010
108.09 0000100111110110011011001010010000000011111101000110001111010010
108.09 0000100111110110011011001010010000000011111101000110001111010010
105.93 0000100111110110011011001010010000011011111101000110001111010010
4.87 0000100111110110011011001010010000001011111101000110001111010010
30.56 0000100111110110011011001010110000001011111101000110001111010010
30.56 0000100111110110011011001010110000001011111101000110001111010010
30.56 0000100111110110011011001010110000001011111101000110001111010010
105.93 0000100111110110011011001010010000011011111101000110001111010010
220.74 0000100111110110011010001010110000011011110101000110001111010010
221.81 0000100010110110011011001010110000001011111101000110001111010010
30.98 0000100111110110011011001010010000001011110101000111001111010010
4.87 0000100111110110011011001010010000001011111101000110001111010010
4.87 0000100111110110011011001010010000001011111101000110001111010010
8.52 0000101111110110011011001010010000001011111101000110001111010010
3.65 0000101111110110011011001010010000001011111101000111001111010010
35.85 0000100111110110011011001010010000001011110101000110001111010010
63.01 0000100111110110011010001010010000001011111101000110001111010010
237.17 0000100011110110011011001010110000001011111101000110001111011010
273.63 0000101011110110011011001010110000001011111101100110001111010010
78.01 0000101011110110011011001010110000001011111101000110001111010010
73.14 0000101011110110011011001010110000001011111101000111001111010010
73.14 0000101011110110011011001010110000001011111101000111001111010010
235.97 0000100011110110011011001010010000001011111101000111101111010010
78.01 0000101011110110011011001010110000001011111101000110001111010010
47.45 0000101011110110011011001010010000001011111101000111001111010010
47.45 0000101011110110011011001010010000001011111101000111001111010010
43.8 0000100011110110011011001010010000001011111101000111001111010010
43.8 0000100011110110011011001010010000001011111101000111001111010010
47.45 0000101011110110011011001010010000001011111101000111001111010010
47.45 0000101011110110011011001010010000001011111101000111001111010010
78.36 0000101011110110011011001010011000001011111101000111001111010010
43.8 0000100011110110011011001010010000001011111101000111001111010010
43.8 0000100011110110011011001010010000001011111101000111001111010010
43.8 0000100011110110011011001010010000001011111101000111001111010010
43.8 0000100011110110011011001010010000001011111101000111001111010010
128.91 0000100111110110011011001010110000000011111101000111001111010010
193.79 0000100111110110011011001010010000001011110101000111001111011010
226.6 0000100111110110011011000010110000001011111101000111001111010010
61.79 0000101111110110011010001010010000001011111101000111001111010010
122.06 0000100111010110011011001010110000001011110101000111001111010010
114.74 0000100111110110011010001010111000001011111101000111001111010010
25.69 0000100111110110011011001010110000001011111101000111001111010010
56.67 0000100111110110011011001010110000001011110101000111001111010010
61.54 0000100111110110011011001010110000001011110101000110001111010010
158.61 0000100011110110011010001010110000001011110101000111001111010010
149.37 0000101111110110011010001010111000001011110101000111001111010010
87.58 0000100111110110011011001010111000001011110101000111001111010010
56.67 0000100111110110011011001010110000001011110101000111001111010010
56.67 0000100111110110011011001010110000001011110101000111001111010010
30.98 0000100111110110011011001010010000001011110101000111001111010010
30.98 0000100111110110011011001010010000001011110101000111001111010010
30.98 0000100111110110011011001010010000001011110101000111001111010010
30.98 0000100111110110011011001010010000001011110101000111001111010010
122.06 0000100111010110011011001010110000001011110101000111001111010010
78.43 0000101011110110011011001010010000001011110101000111001111010010
125.71 0000101111010110011011001010110000001011110101000111001111010010
47.45 0000101011110110011011001010010000001011111101000111001111010010
69.49 0000100011110110011011001010110000001011111101000111001111010010
43.8 0000100011110110011011001010010000001011111101000111001111010010
182.87 0000100011110110011011001010010000000011110101000110001111010010
178.0 0000100011110110011011001010010000000011110101000111001111010010
266.7 0000100011110110011010001010110000000011110101000110001111010010
441.21 0001100010110110011011001010010000011011111101000110001111010010
324.6 0000101111110110011011001010010000001011111101000110001111010000
0.0 0000100111110110011011001010010000001011111101000111001111010010
295.41 0000100111110110010011001010110000001011111101000110001111010010
78.01 0000101011110110011011001010110000001011111101000110001111010010
39.43 0000101111110110011011001010011000001011111101000110001111010010
52.32 0000101011110110011011001010010000001011111101000110001111010010
60.32 0000101111110110011011001010110000001011110101000111001111010010
8.52 0000101111110110011011001010010000001011111101000110001111010010
3.65 0000101111110110011011001010010000001011111101000111001111010010
3.65 0000101111110110011011001010010000001011111101000111001111010010
Mejor resultado: 0.0 0000100111110110011011001010010000001011111101000111001111010010
