200 404703.693824 111100101100011001000001011100101111010010011000100000001101110001010011100111001000100101100010011011010001110001000110010000000100100111101110101100011001010110111011110010000110110011111010100111001110110001001011101001011101111010000010111100001010101000011101110110111011010000001111100010101111110111011000010110111110101001111101110010001100000001000111110100110101100101000111
300 388958.263296 101001111000001011001100101111011110001000110110111011110110101010110000101110101001110111001010001011101011100101001001101111110101110111000111110100010011011010011100101110101110100101011011110011111100100101100101111001001110101001000000100110100101111110011111110111111011100110010110100010110001111111010010100111111011111001011000100000100101110001011101101100001101100010000000
400 295456.709632 111101110000111011110001011101111110110001001010100000100111010001010010010010101000001101100110011010000111111111000100011000101101101011101110101100011011111110000111111001000111110001000001100101000100110101101011101011011100101010000001110101001010101010001001100110100111011101001001010110101101111111100000001111101110101001000101110011001100010001011111100110100110100100000111
500 254257.421312 101010101000011001100001010100001100010010011001100001001101011001010011010111001100100100110110011001011011111101100101100000000101101011101111101110011101010110111010110010010110110001101011100011010100111101100011111011011100101010100010111101101010100011011101110110100000001010101101111010100111010111011000011011111100101001110111110010001100000010100111110100110100101101000111
600 338266.631168 000010101100101010001101001101001110010010001110101001010110101111110000101011001001101010000110011000100001000110010101011101100110111001101111001100000111011110101110011101000100000001101011110001010110001101001101100001001010100011010110100100101101100001011101110110100111010110000011101011100101000111010000110011111011110001111001100110100101011001010101101100100101000110010101
700 285899.990016 101010110100111001100001110101011110010100001010100011000111011010010011010100001000100011110110011110000101110101000100011010000100101011001111101110010011101110111110010011100111100001100001100010010110111101000011011011101111101010000011110000111010010001101101110010001011001001001001010010100101111110010000011101111100100011000111110010010101010001011111100110010100101101010110
800 292298.48064 101010111100101001110011110101011110010100011000100001000111111010010011000000001001100111110110011100010111111101000010111000000100100011000111111110010101100110101011011111100111100001100000100000010110111101000011011001100111101010000011110000101010010001111101111010001110001101001010010010100101110111010000010101111100100001100111110010010101010001001011100110010110001101010010
900 285093.9136 101010100100111010100001010101001010010111001010100001000101111010011011110000101001100011110110011010100101100101010101001110000101001011011101101110011111000110111011010011100111010001100011100010010110111101000011010011100101101011000011110111001010010000111100110110001011101111001111100010100101110111110000011011111100100001110101110010100110010001010111100110110101001101010110
1000 226427.808768 101010111100111000101001101101001110000110001010101011001111011011110000101100001000100011110110011111010101110001010110011111101100101011001111111110010011101110110110010011100110101001100001100011010110111001001011001011100111100110001011111000101011010001101001110010101011101111001001010010111101111110011000011101101000100011100101100010000111010001001101100100110100101101011110
1100 289933.06624 101010101100101010010001011101011100000100011110101111001111011011010100110000001001100011110110011010000101111001010100011100100110100101101111001110010010111110111110011011100111100001101001100011010110111001000011011001100011111010010101110000111000000001101001110110101011001111001001010010110101110110011000010011101101110001101001100010110101011001001101100100000101100101000110
1200 170065.537024 101010101100101010110001111101001100000101011110101001001101111011010010110000001000100011110110011010110101111001010100011110100110101101101111001110010011101110111110011011100111100011100001100011010110111001001011011001100110111011000011110001101000000001101001110110101011001011001001010110100101100110011000010011101101100001001001100010000111010001011101100100010101101101010110
1300 235330.45248 101010111100101010000001010101011110000110011110100011100111011011010001110000001101101010110110011010000101100001010100001010101100000011001101101110011010111110111011101011100111100001101011100011010110111101001011010001100111101011010101110001111010010001111101100110101011001111001011101110000101110101111000010111111100110011010001100011110101110011010111100100001101110101010111
1400 237191.800832 101000101100101011000001111011001010001110011010101000100101111010010011100100001001100001010110011010100101100101000110011111101110101111001011001110011011100110111110011111100110000001110011100000010110011001001011011111100110100011000011110000101000110011111001110111100001101111001011101011100101011110101000011011111000100011011101110010000100110001011101010100110110100101010110
1500 217058.439168 101010111100101010000001011101011110001110011010100011100110011000011011110000001100101010110110011010000101100001010110011011101100001011001101101110010010101110111011101011100111100001101011101011010110111101001111010001100111100011010101110001101010100001111101111110101001001111001011101010000101010101111000010111111100101011010001100011100111110011011111100100110101110101010111
1600 156460.230656 101000110100101010000001111001011010001110011010100001100111011010010011110001001001100011010110011010000101110101010110011110101110001111001101001110011011100110111110101111100111000001101011101010010110111011001011011011100110100011000111110001101000100011111101110110101011001111001011101111100101010110110000011111111000000011000101100011110101110011010101100100100101110101010110
1700 182686.560256 101010111100111010000001011101011110001110001010100111100110011010011011110000001000101011010110011010000101100101010110011110101100000011001101001110011010101110111011101111100111000001100011101010010110111101001011010001100111100011000111110001101010100011111101110110101011001111001011101111000101010110111000011111111100100010000001100011110101110011010111100100100101110101010111
1800 221014.657024 101010101100100010000001010101011110000110011010101011100111111011011011110001001001100110110010011010100101101101010100010111001100000011001101101110010011101110111011101011110111100001101011101011010110111101001111010010100111100010000101110001101010110001111101111010001011101111001011011110000101000101111000010011111100100010010101100010100101000011011111101100010101101101010111
1900 174081.426432 101010111100110010000001110101011010001110011010100111100111111011011011101000001101100010110110011010000101100001010110011010101100100011001101001110011011101110111001101111110111100001100011100011010110111101001111010000100110100011000101110101101010100001101101111110001011011111001010110010111101110101111010010111101101100011000001100010100111110011011111100100111101001101010011
2000 191254.08768 001010111100100010000001011101001110000110011010100011100110111011011011110000001001101010010110011010000100100101010110011011100100000011001101101110010010101110111011101011100111100001100011101010010110111101001011010001100111100011000111110001101010100000111101111110101011101111001011001111000101110101111000010111111100100010000001100011100101110011010111100100100100110101010111
2100 180626.674688 101010101100101010010001010101001110001110011000100011100110111011011011110001001000100010110110011010000101101111010100111110000100100011011101101110011011101110110011101011100111100001100011100010010110111101001011010001100110100011000101110101111010110000111101101111001011001111001011001110100101100101111000011111110100100010010101100011100110110001011111100100111101100101010111
2200 198991.543296 011010111100101010000001010101011010000110011000100011100111111010011011100100001001101010110110011010000100100101010110011011000100000011001100001111011010111110111011101011100111100001000001101010000110111101101011011001100111100011000101110101101010100001101101101110101101001111001011010011100101100101111100011111111100100010000001100011100111110011011111100100010111000101010011
2300 183774.75072 101010101100101010000001011101001010001110011010100011100111111011011011111000001100101010010100011010100100101101010110010110101100000011001101001110010111100110111010101111110111100001101001100111010110111101001011011010100110101011000101110011101010100000111101110010101001011111001011011111001101110111011000110011110101100000010000100011110110100001011111100110110100111001010111
2400 185557.629952 101010111100100010000001011101001010001110011010100111100111111011011011110001001000100010110100011010100101101101010110011111000100001011001101001110011010101110111000101111100111000001101001101001010110011101001011010100100111100111111011110001101010100001111101111110001001001110001011101010100101010101111000011111101100101010010001100010000111110011010111100100100100101101010111
2500 165945.647104 101010111100101010000001011101001010001110011010100111100111111011011011110001001001101110110100011010100101100001010110011111000100001011001101101110011010101110111001101111100111100001101011100001010110011101001011010101100101100011011011110001111010100001111101111110001001001110001011101010000101010101111000011111111100111010010001100010000111110011010111100100100100101101010111
2600 182764.669952 101010101100101010000001010101011010001110011010100011100110111011011011100010101100101010110100011010100101100101010110011011101100000011001101101110011011111110111000101111000111000001101011101011010110111101001011010001100110100011010101110001111010110001111111111110101001001111001010011010000101110111111100011011111100110010010101100010100111110001010111100100110100110101010111
2700 129618.860032 101000101100101010010001010101001110001110011010100011100111111010011011110001101000100010110100011000100101001101010110011110000100000011001101101110011010101110111101101111100111110001100011100100010110011001001111010101100101100011010001110001101010110001111101110110101001001110001011101010100101010101111000011011111101111010010001101010010111110011010111100100100100111001010111
2800 170666.216448 101001101100101010010001010101011010001110011010100011100110111010001010100000101000101010110100011000100101101001010110011000001100000011001101101110011011101110111001101011110111100001101001101001010110111001001111010001100110100011010001110111101010110001111111111010101001001110001011111010000101010001111000011011111100111010010101100010000111110001010111100100110101100001110111
2900 135995.29472 101000101100101010000001011101001110001110011010100011100100111011001011100001101101101010110110011010100101101001010110011011000100001011001101001110011011101110111001101011100111100001110001101011010110111011001011010000100111100011011011010011111010110001101101111111101001001111001010011010100101010101111000011111111100100010010011100010110111110001010111101100110100111101010111
3000 186194.593792 101000101100111010010001010101011010001110011010100011100111111010001011100000101000101010111100011000100101100001010110011110000100000011001101101110011011101110111001101011100111100001101001100001010110101001001011010001100100100011010001110011001010110001111101110111001001001110001011111010000101010101111000011111111100101010010001101010100111110001010111100110110101100001010111
3100 194202.08128 101000111100101010000001010101001010001110011000100011100111111011001011100011101001100010110100011000100101100101010110011111001101100011001101101110011011101110111011101111000111101001101011101010010100011011001111011100100101000011010101110011101011110001111101101111001001001110001011011110100101110001111001011111111000101010010001100010110111110011000111101100110100101101010111
3200 137049.86624 101000111100101010000001011101011010001110011000100011100110111010001011100010101000101010111100011000100101100001010110011111000101001011001101101110011011101110111001101111000111100001100001101010010110011011001011011100100101100011010111010011101010111001011101101111001001001110001011011110100101010001111001011111111110101010010011100010110111110011000111101100110100101101010111
3300 116145.73568 101010101100101010010001010101001010001110011000100111100111111010001011101011001001101010100100011000100101100001010110011110100100000011001101101110011011101110111001101011100111100001000001100001010100001001001011011001100110000011011001110011101011110001111101110111001001001110001011011010000101110101111001011111011100101010010001100010110111110001010110101110010100110101010111
3400 95953.667072 101000101100101010000001011101011010001110011010100011100100111010001010100001101101101010011100011010101101000001010110011010000110000011001111101110001011101110111001101011000111100001010001101011010110001001001011010000100111100011000101110011101010100001001101110111001001000110011011011010100101010101111000011111111100101010010011100010110111110001010111101100110100110101010111
3500 170333.109248 101110101100111010000101011101011010001110011010100011100101111010001011101001101001101010010100011110100101100001010110011110100100001011000101101110011011101110111001101011100111100001000001100001000110001001001011011101100111100010011001110011101011110001011101110111001001001110001011011010000101110101111000011011111000100010010011101000110111110001010111101100010100110101010111
3600 131440.685056 101110111100101010000001011101011010001110011010100011100111111010001011100011001001101010110100011000100101100001010111011110000100101011001010101110011011101110111001101011000111100001101001100001010100101001001011011101100111100011010111010011101010110001111101110111001001001111001011011010000101010101111000011111011100101010010001100010110111110001010111101110100100100101110111
3700 152947.149824 101110111100101010000001011101011010001110011010100011100111111010001011101011001001101010010100011010100101100001010111011110000100101111001000101110011011101110111001101011000111100001000001100001000110001001001011011101100111000011011101110011101011110001111101110111001001001111001011011010000101110101111000011011011100101010010001100010110111110001010111101110100100100101010111
3800 103933.872128 101110101100111010010001010101011010001110011010100011100101111010001011101011101001101010010100011010100101100001010111011110100100101011000001101110011011101110111001101011100111101001000000100011010110001001001011010100100111100011011101110011101010100001111101110011001001001110001011011010000101110101111100011111111100101010010011100000110111110001110110101110100110110101010111
3900 182408.59136 101000101100111010010101010101011010001110010010100011100101111010001011100011101001101010010100011110100101100001010110011110101110101011000001101110011011101110110001101011100111100001100000100001010110001001001011010100100101000011011011100011101011100001111101100110001001001111001011011010000101110101111000011111111000100010010011100000100111110001110111101110000100110101010111
4000 145191.851008 101010111100101010100101011101011010001010011010100011100101111010001011101001001001101010010100011010101101100001010110011110000110101111001110001110011011101110111001101011000111100001101001101000000110001001001011011101100011100011011000010001101010100001111111100111011001001111001011011010000101110101111001011111111100101110000011100000110111110001010111101100100100110101010111
4100 160622.959616 101110101110101010010101011101011010001110010010100011100111111010001011100001101001101010110100011110100101110001010110011110100110101011001001101110011011101100111001101011000111100001100000101001000110001001001011010100100101000011010011010111101011110001111101110110001001001110001011011010000101110101111000011111011000100010010011101000100111110001110110101101101100100101010111
4200 134862.468096 101110101100111010010101011101011010001110010010100011100101111010001011100001101001101010110100011110100101110001010110011110100110101111001000101110011011101100111001101011000111100001100000101001000110001001001011010100100111100011010001110101101010110001111101100010011001001110001011011010000101110101111000011111011000100010010011100000110111110001110110101101100100110101010111
4300 143348.368384 101110111100111010010001011101011010001110011010100011100101111010001011100001101011101010010100011010100101100001010111011110100110101111001000101110011011101110111001101011000111100001100001101001000110001001001011011100100111000011011001110011101010111001111101100010001001001110001011011010000101100101111000011111011000100010000001100000110111110001010110101100110100100101010111
4400 151823.596544 101111100100111010000101011101011010001110010010100011100101110010001011100011101001101010110100011110100101111001010110011110100110101111001100101110011011101100111001101011000111101011010000100001000110101001001011011100100111100010001001110101101010110001111101110010001001001111001011011010000101110101111000011111011100101010010011101000110111110001110111101100100110110101010111
4500 120398.495744 101111100100111010000101011101011010001110010010100011100101110010001011100011101001101010110100011110100101111001010110011110100110101111001100101110011011101100111001101011000111101011010000100001000110101001001011011100100111100010001001110101101010110001111101110010001001001111001011011010000101110101111000011111011100101010010011101000110111110001110111101100100110100101010111
4600 144588.045312 101010101100111010000101011100011010001110010010100011100101111010101011101011101001101010110100011110100101100001010111010110100110101011000001101110011011101110110001101011000111101001000000101001010110101001001011011100100111100010001001110111100011110001111101110111001101001111001111011010000101110101111000011111111100101011010011101000110111110001110111101100100110100101010111
4700 92188.128256 101110111100111010010101011101011000101110011010110011100101110010001011101011001001101110010100011010100101110001010111011110000110101111000111101110011011101100111001101011000111100001100001100001010110001001001011011100100111100010001011110001101010100001111101110111001001010111001111011010000101110101111000011111111100100010010011101000110111111001010111101101110100110101010111
4800 133006.526464 101011100100111010000101011101011010101010011010100011100101110010001011100001101001101010110100011110100101101001010111010110000110101111000010101110011011111110110001101011000111100001110000101001010110101001001011011100100101101010000001110111101010110001111111100111001001001111001011011010000101110101111000011111011100100010010011101000110111100001110111101100110110100101010111
4900 99834.450944 101111101100111010000101011101011010100110011010100111100101111010001011100011101001101010110100011110100101110001010110011110000110101111001100101110011011101110111001101011000111100101010000101001000110101001001011011100100101100110001001110101101010110001111001100010001101001111001011011010000101110101111000011111011100101010010011101100110111100001110111101100100110100101010111
5000 145426.859008 101111101100011010010101011101011110101110010010100111101101100010001011101011101001101110110100011110100101100001010110011110000110101111000110101110011011101110111001101011000110100001010000101001000110101001001011011100100101100011001001110101101011110001111101100010001001010111001011011010000101110101111000011111111100101010010011101000110111111001110111101100110110100101010111
5100 147688.700928 101111111100111010000111011101011010001110011010101011100101110010001011100011101001101110110100011010100101100001010110011110000110101111000110101110011011111100110001101011100111100001100000101101010110001001001011011100100101101110001001100101101010110001111111111111001001000111001011011010000101110101111000011111111100100010010011101000110111110001110111101100110110100101010111
5200 135171.628032 101111101100111010001101011101011010101110010010101011100101110010001011100011101001101010110100011110100101100001010110011110100110101111001010101110011011101100111001101011100110100001100000100001000110001001001011011100100101100010000001110011101011010001111101100110001001001101001011011010010101110101111000011111011100101010010011101000110111111001110111101100110110100101010111
5300 138913.71008 101111101100111010000101011101011010101010010010100111100101111010011011101011101001101010110100011110100101101001010111011110000110101111000100101110011011101110111001101011100111100001100000101001000111101001001010011000100101100010000101110001101011110001111101110011001001011111001111011010000101110101111000011111111101100010010011101000110111110001110111101100110110100101010011
5400 103427.262464 101111101100111110010101011101011010100010010110101111100111110010011011101011101001101010100100011010100101110001010110011111100110101111010100101110011011101110110001101011100111100001100000101000000110001001001010010100100101100111001001100001101010110001111101110011001001000111001011011010000101110101111000011111111100100010010011101000110111110001110111101000110110100101010011
5500 156375.021568 101110101100111010000101011101001010101010010110101011101111110010001011100011101001101010100100011010100101110001010110011110000110101111000100101110011011101110111001101011100111100001100000101001000110001001001010011100100101100010001001100001101010111001111101110010001101001111001011011010000111110101111000011111111100100010010011101000110111110001010110101100110110100101010011
5600 111956.686848 101111111100111010011101011101011000101010010010100011100101110010001011100010101001101010110100011110100101100001011110011111000110101111000110101110011011101110111001101011100111100001100000101001010110001001001011011100110101100010001001110011101010010000111101100010001001001111001011011010000101110101110000011111111100000010010011101000110111100101110111101100110110100101010111
5700 120432.789504 101111101100111010011101011101011010101110011000100011100101110010001011101011101011101010100100010010100101100001010111011111000110101111000010101110011011101110111001100011100111100001100000101001000110101001001011011110100101100110001001100011101010110001111101100011011001001111001011011010000101110101111000011111111100100010010011101000110111100001110111101100110110100101110101
5800 133969.17248 101101111100111110000100011101011010101110011110101011100101110010001011100011101001101010110100011110100101100001011110011111000110101111000000101110011011101110110001101011100111100001100010101001000110101001001010011100100101100110001001110011101011110001111101110111001001001111001011011010010111110101111001011111111100100010010011101000110111100001110111101100110110100101010111
5900 124768.79872 101111101100111010011101011101011010101110010000100011100111110010011011101011111001101010100100011110100101100001010111011110010110101111000100101110011011101110110001101011000111100001101000101001000110001001101010011100110101101110101001110011101010110001111101100110001001001111001011011010000111110101111000011111111100101010010011111000110111100001110111101100110110100101110111
6000 137038.493696 101111101100111010011101011101011010101110010000101011100111110010011011101011101001101010100100010110100101100001010111011110010110101111000100101110011011001110111001101011100111100001101000101001000111101001101010011000110101101010000001110011101010110001111101100110001001001111001010011010100111110101111000011111111100100010010001111000110111100001110111101100110110100101110111
6100 119032.43264 101111101000111110010101011101011010001110010010100011100101010010011011101011101001101011100100011010100101100001010110011110000110101111000110101100011011101110110001100011000111100001101000101001000110000001001011011000100101100110001001100011101010110001111101100111001001001111001011011010001111110101111010011111111100100010010001111000110111101001110111101000110110100101010111
6200 67265.145856 101111101100111110010101011101011010001010011110101011100101010010001011101011101001101010110100011110100101100001010110011110000110101111000110101100011011101010111001100011100111100101000010101001000110101011001010011010100101100010001001100011101010111001111101100110001001001111001011011011000101110101111001011111111100100010010011100000010111100001110111101100110110101101010111
6300 106136.269824 101111101100111010011101011101011010001010010000101011100101110010001011101011101001101010100100010110100101100001010111011110010110101111000100101110011011101110110001100011100111100011000000101001000110101001001011011000100101101010101001100011101010111001111101100110001001001111001010011010000110110101111000011111111100000010010011100000010111100101110101101110110110101101110111
6400 131683.884032 101111101100111110010101011101111010101010010010101011100101110010001011101011101001101010110100011100100111100001000111010111000110101111000110101100111011101110111001100011100111100001001000101001010110101001001010011000100101101110001001100011101011110001111101100111001001001111001011011011000101110101111000011111111100100010010001101000110111101001110111101100110110100101110111
6500 131770.104832 101111101100111110010101011101011010101010010000100011100101110010111011101011101001101010110100011010100101100001010110011111100110101111101110101110011011111110111001100011100111000001001000101001000110101001001010011000100101100110001001100011101011111001111101100111001001001111001001011010000100110101111001011111011100100010011001101000110110110001110111101100110110100101010111
6600 119268.233216 101111101100111010011101001101011010101110010000101011100101110010001011101011101001101010100100011110100101100001010111011111010110101111001110101110011011101110110000100001100101100011010001101001000110100001101011011000100101100010101001100011101010111001111101100110001001001111001010011010000111110101011000011111111100100010011001111000110111101101110101101100110110100101110111
6700 118789.970944 101111111100111110010101011101011010101010011010101011100101010010011011101011001001101010110100011010100101100001010110011111100110101111001110101110011011101010110001100011100111100001011000101001000110101001001010011100100101101010001001100011101010111001111101100111001001001111001000011010000101010101111000011111111100000011010011101000110111100011110111101000110110100101110110
6800 57852.58496 101111101100110110011101011101011010101010010010101011100101110010001011101011101001101010100101011110100101100001010111011111100110001111001110100110011011111110110001100010100111100111000010101001000110101001001010011100100101100110001001100011101010111001111101101111001001001011001010010011000101110101111000011111111100000010010101101000010111101001110111101100110110101101110111
6900 115407.133696 101111101100111110010101011101011010101110010010111011100111110010011011101011101001101010100100011110100111100001000111001111100110001111001110100110101011101110110001100011100111100101001000101001000111111001001011011100100101100111001001100011101010110001110101100110001001001011001010011010000101110101110000011111111100000010011011100000010111001101110111101100110110101101110111
7000 93867.681792 101111101100111110010101011101011010001110010010101011100101110010101011101011101001101010110100011100100111101001010111011111100110101111001110101110011011111110110001100011100111100101000000101001000110110001001011011100100101100010101001100011101011110001110101100110001001001011001010011010000101110101111000011111111100100010011001111000010111100001110111101110110110100101110111
7100 122923.532288 101111101100111110011101011101011010000111010001101011100101110010001011101011101001101010100101011110100111100001000111011111100110001111001110101111111011111110110001101011100111100101000010101001110110101001001010011000100101100110001001100011101010111001111101101110001001001011001010110010000101110101111000011111111100000011011011101000010111100101110111101100110110111101010111
7200 124679.382016 101111101100111110011101011101011011001011000000101011100101110010101001101011101001001010110100011010100111100001010111011111110110101111001110101111011011111110110001100011100111100011000000101011000110111011001010011000100101100110001001100011101010111001111101101110001001001111001011010010000101110101111100011111111100000010010001101000010110100101110111101110110110100101110111
7300 128112.264192 101111101100111011011101011101011010101010010000101010100100111010101011101011101001101010110100011010110101000001001111011111100110101111001110101111011011111110110101101011100111100101011000101001100110101001001010011100100101100110001001100011101010111001111101100110001001001111000010111010000101110101111000011111111100100010011011101001110111100101111111001100110110110101010110
7400 131114.067968 101101101100111110010101011101011010001010010001101010100101111010100011101011101001101010010101011010100100000001011111011110100110101111001110101111011011111110110101101011100111100101010110101001100110101001001010011000100101100110001001100111101011111001111101101111001001001110000010111010000101110101011000011111111101100010011011101101110111100101110111101100110110111101010111
7500 73242.075136 101101101100111110010101011101011011101010010001101010100101110010001011101011101001101010010100011100100111100001001111011111110110101111001110101111011011111110110001101010100111100101000010101001000110101001001010011000100101100010001001100011101011111001111101101110001001001110001011011010000101110101111000011111111100100010011001101101110110101101110111101100110110111101110111
7600 115685.082112 101111101100011110011001011100011011101010000000101010100101111010101011101011101001101010110101011010110100100001001111011111100110101111001110101111011011111110110001101010100111100101010010101001000110101001001010011100100101100110101001100010101011111001111101100111001001001111001010111010000101110101111000011111111100000011010011101001110111100101110111101100010110010101110111
7700 129925.497856 101111101100111110011101011101111001101111010001101010100101110010111011101011001001101010100101011010100110100001000101011111100110101111001110101111011011111110110001100010100111100101010010101001100110110001001010011100100101100010101001100011101011111001110100100110001001001111001010011010000101110101111000011111111110000001010011101001110111100101110111101100010110000101110111
7800 129207.231488 101111101100011110001101011101111011100011010001101011100101110010001011101011101001001010100100011110100101101001000111011111110110101111001110101111111011101110110001101001100111100110010110101001100111100011001011011000100101100110001001100011101010111001111101100110001001001111000011011000000101110101111000011111111100000011011011100001010111101101111111101100110110101101110111
7900 118920.086528 101111101100011111011101011101011011100101000001101011100101110010101011101011101001001010010101011111100111101001001111010111110110101111001110101111111011111110110001101001100111100101000110101001100110111001001011011100100101100110001001100111101011111001111101101110001001001110001011111010000101110101011000011111111101100010010011101000010111101101110101101110110110101101110111
8000 122291.347456 101111101100111110011101011100111010101111000001101011100101110010001011101011101001101010010100011100100110100001000111011111000110001111001110101111011011111010110001101101100111100110000010101011110111100011001011011000100101100110001001100010101011110001111101100110001001001011001010011010000101110101111000011111111100100010011011100000010111101101110111101100110110101101110111
8100 91132.0064 101111101100111110011101011101111010100011010000101011100101110110001011101011101001101010110101011110100111100001000111011111000110101111001110101110011011111110110001101011100111100011000010101011110110101001001011011000100101100110101001100001101011110001111101100110001001001011000010011010000101110101111000011111110101000010010011101000110101101101110111101100110110101101110111
8200 140022.786048 101111101100111110011101011101111010100011010000101011100101110110001011101011101001101010110101011110100111100001000111011111000110101111001110101110011011111110110001101011100111100011000010101011110110101001001011011000100101100110101001100001101011110001111101100110001001001011000010011010000101110101111000011111110101000010010111101000110101101101110111101100110110101101110111
8300 136521.216 101111101100111110011101011101111010101011010001101011100101110110001011101011101001101010010100011110100101100001000111011111010110001111001110101111011011111110110001101111100111100111000010101011110110101001001011011000100101100110001001100000101011110001111101100110001001001011000010011010000101110101111000011111111100000010001111101000110101101101110111101100110111101101010111
8400 114255.22688 101111101100111110011101011111111010100011010100101011100101110010101011101011101001101010110100011110100101101101000111011111010111001111001110100111111011101010111001101001100111100111000010101011110111101011001011011100100101100110001001100111101011111001111100100110001011001011000010011010010101110101111000011111110100000010011011101000010111101101110111101100110110101101110111
8500 117334.203392 101111101100011110011101011101111010100101010011101011000101110111101011101011101001011010010100011110100110100001000111011111110110001111001110101111111011111110110001101011100111100111000010101001110111101011001010011000100101110110101001100111101011010001111101100110001001001001000010011010000101110101110000011111111100000010011011101000110111101101110111101100110110101101110111
8600 115451.74016 101111101100011110011001011111111010100101011000101011100111110110101011101011101001101010010100011110100111100001000111011111010110001111001110101111111011111010110001101011100111100111000010101000110111101001011011011000110101100110001001100011111011100001111101101110001001001011000010011010000101111101111000011111111101000010011011101000110101101101110111101100110111101101010111
8700 147497.091072 101111101100011110011101011111111010100101011001101011100111110110101011101011101001001010010100011110100111100001000111011111000110001111001110101110111011111110110001101011100111100011000010101000110111101001001011011000100101110110001001100111101011110001111101101110001001001001000010011010000001111101110000011111111101000010001011101000110101101101110111101100010111101101010111
8800 93402.047488 101011101100011110011101011111111010100111010011101011100101110110001011101011101001011011110100011110100111111001000111011111010110001111001110101111101011111110110001101011100111100111000010101000110111101011000010011000110101100110001001100011101011110001111101100110001011001011000010011010000101100101110000011111111100100010011001101000110111100101110011101100010110101101110111
8900 131964.481536 101011101100011110011001011101111010100111010110101011100101110010101011101011101001001010010100011110000101100101001011011100000111001111001110101110111011111010110001101001100111110011000010101001110111101011001011011000100101100110101001100011111011010001111101101110001001001111000010011010000101111101110000011110111100000010001011101000110111101101110111101000110111101101110111
9000 106170.01472 101111101100011110011101011111111010100111010000101011100111110110101011101011101001001010010100011110100111100001000111011111000110001111001110101111101011111110110001101011100111100011000010101010110111101011001010011100100101100110101001100111111011110001111101100110001011011011000010011000000001110101110001011110111100000010011011101000110111101101100111101100110111101101010111
9100 127912.008704 101111101100111110011101011101111010110111010010101011100101110010101011101011101001101011010000011110100101100101000111011111100110001111001110111110011011111010110001100001100111100111000110101001110110101011001010011100100101100110001001101111101011110001111101100111001001001011000010011010000101110101110001011111111101100010011011101000110110001101110011101100110110101101111111
9200 118636.050432 101101101100111110011101011111111010110111010010101011100101110110101011101011101001101011010100011110100101100101000111011110100110001111001110101110011011111010110001101001100101100111000110101001110110101011001010011101100101100110001001100101101011110001111101100110001001001011000010011010000101110101110001011111111101000010011111101000110110101101110011101100110110101101111111
9300 112061.454336 101111101100011111011101011100111010100111010010101011100101110010101011101011101001001010010100011110100111100001000111011111000110001111001110101111111011111010110001100001100111100111000010101001110111101011001001011100100101100110001001100110101011110001111101101110001001001001000010011010000101110101111000011111111100100010011011101000010111001101110011101000110110101101111111
9400 127605.05344 101111101100011110011101011101111010100101010100101011100101110110101011101011101001001011010000011110100110100001001111011111000110001111001110101110111001111010110001101011100101100111000110101000000111101011001011011100100101110110001001101111101011110101111101101110001011001111000010011010000101110101110000011111111100000010011111101000110111001101110111101100110110101101110111
9500 109316.035584 101111101100001110010101011101101010100101010010101111100101110110101011101011101001101010010000011110100110000001000111011101000110001111001100011110111001111010110001101011100101000111000110101011100111101011011011011100100101100110001001101111101011110001111101100110001011001111000010011010000101110101110000011111111100000010011111101000110110001101110111101100110110101101110111
9600 140992.804864 101111101100011110011001011110111010100111010010101011100101110010101011101011101001101010000100011110100111100001000111011111000110001110011110001100111011111010110001100011100011100111000110101100110111101011001010011100100101100110001001100111101011110001111101101110001001001101000010011011000011110101111000011111111100000010011011101000110111001101110111101100110110101101011111
9700 137540.156416 101111101100011110011101011100111010100101010010101001100101110110101011101011101001100011000100011110100110100101000111011111000110001111001100011110111011111010110001101011100101000111000110101001100111101011011011011000100101100110001001101111101011110001111101100110001001001101000010011010000101110101110000011111111100000010001111101000110110001111100110101100110110101101111111
9800 157423.460352 101111101100001110010101011111111010100101010010101001100101110110101011101011101001100010010000011110100110000001000111011111000110001001001110011110111001111010110001101011100101000111000110101111100111101011011010011100100101110110001001101111101011110001111101100110001001001111000010011010000111110101110001011111111100000010011111101000110110001111110111101100110110101101110101
9900 141941.891072 101101101100001110011101011101111010100111010010101011100101110010001011101011101001101010010000011110100111100101000111011111000110001111001110001110111011111010110001101010000111100111000010101010110110101011001010011100110101110110011101100111101001110001111101100111001001001001000010011010000101110101110000011111111100000010011111101000110111001100100111101000110110101101110111
10000 131243.278336 101111101100001110010101011001111010110101010010101001100101110110101011101011101001100010010000011110100110000101000111011101000110001111001110001111111001111010110011101011100101100111000110101011110110101011001010011100110101100110001001101111101001110101111101100110001011001111000010011010000101110101110001011111111100000011011111101000110111001101110110101100110110101101010111
10100 109520.391168 101101101100001110011101011111111010100101010010101011100100110110101011101011101001101010010000011110100111001001000111011111000110001011001110011110111011111010110001101010100111000111000110101010110111101011001010011100100101100110001001100111101001110001111101100110001011001011000011011010000101110101110000011111111100000010011011101000110111001110100111101101110110101101110101
10200 123575.131136 101111101100001110011101011100111010100101010010101011100101110110101011100011101001101010010000011110100111100101000111011111000110001101011110011111111011111010110001100111100101000111000110101010110100101011001010011000110101100110011001101111101011110001111101100111001101001111000010011010000101110101110001011111110100000010011111101000110110001101110111101100110110101101110101
10300 124251.00288 101111101100001110010101011111111010100101010011101001000101110110101010101011101001101010011001011110100110100101000111011111000110001111001110011111111011111010110001101111100101000111000110101010110110101011001010011100110101100110010001100111101011110001111101100110001101001111000000011010000101110101110000011111110100000010010111101000110110001100110111101000110110101101110101
10400 127771.02848 101111101100101110010101011110111011100101010010101011100101110110100011100011101001100010010000011110100110000001000111011111000110001001001100011111111011111010110001101010100111000111010110101010110111101011001010011100100101100110011001100111101011110001111101100111001111001111000010011010000101110101110000011111111100001011011111101000110111001111110111101100110110101101110101
10500 132776.640512 101111101000101110011101011101101010100101010010101011000101110110101010101011101001101010010100011110100111001101000111011101100110001111001110001111111011111010110011101011100101100111000110101110110111101011001010011100110101100110011001100111101011110001111101100110001101001111000010011011000101110101110000011111110100000010010011101000110111001101110110101100110110101101110101
10600 155125.148672 101111101100001110010101011101111011100101010010101011100101110110100011101011101001100010000000011110100111000001000111011101000110001101001110011111111001111010110001101011100111100111000110101010110111101011001010011100100100100110011011100111101011110101111101100110001011001110000010011010000101110101110000010111111100001011011111101000110111001110110110101100110110101101110101
10700 132100.0192 101101101100001110010100011111111010100101010010101011000111110110101010101011101001100010010000011110100110111101000111011100000110001101001110011111101011111010110001101010100101000111010100101110110111101011001010011100100101100110001000100111101011110001111101100110001110001111000011011010000101110101110000011111111100000010011111101000110111001110110111101101110110001101110101
10800 130593.323008 101111101100001110010101011101111011100101010010101011100101110110100011101011101001100010000000011110100111000001000111011101000110001101001110011111111001111010110001101011100111100111000110101010110111101011001010011100100100100110011011100111101011110101111101100110001011001110000010011010000101110101110000010111111100001011011111101000110111001110110110101100110110101101110101
10900 96977.165312 101111101100101110011101011001011011100101010010101011100101110110101011101011101001100010010000011110100111000101000111011111000110001011001110001111111001111010110011101011000101000111000110101110110111101011001010011100100101100110101001101111101001110001101101100110001011001111000010011010000111111101110001011111111100000011011111101000110111001110110110101100110110001101110111
11000 142831.645696 001101101100001110010101011101111010110101010010101011100101100110100010101011101001100010010000011110100111110001000111011101000110001011001110011111111001111010110001101111100101100111000110101010100111101011001010011100100101100110011001100111101011100101111101100110001101001111000010011010000101110101110000011111111100000011011111101000100111001110110111101101110010101101110101
11100 118161.685504 101111101101101110011101011101111011110101010010101111100101110110101011101011101001101010000000011110100111000101000111011100000110000111001100011111111111111110110011101111100111100111000110101010110111101011001010011100100111100110011011100111101001101001111101100110001011001111000010011010000101111101010001010111111100000010011110101000110111001101010111101100110110101101110101
11200 116863.81056 101101101100001110011101011101111011100101010011101111000111110110100010101001101001100010010000011110100111010001000111011101000110001111001110011111111001111010110001101011100111000111000110101011110111101011001010011100100100100110001001100111101011110101111101100110001101001011000010011010000101111101110000010111111100000110011111101000110111001110110111101101110110101101110101
11300 99624.974336 101101001100001110010100011001111010100101010010101111100101110110100011101011101001101010000000011110100111100001000111011101000110001111001100011011111011111010110001101011100101000111000110101111110111101011001010011100000101100110001011100111101011110001111101100110001101001011000010011010000101110101111000011111111000000010011111101000010111001110110111101101110110001101110101
11400 119305.954304 101101101100001110010100011001111010101101010010101011100101010110001011101011101001100010000000011110100110111001100111011101100110001011001110011111111001111010110011101010100111100101000010101011110111101011001010011100000100110110011000100110101011100101111101100111001011001011000010011010000101110101110000010111111100001010011111101000110111001110110110101100110110001101110101
11500 113531.5968 101101101100001110011101011001111011100101010011101111000101110110110111101011101001100010010000011110100111100001000111011101100110001111001110011110111001111110110001101011100111101111000110101011110111101011001010011100110101100110001011100111101011100101111101100110001001001111000010011010000101111101010000010111111100000110011110111000110111001110110011101101110110101101110101
11600 119155.28192 101101101100001110010100011101111010101101010010101011100101010110101011101011101001101010010000011110100110100001100111011101000110001011001110011111011001111010110001101010100111100101000010101011110111101011001010011100010101110110001001100111101011110101111101100110001011001011000010011010000101110101111000010111111100000010011111101000110111001110110110101100110110001101110101
11700 93816.103936 101111101100101110011101011101111011100101010010101001000101110110100111101001101001100010010000011110100111010001100111011100100110001111001110001111111001111110110011101011100101000111000110101010110111101011001010011100110101100110001011100111101011101001111101100110001011001111000010011010000101111101010011010111111100000010011111101000100111001110110111100101110110101101110101
11800 119420.548096 101101001100001110010101011101111010111101010110101111100101110110101011001011101001101010000000011110100111010001100111011101100110001101001110011111111011011010110011101110100111100111000110101010110111101011001010011100100101100110001011100111101011111101111101100110001011001111000010011000000101110101010010010111111100001010011111101000110111001110100111100100110110001101110110
11900 137634.581504 101101101101001110010101011101111011100101010011101011100101010110101011101011101001100010000000011110100111110001000111011101100110001111001110011111111011111010110011101011100101000111000010101111110111101011001010011100110101100110001000100111101011111001101101100111001001001111000010011010000101111101110011010110111100000010011111101000110111001111110110101100110110001101110101
12000 106776.776704 101111001101001110010101011101111011100101010010101001100101110110001011101001101001100010010000011110100111010001100111011100100110001111000110001111111001111010110111101011100101100111000110101011110111101011001010011100110101100110001011100111101011100001111101100110001011001111000010011010000101111101010011010111111100001010011111101000100111001110110111101101110110001101110100
12100 145971.654656 101101101100001110011101011101111010100101010011101011100101110110110011101011101001100010010000011110100111010001000111011101000110001111001110011110101011011110110011101111100101110111000110101000110111101011001010011100100111100110001001100111101011101101111101100111001001001111010010011010000101111101010010010111111100001010011111101000110111001110110011100101110110101101110101
