200 0.925386608937 101010100101011011111011111010100001111110011111111100110111101001010000111001011101101100111110011111111110111010110001110101011111111111010100001010001110001110011101111111001111111011011001011100001001110001111011100000011001110110010111100100000010100011000100100110011111001101011111001100111010100111000011111111101001010111100001111111001001111000100100010110100111011101100110
300 0.910346135145 111011001010100101100111110110011110010111010011110001111011110001010011111111001010101010110011111110110011111101101010110111000001111110000111011111111110111111100011010111111111011110101011100011010011100111010011001010010111110010111110011010000001000011111110100110111111001010111010011110010001110111011111011101001011011101110011011010111111110011010000111111111101101010011110
400 0.905081258427 111011110110111001111001110111110100000110001100111110110001011100010110111111011101111100001100110111000100101110110001010111110011110010100111011110101110011111111011111111001110001111101011010111001011101010110011100011011110111111000011100110001011100101011101001011101101100101011011011111100000000111111110111101000010100110101101111100111100101101100000001011110100111000010111
500 0.892282377002 011011110010000010100001101111111110101100110011011101111101111010010000111011111101101010001010011110110100110111110000110110001011110010110111101111101111111011010011000111101110111111101011010000101001101011010111010011011100000011010001110111011011100110111111101010101000011100011110101101110010101010001100111010001101101000111100011100111001101100000110111111011111011001111110
600 0.887367170988 011011010011000010100101011011111110001100110011011101111101011011010011111011111010101000101000011010010011111110111010110100000001110010010111011111101110111111010001011110111111011111101011010000111011101111011011010011011110000010110111011100011011100110111100101110101011001100011110101100110000101111011110111100000110001001111001111110111011101101000100111111111111001000101110
700 0.888787278385 011111010011100001111111011111110110011100010011111101111111010000010001111011111011101010101010110010110011110110110011110111000001110110110111001111101101111111111001000110101110111111101011000000110001100111000011011011011110010010000101110101001011100110111100101010111100011000011110101100010010101011011110111010001101000001111101011100111011101001001100111111010110011010110110
800 0.886021300939 001001111011111101100111111111111100001110110101011100011001010010010100111111111111001000010110010111110000111110111011100111000000110111011111001111111100111111110011001110111110111110101011111000011011100111011001110011011011000100010011100101001001010101111111100110101111001001111010101110010010111110011101111001101011000000111011000110111011111101001100101111100101000010010110
900 0.884963328469 011001111011111101110111111111101100010111110011111100011001101001010000111111011111001000110010010111010011011010111011100111000001110100010011001111111100111111110011101111110110111100101011011000011011100111011001110011011011000010110011110101001001110101111101100110101111001000111110100110010010111110011100111111001011000001011010100110110011111111001100101111100101000011010110
1000 0.879357128491 011011111011100011111101111010010110011110110011111101111101011001010011111001011011000011100000011110101111100110110110111111100101110100010111001011111110111111110001010111111111101011001011010000110011101011010000010011011111000010110101011000001111100100110100101010111010011000101111101100010000101011010100111011001011000001110011010100010011101001100000101111111111011010101110
1100 0.880699148335 011111011010101001110011111111101110001000010101010100111100111001000100111001111111001000111011011110010111000100111110110111000001110010110011001111111100111111110011101110101110101010111001110010101011100111010001111111011110010010010001111101001101111101111100001110101111011001011111101100010010101010011000111111001001000000110000010010111010001011001000101011101111010010111110
1200 0.878808138623 011011111010100001110000111111011110101000100011111100011101110000010011111011111011100100000010110110011100100001111100110111100101111110010111001010111101111111110001001111111110101010101001010000000011100011011001110010011110110010110001011101011001110100110111001111111111011111111111100100110010111110011100111111001011000001100010000000010011101001000100001111101111000000011110
1300 0.876447299881 111001111011101100001101111000101110111110110000011001111101010010010110111101111011001000000110010010010100111100110010100101000101110110110111001110111100111111011001101111110111101110101111011000010010100011011010110010011111000110110111111100000001100101100100001111101101001000011011111101110000101110011110111001011111000001110001000100111011011101001100001111100101010010010100
1400 0.875388932282 011001011011101011110011011111111110101010110001011100110101011000010101111101111111001000000100110110110110110100111001110111001101110110011011001111111101101111100001001110111110111110101101011001001011100110010001010011011110000010010011111100011101101100110100001111111111011101111011101100110000111110001100111011110001110000000001000100111010100101000100001110100110000010000100
1500 0.873337412948 011011111011100001101101111111011110101100110001011100110100111000010011111011111011000100000100110110011110110101110100110111101101110110010011001010111100111111010001001110111110111010101001010001010011100110011001110010011110000010110011111010011100101100110110101111111111001111111011101100010010111110011100111111101001000001100000000100011011000001001100001011100111000000011110
1600 0.870086923346 011111011010100001000101111111011110101100110001010100111000110000010011111001111011001100000010110110011110100101110100110111100101110110010011001010111100111111010001001110011110101010101011010000000001100110011001110010011111100010110001111010011101101100110110101110111111011011111010001110010110101111010100111111001111000001100010000100011011000101001100001111101111010000011110
1700 0.867443034469 101011111010101001000000111110011110101100100011001100111100110000010001111111111011000000000011111110011110100100110110100111100101110110010011001010111100111111110001101110011110101010101011010001000001100110010001110010011111100010110011111000010001101100110100101110111111111010011011100110010010101111011100111101001111000001110010010100011011010101101100001111101111000000111100
1800 0.867027008987 101011111010101001000000111110011110101100100011001100111100110000010001111111111011000000000011111110011110100100110110100111100101110110010011001010111100111111110001101110011110101010101011010001000001100110010001110010011111100010110011111000010001101100110100101110111111111010011011100110010010101111011100111101001110000001110010010100011011010101101100001111101111000000111100
1900 0.864606065682 111011111010100011000101101111111110111100100010010100111100110000010000101111111111001000000111010010011110100000110101110111000101110110010010001110111100111111010001101111101111101011101001010000000011100010010001100010011111000010110011111000011101100100110100101110111111001010111011001100110010111110011000011111001011000001110000000100011011011111001100001111100111000000111110
2000 0.864024862867 111001011010100011010001101111111110101110110001011100111000111001010000101111111001001000000110110110011111100100110000110111000101110110010010001010111100101111000001101011101111101011101001011000110001100111010001110011001101000110110011111000011101101100110100101110111011011011011111000100010010101110011110111111001001000001110000000100011011011101001100100111100111000000111100
2100 0.862203336349 111001011010101010000001101111011110101110110000111100111100110000010000101110111011001000000111111110010100100100110000100111100101110110011011001010111100011111010001001110101111101010101101011100000011100110011001110010011111000110110011101100001001111100100100101111111111001110011010101000010010111111011100011101101110000001110011010110010011010001001100101111000111000000111100
2200 0.860905933186 111001111010100011000101101111011110111100100011010100111100111100010000111111111011001000000101010110010110100100110101100111000101110110010011001110111100011111010001001110100111101010101001010000001010100010010001110010011111100010010011111100001001101100110000101110111111001010111111101100010010111101111000011111001111000000110011000100011011011101001100001111001101010000110111
2300 0.86135182655 010001111010101010010001101110011110101100110011010100110100110000010100101111111011001000000110110110011101110100110100110111000101110110010011001010011100011111010001101011101110001011101001010000000001100110000001110010011111100110110111111000000001101100110100101111111111000110111011100100010000111110011100011011011001000001110110100100110011001101001100101110001111100000111100
2400 0.858783617622 111001111010101001000001101111111010111100100011010100111000110000010001101110111011001000000101010110010011110100110000100111000101110110110011001010111100011111010001101010101011101110101101011000001011100110010001110010011101000010110011111100011101101100110000101110111111001011111011101100010000101110011000011111101111000001010000000100111011011111001100001111001111000000111111
2500 0.857069814852 111001011010101011000001101111111010111100100011010100101000110000010000101110111011101000000101111110010000110100110100100111000101100110110011001010111100111111010001101010101111101010101101010000001011100110010001110111011101000010110011111101001001101100100000101110111011001011111011100100010010100110011100011111101101000000110010000100111011001111001100001111001111000000111110
2600 0.857493601127 111101111010101011010001101111100010101101100010010101111010110000010001111110111111001010000110110110010010110100110100101111000101110110010111001110111101011111010001101111111111000010101001011000000011101110111001000010011111000010110011101000101001001100110000101011111111000110111010101100010000101110011000011101001010000001110010000000011011011111001100101111000111000010110110
2700 0.857968782735 111101111010101011000001101111001010101100110011110100111100111100010010101111111111001000000101011110010111100110110100100111000101110110010011011010111000111111010001101110100111001110101101011000001011100100010001100010011111000110010011111100001101101100110100101110111111001010101011101100010000111111011000011111001111000000110000000100011011001111001000001111000101000000101100
2800 0.856886648593 110101011010101010000001101111111010100100100010010100110100110000010001111011111111001000000101010110010110110100110100100111110101010110010010000010111101011111010001101010100111100010101101011100001010101010110001110010011111000010110011111000101001101100110110101111111111001010011011101100010000101110011000010111011110000001010010000100110011111111011100101111000111000000111100
2900 0.853733414377 011101011010100011000001101111111010100101100011000101110110111000010001101110111111011010000011110110011110110100110101101111000101110110000011001010101100011111000000101010110111001110101001011000000010101110110001110010011111000010110011111000001001101100110000101010110111010110011011101100010010101110010100111001001111100001110010000100110001001101001100101111001111010000110000
3000 0.853445262638 011101011000100011000001101111111010100101110011000101110100111000010001101110111111011010000011110110011110110100110101101111000101110110000011001010101100011101000000101010110111001110101001011000000010101110010001110010011111000010110011111000001001101100110000101010110111010110011011101100010010101110010100111001001111100011110010000100110001001101001100101111001111010000110000
3100 0.853364397678 101001111000101011010001101101011010100100100001010100111010111000010000101010111111001000000111110110000110011110110101100111100101010110000011001010111110011110010001101010110101000010101001010000000011101110010001110010011111000010110011111000101001101100111000101101111111010111111011101100010000101110011000011011001110000001010011000100010011001101101100101111000111010000111110
3200 0.852144447326 011101011010100011000001101001111010101101100010010101111100011000010000101110111111001010000111110110010110110100110100100111000100110110000011001010111100001111110001101010110101000010101111011000000010101111110000110010011111000010110011111000001000101100110000001010111111010110011011101100010010101110011100111111001111100001010010000100010001001101001100101111011111000000111101
3300 0.849375445195 011101011010101011000001101111111000100100100011000100110010011000010001101110111111001000000111110110010110000100110100101111000101110111000011001010111110011111010001101000110111000010101101010100000011101110100000010010011111000010110011111000001001101100110000101010111111000110001011101100000010101110010100111011001111000001110011010100110001001101101100101111001111010010111100
3400 0.850785507737 011101011010101011000001101101111000100100100011000100111000011000010000101110111111001000000111110110010110111100110101101111000101110110000011001010111110011111110001101000110101000010101101010100000011101110110001010011011111100010110011111000001000101100110000101011110111011010001011101100010010101110011100111011001111000001110000010100010011001101101000101111001111010000111110
3500 0.850765373259 011101011010101011000001101101111000100100100011000100111000011000010000101110111111001000000111110110010110111100110101101111000100110110000011001010111110011111110001101000110101000010101101010100000011101110110001010111011111100010110001111000001000101100110000101011110111011010001011101100010010101110011100111011001111000001110000010100010011001101101000101111001111010000111110
3600 0.850334560001 010001011010100011000001101001111010100101110011010100110000111000010000101110111111001000010111010110010110110100110101100111100101110110000011001010111110011111010000101010110111001010101111010100000010101110010001010010011011000010110011111000001001101100111000101011110111010011011011111000011000111110011000011001001111000001110011000100010011001101001100101111011111000000111010
3700 0.849647579292 101101011010101011000001101101111110100101100011010101110010011000010000101110111111001010000111110110010110110110110101101011000101110110000011001010111100011111100001101000100101000110101101011100000000101000110001010010011111000010110011111000001010101100110000101010110111011111001011101100000011101110011100101001001111000001110011000100010001001101101000101111010111010000111000
3800 0.84843831953 011101011010101011000001101101111110100001100011010100110010011000010000101110111111001010000111110110010110110110110101101011000101110110100111001010111100011111100001101000100111000010101101011100000010101010010001010010011111000010110011111000001010001100110000101010110111011111001011101100010010101110010100101001001111000001110011010100010001001101011000101111000111010011111000
3900 0.849618494292 011101011010100011000001101101011110100001100011010101110010011000010000101110111111001000000111110110010110110100110101101111000101110110100111001010111100011111100001101000100111000010101101011100000001101010110001010010011111000010110011111000001010101100110000101010110111011111001011101100010011101110011100101001001111000001110010000100010001001101001000101111000111010010111000
4000 0.848956326187 011101011010101011010001101101011000100100100011010100110010011000010000101110111111001000000111110110010110110110110101101111000100110110100011001010111100011111010001101010100111000010101101011000000010101110010001011010011111000010110011111000111001001101110000001011110111010110001011111100000010101110010101011011001111000000110011000100010011001101011000101111000111010011111100
4100 0.848657196701 011101011010101011010001101101111000110101100011010100110010011000010000101110111101001000000111110110010110110110110101100111000001110110100011001010111100011111010001101010100111000010101001011000100000101010110001011010011111000010110011111000001000001101110000101011110111010110001011111100000010101110010101011011001111000000110011000110010011001101001000101111010111010010111100
4200 0.84757821234 010101011010101111100001101101111010100100100111010100010010111000010000101110111111001000000111110110010110010110110101110111000101110110000011001010111101011111100001101010110111000010100101011100000010101110110001010010011001100010110011111000001001001100110000001011110111010110000011111110010010101110010100110011001111000000110011000100010001001101011000101111000111010010111000
4300 0.846817966575 011101111010101011000001101101001010100100100111010100010010011100010000101110111111001000000111110110011110100100110101101111100101110110000011001010111101111111100001101010000111000010101101011100000010101110110001010010011101100010100011111000001000101100110000101010110111010110001011101100010010101110010101010011011111000000110011000100010001001101001100101111001111010010111000
4400 0.848178660022 011001011010101011010001101101111010100100110011010100101010011000010001101110111111000000000111110111010010010110110101101111000101010110100011001010011100001111100001101010110111000010101101011100000010101110010001111010011111100010110011111100101000001100110000001011110111010110011011111100000010101110010100011011001111000000110011000100010011001101001100101110011011010000111100
4500 0.847017752601 001101011010101111000001101101011010101100100011010100110000011000110000101110111111001000000111010110011010111100110101101111100101110110100111011010111100011110010001101000010111000010101001011100000010101110010000100010011111000010110011111100000000101100110000101011111111010110001011111100010010101110010101011011001111000000110111010100010001001101101100101011001111010010111000
4600 0.84763704788 010001011010101011000001101101111010101100100011011101110010011000010000101110111111000000000111110110010010111110110101100111100101110110100111001010111100111101110001101010000111000110101101011100000010101110110000001010011111000010110011111000000000101100110001101011110111010110001011111100000010101110010100011011001110100000110011000100010000001101111000101111101111010010111000
4700 0.845813581219 001100011010101011000001101111111010101100110011010100110010011000011000101110111111001000000111010110011110110110110001101111100101010110100111001010111100011110110001101010010111000010111101011100000010101010010001111010011111100010110011110100000000101100110000101010110111010110001011111100000000101110010100011011001111000000110110000100010001001101001000101111000111010010111000
4800 0.845339559643 001100011010101011000001101111111010101100110010010100110010011000010100101010111111001010000011010110010110110110110001101111100101010110000011001010111100011110110001101010110111000010101101011100001010101010010001101010011111000010110011111000000000101100110000101010110111010110001011111100000010101110010100011011101111000000111011000100010001001101001000101111000111010010111100
4900 0.846246458758 000101011010101011000001101111111010101110110011011101110010011000010100101010111111000000000101110110010110110100110101101111100101010110000011011010111100011110110001101010110110000010101101011100000010101110010001101010011011100110110011111000000000001100110000101010110111010110001011111100000010101110010100011011101111000000110011000100010001001101011000101111000111010010111100
5000 0.845952365504 010101011010101111000001101111111010100000110111010100010000011000010000101110011011000000000111010110011110111110110101101111100101010110100111101010111100011100110001101010010111010010101101011100000010101110010000111010011101000010100011111000000000001100110000101010111111011110001011111100011000101110010100011011001101100010110011000100010011001101101000101111001011010010111000
5100 0.845139092623 000100011010101011000001101111111010100100110011010100110010011000010100101110111111001000000011100010010110110110110001101111100101010110000111001010111000111111111001101010000111000010101101011100100010101110011001101010011111000010110011111000000000101100110000101011111111000110001011111000010010101110010100011011101111000000110011000100010001101101001000101111001011010010111100
5200 0.844832982932 011100011010101110000001101111011010100100100011010100110010011000010100101010111111001000000111100110010110110110110101101111100101010110000111001010111000011111011001101010010111000010101101011100000010101110111011101010011101100010110011111000000000101101110000101011111111000110000011011100010010101110011100011011111111000000110011000100010001000101001000101111000011000010111000
5300 0.846106399495 000111011010101011000001101111111010100100110011010100010010001000010000101110111111001000000111100110010010110110100001101111100101110110100011001010110100111101111001101010000111000010101101011100001010101110010000111010011101000010110011111000000000001100110000101111010111010110001011111000010010101110011100011011101111000000111010000100010010001101101100101111001111010010111100
5400 0.845533934683 011100011010101111000001111111111010100100100000010100110010001000010001101010111111001000000111100110000110110111110001101101100101110100100011001010111000011111110001101010000111000010101101011100100010101110011001101010011101100010110011111000001000111100110000101011111111010110000011111100010010100110010100011011111111000000111011010100010001000101101000101111000111000010111100
5500 0.844676292349 000001011010101011100001101111111010101100110011010100010000011000010100101010111111001000000111010110011110111110110101101111100101110110100011001010111000011111100000101010010111000010101101011100000010101110010000101000011101000010100011111000000000101100110000101111111111010100001011101100110000101110010100011111101111000010110010000100010001001101001100101111000111010010110000
5600 0.845055381368 000100111010101011000001101111111000100100110011010100011010011000010101101110111111001000000111100110010010110110100101101111100101010110100011001010110100011101100001101010010110010010101101011100000010101010010001100010011111100010110011111000000000001100110000101011110110010110001111111100000010101110011100011011101111000000111011010100010001001101101100101111000001000010111100
5700 0.842941320678 000100011010101011000101101111111010100100110011010100011010011000010000101110111111101000000111100110010010110110110101101111100101010110100011001000111000111101100001101010000111010010101101011110100010101110010001100010011111000010110011111000000000001100110000101011111111010110001011111100000010100110010100011011111111000000111011000100010001001101101000101111000011000010111100
5800 0.844135613539 000100011010101011000001111111111010100100110011010100000010011000110000101110111011001000000111110110010010110100110001101111100101010110100111001010111000011111100001101010000111000010101101011100000011101110010000101010011101100010100011111000000000101101110000101111111111010010001111111100000010101010010100011011101111000010111011000100010001001101101100101111000111010010111100
5900 0.843214309711 000101011010101011000001101111111010100100110011010100000010011000010000101110111011001000000111010110010010110100110001101111100101010110100111001010110000011111100001101010000110000010101101011100000011101110010001101010011101000010110011111000000000101101110001101111110111010110001111111100010010101110010000011011101111000010111011010100010001001101101100101111000111010010111101
6000 0.844662613821 000000011010100011000001101111111000100100110011010100010000001000010000101110111111001000000111110110011010110110110101101111110111110110100111001010111000011111010001101010010110000010101101011100000010101110110001101010011111000010100011111001100000101100110000101011111111010110001111101100000010101110010100011111101111000000101011000100010001000101101101101111000011010010111100
6100 0.843778853556 001001011010100011000001101111111000100100110011010100010000001000010000101110111011001000001111110110011010110110110001101111100111110110100111001010111000011111000001101010010110000010101101011100000010101110010001101010011101000010100011111000000000101100110000101011111111010110001111011100010011101110011000011111101111000010101011010100010011001101101100101111000111010010111100
6200 0.844346049093 100101011010101111000001101111111000100100110011010100010010011000010100101110111011001000010111000110010010110110110101101111100110010110100011001010110000011111100001101010000110010010101101011100001010101010110001101010011101000010110011111000000000101101110000101011110111010110001111101000000010101110010100011110111111100000111011000100010001001101001100101111010011000010111100
6300 0.842811433524 000001011010101111000001101111111000100100110011010100010010011000010100101010111011001001100111110110010010110110110001101111100100010110100110001010111000011101100001101010000110000010101101011100001010101010010001101010011101000010110011111000000000011100110000101111110111010110001111101100010011101110011100011111111111000000111011010100010001001101101000101011010011000010111100
6400 0.84348849463 100001011010101111000001101111111000100100110011010100010000011000010100101010111111001000100111110110010110110110110001101101100101010110100111001000111000011101110001101010000010000010101101011100001010101010010001101010011101000010110011111000000000011100110000101111111110010110101111111000010010101110011100011011111111100010111010000100011001001101101100101011010011000010111100
6500 0.844193663639 000100011010111111000001101011111000100100110011010100010010011000010100101010101011001000000111110110010010110110110001101111100101010110100110001010010000011101100001101010000111001010101101011100001010101010010001101010011101100010110011111000100000101100100000101011111111010110000111101000010010101110011100011101111111000010111011000100010001001101101101101111000011010010111100
6600 0.844637957027 011101011010111111000001101111111000100100110011010100010000011000010100101010111011001000000111100110010011111110110001101111100100010110100110001000010110011101100001101010000110001010101101011100001010101010010001100010011101100010110011111000000000101100100000101011110111010110100111101000010010101110011100011111111111000010111011000100011001001101101100101111000011010010111100
6700 0.843812203437 000101011010111111000101101111111000100100110001010100010000011000010000101110111011001000000111100110010010110110110001101111100101010110100111001010010000011101100001101010000111000010101101011100001010101010010001101010011101000010110011111000000000101100100000101011111111010110101110101000010010101110011101011101001111000010111010000100010001001101001100101111000011010010111100
6800 0.844098810349 000101011010101111000101101011111000100100110011010100010000011000010100101110111011001000000111100110011010111110110001100111100101010110100111001010110000011101110001101010000011000010101101011100001010101110010001101010011101100010110011111000010000101101100000101011111111010110011110101000010010101110011101011101001111000010111010000100010001001101101100101111000011000010111100
6900 0.843406833028 001001011010101111000001101111111000100100100011010100010010011100010000101110111111001000000111110110010010110111110001111111100100010110100111101010010000011101100001101010000111000010101101011110001010101000110000100010011101000010110011111000000000001100100000101011110111000110101111111100010010101111011100011111111111000000111011011110010001000101001100101111010011000010111100
7000 0.844697557079 001101011010101111000001101111111000100100100011010100010000011100010100101110111011001000100111100110010011110111110001101111100100010110100110101010010000010101110001101010000111000010101001011100000010101000010001101010011101100010110011111000000000001100100000101011111110000110011111101100010010101111011100011111101111100010111011011110010001100101101100101111010011000010111100
7100 0.843718400237 010001011010101111000001101111111000100100100011010100010000011000000000101110101111001000000111110110010010100110110001111011100100010110100111001010110000011101100001101010010111000010101101011100001010101010110001101010011101000010110011111000000000101100100000101011110111010110101111101100110010101111011100011111101111100010111011000110010001000101101100101111010111000010111000
7200 0.843462249446 000101011010101111000001101111111000100100110001010100010000011100010100101010111111001000010111100111010010110110110001111111100100010111100111001010110000011101100001101010000111000010101101011100001010101110110001100010011111000010110011111000000000001100100000101011110111000110101111101100010010101110011100011111001111100010101010000110010001000101101100101111000011000010111000
7300 0.84456863498 000100011010101011000001101111111000100100110011010100010010011100010000101110111111001000010110110110010010111110100001111111100101010110100111101000110000011101100001101010000111000010101101011100001010101010110001101010011101000010110011111000100000101100110000101011111111010110001111101000011010101110011100011111011111100010111011000100010001000101101100001111000011000010111100
7400 0.844178330907 000101011010101011000001101111111100100100110011010100010010011000010000101110111111001000000110110110011010100110110101111111100111010110100111101010110000011101100001101010000111000010101101011100001010101010110001101010011101000010100011111000000000101100110000101011110111010110000111101100011010101110011100011111010111100010111011000100010001000101101100101111000011000010111100
7500 0.842967826557 000101011010101111000001101111111001100100100011010101000010111000010000111110111101001000000110100110010010110110110001111001100101110110100111001010010000011111100001101010000111000010101101011100001011101000110000101010011101000010110011111000000000111100100001101111110111000111011111101100011010101110011100001010101111000000111011010100001001000101101100101111010011000010111100
7600 0.843534425412 000101011010101111000001101111101000100100100011010101000000011010010000111110111101011000000111100110011010110010110001111001100101110110100111001110010000011101100001101010000111000010111101011100001010101010110000101010011101100110110011111000000000001100100001101011110010000010011111101100010010101110011100011011101111100110110011000100000001000101101100101111010011000010111100
7700 0.843622721425 010101011010101111010001101111111000100100110011010100000000011000010000101110111111001000000111110110011011110110110001111111100101110110100110001010110000011101100001101010000110000010001101011100101010101010100000101010011101000010110011011000000000101100100000101011110111010110001111101100000010101110001100011111101111100010110011000100011001000101001100101111010111000010111100
7800 0.844266915183 000101011010101111000001101111111000100100110001010100010000111000010100101110111011001000000110100110010011110010110101111111110101010110100100001110110100011111100001101010000111000010001101011100001010101110010001100010011110000010110011011000000000111100100000101011111111000110001101101100010010101110011100011011111111100010110011000110001011000101001100101110010011000010111100
7900 0.843214784915 010101011010101111000001101111111000100110100011000100010010111000010100101110111111011000100110110110010010110110110001111111100101010110100110001010010000011111100001101010000111000010101101011100001010100010110000101010011101000010110011111000000000011100100000101011111011000110001111101100010010101110011100011111001111100011111011010100011001000101001000101111000110000010111100
8000 0.843368756311 000101011010101111000001101111111000100110110001010100010010111000010100101110111111011000100110110110010010110110110001111111110101010110100110101100010000011101100001101010000111000010101101011100001010101010110001101010011101000010110011111000000000111100100000101011110011000110101111101100010000101110011100011111011111100011111011000100010001000101001000101111000111000010111000
8100 0.84183868033 000101011010101111000001101111111000100100110011010101010010111000010000101110111111001000000110100110011010110110111001111101100101010110100111001010010000011101100001101010000111000010101111011100001010101010110000101010011101000010111011111000000000111100100000101011110111000110001111001100010010101110011100111111011111100010111001000100011001000101001000101111010010000010111110
8200 0.841311283798 000101011010101111000001101111111000100100110011010101010000111000010100101110111111001000000110110110011010110110110001111111100101010110100111001010010000011101100001101010000111000010101111011100001010101010110000101010011101000010110011111000000000111100100000101011110111000110001111001100010010101110001100011111011111100010111001000100011001000101001000101111000010000010111110
8300 0.841505836578 000101011010101011000001101111111000100100110011010100010010111000010100101110111111001000000110110110010010110110110001111111110101010110100111001010010000011101100001101010000111000010101101011100001010101010110000101010011101000010110011111000000000111100100000101011110111000110001111101100010010101110001100011111011111100010111011000100011001000101001000101111000110000010111110
8400 0.842335447199 100101011010101111000001101111111000000110110011010100010010111000010100101110111101101000000110110110010010110110110001111111110101010110100111001110010000011111100001101010000111000010101101011100001010101010110000101010011101000010110011111000000000111100100000101011010011000110101111101100010010101110011100011101011111100010111011000100011001000101001000101111000110000010111101
8500 0.843389642977 000101011010101111000001101111111010100110100011010100010010011000010100101110101111001000000111110110011000110110110001111111100101010110101110001010110000011101100001101000000111000010101111011100001010100110110000100010011101000010110011011000000011111100100000101011110011000110001111101100000010101110011001011111011111100010111011000100011011001101101100101111000111000010111100
8600 0.842019607091 000101011010101111010001101011111010100110110011010100010000011000010100101010111110001001100111110110010010110110110001111111100101000110100111001010110000011111100001101010000111000010101101011100001010101010110001101010011101000110110011110000000000111100100000101011110111000110101111101100010000101110011100011111011111100010110011000100010001000101001000101111000011000010111110
8700 0.842295652133 000100011010101111000001101111111000100110100011010100010000011000010100111110111101101000000111100110010010110110110001111111100101010010100111001010110000011111100001101010000111000010101101011100001010101010110001100010011101000010110011011000000100101100100000101010110111000110101111101100010000101110011100011111111111100010111011000100010001000101101100101111000011000010111100
8800 0.841978105491 000101011010101111010001101111111000100100110011010101010000111000000100101110111110001000100110110110010010110110110001111110100101000110110010001110111000011111100001101010000111000010101101011100001010101010010001101010011101000010110011111000000000111100100000101011110011000110001101101100010000100110011100011111011111100011111011000100011001000101001000101111010011000010111100
8900 0.841617462134 010101011010101111010001101111111010100100110011010100011000011000010100101110111111001000000110110110010010100110110001111110100101010110100011001010010000001111100000101010000111000010101101011100000010101110010001100010011001100010110011110000001000011100100000101011110011000110001111101100010011101110011100111111001111100010111011000100010001000101101000101111000111000010111110
9000 0.841299138525 010101011010101111010001101111111000100100110001010100011000111000010100101110111111001001000110110100010010100110110001111111100101000110100011001010011000011111100001101011000111000010101101010100000010101110010001100010011101100010110011111000000000111100100000101011110011000110001111101100010011101110011100011011001111100010111011000100010001000101101000101111010111000010111100
9100 0.842600717446 000101011010101111000001101111111010100100110011010100010000011000110100101110111111001000000111110110011010111110110001111111100101000110100110001010010001011111100001101010000111000010101101011100001010101010110000100010001101100110010011110000000000111100100000101011110111000110101111101100010010101110011100011111001111100010111011000100010001100101001000101111000111000010101100
9200 0.842372751129 000101011010101111000101101111111000100110110001110101011000111000000100101110111111001000000110010110010010111110110001111111100101000010100011001010010000011111100001101010000111000010101101011100001010100110110000100010011101000110010011110000000000101100100000111011110111000110101101101100010000101111011100011111001111100010110011000100011001000101101000101111010111000010111100
9300 0.843002291793 000101011010101111000001101111111000100100110011010100000000111000010100101110111110001000000110100110011010110111110001111011100101000010100011001110111000011111100001101010000111000010101101011100001010101010010001100010011101000010110011111000000100111100100000001011110111000110001111101101010001101110011100011111001111000010111011000100010001010101001000101111000111000010111100
9400 0.842328828379 000101011010100111000001101111111000100000110001010100010000111000010100101110111111001000000111101100010010110110110001110111100101010010100111001010110000011111100001101010000111000011101101011100001010101010010001100010011001000010110011111000000100111100100000101011110111000110001111101100010000101110011100011101001111100010111011000100010001000101101100101111000011000010111110
9500 0.842975054565 000101011010101111000001101111111000100110100011110101011100111100010101101110111100101000000110110100011010110110110001100111100101000010100010001010110000011111100001101010000111000110101111011100001010101010110000100010011111000010010011111000000000101100100001101011110111000010101011101100010010101110001100011111001111100010110011000100010001100101101000101111001011000010111110
9600 0.841699359584 000101011010101111010001101111111000100100110011010100011000011000010101101110111100101001000110110100011010110110110001110011100101010110100010001010011000011111100001101010000111000110101101010100000010101010110001100010011101000110010011111000001010101100100001001011110011000110101111101100010000101110011100011111001111100010110011000100010001000101101000101111101011000010111110
9700 0.841892715768 000101011010100111010001101111111000100100110001010100010010111000010101101110111111001001000110110110010010110010110001110111100101000110100010001010010000011111100001101011000111000110101101010100000110101000110001100010011101000010111011111000000000111100100000101011110011000110101111101100010001101110001100011111001111100010110011000100010001000101101000101111000111000010111110
9800 0.843201228469 000001011010101101000001101111111000100100110011010100110000011000010101101010111110001000000110100110010010110110110001111111100101010110100011001110011000011111100001101010000111000011101111011100000010100010010001100010011101100011010011111000001000101100100000101011110111000010001111101100010001111110111100011110001111100010111011000101010001100101001000101111000011000010111100
9900 0.843085267249 000111011010101111000001101111111000100100110001010100011001011000110101101110111110001000000110110110010010110110110001111111101101010110100011001010010000011111100001101010000110000010101111010100001010100010110000100010011101000110010011011000000010101100100000101011110111000010001111101100010001101110000100001111101111100010111011000101010001000101001000101111000111100010111110
10000 0.84187164007 000111011010101111010001111111101000100100110001010100010000011100110101101110111110001000000110110110010010110110110001111111100101010110100011001010010000011111100001101010000110000010101111010100001010101010110001100010011101000110010011111000001010101100100000101011110111000010001011101100010001101110000100001111101111100010111011000101010001000101001000101111000111000010111110
10100 0.841074437848 000101011010101111000001101111110010100100100011010100010000111000010100101110111100101000001110110110011010110110110001110101100101010110100010001110010000011110100001101010000111000000101101011100001010101010110001100010011101100110010011111000001010111100100000001011110111000110101111001100010000101110011100011111101111100010111011000100000001100101101000101111000111000010111100
Mejor resultado: 0.841074437848 000101011010101111000001101111110010100100100011010100010000111000010100101110111100101000001110110110011010110110110001110101100101010110100010001110010000011110100001101010000111000000101101011100001010101010110001100010011101100110010011111000001010111100100000001011110111000110101111001100010000101110011100011111101111100010111011000100000001100101101000101111000111000010111100
