0000000000000000000000000000000000000000000000000000000000000000, 13039.73
0000000000000000000000000000000000000000000000000000000000000010, 12723.65
0000000000000000000000000000000000000000000000000000000000010000, 12549.69
0000000000000000000000000000000000000000000000000000000000010010, 12233.61
0000000000000000000000000000000000000000000000000000000001010010, 12100.25
0000000000000000000000000000000000000000000000000000000010010010, 11934.46
0000000000000000000000000000000000000000000000000000000011010010, 11801.1
0000000000000000000000000000000000000000000000000000000100010010, 11586.62
0000000000000000000000000000000000000000000000000000000101010010, 11453.26
0000000000000000000000000000000000000000000000000000000110010010, 11287.47
0000000000000000000000000000000000000000000000000000000111010010, 11154.11
0000000000000000000000000000000000000000000000000000001100010010, 11005.88
0000000000000000000000000000000000000000000000000000001101010010, 10872.52
0000000000000000000000000000000000000000000000000000001110010010, 10706.73
0000000000000000000000000000000000000000000000000000001111010010, 10573.37
0000000000000000000000000000000000000000000000000001001111010010, 10568.5
0000000000000000000000000000000000000000000000000010001100010010, 10423.11
0000000000000000000000000000000000000000000000000010001101010010, 10289.75
0000000000000000000000000000000000000000000000000010001110010010, 10123.96
0000000000000000000000000000000000000000000000000011001110010010, 10119.09
0000000000000000000000000000000000000000000000000110001100010010, 10019.06
0000000000000000000000000000000000000000000000000111001100010010, 10014.19
0000000000000000000000000000000000000000000000001111001111010010, 10011.28