200 0.926559050563 001101111110111111100100111111011111100100100011000111111001010100110001011000111110100010110101100111110111101111111111110111000101101100111001000100001111110010000100001110000010001100111111010111110010110111110011101100101001011110110001011100111000101000001111101111111111010100111100010111001111101000011111010110110010100101110001010001010111111110111001010110110100100101101111
300 0.920447099294 001011111001001010000001101111101010100011110011010011110001011001100101001110111011111000110100110011110110000010011001100010100000111000001101001110101110111101010110100101011110111011010111110101110100001010010011010000111101011001010100010000101000101101111001001001111101100001010111101111010111000110011111011111100101000101110010010111111111111111111100000010100110101011110111
400 0.911133621741 011001101111001111000101101011011010100101110000010101111000110000011010111010111010100010010011110100110111111101110111101110110100101000111011001101111010111111000010101100100110110100011011011111110110101111010001111000111011011111000110000111111010111000110100011011110101101001110101100001100111101110001111010011100101100100001011010111011111011110111000000110000111100101101100
500 0.890516431833 001100111110111110110100101111010010100010101111000011111100111100110101010100111110100010100111010001110110011111010111111111110001011110100111011100000001110111010100011010000101001010110011010111100010101111110001101011111011110110110001010100101000001100000000101011111111011110111111110111000001000010011111011111111001100101111001010101100111111110111001011011010111100111001011
600 0.890725251011 011111111011101110100100100111011011100101110011011111110000011100110000111010011011001010111111110110110011110010110001100110100100101111111011001100011001110111010110101100100110111000110111011111110000111111110011011010011110011010010101011011111000101100111000001011111111011001110101000111101101101110011111010011110101001101000010010111110111111111101001110100010101100110101101
700 0.885483465668 001111111011001110100110101111111010110011110011011101100001010100110000111101011011011010111110110110110011010010110001100010010100111111111011011100010101111111010000101000101111011000110111011101010010110011010001001110011110110010110101011010101000111100111000001011111111010111110101001111100001100110011111011011100110001111000110110111011011111111101000110100010101111010101110
800 0.885524887192 001111100111001011110100001111111010100111100111011001111101011100100000111010101110100010110110111000011001010111110111101111111101111110100011001110001001110110010010101001000110101010011111010111110011111111111011101110011011110010110001100011101000100100100000101011111101011000111101100101101001101110011101011111111101001101110001000101101111011110101001011011010111000111111001
900 0.882672688244 101011101111101111010101101111111011100100000011010111110001110000110100111000111111111010010111110101010001000110010101101010110111000010101111001111001001000111010000101001111111000100010111011110110100111111010011101010111001111111110001011000101000111100110001001011101111011101010101101111001111110010101101000111100111000101101011111001011011111111101100100011010111111010111001
1000 0.878747159329 010101100011111011100100101111111010100111100100111101110001111100011000111010101100001010010111100010010011011010110111100110100101111010100101001110101001010111000000111001101111001110011101011111100011111111110001101010011111101000110011000001100100111101110100001001111100011011110101100101100101101110001101011111100110001100100011010101111011011100101001101001010110100011111001
1100 0.879522141163 001011100111101111010101101111010010100000110101110111010001110000010001111000111111101010010101110101010001100110010101101010010101000010101111001111001100110111010101001001111111011000010111011100110110111111010011101010011110111110110011011000101000101100110001001011111110110001111101100111101111111010101111000111100111000101110011011001011011111001101100000011010111110010111001
1200 0.876276990084 011011100011101111010101101011010010110100100101110111011001110000010001001000111110101010010101100001010000110110010111101010110101110110001111001111111100010111000101001011011110011000011111011100100000111111110001100010011110111110110001011000101000101100110100001001111110000001111101101101100101101010001101010111100111000101110011011100111011111111101000000011010111111011111001
1300 0.874213941446 010111110011101111100101101111010110110000110101010111111001110000010000111110111100001010010100110111010001101110110111101010110101110110100101011101001100110111000101101011111111011000110111000110110110111111010001100010011110011110110001010000100000101100110000001011110101000001111111000111111101101010101101000111000111000100110001011001111011111001101000001111010110010010111000
1400 0.874038419148 010101111011111011110100101111111010110000111011010101111011010100010000111001101101101010111111110111011011011010010111101011110101100010100101001110101101010111000000001100100111011000110101011100101010111111111001101010011001001110110011011000000000101100110000101011110100110001101101101111000111001110011101011110110111000100010111011011111011011101011000100011010111101011101001
1500 0.871566286646 011111101011001111100101101011110010010000111001010101010010110000011100101100110010100011110110110000111011001100110101101100110101110110100101001100111100110111100100101011011111010010110101011110110010101111110011101010011101110111100011010000100000111100100001001001110110010011101111001101100101101110001101010111101011000100100011110001100011011101000000100110010111110010111100
1600 0.870411076901 000001101011101111000100101111110010100100101101010111110000111100010100101011110110100010001111110111011001011010110111101010101101110010101101001011101001011101000000111101100111011010110101011110010000101011110001101010011001101110111001011000101000100101110001001011110010000011101101101010100111000010011101011111111101010100111011010001111011111101011001101011011111100110111001
1700 0.870040674713 011101101111001111010100101011111010110010110011010101011011111100011100111001101011100000110111110110011011011010110101101000100101100010100111111101111100010111010100101010100110000100010101011100110010101111110000101010010101110110110011010000000000111100110001101011111110011011100101001111100111110110011100011111101101000100110010010011100011010101000100101011010111110010111101
1800 0.868636026616 001001101010101011100101101111111011100101101101010001111010110100010100001011001110101010011111110110111100101010010111101000100101110010110111001010011000011111010000101110101111001010110101000110100010101011110001101010011101001110110001011000101110111100110001101010110010011110100101011111000111001110010101011111100101000100110001010011111111111100011001101001011010110010111100
1900 0.86596441706 010011111010101110010100101111010010100100100011010101101001110000010101101010111100100010010111110110010001111010110111101111111101000010101110101110010110010110010000101001110111010110110001011110010010101111110011101010011101111010110001010000001000111100110000101011110111010111111101100110000111101110001001000111100111100100110001010001111011111101101101100011011011110010111001
2000 0.862894276622 000011111010100111010110101111110011000100100011010101111001110100010100101100011100100010010110100110010011111010010111101010100101010010100110101110110110011111010000101101110111010010110101011110010010101011110001100010011111110110110001010000000000101110110000101011110111010111101101101110000111001110001001001111100111100100110001011001101011111101101101000011011010100110111001
2100 0.863340124447 010011111010101110010100101111110010100100100011001101100001110000010100101000111100100010010110110100010011110000110101101011111101010010101111101110111110011110010001101101111111000010110001000110110010101011110011101010011011101010110001011000000000111100110001101011110110010111111101101110000111001110001001000111110111100100110001011001111011111101011101101011011111100010011000
2200 0.861563128713 001011111010100111000100101111110011000101101001010101101001100000010100101100011100100010010111100110111011010010010111101010101101110010000100001110110101011111010000101001110111000010110101010100010010101011110001101010011111100110110001011000100100101110100000101011111101010111101101101000000111001110001001001111100111100100111011011001100011111101101001101011010110101110111101
2300 0.860869304578 010001100010101111010000101111111010100001100001010100101011100000010100101010011100100000010110100110010001111110010111101010100101010010001101001110111110011111010000101101110111010010110101010110000010101111110001101010111111001110110001011000000100111100110001101011110100010110111001001000000111101110010101001111110111100100100011010001100011011101001101101111011111110110111101
2400 0.861136766884 010011111010100110010101101111111010100100101001010101111101110000010100101000011110100000000111110100010010111110010111101010110101110010101110101010110010011111010000101001111111000010100101010110110110101111110001101010011111001010110001011000001000101100101000101111110101010111111100101000000111001110011101010110110111000100100001010001111011011100010100101011110111110010111100
2500 0.859807723264 010011111010101111000001101111111010000100101000010101110101110000010100111000011110100000000111110110010010111110010101101011110101110110101111001010110110011111010000101101110111000010100101000100100010101111110001101010011111101010110001110000000100111100100000101111110101010111111100101100000111101010011101001110110111100100100011000001110011011101000100101011110111100010111100
2600 0.860114422911 011101111010101111100001100110110010100110101001010101111001110000010100001110011100100000000111110110110110010000110001101000110101110010100111001110111010011111010001101101000111000010110101011100101010101111110001101010011101000110010101011000000100101110110001101011110110010111101101101110010111111110011101001111100111000100110011010001100011011101001101100011001111110010111000
2700 0.859109228705 011001111010101111100101100110111000100000111011010101101001110000010101101000011100100000010011110110100010101010110101101000100101111010101111001110110010011111010001101101100111000010110101011100001110100011110001101010011011100110010001011000000000001110100000101011110111010111101100101110000111101110011101011111100111000100110001010101110011011101000101100011001011100010111000
2800 0.857271351295 000101111010101111010101101111111010100100101011110101111001000000010100001000011110100000010111110110110011000110110101101111110101110110100110101110010110011111010000101101010111000010110101010110000010101110110001111010011111001010101001010000001100101110100000101111110011010111111101101100000101101110001101011011100111000100100010000001100011001101001000101011001111100000111000
2900 0.855528650337 000101011010101111010101101111111011100100101011010101101001100000010000101011011110100000010110000110111011000110110101101111100101110010100101001110010111011111010000101101010111100010110101010110000010101111110001010010001001101110110001010000000100111110100000101010111111010111111101101000000111001110001101001111100111000100110011000101000011101101001000101011001011100000111100
3000 0.856334936363 010101011010101111000101100111110011100100101001010101111001100000010100111011011110100000010111000110010011100110110101101001100101110110100100101110110111011111010000101000010111100010100101010100000010101111110001110010011101101110110001010000000100101110100000101010111110010111001101101000000111101110001101001111100111000100110001000100000001001101001101101011001111100000111100
3100 0.854833065665 000101111010101111110001101111111110100000001011010101101011101000010100101010111100100000000111100110110011110110110001101011110101110010101100001110010010011111110100101001100111000010101101010100000110101110110001110010011111100110110000110000000000101110110001101011110110010111101101101000010111101110011101011111100101000100100001010101101011001101001000101110000111100110111000
3200 0.854080719606 000101111010101111000101101011011110000000101001010001101001110000010100101010111100100010010101100110010010110110110001100011100101010010100110011110010110011111000001101000100111000010100101000110000010101011010001110010011111101110110011110000001000101100110000101011110110010111101101101000010011101110011101011111100111000100110010010101101011111101001001101011001110100010111000
3300 0.855801937521 000011111010101111110101101111111011100100110001010101101001110000010100001010011110000000010110100110010011100010110111101011110101110110100100001110110110011111010000101000100111000110110101110110000000100111110011110010011011100110111001000000000000101110100000101000110111010011101101101000000101101110001101001110100111100100100011000101111001010101011001101011000111010010111101
3400 0.855090351957 001101110010101111100100101111110010000010110011110101111000010000010100111010011110100010000111110110010011111110110111111111100111010010100110001110011110011111100001101000100111000010111101010100010010101011110001110010011101000010111001010000000000100100110100101011111111000111101100001000010101101110001101001111100101100100110001010000011011011101011000101011100110110010111001
3500 0.852689012503 011010111010101111010101101111110011000101100001010101100011110000010100101010011110100001000100100110110011101110110101111111110101010000100111001010010110011111010000101000000111001010110101001110000010101011110011011010011101000110111001010000000000101100100000101011111110010111101101101100000111100110001101011011101111100100110011000100001001001101011000100011100111000000111000
3600 0.850393688787 000001111010101111100100101111110010000010110011010101111100010000010100101010011110100000100111100110010010111110110101111011100101010010100111001110011110011111100001001000100111000010111111010100000010101111110001110010011101000010111001010000000000101100110000101011111111000111101101101100010101001110001100001111110111100000110011010000001011011101011000101111000111110010111000
3700 0.85260062482 010101111010100101100101111111111010100000110001010101101001100000010000110011011100100000110010110100010011110110010101101111110101110010100101001010111010011111100001101000100111000010101100010100101010101110010001110010011101100110011001110000000000001100110001101011111010010111101101101000000101101110011101011111100001100100110001000101111011011101001000101111000011000011111000
3800 0.850610308368 010100111010100101110101101111111011100100110011010101101000100000010000110111011110100010110010110100010010111110110001101111100101110010100101001110010010011111000000101000100111000010101101010100011010101111010001110010011101100110011001110000000000101100100000101011111010010111101101100000000101101110011101011111110111100100110001000101011011011101101100100111000011100010111000
3900 0.850632001044 010101111010100101100101101111111010101000010001010101101000000000010100101010111100100000111010100110010011111110110111111011100101110110100110001000010010011111110001101000100111000010101101011100100010101111110001111010011101100110011001011000000000101100110001101011111010010111101101100100000101101110001101001111000111100100110010000100001001011100001110101001000011000010111000
4000 0.851471436051 010101111010100101100101101111111010100000010001010101001000010000010100101010111100100000111010110110010011111110110101101111100111110110100110001110010110011111110000101011100111000010101101011100100010111010110001110010010101100110011001011000000000101100100000101011110010010111101101100000010101101110011101000111100111100100110010010100011011011100001010101001000011100010111010
4100 0.851051405464 011101111010100111100101101111111010100000010001010101101000000000010100101010111100100000101010110110010010100110110101101111100101110110100110001110110110011111000000101010100111001010101101011100101010111011100001111010010101000110111001010000000000001100110000101011110110010111101111100100000101101110001101011111100101100100110011000100001011011101001010000111000111000010111000
4200 0.851951480196 000100111010100101110101101111111010100110101011010101101000100000010100101110001100100000000110100100010111011110110011101111110111110010100111001110010010011111000000101001100111100010101101010110010010101011110001111010011101000110111001110000000000101100110000101011110010010111101001100100110111101110001101010111100001100100110011010101111011011101001100101001000011000010111000
4300 0.851281756082 011111111010100111110101101111110010100100100001010111100110001000010100101010011110000010100100101110010111101110110101011111100101010100100011001010010110010111010001101001100111000010101101011100101010101110110001110010111101100110111011110000001000101100110000101011111010010110101100101100010101101110001101001011000011100100110010000000010001011101001100101011000011000010111000
4400 0.851509661105 010100111010100111100101101111110010101000110001010101101000001010010000101010011100101010101111100110010001101110110101101111101101010110100010001010010110011111110001101010100111000010101101011100100010111110010000110010011101000110011011110000000010101110110000101011111010010111101110101000010101101110001101001111000001000000110010000100010011011101011110001111011011000010111100
4500 0.850868422933 010110111011100101110101111111111011100000001001010101101001110000010000101110011110100000100100010110010011101110110101101011100101010110110111001110010000011111001001101011000111000010101101010000001010101111110001111010111101000110111001110000001010001110100001101011111010001111101101100100000111101110001101011111100001100100110011000100011001001101001100101001000011000010111100
4600 0.850621934357 011101111011101101110101111111111010000010111000010101101001110000010000101110011100101000100100010100010011100100110101101011101101010110110110001110010110011111000001101010000110000010101101011010001010101111010001111010111101000110001001010000001000001100110000101011111010011111101101100100000111101110011101001111100101100100110011000100011001001101001100101011000011000010111100
4700 0.850864736872 011101111010000111110101101101111011100000110001010101101010001000010000111010011100101000000110010110010011111110110111101111110101010110110001011110010010010111001001101000100111000010101111011100000010101011010000111010011001100110011001110000000000101100110001101011111010000111001101101000010111001110011101011111100111000100110011000000110001011101101000101011010011000010111100
4800 0.849134091921 001101111010101111100101101111111011000000110001010101101000001000010101111010011110101100100111100110010111100110110101101111100101000010100111001010010110011111001001101010000111000010101101010100001010101010010001111010111101000110011001011010010000101100110001101011111010001011101101100100000111001110001101011011101101100000110010000100011001011101001000101001000011000010111100
4900 0.849906151643 010100111010100111110101100111111010100000110000010101101000001000010000111011011100101000100110010110010011011111010101101111100101010110100111001100110010010111010001101011110111000110101111011110000010101001010000111010111101100110011001110000001000101100110001101011111111000111001001101100000001001110001101011011100111100100110001000100010011011101011100101011010011010010111000
5000 0.849192089144 011100111010100101110101101101111010000110110000010101001010001000010000111011111100101010100110010100010111110111110101101011100101010010110011001110110010010111000001101000110111000010101111011100000010101001010000111010111101100110011001110000001001101100000000101011111111010111001001101100000101100110011101011111100011100000110011000100011011011101101100101111000011010010101000
5100 0.849117938918 001100111010101101110101101101111010000000100001010101111000001000010001101011001100100010100100000110010101110111110001111011100101110010110001001100010010011111100001101010100111000010101101011100000010101111010001011010111101100110111001110000100000101100100000101011111110010110001101101100000101101110011101011111101011100100110011000100011011011101001100101011110011010010111100
5200 0.848060362889 001000111010100101110101101101111010100000100001010101111000101000010001101011001111100010100100000110011001110111010101101111100101110110110011001110010010011111110000101000000111000010101101011100000010011111010001011010011101100110111011110000100000101100100000101011111110000111001001101100000101101110011101011111100111100100110011000100011011011101001000101010010011010010111100
5300 0.848082121247 011100111010100111100101101111110010000000111001010101101000001000110000101010011110100000101110111110010001011111010101101111100101010110100011001110010010010111010001101001000111000010101101010100000010101111010001110010011111100110011001110000000000111100100000101011011101000101001001101100110011100110001101011011100111100010110011000100010001011101001100101111000011010010111100
5400 0.847073358614 000100111010100111100101101111111010000000110000010101101010001000010000111010011110101000110111110110010111000111010111101011110101010110100011001100110010011111110001101010010111000010101101010100000010101011110001110010111101100110011001110000001000101101100000101011111011000111000101101100000001101110001101011111100111100000110011000100010011011101000100101011010011000010111000
5500 0.847224729515 010100111010100111100101101111111010000000110100010101101001001000010000111010011110100010100110100110011111110111110011100011100101010110100011001100010010011111100001101010010111000010101101010100000010111011110001110010111101100110011001010000001000101100100000101011111111000111001101101100000101101110001101111111100111100000110011000100001011011101000100101011010011000010111100
5600 0.847215283228 011100111010100111100101101111111010000100111100010101001001001000010000101010011100100000100110100110001111110111110111101111100101010010100011001100010010011111000001101010010111000010101101011100000010111101110000110010111101000110011101110000000010101101100000101011111111000111101101100100000101101110001101011111100111100000110011000100000011011101000100101011010011000010111100
5700 0.847990335912 011100010010100011100101101111111010100100111101010101101001101000010000101010011100101000100110100110001111110101110111101011100101010010100011001100010010011111010001101010110111000010101101010100000010111101010001110010011101100110011001110000000000101100100000101011111011010111101101100100000101110110011101011111100111100000110011000100001001011101000100101011110011000010111100
5800 0.846198518259 001100011010101111100101101111111010000000111001010101011010101000010000101100011100100010100100100110001111110110110101101011110101010110101011001100000010001111110001101011000011000010101101010100000010111111010001110010011101100110111001110000101000111100100001101111111011000111101101101100000101101110001101011111100111100100110011000100010010011101001000101011100011000010111100
5900 0.848003577305 010100011010101111100101101111111011000000110001010101111001000000010000101110011100100000100110110110011011110111010101101111100100010110100001001110100010010111000001101010010111000010101111011100000011111110110001010010101101100110111001110000000000101100110000101111111011000111001101100100000101001110001101001111100110100100110011000100110011111101001000101111010011000010111100
6000 0.847472572109 001100111010101111100001101110111010000100111011010101011000101000010000101110011010101000101110010110011111110111110101100111100101010110100101001010000010011111010001101010010111000010101111010100000010101000110001111010011001000110011001110000001000101100100000111011110111010111101101101100000101001111001101011111100111100100110011000100010011001101000100101111000001010010011100
6100 0.846369959912 001100011010100001100101101110111010000000110001010101111000000000010000101010011110100000100110111110011011110111110001101111100101010110100001001100010010011111011001101010010111000010101101010100000010101100110001110010111101100110111001110000001000101100110000101011111011000111001101101100010101001110011101011111100111100000110111100100011011111101001100101111010011000010111100
6200 0.847649103707 001100111010100011110101101111111010001000110101010101001000101000110000101010011100110000000100100110011110110111110101101011100101010110100001011110000010111111100001101010010111000010001111010100000010111100110000110010111101100110011001110000000001101101110000101011111011010111001101100100000000100110001101011111100111100000110011000100011001001101001000101011010011010010111100
6300 0.846998323616 011000111010100011100101111111111010000000110011010101111000001000010000101000011010100000100100100110011011110111110101101011100101010110100001011000010010011111110001101010010111000010001101010100001010101111110000011010011001100110011001110000000001111100100000101011111001010111001101101100000101101110001101011111100111100100110011010100011011001101001101101011110011000010111100
6400 0.847369031011 011001111010100001100101101111111010000000010001010101111000001000010000101000011010100000101100100100011011110111110101101011100101110110100101111000010010011111110001101010110111000010001101010100001010101111110000111010011101100110011001110000000001101100100000001011111011010111001101100100000101101110011101001111100111100100110011010100011011101101001000101111110011000010111100
6500 0.8459551573 011100011010101111100001101111111010000100110001010101101001001000010100100010011100100010001110010100011001100111110001101011100101010110100111001011010010011111000001101010000111000010100101010100001010101010110000111010011111000111010001110000001100101100100000101111110011010111001101100100000001101110011101011111100111100100110011001100011011101111001000101111010011010010111100
6600 0.845779415778 000100011011001111110101101111110010000100111011010101011000001000010000111100011110101000111110100100010011110110110101101011101100010110100101001110010010011111100001101010000111000010101111011100010010111100010000110010011101100110110001111000000000111100100000101011111011000111001101100100000101001111010101011111110111100000110011000100011001001111001000101111000011000010011100
6700 0.848608260149 011001110010100111010101001111111010000000110001010101101001000000010000101010011110100000101110110110001011110011110101101011100101010110100000001010010010011111011011101010110111000010101101011100001000111100110000010010011111100110011001110000000000111110100000101011111011000110101111101000010101001110011101111111100111100100110011010100011001001101101000001111000011000010011110
6800 0.846309034743 011100110010100111110101101011111010000100110001010101100000100000010001111010001100101000001110000110010011110111110101111111100100010110100111001100010000011111100001101011010111000010101101010100001010111101110000101010011101100110110011110000000000111100100000101011111001000111001101100100010101000110000101111110100111100110110011000000011001011101001001101111100011010010111100
6900 0.847379599828 010100111010100111100101101111111010000100110001010101101000000000010001101000011100101000001110100100011010110111110101101011100101010110100011011010010010011111100001101010010111000010101101011100000010111111010000011010011101100110110001110100001001101100100000101011111001000111001101101000010101001110010101111111101111100100110011000000010011011111001000101011010011000010011100
7000 0.847364818911 010000111010100111110101101111111010000100110011010101101000011000010001101010011100101000000110000100011011110111110111101011100101010110100001001000010010011111110000101010010111100010101101111100000010111111110000011010011101100110010001111100000001101100100000101011111011000111001101100100010101001110010101011111101111100100110011000000011011011111001000001011010011000010011100
7100 0.846009975118 001100110010000111000101101111111010000100110001010101111000001000000001100000011100100000001110100110111011110110110101100011100101010110100101001110011010011111100010101010010111010010101101011100000010101110010000101010011101100110111011111100000000101100100000101001111011000111101101100000000101001110011101111111110111100110110011000100011011101101001000101111110011000010111100
7200 0.845527171638 001100111010100111100101101111111010000100111001010101101000100000011001101000001100101000001110000100011010110110110101111011100101110110100001001000010010011111110001101010000111000010101101010100001010111110110000111010011111100110010001110000000011101100100000101001111011010110101101100000000101101110011101011111100111000100110011000100011011001101001000101111010011010010111110
7300 0.847135042043 011000010010101101000101101101111010000100110011010101100000001000010001101000011100001010110000010110011011110111110101101011100101010110101011001110010010011111110001101000010011000010101101011100011010111111010001100010011111100010110001110000001001111100110000101111111111010111101101100100000101101110010101011111101111100100110011000100011001001111101000101011010011000010011100
7400 0.846374094392 001100010010100111000101101011111110000100110101010101101000001000000001101010011100101000001110001110011011110110110101101011100101110110101101001000010010011111110001101010000111000010101101010100001010111110110000101010011101100110010011111001000000101100100000101001111011010111001101100000000101101110011101010111100111100111110011000100011000001101001000101111010011010010111110
7500 0.84562031559 001100010010100101000101101011111010000100110101010101101000001000010001101010011100100000001110100110011011110110110101101011100100110110100101101000010010011111110001101010010111010010101101010100001010111111110000111010011101100110010011111001000000101100100000101001111011010111001101100000000101000110011101011111100111100110110011000100011000001101001000101111010011010010111110
7600 0.844469742633 001100010010100111010101101011111010000100110001010101101000001010010001111100011100101000001110000100011010110110010101101011100101110111100101101100010010011111110001101010010111000010001101011100001010101110110000111010011101100110010011111000000000101100100000101011111011010111001101100000000101001110011101011111100111100110110011001100011000001001000000101111010011010010111100
7700 0.846654212709 011100010010011111000101101111111110000000110101010101101000001000000001101000011100101010001110100110011011110110110101101111100100010110101111001010010010011101110000101010000111000010101101010100001010111110110000101010011100100110010011110000000001111100100000101011111011010111001101101100000101001110011101011111110111100110110011000100011001001100000000101111110011000010011100
7800 0.846607145273 001100110010110110001101101011111010000100110101010101101000001010100101101010001100100010011110100110010010110110110101101011100101010110001111001010010010011111110001101010011111000010101101010100000010111110110000101010011001101110010011110000000000101100100001101001111011010111001101101000000101000110011101011111100111100100110010000100011001001101001000101111010011000010111100
7900 0.843784705703 001100010010100111000101101111111010000100110101010101101000001010010001101010011100100010001110110100011010110110110101110011100101110110100111001000011010011111110001101010000111000010101101010100000010111111110000111010011101000110011010110000000000101100100001101001111011010111001101100000000001101110011101011111100111100010110011001100011001001101001001001111010011000010111100
8000 0.845917961417 001100010010101111100101101011111010100101110001010101101000001000010001101010111101100000000110000100011011110010110001101111100111010110100001001010010010011111110001101010010011000010101101010100001010111110110000111010011101100110011011111000010000101100110000101001111011010111101101100100000101001100011101011111100011100110110011000100011011001111001000101111110111000010111110
8100 0.845540654571 001100110010101111110101101111111010101100110011010101101000001000010001001010111100100000101110000100011010110110110101111001100111010110100011001000010000011111100001101010000111010010101001011100001010111110110000111110011101100110010011011000000011101100110000101011111101010111101101101000000001001100011101001111110111100110110011000100001011001101001000101111010011000010101010
8200 0.844483410749 001100010010101111100101101111111010000100110111010101101000001010010001111010011100100010001110100100011010110110110101101001100101010110100011001000010010011111110001101010000111010010101101010100001010111110110000111010011101100110011011111000000000001100100000101011111011010010101101101000000001001110011101111111110111100110110010000100001011001111001000101111010011000010101010
8300 0.842917921611 001100010010101111100101101111111010000100110111010101101000001010010001110010011100100010001110100100011010110110110101101001100101010110100011001000010010011111110001101010000111010010101101010100001010111110110000111010011101100110011011111000000000001100100000101011111011010010101101101000000001001110011101111111110111100100110010000100001011001111001000101111010011000010101010
8400 0.844330273314 001000110010100111010001101111111010100100110001010100101000001000010100101010111100101000001110000100011010110110110101111011100101110110101011001000110010011111110001101000000111000010101101010100001010111111110001101011011101100110010011111000000000101100100000101011111101010110001001100100000001001110011101011111100111100110110010000100010011001101000001001111010011000110111110
8500 0.843585131707 001101010010100111100101101111111010100100110101010101101000011010010001100010011100000000001100000100011010110110110101101111100101010110100011001000010010011111110001101000000011000010101101010100001010111111110000111010011101100010010011111000100010101110100000101011111111010110101101100000000001000110011101011111100011100110110011000100011001001111001000101111010011010110101010
8600 0.845145047115 001100010010101111100001101011111010000100110101010101101000001010000001101010111100100011001110000110011010110110110101101001100101010110110011001000010010011111110001101010000111000010101101010100001010111110110000111010011101100110011011111000001000001100100000111111110001000011101101101000010101101110111101111111110011100100110010000100001011001101001000101111010011010010111110
8700 0.844965963682 001100110010101111100101101111101011000100111101110101101000001000010101101010011000101010001110000100111010100110110001101001100101010110100011001000011110011111110001101010010110010010101101010100000010101110110000011110011101100110010011111000000000001100100000101001111011010110001101101000010001101111011101000111101111100100110011000100011011001101000000101111010011010010101110
8800 0.843993225148 001100111010101111010101101111110010100100110011010111101000001000010001111010101100100000001110010100011010110110110100101111100101010110100011001010001010001111101001101010010111010010101111010100000010111010110000101010011101100110011011110000000000101100100010101000110011010010001101100000000001101110011101011101100111100110110011000100011001001101100001101111010011000010111100
8900 0.843688125006 001100110010101111000101101111111010000000110111010101111000001000010000001010011100101010001110100110011010110110110101101101100101010110100011001000011010011111111001101010000111000010101101010100001010111110110000111010011101000110011011111000000000101100000001101011111011000011101101101100010101001110011101111111110011100100110011000100000011001101001000100111010011000010101100
9000 0.842596231886 001101110010101111000001101111111110100100110111010101111000000010010001100010111100100010001110000100011010100110110101101111100101010110100011001000011011011111110001101010010110000010101101010100000010111111110000101010011101100110100011111000000000101100100000101001111011010011001101100000010001100110011101001111101111100110100011000100011011001101000000101111010011010010111100
9100 0.843404106512 001100110010101111010101101111111010000100110111010111101000101000010001101010011000100010001110000100011010110110110101101111100101010110000010001000010010011111110001101000110111010010101101010100000010101110110000101010011111000110010011111000000000101100100001101111110010010111001101101000000001101110011100010111101111100110110011000100010001101101101000101111010011000010110100
9200 0.843244359153 001100110010101111000101101111111010100000111111010101111000001010010101101010111100000010001110000110011010100110110101101111100111010110100011001010011010001111110001101011001111000010101101010100000010111110110000101010011101100110001011111000000000101100100000101001111001010111001101100000010001000110011100001111101111100110110000000100011001001101000000101111010010010010111100
9300 0.844113058597 001100010010101111000101101111111010100100110111010101101001000000010001001010101100100000000110100110011010100110110101101001100101110110100011001000011010011111110001101010000111000010101101010100000010101110110000101010011101000110001011111000000000101100100001001011111011010111001101111000010101001111011101011111100111100100110011000100010001111101001000100111010011010010111100
9400 0.844626690906 001100010010101111000101101111111010100000110111010101101000000100010000101010111100100000001110000100011010100110110101101111100101110110100010001000010010001111100001101010010111010010101001010100000010101110110000101010011101100110011011111001001000100100100001101011111011010111001101111000010101101111011101011111100111100110100011000100010001101101001000100111011011000010111100
9500 0.844090074207 000100110010101111000001101111111010100100111111010100101000001000010100101010111000000000101110000100111010111110110101101011100111010110100011011010011010001111110001101010000110010000101101010100001010111110110000111010011101100110011011111000000000101100100000101011111010010011001101101000010101101110011100011101101011100110010010000100011001001101001000101111010011000010111100
9600 0.844056207146 001000110010101111000101101111111010100100101111010100100000001000010000101000101100100010101110000100011010101110010101101011100101010110100011011010011010001111110001101010000110010010101101010100000010111110110000111010011101100110011011111000001000101100100000101011111110010111001101101000000101001110011100011001101011100110110010000100011001011101001000101111010011000010111100
9700 0.843325657132 001100010010101111010001101111111010100100111111010101101000001010010001101010111100100010001110100110011010100110110101101111100101010110100011001010011010011110110001101010010111000010101101010100000010101110110000100000011101000110111011111000000000101100100010101011111010010011001101001100010001001110011101011101111011100110110010000100011001101101001000101111010011010010101100
9800 0.842603315316 101100010010101111010001101111111010100100111111010101101000001010010001101010111100100010001110000110011010000110110101101111110101010110100011001010001010011111110001101010000111000010101100010100000010101010110000101000011101000110111011111000000000101100100010101011111011010011001101101100010101000110011101011101111011100110110010000100011001101101000000101111010011010010101000
9900 0.842935745562 001000010010101111000001101111101010100100110011010101101000001010010000101010111000100010100110101110011010110110110101101111000101010110100011001010010010010111110001101000010111000010101101010100000010101110110000101000011101000110111001111000000000101100100010101001111111010011001001111101010001001110011101011001111111100100110011010100011001101101101000101111010011010010101100
10000 0.843909862877 001000010010101111000001101111101010100100110011010101101000001010010000101010111000100010100110101110011010110110110101101111000101010110100011001010010010010111110001101000010111000010101101010100000010101110110000101000011101000110111001111000000000101100100010101001111011010011001001111101110001001110011101011001111111100100110011010100011001001101101000101111010011110010101100
10100 0.843946878918 001100110010101111000001101111101010100000110111010101101000001000010000101010101100101000001110010110010010110110110101101011100101110110100111001110011010011110100001101011010111000010101101010000000010101110110000000010011101000110001001011100100100101100100000101011111011010011000101101000100001101110011101011111101111100100110010000100011001101101001001101111010011000010101100
10200 0.844218674689 001000110010101110000001101111101010101000110111010101101000001000010000101010111100101010000110001110011010110111110001111111010101010110100011001010010010011111100001101001010111000010101101010000000010101110110000100010011101100110011001111000101000101100100000001011111110000111001101101000110001101110011100011011101111101110110010000100011001001100001001101111010011000010101100
10300 0.843037750852 001100110010101110000001101111101010100000110111010101101000001000010001101010111100101000000110001110010010110111110001101111001101010110100011001010010010011111100001101011010111000010101101010010000010101110110000100010011001100110001001111000100000101100110001101011111111000111001101100100100001101110011001011011101011100110110110000100011001011101001000101111010011000010101100
10400 0.842751088055 001100110010101111000001101111101010100100110001010101101000001000010000101010111000100010101110000110011010110110110101101111100101010110100011001010011010011111111001101010010111000010101101010000000010101011110000001010011001100110011001011001000000101100100001101011110011010111001111100100000101001110111101011101101111100000110010000100011011101100001000101111010011000010111100
10500 0.842950436126 001100110010101111000001101110101010100000110001010101101000111000010001101010111100100010001110000110010110110110110001101011000101010110100011001010011010011111010001101011010111100010101101010100000010101010110000101010111001100110010011111000100000101100000001101011111011010011001111100000100001101110011000111111101111100010110011100100001001011101101000100111010011000010111100
10600 0.843160228328 001110010110101111000001101111100010100100110011010101101000001100010000101010101100101000001110100110011010110110110101101111100101010110100010001010011000011111110001101000011111100010001101010000100010101010110000110010011101000110010001111000000000101100100000101011110111010011001001100000000011001110011101011111101011100000110011010100011001100101101001101111010011000010111100
10700 0.8423228451 001101100010100111000001101101101010100100110001010101101000001001010001101010111100101110001110000110010010110110110101101011000101010110100011101010010010011111101001101011010111000010101101010100000010101010110000101010011011100110110001111000000000101100100000111011111011000111001111100000010001101110011001011101101011100100110011000100010001101101001000101111010011000010011100
10800 0.842392625285 001100110010101111000001101111111011100100110101010101101000000000010100101010111000101010101110000110011010110110110101101111100101010110100011001010010010011111111001101010010111000010101101010100000010101010110000100010011001100010011101111000000000101100100001101111111011010010001001101100001001001110011001011011111111100100110000001100010001101101101000101111010011000010101100
10900 0.842592070568 001100110010101111000001101011101010100100110101010101101000011000010100101010111100101010100110000110011010110110110101101110100101010110100010001010011010011111101001101010010111000010101101010100000010101111010000110010011001100010001001111000000000101100100001001011111011010110101001100100000001101110011101011111111011100110110000011100011001111101101000101011010011000010101100
11000 0.84139178697 001100111010100111000001101111101010100100110111010101101000001000010000101010111100101100101110001110011010100110110101101111100101010110100001001010010010011111100000101010000111000010101101010100000010101010110000001010011001100010011101110000000001101100100000101011111011010111001001101100000001001110011101111111001111100000110010000100011001101001001000101111010011000010111100
11100 0.843469019136 001100110010101111000001111111110010100100110111010101101000001000010000101010111110101100101110000110011010110110110101111111100101010110100011001010011010001111011001001010010111000010101100010100000010101010110000101010011101100010011101111000000000101100110001101011111011000110001101101100000001001110011101011011101111100010110010000100010001001001001000101111010111000010011100
11200 0.843064348479 001100110010101111000001101111111011100100110101010101000000010000010000101010111100100110101110000110011110110110110101101101100001010111100011001010010010011111100001101011010111010010101101010100000010101110110000001010011101100110011001110000000000101100100001001011111011010111001101100100010001001110011101011011101101100110110000000100000001111101001000101111010011000010011100
11300 0.842533675373 001100110010101111000001101111111010100100110001010101100000010000010000101010111000100110101110000110011010110110110101101111100101010110100011001010010010011111100000101001010111000010101101010000000010101010110000001010011101100110011101111000000001101100100000101011111011010111001001100100010001001110001101011111101111100100110000000100011001101101001000101111110011000010011100
11400 0.841919572679 001100110010100011000001101111100010100100110001010101101001001000010001101010111100101110101110000110011110110010110101101111100101010110100011001010010010011111100001101010010111000010111101010100010010101010110000101010011001100110110001111000000000101100100001101011111011010010001001101000000001001110011001111111101011100100110010001100011011111101001000101111010011000010111000
11500 0.843485941857 001100110010101111000001101111111010100100110001110101101001001000010001101010111100101110101010000110011010110110110101101111100101010110100011001010010000011111100001101010010111000010111101010100010010101010110000101010011001000110110011111000000000101100100001101011111011010010001001101000000001001110011001111111101011000100110010001100011011101101001000101111010011000010111010
11600 0.842778832828 001100110010101011000000101111111010100100110001010101100001000000010001101010111100101010100010000110011110110110110101101111100101010110100011001010010010011111100001101010010111000010101101010100010010101110110000101010011001000110110011111000000000101100100000101011111011010111001101101000000011001110011101011111101001000100110010011100011011101101001000101111010011000010111010
11700 0.843188117821 011100110010101111001001101111101010100100100001011101101001001000010000101010111100101000100110000110011010110110110101101111100001010110100011001010010010011111000001101010010111000010101101010100000010101110010000101010011001100110010001111000000000101100100000101111111011000011001101101100000001011110011101111101101101100110110110010100010001101101000000101111010011010010101100
11800 0.842434644097 011101110010101011010001101011100010100100110001010101101001001000010101101010100100100110001110000100011110110110100101100111100111010110100011001010010010011111000001101010010111000010101101010100000010101010110000111010011101100110010011111000000000101100100000001011111011010010001001101100010001001110011101011111111111100000111010000100011001011101101000101101010011000010101110
11900 0.843155469723 001000111010101111000001101111101010100000100011010101101000011000010100101010101000101000001110001110010010110110110101100111100101010110100011001010010000011111100001101010010111000010101101010110000010101010110000110010011001100110011101111000000000101100100000101011111011010011001011101100100001001110010101011110111111100100110010000001001001101101001000101111010011000010111100
12000 0.842553378192 001100100010101011000001101111111011100100110111010101101000011000010101101010111100001110001110010100011010110110110101101111100101000110100011001010010000011111100001101110010111000010101101010100010010101010010000010010011001100010111011111000000000101100100000001011111011010011001100101000000000001110011101011011101111100000110010000100011001111101101000101111110111000010101100
12100 0.842939356851 001111110010001111000001101111100010100100110001010100101000001000010100100110110100101000101110000110010110110110110101101111100101010110100011001010010010011111100001101010010111000010101101010100001010101110110000110010011001110110010011111000000000101100100000101011111011010110001001100100010001101110011101011101101111100000110010011100010001101101000000101111010011000010101100
12200 0.84241932724 001001110010101111000001101111101010100100100001010100101001001000010100101010111110101000001010000110011010110010110101100111100101010010100001001010010010011111000001101010010111000000101101001110000010101010110000100010011001000110011011111000000000101100110000101011111011010011001101101100010001001110011101111111111111100010110010001100011001101111101000101110010011000010101100
12300 0.84335892011 001000110010101111000101101111101010100100100001010101101000001000010100101010111100101000101010010110011010110110110101100111100100010010100001001010010010011111100001101110010111000010101101011100000010101010110000100010011001100010011011111000000001101100111000001011111011010011001001101001010000001110011101111111101111100010110010001100011001101101001000101110110011000010101100
12400 0.843312132043 001001110010101111010001101111101010100100110001010100101001001000010100101010111011101000001010000110010110110010110101100111100101010010100001001010010010010111000001101010010011000010101101010100000010101010110000100010011001100110011011111000000000001100100000101011111111010011001101101100110001001110011101111011111111100000110010000100011001111111001000101110110011000010101100
12500 0.844209736388 011101110010101111000001101111101010100100100001010100101001001010010000101000111000101000001010000110010010110010110101100111110101010110101101001010010010010111000001101010010111000110101101010110000010101010110001101010011101100110010011111000000000101100100000101011111101010011001101101100010001001110011100011111111111100000110010000100010001111111001000101111110011010010101100
12600 0.841812401381 001101110010101111000001101111101010100100110011010100101001001000010100101010101100101010001110000100010010100110110101100111100101010110100010001010011010011111000001101010010111000110101101010100000010101010110000100010011001000110011011111000000000101100110001101011111011010011001001101100010001001110011101111111111111000010110010010100011001101101001000101100100011000010101100
12700 0.843555938176 001101110010101011000001101111101010100100110111010100101001011000010101101010111100101010101110000100010010100110110101111111110101010110100000001010010010011111000001101010010111000010101101010100000011101010110000110010011001000110010011111000000000101100100000101011111011010011001001101100010001001110011101111101111111100110110011000000011001101111001000101100100011000010101100
12800 0.843680519597 001001110010001101000001101111101010100100110101010100101001001000011100101010111110101000001110000110011010110110110101101111100101010110100001001010010010011111110001101010010111000010101101011100000010101110110000110010011101100110011011111000000000101100100000101011111011010011001010100100010001001100001101011010111011100110100010000100001001101101001000101110010011000010111100
12900 0.843799127183 001001110010101111010001111111101010000100110111010100101001001000010000111010111000101010101010000100011110110010110001100111100101010110100001101010011010011111100001101010010011000010101101010100000010101110110000110010011101000110011011111000011000101100110000101011111011010111001001101100010001001110011101111101111111100010111010000100010001101101101000001101010011000010101100
13000 0.843217301069 001101110010101011000001101111101010100100110111010101101000101000010100101010101100101000101010100100011110101110110101101111000101010110100010001010010010011111100001101010010011000000101101011100000010101010111000110010011001100110011001111000000000101100110000101011111111010011001011101100010001000110011001111011101111000010111010000100010001101101101000101110100011000010101100
13100 0.843374272355 001101110000001111000001101111101010100100110011010100101001011000010000101010111101101000101010000100010110110110110101110111110111010110100001001000010000011111100001101010010111001010001101011110000010101110110000110010011111100010010011111000000000001100100000001011111011010011101011101100010001001110011101111101101111100010110011000100000001101101001000101110000011000010101100
13200 0.843075351878 001100110010101101000001101111101010100100110011011100001000001100010100101010111100101000100010000110011110110110110101100111100101010110100000001010001110011111110101101000010111000010101101010100000010001110110000110010011100000110110011110000000000111110110001101011111011010011001001101100010001001110011101011111111011100010110010000100011001101101101000001111011011000010101100
13300 0.843506242586 101101111010101111000001101111100010100100110011010100000001001000010000101010101100101000101010000100010110110110110101100111100101010110100001101010010110001111100001101000010111000010101101010000000010101010110000111010011001100010010111111000010000001100100000101011111111011111001101101100010000001110011101111111111111100010110011000100010001101101001000101110010111000010111100
13400 0.843858677352 001100010010101111000001101111101010100100110011010100101011001000010000101010111100101000101110000100011010110110110101100111100001010110100001001010010010010111100001101011010111000010001101011100000010101111111000110010011101100010010011111000001000101110100001101011110111011011001001101100010101001100011101111101101111100010110010000100011001001101001000101110001111000010111100
13500 0.84327340757 000011110010101111000001101111101010100100100101110100101011101000010000101010111101101000101100000110010000101110110101100111100101010110100001001010011010011111100001101011010111000010101101011100000000101110110000110010011001000110011011011000000000101100100000101011111011010011001101101100000001001110011101111111110111100110100010000100011001100111001000101110011011000010101100
13600 0.842677175325 001001110010100111000001101111011000100100110011010100101001101000010000101010111100001010101000000100010010110110110101100111100101010110100101001010010010011111100011101011010111000010001101010100000010111110110000110010011011100110010011111000000000101100100000101011111011010010001111100100010001001110011101111111101111100110110000000100011001100111111000101011011011000010101100
13700 0.842498319168 101000011010101101000001101111001010100100110011010100001000101000110000101010111100101010101010000100011010110110110101100111100101110110100001001010010000001111100001101011010111000010101101010100000010101111110000110010011011100110010011111000000000101110100000101011111011010011001111100100010001001110011101111111101111100110110000000100111001100101101000101011110111000010101100
13800 0.843209706006 001111111010101111000001101111101010100110100111010000101011001000010000101110111101101010101100000110010010101110110101101111100100010110100001011010011010011111100001101010000111000010101101011100000010101111111000110010011101000010010111111000000000101100100000101011110011010011001101100100010001001110010101111111100111100110000010000100010001101101000000101111101011000010101100
13900 0.842950026763 000101110010100111000001001111001010100100110001010100101000101000010000101010111110101000101100000100010010110100110101100111100101010010100011001010010010011111100001101010010111000010101101010100000010101110110000110011011101100110110011111000100000111100100000101011111011110111001111100100011001001110010101111111111111100010110110000100011011101101000000101011001011000010101100
14000 0.84307565618 000110010010101111000001001111101010100100110011010100111000101000010010101110111110101000101100000100011010110100110111100001100101010010100011001010010010011111100001101010010111000010101101010110000010101110110000110010011101100110100011110000100000111100110000001011111011010011001111101100011001001110011101111111010111100010110010000100011001101101001000101001001011000010101100
14100 0.843094320662 001111111010101110010001101111100010100110010001010101101011101000010000101011111100101000101100000110010010111110110101100101100101010110100010001000010010011111100001101010000011000010101101010110000010101010110000111010011101000110010011111000000000101100100000101011111111010011001101101100000101101110010101111110100111100110100011010100011001101101001000101011010011000110101100
14200 0.8435747665 000101110010101111010001001111001010000100000011010101100001101000010100101010111100001000101000000110010010110110110101100111100101010111100011001010010010011111100001101011010111000011101101010100000010101110110000010010011101000110111011111000000010001100100000101011111011010011001101100100010111011110010101111111100111100010100011010100011001101101101000101111000011000010101100
14300 0.843830943295 000101110010100111010001101111001010100100110011010100101010101000010100101010111100101000101100001110010010110110110101100111100101010110100001001010010010011111100101101010010111000010101101010100000010101111110000110010011101100010010011111000000010101100110000101011110111010111001001101000011000011110010101111111101111100110010111000100011001101101000000001111000011000010101100
14400 0.84265656181 001101010010001010000001101111100010000100100011010100101001001000010100101010111111101000100100001100010011100110110101100111000101010110100111001111000010011111100001101010010111000010101101010010001010101010110000110010011101000110110011111000100000101100100000101011111011010111001001100100010101001110011101111111101111100010110011011000011001101101001000001111000011000010101100
14500 0.843642725945 000100110010101111000001101111000010100110110010010100101001101000010101101110111101101000101110000110010010110110110101100001000101010110100111001010000010010111100001101011010111000010001101011100000110101110110000110010011101100110110011111000000000001100100000101011111011010111001101101100100111101110011101111111101111100010100010000100010001101101000000101011000011000010101100
14600 0.84407474034 001101110010101011000001101111101010100100110011010100101011101000010100101110111101101000100110000110010011100110110101101011100001010110100011001010000010011111100001101011010111000010001101011000000010001010110000110010011101100110110011110000101000101100100000101011111011010010001001101000010001001110011101111111111011000011110011000100011001101101011000101011100011000010111100
14700 0.843582119037 001100110001101111000001101111000000100110110111011100111001101000010000101110111110001000101100000100011010110110110101100011100101010110100011001010000010011111100001101011010111000010101101010100000110101110111000110010011101100110010011110000000000101100100000101111111011010111001101101000000000011111011101111111101111100110110011000100011011101101000000101011000011000010001100
14800 0.84275623785 001001010010101110000101101111100010100100010011010100101011011000010100101010110001101000101100001110010011110110110101101111100101000110100001001000000011011111110001101000000111000010101101010100001010101010110000110010011101100110011011111000000000111100100000001111111111010111001001100000000011001110010101111111111111100010100011010100011011101101001000001011001011000010111101
14900 0.844595994145 001110010010101010010001101111001010100110110011011100101001001000010000101010111100111010101100000110010011110110110101101111000101010110100011001010010010011111100001101010010111000110101101010110000010101110110000111010011001000110110011110000000010101100100000101011111011010111000001100001010011001110010101111011110111100010110011110100011011101101001000101111010011000000101100
15000 0.843917486259 001110010010101011010001101111101010100100110011010100111001001000010100101010111100111000100100000100011010110110110101101111100001010110100011001010010010011111000001101010010111000010101101011000000010101110110000111010011001000110110001110000100010101100100000101011111011010111000001100001010011001110010101111011100111100010110011111100011001101101001000101111001011000010101100
15100 0.844165971496 001101110010101111000001101110101000100100010111010100101001001000010000101010110110111010101100101100010110100100110111101111100101010110100001101010000010010111100001101011010111000010101101010000001010101110110001110010010101100110101011111000000000101110100000101111111011010111001001100000000001001110010101111111100101100110110011010100011011101101001000101111000011000010101100
Mejor resultado: 0.84139178697 001100111010100111000001101111101010100100110111010101101000001000010000101010111100101100101110001110011010100110110101101111100101010110100001001010010010011111100000101010000111000010101101010100000010101010110000001010011001100010011101110000000001101100100000101011111011010111001001101100000001001110011101111111001111100000110010000100011001101001001000101111010011000010111100
