400 0.92159992727 000000110110101111011100111111111000001001011011101011111111111110101011110011100001111001111000101010110011101011111111110111101101011111000101011100001000011101000010101000001011000010101100100011001101011001100101101110111011111111110001011000101010011110110100011111111110000110001011111011101000001101100000010001010110110101101011010001111001001101110110110000100110100010111101
600 0.904392747506 000001110100101110011011111111111010011101010011100011110111111110100001111001100001111001100000101111110010101111111110110111110111011111000101011100100000011111100111111011001111110011001101001110001101011001100101101110011111011111100101010000100001011010100100001000111111110110001011011011101000101111100011011010010110110111111011100001110001101101110110110100100111100011110101
800 0.898400144622 011001110001101111011011111111110010101101110111100011110111011110110011111101100001101000101110101110100011101111111110110111010111011111000100011101000000011111110111101010001111110011001101000010001101101011100101001100011111111110100111110101101011111011101101101110010100111000001011011111101100100101101101010010010111100110101011110011111001110101111111100011010111110010010100
1000 0.891860262123 011001110011101110110011111111110010100101101110100011111100011110110001111110100001111000101111101110111011101111110000010101010111111111110001010111100010011111110011101010000101100011001101010010000101101111101101001100011000011110100111010111101011011110101101101110111100010001101011101110001100100100001101010011010110100110111011111001111101100101011111100011111111010010010100
1200 0.889221292343 001101111100101111011001111111100011100101011010110001100100011110110001111111100001111000101111001110111011101111100100110101110111011111100101011110100000011111110011001011000101100011001101011010001101101011100101001100011000011110100111110101101011011110100110101110011100011011101011011010100100100110001101011010010110100111111011111001111001100101111111100011010111110000010100
1400 0.883490970102 001011010000111111011110101111111011111100110000100000110111000110110010110110100001101000110110101100010010101111110111110100110111101111110110001100100010011111110001111110001111110010101101110010001101111011101101001110111111010111100101011000100011001010000100101011110111010111001011011011110110001010100100111010100111100110111011110001110001110101010101111000011111010010111101
1600 0.879500926317 001100111111001110010001101111111011111101000011100011111000011110110000100111100001111000111111101110111011111111110111110100111101011101100111011100101000011011010011101011000111000010001101010010000101111011110100101110011101100110110101010111101011001110100110101011110111010001101111011010100101100111000100101010110111000111110011110011111000000101010100001110011101010110001100
1800 0.876553286778 001000111110101101011000111111111010110101100011100010101010011110110000100111100001111000111110100100111011110111110101110101101101011101100111000100100000011011010011101010001111000011001111010010000101111011110100101110011111100110110101010100101011011111100000101011111111010001101111011011100101000111101100001110111111100100110011100001011001000101011101001110011101010010011010
2000 0.87451620673 001101110110001011011110101111111010000101100111100011111011111100010000101111100001101011110100100111110001101110110111111111000111110111000111101110100010001111010001101001101111000010001101011000000101101111100101101100111101100110110101010000101011111101100000101001111101001100100111100111101100001111101101011010010110100110110011110001111001101101010000101011011011000011101100
2200 0.871069518198 001000011000101111011111111111111010000101101011101001111011111110010000101010100101101010111000000011110001101111110111111101010111110111100111111110101010001111010001101000011110100010101101001000100101101011111101101110011111100110100111010000101011010100100000101011111111000000001111100111001100001111101101111010000111100110100011100001011001111101011000101011011111010010111001
2400 0.868483248481 001001011000101111011111101111111010000101111011101000111011111110110000101010110101101000111100100111111010101111110101110101000101110111100111011110101010001111000001101001011101000010001101001000000101101111111111101110011111100110111101010100100011001100100000101011111111000100001111100011001000001101101100111010000111100100100011100011011001111101011000101111010111010010111001
2600 0.8662722787 001111010010001011011101101111111010000101100010100000111111011110010000111111100101101000110110100101010010101111110001110111000100010111100111001110100010011111000001101110101111000010001101001010001101101111111101001110011111101110101101011001100011001110100000101011111101010101001111100010001100100110011101011011000111100111100011000001111001100101010000100011010111000010011100
2800 0.863135089608 001001011010101111010101101111111011000101100001100001101011111110010000111010111000101000110010100111010011111111110101110101001101110110100011011100101001011111110001101010001101000010001101011110000101011111101100101110011101000110100101011000100011001110100000101011111100010110000011101100101000101011001100011110011111100100100010100001111001101101011000101111011111010010111000
3000 0.862529872488 001001111010101011011101101111111010000101100001100001101011111010110000111010101001101000110010100110010011100111110101110101000101010111100111011100101011001111110001101011001101000010001101011100001101111001110100100110011101000110110111011000100011010110100000101011111110000100000111101000101100000110001100011010011111100100110011001001111001101101011000101111011111110010101100
3200 0.859024947819 011101011010101111111001101111110010000101101001100000110011011110010000101010110001101001110110100100010010101111110101110111000101110110101111001110100010001111000001101100001111000010001101011110000101111101111100101010011111000110111101010000100011001110100000101011110111011111100011100000101000001111001100011010110111100100110011000001111001001101010000101111110011010010111100
3400 0.857417459866 001101011010101101111001101111111010000100101001100100111011111110010000101110111000101001110111100100011011101111110101110101000101110110100111001100100010001111000001101000101111000010000101011110000101111101111101101010011111000110110101011000100011001110000000101011111111010011000011100000101000001111001100011010110111100100100111000001011001001101010000101111110011010010111100
3600 0.854883303289 001100110010101111010101101111011011000101100001100000101011111110010000101110101100101000111110100100010011101111110101110110100101110111100011001100001010001111010000101010101110000010001101011100000001101111110100110110011111100110001101111000100011111110100000101011111110000110000011101010000000001110001100011010010111100100111011100001011001011101011000101111010011010010111000
3800 0.855310829618 001101111011101011110001101011011010000101100011100000111011011100010000101110111001111000111111100100010011101111110001110101100101010110100111001100100000001111010001101010001111000010001101011010000101101111110100101000011101100110111101010100101011011100100000101011111101000111001011101000001001101110001101011010010111100110110011000000111001111101011000101111010111010010101100
4000 0.854852005268 001101110010101011011001101011111010000101100001100000111011110110010000101110111101101000100101100100010011101011110001110101000101010110100111001100100010001111010001101010001111000010001101011110000101101111110100100010011101100110111101011100101011111100100000101111111001000011101011100010001001101110001101011110010011100100110011010000111001111101010000101111010011010010101100
4200 0.853552994321 001001011010101111011001101111111010000000101001110100101011111110110000101010110101101000101011000110011011111111110101110111100101010110100111001100100011011111100001101011001101000010100101011100000001101011111100101110011101100010111101010000101011000100000000101011111111010110000011101000101000001110001101011010000111100100101011000000011001001101011100101111010111010010111100
4400 0.851238610958 001001011010101111000001101111111010000000101001110100101001111110110000101110111000111000101010100110010011110111110101111111100101010110100011001100100010011111100001101011001101000010101101011000000101101011111101101110011101100010111101010000100011000100100000101011111111010110001011100000001000001110001101011010000111100100110011000000011001001101010100101111010011010010111100
4600 0.851254894024 001001011001101111011001101111111010000000100001110101101001111110010000101100111101001000110010100100011010111111110101110111100101010110100111011100100010011111100001101101001101000010001101011100000001101011110000100010011111000110110111011000101011001100100000101011111111010110000011101000101000001110001101111010000111100110101011000000011001001101011100101111000110010010111100
4800 0.849520549773 001000011010101011011001101111111010000100101001010100111011111110010000101110111101101000101110000100011011100111110101111111100101010110100111001100000010001111000000101011001111000010101101011000000101111011110101101010011111100110111101010000101011001100100000101011111111000110000011100000101000101110001101111110000111100100111011000100010001001101011000101111000011010010101100
5000 0.849109848633 001101011000101111011001101111111010000100101001010100101011111110010000101110111101111000101010000110011011110111110001111111100101010110100111001100000010011111100001101011001111000010101101011000000000101010111101101010011111100010110101010100101011001100100000101011111101000110101011100100001001001110001101011010000111100100110011000000011001001101011000101111010011010010111100
5200 0.849084406833 001101011010101111010001101111111010000100101001110100100011101100010000101110111100101000101110100100010011101111110101110111100101010110100111011100100010011111100001101010011111000010001101011000000001101011111100101010011101100110110101010100101011001100100000101001111011000110101011100100101000001110001101011010010111100100110011000001011001001101011000101111010011010010101100
5400 0.848129986861 001101011010101011010001101111111010100100101001010100100011111110010000100110111001101000101110100010011011110111110001111111000101010110100111001110000010011111100001101011001101000010101101011000000000101011110100101010011111100010111101010100100011001100100000101011111111010110101011100000001001001110001100011011000111100100110011000000011001001101011000101111000011010010111100
5600 0.846489547998 001101010010101111000001101111111010100100101001010100100001111100010000101110111001101000111110100100011011110101110001111111100101010110100111001110000010001111100001101011001101000010101101011000000000101011110101101010011101000010111101011000100011011100100000101001111111010111001011100000001001001110001101011011000111100100110011010000011001000101010000101111010011010010111100
5800 0.845105964855 001100011010101111010001101111111010000100101001010100101001111100010000100110111101101000101110100110011011100111110101111111000101010110100111001100000000001111100000101010001111000010101101011000000100101011110100100010011101100110110111011000100011001100100000101011111111010110001011100000001001001110001101011010000111100110110011010100011001001101010000101111000011010010111100
6000 0.845131617082 001100011010101111010001101111111010000000100001010100100001111100010000101111111101101000101110100100011011110110110001111111100101010110100011001110100010001111100001101010001101000010101101011000000110101011110101100010011101100110110111011100100011001100100000101011111111000110001011100000001000001110001101111110000111100110110011010100011001001101010000101111010011010010101100
6200 0.845234085006 001101011010101011010001101111111010100100101001010100100001111110010000101110111101101000101100100110011011100111110001111111100101010110100011001100100010001111110001101011001011000010101101011000000000101011110000101011011101000110110111010100101011001100100000001011111011000111001011101000001001001110001101011011000111100000110011000000010001101101010000101111010011010010111100
6400 0.844868001403 000100011010101111010001101111111010100100101001010101101011111110010000101110111101101000101110100100011011110111110001111111100101010110100011001110000010001111100000101001001111000010101101011000000000101010110000100010011101000110111101010000100011001100110000101011111111000111001011100000101001001110001101011011100111100101110011000000011001001101010000101111010011000010101100
6600 0.844870321355 001101011010101111010001101111111011100100101001110100100001111110010000101110111101000000101010100110011011110110110001111101100101010110100011001010000010001111100001101010001111100010100101011100000000101010110100100010011111000110111111011100100011001100100000101011111111000110001011100000001001001110001100111111000111100100110011010100011001001101010000101111010011010010101100
6800 0.844599009977 001100011010101111010001101111111010000100100001010100101001111100010000101110111110101100101110100100010011110110110001111101100101010110100111001110100010001111100001101010001111000010101101011000000010101010110100110010011111100110111111011000100010001100100000101011111111010110001010100000001001001110001101011111000111100100100011010100011001001101010000101111010011000010111000
7000 0.844247037289 001100011010101111010001101111111010000100100001010101101001111100010000101110111101100000111100100100011011101010110101111111100101010110000111001100100010001111100000101011001111000010101101011100001010101011110000100010011101000110110111010000100011011100100000101011111111010111001011101000001001001110001100011011100111100100110011000100011001101101010000101111010011000010101100
7200 0.842975793983 001101011010101111010001101111111010000000101001010100001001111000010000101110111100100000111110000100011011110111110001111111100101010110100011001100111010001111100001101010001111000010101101011100000010101011110100100010011101000110111111010100101001001100100000101011111111000110001011100000000000001110001101011111100111100010111011010100011001101101000000101111011011000010111100
7400 0.842679965947 000100011010101111010001101111111010000100100001010100100001111100010000101110111111101000101110100100011011110110110101111111100101010110100111001100001010011111100001101011001111000010101101001000000000101010110000100010011101100110110111011000100011101100100000101011111111000110001001100000001000001110001101011111100111100110101011010100011001101101010000101111000011010010101100
7600 0.841639944619 001101011010101111010001101111111010100100100001010100100001111000010000101110111100100000101100000100011011110110110001101111100101010110100011001100100010001111110001101010001111000010101101011100000010101011110100100010011101000110110111010100100001011100100000101011111111000110001011100000000000001110001101111111100111100010110010010100011001101101000000101111011011000010111101
7800 0.840878248107 001101011010101111010001101111111010000100101001010100100011111000010000101110111101100000101110000100011011110110110101111111100101010110100111001110000010001111100001101010001111000010101101011100000010101010110000100010011101000110110111110000101001101100100000101011111111000110001001100000000000001110001101011111000111100000111010010100011001111101010000101111010011000010101100
8000 0.8403784846 001100011010101111010001101111111010000000101001010101001001111000010000101110111100100000100110000100011011111110110001101111100101010110100011001100101010001111100001101011000111000010101101011100000010101010110000110010011101100110110111011000101001001100100000101011111111000111001011100000001001001110001100011111100111100000110011010100011001101101000000101111010011000010111100
8200 0.839986525524 001101010010101111010001101111111010000000100001110100100011111000010000101110111100101000100110000100011011111110110001101111100101010110100011001100001010001111100001101011001111000010101101011100000010101010110000110010011101100110110111011000101011001100100000101011111011000110001011100000001001001110001101011111100111100100110010000100011001101101000000101111000011000010111100
8400 0.840069298365 001101011010101111010001101111110010000100100001010101001001111000110000101110111100100000101100000100011011100110110001100111100101010110100111001110011010001111110001101010001111000010101101011100000010101011110000110010011101100110110111111000100011101100100000101011111111000110001011100000000000001110011000011111100111100010110011010100011001101101000000101111010011000010111100
8600 0.839788068085 001100011010101111010001101111111010000110101001010100000011111100010000101110111101101000101100000100011011100110110001100111100101010110100011001110001010001111110001101010001111000010101101011100000010101011110000110010011101000110110111110000100001101100100000101011111111000110001011100100000000001110011100011111100111100010110011010100011001101101000000101111011011000010111100
8800 0.839746449653 001100011010101111010001101111111010000010101001010100100011111000010000101010111101101000101100000100011011100110110001100111100101010110100011001110000010001111100001101010001111000010101101011100000010101011110000100010011101000110110111111100100001101100100000101011111111000110001011100000000011001110011100011111100111100110110011010100011001101101000000101111011011000010111100
9000 0.839323643978 000100010010101111010001101111111010100010101001010100100011111000010000101110111101100000100110000100011011110110110001101111100101010110100011001110000010001111100001101011001111000010101101011100000010101010110000110010011101000110110111110100000001111100100000101011111111000110001011100000000001001110001101011111100111100110110001010100011001101101000000101111000011000110111100
9200 0.839120347179 001101010010101110010001101111110010100100100001010101001001111000010000101110111100100000101110000100011011100110110001101111100101010110100111001110011010001111110001101011000111000010101101011100000010101010110000100000011101000110110111110000100001101100100000101011111111000110001011100000000001001110011100011111100111100010111011010100011001101101000000101111011011000010011100
9400 0.83795657339 001100011010101111010001101111111010100100100001010100101001111000010000101110111101100000101110100100011011100110110001101111100101010110100011001100000010001111100001101010000111000010101101011100000010101010110000010010011101000110110111110000100001101100100000101011111111000110001011100000000000001110001100011111100111100110110011010100111001101101000000101111010011000010111100
9600 0.838050995761 001101010010101111010001101111110010100000100001010101101000111000010000101110111100100000100110100100011010100110110001101101100101010110100011001110010010001111100001101011001111000010101101011100000010101010110000110010011101000110110111111000100001101100100000101011111111000110001011100000000001001110001000011111100111100010100011010100011001101101001000101111000011000010111100
9800 0.838061801051 001101011010101111010001101111110010100100100001010101001001111000010000101110111101101000101110000100011011101110110001101111100101010110100111001110000010001111100001101010000111000010101101011100000010101010110000100010011101000110110011110000100001101100100000101011110111000110001011100000000001001110011100011111100111100010110011010100011001101101000000101111010011000010011100
10000 0.838504052026 001101010010101111010001101111111010100010100001010100101011111000010000101110111101100000101110100100011010100110110001101101100101010110100011001100000010001111100001101011001111000010101101011100000010101010110000110010011101000110110111111000100001101100100000101011111011000110001011100000000001001111001000011111101111100010110010010100011001101101000000101111001011000010111100
10200 0.837506653646 001101010010101111010001101111110010100100100001010101101001111000010000101110111101100000100110000100011010101110110001101111100101010110100011001110000010001111100001101010000111000010101101011100000010101010110000100010011101000110110011111000100001101100100000101011111111000110001011100000000001001110001100011111100111100100110010010100011001101101000000101111011011000010111100
10400 0.83741108379 001101011010101111010001101111111000100100100001010101101001111000010000101110111100100000100110000100011010100110110001101111100101010110100011001110000010001111100001101010001111000010101101011100000010101010110000110010011101000110110111110000100001101100100000101011111011000010001011101000000001001110001100011111100111100010110010010100011001101101000000101111010011000010111100
10600 0.836994461213 001101010010101111010001101111111010100100100001010101101001111000010000101110111101100000100100100100011010100110110001101111100101010110100011001110000010001111100001101010000111000010101101011100000010101110110000110010011101000110110011111000100001101100100000101011111011000110001011100000000001001110001000011111100111100010110010010100011001101101000000101111000011000010111100
10800 0.838054596851 001101110010101111010001101111111010100100100001010101101011111000010000101110111101100000101100000100011010100110110001101101100101010110100011001110010010001111100001101010000111000010101101011100000010101110110000100010011101100110110111011000100001101100100000101011111111000110001011100000000001001110001000011111100111100110110010010100011001001101000000101111000011000010111100
11000 0.837523428877 001101010010101111010001101111111010100100100001010101100001111000010000101110111101101000100110000100011010100110110001101111100101010110100011001110001010001111100001101010001111000010101101011100000010101010110000100010011101000110110111111000100001101100100000101011111011000110001011100000000001001110001000011111100111100010110011010100011001101101000000101111000011000010111100
11200 0.837360714775 001101010010101111010001101111110010100100100001010101101011111000010000101110111100101000000110000100010010100110110001101111100101010110100011001110001000001111100001101010000111000010101101011100000010101010110000100010011101000110110111111000101001101100100000101011111111000110001011100000000001001110011000011111100111100010110011010100011001111101000000101111000011000010111100
11400 0.836998560641 001101010010101011010001101111111010100100100001010101101001111000010000101110111100101000100110100100011010100110110001101111100101010110100011001110001010001111100001101010001111000010101101011100000010101010110000100010011101000110110011110000100001101100100000101011111011000110001011100000000001001110001000011111100111100110110011010100011001101101000000101111000011000010111100
11600 0.83720748769 001101011010101111010001101111111010100100100001010101101000111000010000101010111101101000101111100100011010100110110001101111100101010110100011001110001010001111100001101010000111000010101101011100000010101110110000110010011101000110110011110000100001101100100000101011111011000010101011100000000001001110001000011111100111100010110011010100011001101101000000101111000011000010111100
11800 0.836360902305 001101011010101111010001101111111010100100100001010101101001111000010000101010111100100000101110000100011010100110110001101111100101010110100011001110001010001111100001101010000111000010101101011100000010101010110000110010011101000110110011110000000001101100100000101011111111000110001011100100000001001110001100011111100111100010110011010100011001101101000000101111000011000010111100
12000 0.836358522346 001101011010101111010001101111111010100100100001010101101010111000010000101010111101101000101110100100011010100110110001101111100101010110100011001110001010001111100001101010000111000010101101011100000010101110110000100010011101000110110011111000100001101100100000101011111011000010001011100000000001001110001000011111100111100010110011010100011001101101000000101111000011000010111100
12200 0.836819697474 001101010010101111010001101111111010100100100001010101101011111000010000101010011101100000100100000100011010100110110101101111100101010110100011001110000010001111100001101010000111000010101101011100000010101010110000101010011101000110110011111000100001101100100000101011111111000110001011100000000001001110001100011111100111100010110011010100011001101101000000101111000011000010111100
12400 0.836487713662 001101011010101111010001101111111010100100100001010101101001111000010000101010111101100000101110000100011010100110110001101111100101010110100011001110001010001111100001101010000111000010101101011100000010101010110000100010011101000110110011111000100001101100100000101011111111000010001011100000000001001110001000011111100111100010110011010100011001101101000000101111010011000010111100
12600 0.836394031385 001101010010101111010001101111111010100100100001010101101011111000010000101010111101100000100110000100011010100110110001101111100101010110100011001110001010001111100001101010000111000010101101011100000010101010110000100010011101000110110011111000100001101100100000101011111111000010001011100000010001001110001000011111100111100110111011010100011001101101000000101111000011000010111100
12800 0.836582218184 001101011010101111010001101111111010100100100101010101101000111000010000101010111101100000101100000100111010100110110001101111100101010110100011001110001010001111100001101010000111000010101101011100000010101010110000100010011101000110110011111000100001101100100000101011111111000010001011100000000001001110011000011111100111100010110011010100011001101101000000101111010011000010111100
13000 0.836343819153 001101011010101011010001101111111010100100100001010101101001111000010000101010111101100000101110000100011010100110110001101111100101010110100011001110000000001111100001101010000111000010101101011100000010101010110000100010011101000110110011111000000001001100100000101011111111000110001011100000000001001110011100011111100111100010110011010100011001101101000000101111011011000010111100
13200 0.835967184117 001101011010101011010001101111111010100100100001010101101001111000010000101010111101101000101110000100011010100110110001101111100101010110100011001110001000001111100001101010000111000010101101011100000010101010110000100010011101000110110011111000000001011100100000101011111111000010001011100000000001001110001100011011100111100010110011010100011001101101000000101111001011000010111100
13400 0.836451465094 001101011010101111010001101111111010100100100001010101101001111000010100101010111101100000101110100100011010100110110001101011100101010110100011001110001010001111100001101010000111000010101101011100000010101010110000110010011101000110010011111000000001101100100000101011111111000010001011100000000001001110001000011111100111100010110011010100011001101101000000101111000011000010111100
13600 0.836399317703 001101010010101011010001101111111010100100100001010101101000111000010000101010111111001000101110000100011010100110110001101111100101010110100011001110000010011111100001101010000111000010101101011100000010101010110000110010011101000110110011111000000001101100100000101011111111000010001011100000010101001110001000011111100111100010110011010100011001100101000000101111010011000010111100
13800 0.836440466182 001101010010101111110001101111111010100100100001010101101000111000010000101010111101101000101110000100011010100110110001101011100101010110100011001110000010011111100001101010000111000010101101011100000010101010110000110010011101000110111011111000000001101100100000101011111111000010001011100000010001001110001000011111100111100010110011010100011001101101000000101111000011000010111100
14000 0.836155950167 001101010010101111110001101111111010100100100001010101101000111000010000101010111101100000101110000100011010100110110001101111100101010110100011001110000010011111100001101010000111000010101101011100000010101010110000110010011101000110110011111000000001101100100000101011111111000010101011100100000001001110001000011111100111100010110011010100011011101101000000101111000011000010111100
14200 0.836155950167 001101010010101111110001101111111010100100100001010101101000111000010000101010111101100000101110000100011010100110110001101111100101010110100011001110000010011111100001101010000111000010101101011100000010101010110000110010011101000110110011111000000001101100100000101011111111000010101011100100000001001110001000011111100111100010110011010100011011101101000000101111000011000010111100
14400 0.836017500356 001100010010101110010001101111111010100100100001010101101000111000010100101110111101101000101110000100011010100110110101101111100101010110100011001110000010011111100001101010000111000010101101011100000010101010010000100010011101000110110011111000000001101100100000101011111111000010001011100000000001001110001000011111100111100010110011010100011001101101000000101111000111000010111100
14600 0.835425133288 001101010010101111010001101111111010100100100001010101111000111000010000101010111101101000101110000100011010100110110001101011100101010110100011001110000010011111100001101010000111000010101101011100000010101010110000110010011101000110110011111000000001101100100000101011111011000010001011100000000001001110001000011111100111100010110011010100010001101101000000101111010011000010111100
14800 0.835996509161 001101010010101111110001101111101010100100100001010101101001111000010000101010111101100000101110000100011010100110110001101111100101010110100011001110000000011111100001101010000111000010101101011100000010101010110000110010011101000110010011111000000001101100100000101011111011000010001011100000000001001110001000011111100111100010110011010100011001101101100000101111010011000010111100
15000 0.83581791284 001101010010101111010001101011111000100100100001010101101000111000010000101010111101101000101110000100011010100110110101101111100101010110100011001110000010011111100001101010000111000010101101011100000010101010110000110010011101000110110011111000000001101100100000101011111011000010001011101000000001001110011000011111100111100010110011010100010001101101000000101111010011000010111100
15200 0.835803017881 001101010010101111010001101011111000100100100001010101101000111000010000101010111101001000101110000100011010100110110101101111100101010110100011001110000010001111100001101010000111000010101101011100000010101010110000110010011101000110110011111000000001101100100000101011111011000010001011101000010001001110011100011111100111100010110011010100011001101101000000101111000011000010111100
15400 0.835734336442 001101010010101011000001101111111010100100100001010101101000111000010000101010111101101000101110000100011010100110110001101111100101010110100011001110001000011111100001101010000111000110101101011100000010101010110000110010011101000110110011111000000001101100100000101011111011000010001011100000000001001110011000011111100111100010110011010100011001101101100000101111000011000010111100
15600 0.835765535826 001101010010101111010001101111111010100100100001010101111000111000010000101010111101101000101110100100011010100110110001101111100101010110100011001110000010011111100001101010000111000010101101011100000010101010110000100010011101000110110011111000000001101100100000101011111111000010001011100000000001001110011000011111100111100010110011010100010001100101000000101111010011000010111100
15800 0.835979826644 001111010010101111010001101111111010100100100001010101101001111000010000101010111101101000101110000100011010110110110001101111100101010110100011001110000000011111100001101010000111000010101101011100000010101010110000100010011101000110110011111000000001101100100000101011111011000010001011100000000001001110011000011101100111100010110011010100011001101101000000101111000011000010111100
16000 0.836227896338 001101010010101011010001101111111010100100100001010101101001111000010000101010111101101000101110000100011010100110110001101111100101010110100011001110000010011111100001101010000111000010101101011100000010101010110000110010011101000110110011111000000001101100100000101011111111000010001011100000000001001110001000011111100111100010110011010100010001101101000000101111010011000010111100
16200 0.836210845317 001101010010101111010001101011111110100100100001010101111001111000010000101010111101001000101110000100011010100110110101101111100101010110100011001110000000011111100001101010000111000010101101011100000010101010110000110010011101000110110011111000000001101100100000101011111011000010001011100000000001001110001000011111100111100010110011010100011001101101000000101111000011000010111100
16400 0.836251236476 001100010010101111010001101111111010100100110001010101101000111000010000101010111101101000101110000100011010000110110001110111100101010110100011001110000000011111100001101010000111000010101101011100000010101010110000110010011101000110110011111000000001101100100000101011111011000010001011101000000011001110011000011111100111100010110011010100011001101101000000101111010011000010111100
16600 0.83581085328 001100010010101111010001101111111010100100100011010101101001111000010000101010111101101000101110000100011010100110110001101111100101010110100011001110000010011111100001101010000111000010101101011100000010101010110000110010011101000110110011111000000001101100100000101011111011000010001001101000010001001110011000011111100111100010100011010100010001101101000000101111010011000010111100
16800 0.835593843449 001100010010101111010001101111111010100100100001010101101001111000010000101010111101001000101110000100011010100110110001101111100101010110100111001110000010011111100001101010000111000010101101011100000010101010110000110010011101000110110011011000000001101100100000101011111011000011001011100000000001001110011000011111100111100010110011010100011001101101000000101111010011000010111100
17000 0.835583637653 001101010010101111010001101111111010100100100001010101001001111000010000101010111101001000101110000100011010100110110001101111100101010110100011001110000010011111100001101010000111000010101101011100000010101010110000110010011101000110110011111000000001101100100000101011111011000011001011100000000001001110011000011111100111100010110011010100011001101101000000101111010011000010111100
17200 0.835537037454 001001010010101111010001101111111010100100100001010101101001111000010000101010111101001000101110000100011010100110110001100111100101010110100011001110001010011111100001101010000111000110101101011100000010101010010000110010011101000110110011111000000001111100100000101011111111000010001011100000000001001110011000011111100111100010110011010100011001001101000000101111000011000010111100
17400 0.8356708258 001101010010101111010001101111111010100100100001010101101001111000010000101010111101001000101110000100011010100110110001100111100101010110100111001110001000011111100001101010000111000110101101011100000010101010010000110010011101000110110011111000000001111100100000101011111011000010001011100000000001001110011000011111100111100010110011010100011001001101000000101111000011000010111100
17600 0.835565266155 001101010010101111010001101111111010100100100001010101101001111000010000111010111101001010101110000100011010100110110001101111100101010110100011001110000010011111100001101010000111000010101101011100000010101010110000110010011101000110110011111000000001101100100000101011110011000010001011101000010001001110010000011111100111100010110011010100011001001101000000101111000011000010111100
17800 0.835996983073 001101010010100111010001101111111010100100100001010101101001111000010000101010111101001000101110000100011010100110110001100111100101010110100011001110000010011111100001101010000111000010101101011100000010101010110000110010011101000110110011111000000001101100100000101011111011000010001011100000010001001110011000011111100111100110110011010100011001101101000000101111000011000010111100
18000 0.835765966397 001101010010101111010001101111111010100100100001010101101001111000010000101010111101101000101110000100011010100110110001101111100101010110100011001110000010011111100001101010000111000010101101011100000010101010010000111010011101000110110011111000000001101100100000101011111111000010001011101000000001001110001000011111100111100010110011010100011001001101000000101011010011000010111100
18200 0.836060182091 001101010010101111010001101111111010100100100001010101101001111000010000101010011101101000001110000110011010100110110001101111100101010110100011001110001010011111100001101010000111000010101101011100000010100010110000110010011101000110110011111000000001101100100000101011111011000010001011100000000001001110011000011111100111100010110011010100011001001101000000101111010011000010111100
18400 0.835791611669 001101010010101111010001101111111010100100100001010101101001111000010000101010011101001000001110000100011010100110110001101111100101010110100011001110000010011111100001101010000111000010101101011100000010101010010000110010011101100110110011111000000001101100100000101011111011000010001011101000010001001110011000011111100111100010110011010100011001001101000000101111010011000010111100
18600 0.835818002916 001100010010100111010001101111111010100100100001010101101001111000010100101010111101001000100110000100011010110110110001101111100101010110100011001110001010011111100001101011000111000010101101011100000010101010010000110010011101000110110011111000000001101100100000101011111011000110001011101000010001001110011000011111100111100010100010010100010001101101000000101111000011000010111100
18800 0.836069657294 001101010010101111010001101111111010100100100001010100101001111000010000101010111101001000101110000100011010100110110001101111100101010110100011001110000010011111100001101010000111000010101101011100000010101010110000110010011101000110110011111000000001101100110000101011111111000010001011101000010001001110011000011111100111100010110011010100011001001101000000101111010011000010111100
19000 0.835548423975 001101010010101111010001101111111010100100100001011101101001101000010000101010111101001000001110000100011010100110110001100111100101010110100011001110001010011111100001101010000111000010101101011100000010101010110000110010011101000110100011111000000001101100100000101011111011000010001011100000010001001110011000011111101111100010110011010100011001101101000000101111010011000010111100
19200 0.835391760193 001101010010101111010001101111111010100100100001010101101001111000010000101010111101001000001110000100011010100110110001100111100101010110100011001110001010011111100001101010000111000010101101011100000010101010010000110010011101000110110001111000000001101100100000101011111111000010001011101000010001001110011000011111100111100010110011010100011001001101000000101111010011000010111100
19400 0.835624074704 001101010010101111010001101111111010100100100001010100101001111000010000101010111101001000101110000100011010110110110001100111100101010110100011001100001010011111100001101011000111000010101101011100000010101010110000110010011101000110110011111000000001101100100000101011111111000010001011100000010001001110011000011111100111100010110011010100011001001101000000101111000011000010111100
19600 0.835072009494 001101010010101111010101101111111010100100100001010101101001111000010000101010111101001000001110000100011010100110110001100011100101010110100011001110001010011111100001101010000111000010101101011100000010101010010000110010011101000110110011111000000001101100100000101011111111000010001011100000000001001110011000011111100111100010110011010100010001001101100000101111000011000010111100
19800 0.835494155547 001101010010101111010001101111101010100100100001010101101001101000010000101010111101001000101110000100011010100110110001100111100101010110100011001110000010011111100001101010010111000010101101011100000010101010010000110010011101000110110011111000000001101100100000101011111011000010001011100100010001001110011000011111100111100010110011010100011001001101001000101111010011000010111100
20000 0.835970532596 001101010010101111010001101111111010100100100001010101101001111000010000101010111101001000101110001100011010110110110001101111100101010110100011001110001010011111100001101010000111000010101101011100000010101010010000110010011101000110110011111000000000101100100000101011111011000010001011100100010001001010011001011111100111100010110011010100011001001101000000101111000011000010111100
20200 0.835603829891 001101010010101111010001101111101010100100100001010101101001111000010000101010111101001000101110000100011010100110110001100111100101010110100011001110001010011111100001101010000111000010101101011100000010101010110000110010011101000110110011111000000001101100100000101011111111000010001011100000010001001110011000011111101011100010110011010100011001001101000000101111000011000010111100
20400 0.835494038041 001101010010101111010001101111101010100100100001010101101001111000010000101010111101001000101110000100011010100110110001100111100101010110100011001110001010011111100001101010000111000010101101011100000010101010110000110010011101000110110011111000000001101100100000101011111011000010001011100100000001001110011000011111101111100010110011010100011001001101000000101111000011000010111100
20600 0.835026377104 001101010010101111010001101111101010100100100001010101101001111100010000101010111101001000101110000100011010100110110001100111100101010110100011001110001010011111100001101010000111000010101101011100000010101010110000110010011101000110110011111000000000101100100000101011111011000010001011100100000001001110011000011111101111100010110011010100011001001101000000101111000011000010111100
20800 0.835313045645 001101010010101111010001101111111010100100100001010101101001111000010000101010111101001010101110000100011010100110110001100111100101010110100011001110000010011111100001101010000111000010101101011100000010101010110000110010011101000110110011111000000001101100100000101011111011000010001011100000010001001110011000011111101011100010110011010100011001001101000000101111000011000010111100
21000 0.835354601066 001101010010101111010001101111101010100100100001010101101001111000010000101010011101001000101110000100011010100110110001100111100101010110100011001110000010011111100001101010000111000010101101011100000010101010110000110010011101000110110011111000000001101100100000101011111011000010001011100000010001001110011001011111101111100010110011010100011001001101000000101111000011000010111100
21200 0.835648460834 001101010010101111010001101111111010100100100001010100101001111000010000101010111101001000101110000100011010100110110001100111100101010110100011001110000010011111100001101010000111000010101101011100000010101010110000110010011101000110111011111000000001101100100000101011111011000010001011100100000001001110011000011111101111100010110011010100010001101101000000101111000011000010111100
21400 0.834952218071 001101010010101111010001101111111010100100100001010101101001111000010000101010111100001000101110000100011010100110110001100111100101010110100011001110000010011111100001101010000111000010101101011100000010101010010000110010011101000110110011111000000001101100100000101011111011000010001011100000000001001110011000011111101111100010110011010100011001001101100000101111000011000010111100
21600 0.835622744854 001101010010101111010001101111111010100100100001010101101001111000010000101010111101001000101110000100011010100010110001100111100101010110100011001110000010011111100001101010000111000010101101011100000010101010110000110010011101000110110011111000000000101100100000101011111011000010001011101100000001001110011000011111101111100010110111010100011001001101000000101111000011000010111100
21800 0.835320325982 001101010010101111010001101111110010100100100001010101101001111000010000101010111101001010101111000100011010100110110001101111100101010110100011001110001010011111100001101010000111000010101101011100000010101010110000110010011101000110110011111000000000101100100000101011111011000010001011100000010001001110011000011111101111100010110011010100011001001101000000101111000011000010111100
22000 0.835644178925 001101010010101111010001101111111010100100100001010101101001111000010000101010111101001000101110000100011010100110110001100111100101010110100011001110001010011111100001101010000111000010101101011100000010101010110000110010011101000110110011111000000001101100100000101011111011000010001011100100010001001110011000011111100111100010110011010100011001001101000000101111000011000010111100
22200 0.835487479699 001101010010101111010001101111111010100100100001010101101001111000010000101010111111001010101110000100011010100110110001101111100101010110100011001110001010011111100001101010000111000010101101011100000010101010110000110010011101000110110011111000000000101100100000101011111011000010001011100000000001001110011000011111101111100010110011010100010001001101000000101111000011000010111100
22400 0.834697916186 001101010010101111010001101111111010100100100001010100101001111000010000101010111101000000101110000100011010100110110001101111100101010110100011001110001010011111100001101010000111000010101101011100000010101010010000110010011101000110110011111000000001101100100000101011111011000010001011100100010001001110011000011111101111100010110011010100011001001101001000101111000011000010111100
22600 0.835458752164 001101010010101111010001101111111010100100100001010101101001111000010000101010111100001000101110000100011010100110110001100011100101010110100011001110001010011111100001101010000111000010101101011100000010101010110000110010011101000110110011111000000000101100100000101011111011000110001011101000010001001110011000011111101111100010110011010100011001101101000000101111000011000010111100
22800 0.835512137806 001101010010101111010001101111111000100100100001010101101001111000010000101010111101001000101110000100011010110110110001100111100101010110100011001110001010011111100001101010000111000010101101011100000010101010110000110010011101000110110011111000000001101100100000101011111011000010001011100000000001001110011000011111101111100010110011010100011001001101000000101111000011000010111100
23000 0.835502982438 001101010010101111010001101111111010100100100001010101001001111000010000101010111100001000101110000100011010100110110001100111100101010110100011001110001010011111100001101010000111000010101101011100000010101010110000110010011101000110110011111000000001101100100000101011111011000110001111100000010001001110011000011111100111100010110010010100011001001101001000101111000011000010111100
23200 0.835266567647 001101010010101111010001101111111000100100100001010100101001111000010000101010111101001010101110001100011010110110110001100111100101010110100011001110001010011111100001101010000111000010101101011100000010101010110000110010011101000110110011111000000001101100100000101011111011000010001011100000000001001110011000011111101111100010110011010100010001001101000000101111000011000010111100
23400 0.835760938685 001101010010101111010001101111111010100100100001010101101001111000010000101010111101001010101110000100011010100110110001100111100101010110100011001110001010011111100001101010000111000010101101011100000010101010010000110010011101000110110011111000000001101100110000101011111011000010001011100000010001001110011000011111101111100010110011010100010001001101000000101111000011000010111100
23600 0.835873230157 001101010010101111010001101111111000100100100001010101001001111000010000101010111101001000101110000100011010100110110001100111100101010110100011001110001010011111100001101010000111000010101101011100000010101010110000110010011101000110110011111000000001101100100000101011111011000010001011100000000001001110011000011111101111100010110011011100011001001101001000101111000011000010111100
23800 0.8357486477 001101010010101111010001101111111010100100100001010101101001111000010000101010111101001000101110000100011010100110110001100111100101010110100011001110001010011111100001101010000111000010101101011100000010101010010000110010011101000110110011111000000001101100100000101011111011000010001111100000010001001110011000011111101111100010110011010100010001001101000000101111000011000010111100
24000 0.835727375012 001101010010101111010001101111111010100100100001010101101001111000000000101010111101001000001110000100011010100110110001100111100101010110100011001110001010011111100001101010000111000010101101011100000010101010110000110010011101000110111011111000000000101100100000101011111011000010001011101000010001001110011000011111100111100010110011010100011001001101000000101111000011000010111100
24200 0.835421120459 001101010010101111010001101111111010100100100001010101101001111000010000101010111101001000101110000100011010100110110001100111100101010110100011001110001010011111100001101010000111000010101101011100000010101010010000110010011101000110111011111000000001101100100000101011111011000010001111100000010001001110011000011111101111100010110011010100010001001101000000101111000011000010101100
24400 0.835722229237 001101010010101111010001101111111010100100100001010101101011111000010000101010111100001000101110000100011010110110110001100111100101010110100011001110001010011111100001101010000111000010101101011100001010101010010000110010011101000110110011111000000001101100100000101011111011000010001011100000000001001110011000011111101111100010110011010100011001001101000000101111000011000010111100
24600 0.835254060635 001101010010101111010001101111111010100100100001010101101001111000010000101010111101001000101110000100011010100110110001100111100101010110100011001110001010011111100001101010000111000010101101011100000010101010110000110010011101000110110011111000000000001100100000101011111011000010001011100000010001001110011000011111101111100010110011010100011001001101000000101111000011000010111100
24800 0.835542791099 001100010010101011010001101111101010100100100001010101101001111000010000101010111101001000100110000100011010110110110001100111100101010110100011001110001010011111100001101010000111000010101101011100001010101010010000110010011101000110110011111000000001101100100000101011111011000010001011100000000001001110011100011111101111100010110011010100011001001101001000101111000011000010111100
25000 0.835559822311 001101010010101111000001101111111010100100100001010101101011111000010000101010111100001000101110000100011010110110110001100111100100010110100011001110001010011111100001101010000111000010101101011100000010101010110000110010011101000110110011111000000001101100100000101011111011000010001011100000000001001110011000011111101011100010110011010100011001001101001000101111000011000010111100
25200 0.835118091172 001101010010101111010001101111001010100100100001010101101001111000010000101010111101001010101110000100011010100110110001100111100101010110100011001110001010011111100001101010000111000010101101011100000010101010110000110010011101000110110011111000000001101100100000101011111011000010001011100000010001001110011000011111101111100010110011010100010001001101000000101111000011000010111100
25400 0.835401430991 001100010010101111010001101111111010100100100001010101101001111000010000101010111100001000101110000100011010110110110001100111100101010110100011001110001010011111100001101010000111000010111101011100000010101010010000110010011101000110110011111000000001101100100000101011111111000010001011100000000001001110011000011111101111100010110011010100011001001101000000101111000011000010111100
25600 0.835041241997 001101010010101111010001101111111010100100100001010101101001111000010000101010111100001000101110000100010010100110110001100111100101010110100011001110001010011111100001101010000111000010101101011100000010101010110000110010011101000110110011111000000001001100100000101011111111000010001011100000010001001110011000011111101111100010110011010100010001001101000000101111000011000010111100
25800 0.835425697908 001101010010101111010001101111111010100100100001010101101001111000010000101010111101001000101110000100011010100110110001100111100101010110100011001110001010011111100001101010000111000010101101011100000010101010010000110010011101000110110011111000000001101100100000101011111011000010001011100000000001001110011000011111101111100010110011010100011001001101100000101111000011000010111100
26000 0.83539610829 001101010010101111010001101111111010100100100001010101101001111000010000101010111101001000000110000100010010110110110001100111100101010110100011001110001010011111100001101010000111000010101101011100000010101010110000110010011101000110110011111000000001101100100000101011111011000010001011100000010001001110011000011111101111000010110011010100010001001101000000101111001011000010111100
26200 0.835304337069 001101010010101111010001101111111010100100100001010101111001011000010000101010111100001000101110000100011010110110110001100111100101010110100011001110001010011111100001101010000111000010101101011100000010101010010000110010011101000110110011111000000001101100100000101011111011000010001011100000010001001110011000011111101111100010110011010100010001001101000000101111000011000010111100
26400 0.834976389757 001101010010101111010001101111111010100100100001010101101001111000010000101010111100001000101110000100011010100110110001100111100101010110100011001110001010011111100001101010000111000010101101011100000010101010010000110010011101000110110011111000000001101100100000101011111011000010001011100000010001001110011000011111101111100010110011010100010011001101000000101111000011000010111100
26600 0.835321592756 001101010010101111010001101111101010100100100001010101101001111000010000101010111101001000001110000100011010110110110001100111100101010110100011001110001010011111100001101010000111000010101101011100001010101010010000110010011101000110110011111000000001101100100000101011111011000010001011101000010001001110011000011111101011100010110011010100010001001101000000101111000011000010111100
26800 0.835466549713 001101010010101111010001101111111010100100100001010101101001111000010000101010111101001000101110000100010010100110110001100011100101010110100011001110001010011111100001101010000111000010101101011100000010101010110000110010011101000110110011111000000001101100100000101011111111000010001011100000010001001110011000011111101111100010110011010100010011001101000000101111000011000010111100
27000 0.835135819771 001101010010101111010001101111111010100100100001010101101001111000010000101010111101001000001110000100011010100110110001100111100101010110100011001110001010011111100001101010000111000010101101011100000010101010010000110010011101000110110011111000000001101100100000101011111111000010001011100000010001001110001000011111101111100010110011010100010001001101000000101111000011000010111100
27200 0.835468626434 001101010010101111010001101111111010100100100001010101101001111000010000101010111100001010101110000100010010100110110001100111100101010110100011001110001010011111100001101010000111000010101101011100000010101010110000110010011101000110110011111000000001101100100000101011111111000010001011100000010001001110001000011111101111100010110011010100010001001101000000101111000011000010111100
27400 0.835215210189 001101010010101111010001101111111010100100100001010101101001111000010000101010111101001000101110000100010010100110110001100011100101010110100011001110000010011111100001101011000111000010101101011100000010101010110000110010011101000110110011111000000001101100100000101011111011000010001011100000010001001110011000011111101111100010110011010100010001001101000000101111000011000010111100
27600 0.835200157091 001101010010101111010001101111101010100100100001010101101001111000010000101010111101001000001110000100011010100110110001100111100101010110100011001110001010011111100001101010000111000010101101011100000010101010110000110010011101000110110011111000000001101100100000101011111111000010001011100000010001001110001000011111101111100010110011010100010001001101000000101111000011000010111100
27800 0.83524618232 001101010010101111000001101111111010100100100001010101101001111000010000101010111101001000101110000100011010100110110001100111100101010110100011001110001010011111100001101010000111000010101101011100000010101010110000110010011101000110110011111000000001101100100000101011111011000010001011100000010001001110011000011111101111100010110011010100010001001101000000101111000011000010111100
28000 0.835325398327 001101010010101111010001101111111010100100100001010101101001111000010000101010111101001000001110000100011010100110110001100111100101010110100011001110001010011111110001101010000111000010101101011100000010101010110000110010011101000110110011111000000001101100100000101011111011000010001011100000010001001110001000011111101111100010110011010100010001001101000000101111000011000010111100
28200 0.835278049878 001101010010101111010001101111111010100100100001010101101001111000010000101010111100001010101110000100010010100110110001100111100101010110100011001110001010011111100001101010000111000010101101011100000010101010010000110010011101000110110011111000000001101100100000101011111111000010001011100000010001001110011000011111101111100010110011010100010001001101000000101111000011000010111100
28400 0.835069527146 001101010010101111000001101111111010100000100001010101101001111000010000101010111101001000101110000100010010100110110001100111100101010110100011001110001010011111100001101010000111000010101101011100000010101010110000110010011101000110110011111000000001101100100000101011111111000010001011100000010001001110011000011111101111100010110011010100010001001101000000101111000011000010111100
28600 0.835535489758 001101010010101111010001101111111010100100100001010101101001111000010000101010111101001010001110000100011010100110110001100111100101010110100011001110001010011111100001101010000111000010101101011100000010101010110000110010011101000110110011111000000001101100100000101011111011000010101011100000010001001110001000011111101111100010110011010100010001001101000000101111000011000010111100
28800 0.835634374229 001101010010101111010001101111111010100000100001010101101001111000010000101010111100001010101110000100011010100110110001100111100101010110100011001110001010011111100001101010000111000010101101011100000010101010110000110010011101000110110111111000000001101100100000101011111011000010001011100000010001001110001000011111101111100010110011010100010001001101000000101111010011000010111100
29000 0.835588749283 001101010010101111010001101111111010100000100001010101101001111000010000101010111101001000101110000100010010100110110001100111100101010110100011001110011010011111100001101010000111000010101101011100000010101010110000110010011101000110110011111000000001101100000000101011111111000010001011100000010001001110011000011111101111100010110011010100010001001101000000101111000011000010111100
29200 0.835128007449 001101010010101111000001101111110010100100100001010101101001111000010000101010111101001000101110000100010010100110110001100111100101010110100011001110011010011111100001101010000111000010101101011100000010101010110000111010011101000110110011111000000001101100000000101011111111000010001011100000010001001110011000011111101111100010110011010100010001001101000000101111000011000010111100
29400 0.835567059329 001101010010101111000001101111111010100100100001010101101001111000010000101010111101001000101110000100010010100110110001100111100101010110100011001110001010011111100001101010000111000010101101011100000010101010110000110010011101000110110011111000000001001100100000101011111111000010001011100000010001001110011001011111101111100010110011010100010001001101000000101111000011000010111100
29600 0.835464337782 001101010010101111010001101111111010100100100001010101101001111000010000101010111101000000001110000100011010110110110001100111100101010110100011001110001010011111100001101010000111000010101101011100000010101010110000110010011101000110110011111000000001001100100000101011111011000010001011100000110001001110011000011111101111100010110011010100010001001101000000101111000011000010111100
29800 0.835544982027 001101010010101111000001101111111010100100100001010101101001111000010000101010111001001010001110000100010010100110110001100111100101010110100011001110001010011111100001101010000111000010101101011100000010101010110000110010011101000110110011111000000001101100100001101011111111000010001011100000010001001110001001011111101111100010110011010100010001001101000000101111000011000010111100
30000 0.835528839526 001101010010101111010001101111111010100100100001010101101001111000010000101010111101001000101110000100011010100110110001100111100101010110100011001110001010011111100001101010000111000010101101011100000010101010110000110010011101000110100011111000010001101100100000101011111111000010001011100000010001001110001000011111101111100010110011010100010001001101000000101111000011000010111100
30200 0.834858596887 001101010010101111000001101111111010100100100001010101101001111000010000101010111101000010001110000100010010110110110001100111100101010110100011001110001010011111100001101010000111000010101101011100000010101010110000110010011101000110110011111000000001001100100000101011111111000010001011100000010001001110011000011111101111100010110011010100010001001101000000101111010011000010111100
30400 0.834919654943 001101010010101111010001101111111010100100100001010101101001111000010000101010111101000010001110000100010010110110110001100111100101010110100011001110001010011111100001101010000111000010101101011100000010101010110000110010011101000110110011111000000001001100100000101011111011000010001001100100010001001110011000011111101111100010110011010100010001011101000000101111000011000010111100
30600 0.835317489197 001101010010101111000001101111111010100100100001010101111011111000010000101010111101000010001110000100011010100110110001100111100101010110100011001110001010011111100001101010000111000010101101011100000010101010110000110010011101000110110011111000000001001100100000101011111111000010001011100000010001001110011000011111101111100010110011010100010001001101000000101111010011000010111100
30800 0.835329134324 001101010010101111000001101111111010100100100001010101101001111100010000101010111101001000001110000100010010110110110001100111100101010110100011001110001010011111100001101000000111000010101101011100000010101010110000110010011101000110110011111000000001101100100000101011111111000010001011100000010001001110000000011111101111100010110011010100010001001101001000101111000011000010111100
31000 0.834620065407 001101010010101111000001101111111010100100100001010101101001111000010000101010111101001000001110000100010010100110110001100111100101010110100011001110001010011111100001101010000111000010101101011100000010101010110000110010011101000110110011111000000001101100100000101011111011000010001011100000010001001110011000011111101111100010110011010100010001001101000000101111000011000010111100
31200 0.835492489299 001101010010101111000001101111111010100100100001010101101001011000010000101010111101001000001110000100011010100110110001100111100101010110100011001110001010011111100001101010000111000010101101011100000010101010110000110010011101000110110011111000000001001100100000101011111011000010001011100010010001001110011000011111101111100010110011010100010001001101000000101111000011000010111100
31400 0.834904859718 001101010010101111000001101111111010100100100001010101111001111000010000101010111101000010001110000100011010110110110001100111100101010110100011001110001000011111100001101010000111000010101101011100000010101010110000110010011101000110110011111000000001101100100000101011111011000010001011100000010001001110011000011111101111100010110011010100010001001101000000101111000011000010111100
31600 0.835379108477 001101010010101111010001101111111010100100100001010101101001111000010000101010111101000000001110000100011010100110110001100111100101010110100011001110001010011111100001101010000111000010101101011100001010101010110000110010011101000110110011111000000001101100100000101011111011000111001011100000010001001110011000011111101111000010110011010100010001001101000000101111000011000010111100
31800 0.834923628969 001101010010001111000001101111111010100100100001010101111001111000010000101010111101001010001110100100011010100110110001100111100101010110100011001110001010011111100001101010000111000010101101011100000010101010110000110010011101000110110011111000000001001100100000101011111011000010001011100000010001001110001000011111101111100010110011010100010001001101000000101111000011000010111100
32000 0.835514895828 001101010010101111000001101011111010100000100001010101111001111000010000101010111101000000001110000100011010110110110001100111100101010110100011001110001010011111100001101010000111000010101101011100000010101010110000110010011101000110110011111000000001101100100000101011111111000010001111110000010001001110011000011111101111100010110011010100010001001101000000101111000011000010111100
32200 0.835203805636 001101010010101111000001101101111010100100100001010101111001111000010000101010111101000000101110010100011010110110110001100111100101010110100011001110001010011111100001101010000111000010101101011100000010101010110000110010011101000110110011111000000001101100100000101011111111000010001011100000010001001110010000011111101111100010110011010100010001001101000000101111000011000010111100
32400 0.835298748743 001101010010101111000001101111111010100100100001010101111000011000010000101010111101001000001110000100011010100110110001100111100101010110100011001110001010011111100001101010000111000010101101011100000010101010110000110010011101000110110011111000000001101100100000101011111111000010001011100000010001001110011000011111101111100010110011010100010001001101000000101111000011000010111100
32600 0.835001545385 001101010010101111000001101111111010100000100001010101111000111000010000101010111101001010101110000100011010100110110001100111100101010110100011001110001010011111100001101010000111000010101101011100000010101010110000110010011101000110110011111000000001101100100000101011111011000010001011100000010001001110011000011111101111100010110011010100010001001101000000101111010011000010111100
32800 0.835174805869 001101010010101111000001101111111010100100100001010101111001111000010000101010111101000000001110000100011010110110110001100111100101010110100011001110001010011111100001101010000111000010101101011100000010101010110000110010011101000110110011111000000001101100100000101011111111000010001011100000010001001110001000011111101111100010110011010100010001001101000000101111000011000010111100
33000 0.835276163376 001101010010101111000001101111111010100100100001010101111001111000010000101010111101000000001110000100011010110110110001100111100101010110100011001110001010011111100001101010000111000010101101011100000010101010110000110010011101000110110011111000000001101100100000101011111111000010001011100000010001001110001000011111101111100010110011010100010001001101000000101111000011000010111100
33200 0.835299303141 001101010010101111000001101111111010100100100001010101111001111000010000101010111101000000001110000100011010110110110001100111100101010110100011001110001010011111100001101000000111000010101101011100000010101010110000110010011101000110110011111000000001101100100000101011111111000010001011100000010001001110001000011111101111100010110011010100010001001101000000101111000011000010111100
33400 0.835657634291 001101010010101111000001101111111010100100100001010101111001111000010000101010111101001000001110000100011010100110110001100111100101010110100011001110001010011111100001101010000111000010101101011100000010101010110000110010011101000110110011111000000001101100100000101011111111000010001011100000010001001110001000011111101111100010110011010100010001001101000000101111000011000010111100
33600 0.835081477011 001101010010101111000001101111111010100100100001010101111001111000010000101010111101000000001110000100011010110100110001100111100101010110100011001110001010011111100001101010000111000010101101011100000010101010110000100010011101000110110011111000000001101100100000101011111111000010001011100000010001001110011000011111101111100010110011010100010001101101000000101111000011000010111100
33800 0.834860064507 001100010010101111010001101111111010100100100001010101111001111000010000101010111101001000001110000100011010110110110001100111100101010110100011001110001010011111100001101010000111000010101101011100000010101010110000100010011101000110110011111000000001101100100000101011111111000010001011100000010001001110011000011111101111100010110011010100010001001101000000101111000011000010111100
34000 0.835301523913 001101010010101111000001101111111010100100100001010101110001111000010000101010111101000000001110000100011010110110110001100111100101010110100011001110001010011111100001101010000111000010101101011100000010101010110000110010011101000110110011111000000001101100100000101011111111000010001011100000010001001110011000011111101111100010110011010100010001001101000000101111000011000010111100
34200 0.834885498431 001101010010101111000001101111111010100100100001010101110001111000010000101010111101000000001110000100011010110110110001100111100101010110100011001110001010011111100001101010000111000010101101011100000010101010110000110010011101000110110011111000000001101100100000101011111111000010001011100000010001001110001000011111101111100010110011010100010001001101000000101111000011000010111100
34400 0.834746130729 001101010010101111000001101111111010100100100001010101111001111000010000101010111101000000001110000100011010100110110001100111110101010110100011001110001010011111100001101010000111000010101101011100000010101010110000100010011101000110110011111000000001101100100000101011111111000010001011100000010001001110001000011111101111100010110011010100010001001101001000101111000011000010111100
34600 0.835211974185 001101010010101111000001101111111010100100100001010101111001111000010000101010111101001000001110000100011010100110110001100111100101010110100001001110001010011111100001101010000111000010101101011100000010101010110000110010011101000110110011111000000001101100100000101011111111000010001011100000010001001110001000011111101111100110110011010100010001000101000000101111000011000010111100
34800 0.83513747215 000101010010101111000001101111111010100100100001010101111001111000010000101010111101001000001110000100011010110110110001100111100101010110100011001110001010011111100001101010000111000010101101011100000010101010110000110010011101000110110011110000000001101100100000101011111011000010001011110000010001001110001000011111101111100010110011010100010001001101000000101111000011000010111100
35000 0.835465540232 001100010010101111000001101111111010100100100001010101111001101000010000101010111101101000001110000100011010110110110001100111100101010110100011001110001010011111100001101010000111000010101101010100000010101010110000110010011101000110110011111000000001101100100000101011111111000010001011100000010001001110001000011111101111100010110011010100010001001101000000101111000111000010111100
35200 0.835482692214 001101010010101111000001101111111010100100100001010101111001111000010000101010111100001000101110000100010010100110110001100111100101010110100011001110001010011111110001101010000111000010101101011100000010101010110000110010011101000110110011111000000001101100100000101011111011000010001011100000010001001110011000011111101111100010110011010100010001001101000000101111000011000010111100
35400 0.835452372351 001101010010101111000001101111111010100100100001010101111001111000010000101010111101001000101110000100010010110110110001100111100101010110100011001110001010011111100001101010100111000010101101011100000010101010110000110010011101000110110011111000000001101100100000101011111011000010001011100000010001001110011000011111100111100010110011010100010001000101000000101111000011000010111100
35600 0.835557297953 001101010010101111000001101111111010100100100001010101111001111000010000101010111101101000001110000100011010110110110001100111100101010110100011001110001010011111100001101010000111000010101101010100000010101010110000100010011101000110110011111000000001101100100000101011111111000010001001100000010001001110011000011111101111100010110011010100010001001101000000101111000011000010111100
35800 0.835615279423 001101010010101111000001101111111010100100100001010101101000111000010000101010111101001000001110000100011010110110110001101111100101010110100011001110001010011111100001101010000111000010101101010100000010101010110000110010011101000110110011111000000001101100100000101011111011000010001011100000010001001110011001011111101111100010110011010100010001001101000000101111000111000010111100
36000 0.835277741389 001101010010101111000001101111111010100100100001010101111001111000010100101010111101000000001110000100011010110110110001100111100101010110100011001110001010011111110001101010000111000010101101011100000010101010110000100010011101000110110011111000000001101100100000101011111011000010001011100000010001001110011001011111100111100010110011010100010001001101000000101111000011000010111100
36200 0.835210129815 001101010010101111000001101111111010100100100001010101111001111000010000101010111101001000001110000100011010110110110001100111100101010110100011001110001010011111100001101010000111000010101101011100000010101010110000110010011101000110110011111000000000101100100000101011111111000010001011100000010001001110001000011111111101100010110011010100010001001101000000101111000011000010111100
36400 0.835162009487 001101010010101111000001101111111010100100100001010101111001111000010000101010111101001000001110000100011010110110110001100111100101010110100011001110001010011111100001101010000111000010101101010100000010101010110000100010011101000110110011111000000001101100100000101011111111000010001011100000010001001110001001011111101111100010110011010100010001001101000000101111000011000010111100
36600 0.835272909904 001101010010101111000001101111111010100100100001010101111001111000010000101010111101001000001110000100011010110110110001100111100101010110100011001110001010011111100001101010000111000010101101010100000010101010110000100010011101000110110011111000000001101100100000101011111011000010001011100000010001001110001001011111101111100010110011010100010001001101000000101111000011000010111100
36800 0.835224765315 001101010010101111000001101111111010100100100001010101101001111000010000101010111101001010001110000100011010110110110001100111100101010110100011001110001010011111100001101010000111000010101101011100000010101010110000100010011101000110110011111000000001101100100000101011111011000010001011100000010001001110011001011111100111100010110011010100010001001101000000101111000111000010111100
37000 0.835012223038 001101010010101111000001101111111010100100100001010101111000111000010000101010111101001000001110000100011010110110110001100111100101010110100011001110001010011111100001101010010111000010101101011100000010101010110000100010011101000110110011111000000001101100100000101011111011000010001011100000010001001110011001011111101111100010110011010100010001001101000000101111000011000010111100
37200 0.835056063903 001101010010101111000001101111111010100100100001010101111001101000010000101010111101001010001110000100011010110110110001100111100101010110100011001110001010011111100001101010000111000010101101011100000010101110110000100010011101000110110011111000000001101100100000101011111011000010001011100000010001001110011001011111100111100010110011010100011001001101000000101111000011000010111100
37400 0.835348836919 001101010010101111000001101111111010100100100001010101111000111000010000101010111101001000001110000100011010110110110001100111100101010110100011001100001010011111100001101010010111000010101101011100000010101010110000100010011101000110110011111000000001101100100000101011111111000010001011100000010001001110011100011111101111100010110011010100010001001101000000101111000011000010111100
37600 0.834718494364 001101010010101111000001101111111010100100100001010101101001111000010000101010111101001000001110000100011010110110110001100111100101010110100011001100001010011111100001101010000111000010101101011100000010101010110000100010011101000110110011111000000001101100100000101011111011000010001011100000010001001110011100011111101111100010110011010100010001001101000000101111000011000010111100
37800 0.835293287916 001101010010101111000001101111111010100000100001010101111001111000010000101010111101001000001110000100011010110110110001100111100101010110100011001110001010011111100001101010000111000010101101011100000010101010110000100010011101000110110011111000000001101100100000101011111011000010001011100000010001001110001101011111101111100010110011010100000001001101000000101111000011000010111100
38000 0.83513228937 001101010010101111000001101111111010100000110001010101111000111000010000101010111101001000001110000100011010110110110001100111100101010110100011001110001010011111100001101010000111000010101101011100000010101110110000100010011101000110110011111000000001001100100000101011111011000010001011100000010001001110011001011111100111100010110011010100011001001101000000101111000011000010111100
38200 0.835074426212 001101010010101111000001101111111010100100100001010101101001111000010000101010111101001000001110000100011010110110110001100111100101010110100011001110001010011111100001101010000111000010101101011100000010101010110000100010011101000110110011111000000001001100100000101011111011000010001011100000010001001110011101011111101101100010110011010100010001001101000000101111000011000010111100
38400 0.835127977135 001101010010101101000001101111111010100000100001010101101001111000010000101010111101001000001110000100011010110110110001100111100101010110100011001110001010011111100001101010000111000010101101011100000010101110110000100010011101000110110011111000000001001100100000101011111011000010001011100000010001001110011100011111101111100010110011010100010001001101000000101111000111000010111100
38600 0.835263434069 001101010010101111000001101111111010100100100001010101111001111000010000100010111101001000001110000100011010110110110001100111100101010110100011001110001010011111100001101010000111000010101101011100000010101010110000100010011101000110110011111000000001001100100000101011111011000010001011100000010001001110011101011111101101100010110011010100010001001101000000101111000011000010111100
38800 0.835187078476 001101010010101111000001101111111010100000100001010101111001111000010000101010111101001000001110000100011010110110110001100111100101010110100011001110001010011111100001101010000111000010101101010100000010101010110000100010011101000110110011111000000001001100100000101011111011010010001011100000010001001110011000011111101111100010110011010100010001001101000000101111000111000010111100
39000 0.835344218774 001101010010101111000001101111111010100100100001010101101001111000010000101010111101001000001110000100011010110110110001100111100101010110100011001110001000011111100001101010000111000010101101011100000010101010110000100010011101000110110011111000000001001100100000101011111011000010001011100000010001001110011101011111101111100010110011010100010001001101000000101111000011000010111100
39200 0.835265002767 001101010010101111000001101111111010100100100001010101101001111000010000101010111100001000001110000100011010110110110001100111100101010110100011001110001010011111100001101010000111000010101101011100000010101010110000100010011101000110110011111000000001001100100000101011111011000010001011100000010001001110011101011111101111100010110011010100010001001101000000101111000011000010111100
39400 0.835146674308 001101010010101111000001101111111010100100100001010101111001111000010000101010111101001000001110000100011010110110110001100111100101010110100011001110001000011101100001101010000111000010101101011100000010101010110000100010011101000110110011111000000001001100100000101011111011000010001011100000010001001110011101011111101111100010110011010100010001001101000000101111000011000010111100
39600 0.83509574345 001101010010101101000001101111111010100100100001010101101001111000010000101010111100001000001110000100011010110110110001100111100101010110100011001110001010011111100001101010000111000010101101011100000010101010110000100010011101000110110011111000000001101100100000101011111011000010001011100000010001001110011101011111101111100010110011010100010001001101000000101111000011000010111100
39800 0.835006642671 001101010010101111000001101111111010100100100001010101101001111000010000101010111100001000001110000110011010110110110001100111100101010110100011001110001010011111100001101010000111000010101101011100000010101010110000100010011101000110110011111000000001001100100000101011111011000010001011100000010001001110011100011111100111100010110011010100010001001101000000101111000011000010111100
40000 0.835134610424 001101010010101111000001101111101010100100100001010101101001111000010000101010111100001000001110000100011010110110110001100111100101010110100011001110001010011111100001101010000111000010001101011100000010101010110000100010011101000110110011111000000001101100100000101011111011000010001011100000010001001110011101011111101111100010110011010100010001001101000000101111000011000010111100
40200 0.835183420762 001101010010101111000001101111111010100100100001010101101001111000010000101010111101001000001110000100011010110110110001100111100101010110100011001110001010011111100001101010000111000010101101010100000010101010110000100010011101000110110011111000000001001100100000101011111011000010001011100000010001001110011100011111100111100010110011010100010001001111000000101111000011000010111100
Mejor resultado: 0.834620065407 001101010010101111000001101111111010100100100001010101101001111000010000101010111101001000001110000100010010100110110001100111100101010110100011001110001010011111100001101010000111000010101101011100000010101010110000110010011101000110110011111000000001101100100000101011111011000010001011100000010001001110011000011111101111100010110011010100010001001101000000101111000011000010111100
