200 0.941677710476 011110010011111110011111111000011010010001011000101111101011101101001111111100011110010101011111100100010110100011001011111110010000100110101100011011110011001111110011001111011111110011110000111100111110111010111110000001001010111100110110011110000011110111111001101011101100010010011000001000010100000111111001011010000001101010000010000111010000111001101110001101111010100100111000
300 0.922735914022 011011101000000111110101101110111101101000111001110101001100011110101100001011100101111010001101111101011111011100110101110011000111010001111011101011111001111101111101000100011110111000111110001010010100101011011010100011110101100111010110000011111111100011100010100011110011011010111010110111111001000100110010010011011010101111100101000111111001010001001001011110010010111111101110
400 0.912715010007 111111100010111111111011101110101111010110011101001101010110011101101101001111100001001111011111010001011111100111110001111111011111010011011011011011110001000111101001100001011101001100111110011011111110010110011100011111110101110111111100100000101110001111101000101100100111010011110010101110110000101011111100011110110010101111111001000111011001000111011001000101100100011010001101
500 0.904708027988 101101100011110011011011101010101111110110001001001101010101010101100101001111111101111111011111010111011110001111111001111111111111010101100011101111100101001101101011110001011101000100111100011001101110110111011101011111100001000111111101111100101010001111001001101100100111011011111010110011100000101011001100010110110010110101111001000011111011010111011101010111101101110010001001
600 0.897404627367 011101101001000011111001001011101010111101001001111101100110001101110100000111111101111111010001011111111110010011110101111111010101000101100010101011110100011110100101011111011111000100111100011001111110111011011000111011100001101111111110111010101010001101010011101110100111111011111000110010100000101001011100010111110010110001111011011011101011010111011101110011111011110110111011
700 0.890781161011 011101110010100000110111101010111111111110110111110101100000011110101110001001110000101001101100111110111010100111110101101011010101010011100011101010111100000110111101101011011101110101111100111000101100110110111110001111011011011011011010110000000010101001011111101111111011111011111001111110010011011101111011011011111011100001101011010110100011010010011000001111101011011010001111
800 0.889224477536 101111110010001100101100101011011001110100111111010001011110000110100100000100111000111111111100110100110110001111110101100011100111110001101010111010100000101101110010001110111111111011101100011000010010111011111000001011111101010111111111111000110001101001111010101101110110011011101001101001100101100100011101011111101011000101010101101011110011111111001111011111100110001110101101
900 0.887711336138 101101010011100010101101101010101011111110100001011101100000011111001100001001111001101001000100011110011010110011110101111110000101010011100011101011111000011111110001101000011111010100011100111000010100011111011011101111010111101111110011110010101110101100001011101111100101111111110000111100001011011100101111010011110010000101111011011111100011010110011001111111101111110110111011
1000 0.88623053254 111001110010100011100001101001111101010100111011011101101100101000110100001100111101111101110001101100011110111111011011111011000111010011111000111011111000011110101001101111110011100011100101011000110001111011111100101111110111110101010011111011010101101101110001101111110011011111101001100010010001001100111101011011101011000000011101000011100011100111001010111111100111110010001110
1100 0.884839875156 111001110000100011100011101001111100010100111111010101101100001000110100001111111111110111101011101110011110111110010001101011000111010011101000111111111000011011101101111011110111110111100101010000110010111110101110110011110101000101011011110010000100101111111000101110110011011110101001111010110001001101111100011011101111011000101101000011000011111101001000111110000111110110011111
1200 0.883678174284 110101110000100111100011101001111110010110110111010101011101001110110100000111111111110111101011101110011110110110110101100011000111010011000010111111111010101011111101101001111101111111100101010000110010111100101110110111110101000101011011110000000101101111001000101100110011010110100000111010110011000101111110011011111011110000101111010011010011111100001000111111000011010110011101
1300 0.881417494236 010001110000100011100010101101111010010110110101010101101000101000100100001111111000111111001011001110011110111111010001111011001101010000101000111010111100011111111100111011011111010111001101011010110010100111101111110011111101000111011011110110010101101111100000101110111001011110101101110000010001001101111100111111001110000010001001011011010011111101111001111110000011110110111111
1400 0.879695129915 101101011010101111000111101001111101110110110001010101011100011111110100001111111000101111001000101110011110110110110010100011100111010110010010101011011000001111110101101000011011011011110100110000110011111110010011111011011101000100111011110001000011101111111010101110100011010111110000110010110001001111111100011111100111101100101111010011010001100111001001010101100011010110110101
1500 0.876447470534 001101110010100011110111101001110011110110110111011101001000001110100100000111111011111110011111101110011000111111010101111011001111010111001000111010101000011111111000101001010101110101101101010010100010100100101111100011011101100111111011010100000000101111101000101110110011011110111111111000110001001101011100011110000110110000010011010111000011111101011000101010100011110110001111
1600 0.874566601999 101101110010100011010010101011010011010110111101010101001000001110100100001101111011101110101011000110011000111111010101111011001111011110100000011110101000011111101001101101111111110111101101011010100010100111101011100011011101000111111011010100000000101110101001100100110111011110110101111101010001001101101100011111001110100011011011000111010011111101011000101010100111110110011111
1700 0.873712000588 111101011010100111110001101011011011110111110001010101011100011000110101001111111111101111001010011110011010110110110001101011100110010110100010111111011000001111100000100000011011111111111101011000110110111100101111101010011001100111011011110100010010101110001001101100110011010110010011110000110011001110101100011110101110010000111101000110111010100111001001101110100111110010011111
1800 0.873522914533 011101011010101000110001001011011111010111110101010101000000011100110101000111111111100010101110010110111010111110010101111011110111010010100110111110010000011111000001101010110111110111110101111010100010110110111010111011111101010111011011110100100101101100000011101101110011011011111001100100010001011100111101011111100110000000111001010101000010100101011001111110100011110010011111
1900 0.869932350725 111101010010101001110001001011111110010110100101010101111001011100110101001011111111100000101110001110011000011110011101111011101111010110100110010110011010111111000001101010110111010111100101111000100010110110111100111011110101100110011111110100100100101111100000101111110011010111111001100000110001000110111100011111100110100000101001010101000011110101010001101110100011110011011111
2000 0.867269075872 011101110000110011010001101001111111010110110001010101011001011010110100001111111010100010001110001110011010101111110000101011100111010110100010011111001000001111110001101011010011110111101101011000110010110110101011111011010111000111010001110100000100101100101000101011111011010110110101111000110001001100011100011111001010000001111101010101011011100101001001101110100111110010111110
2100 0.866451030175 011101110000110111110001101111111001010110110001010101011100011100110100001001111011100010001110001110011011101111010001101011100101010111100010001110001000011111110001101010100111110111101101011000110010111100100011111011010111000111001001111100110010101100101000101011101011011110110001101000110011001110011100011111001110100001110101010001001011100101001001101100100111010110011110
2200 0.86582445179 001001110000110010110011101011111011111010111101010101001100001110010100101101111011100101001110000110011110010110110001111111100111010110100010001110010000011111010000101001110011010111100101010010100010111110110010101010001101100010010011110010111000101000101001101111110011011110010001111101000001001100011101010111101111000011101101010001110011110101001000101111100011010010011110
2300 0.864170348107 101101010010100101110001101011111010110000110101100100001000011000110100001111111001101111101010001110010010111110010101111011100111010110100010011111100010011111111001101100111111000111101001010000100010110111100110001011011101101110010011110000000010101100100000101111110011010110111001100100110001001111011100011111010111010000101111010111010011100111011000100110100011100010111111
2400 0.862684382543 101101011010100111110001101011101010110010110101100101001001011110110100001111110101101111001010000110011010110111110101101011100111010110100010000110100000011111110001101100110111000111101001011000100011110110100011111011011101000110011001110000100011101100100000101111110011011110111011100100010011001100011100011110100111000000101010010001010011101111001001100110000111110110011111
2500 0.86171444628 011101000010111111000001101011110011110100110001010101011001011000110110001111111100100010101010000110011010001110101001101011100101010110100011001110010010011111110001101011011111010111110101010100000010110110101010101011010101100111011011110100100110101100100000101011110001011110010011101011010011000111111110011110101111100010100111000100010001101111001001101111100011000010111110
2600 0.861478751787 101101110010111101110000101011111110000000110001010101010000011100110101101111111000101000101110001100011010110110110001111011100111110110100010010111110000001111111001101101110111010011100111010000000010110110110010011010010101100010010011111000100100101100100001111111100011010110101001101110110001001110011101011110110111000000101111000101010011100100011000101111100011110010111110
2700 0.859006610452 101101110010101111110001101011100111110010110001110101001001001100000000001110111100100010101010001110011010010110110001101011100101010110100011001110011000011111110001101111101111000111101101011000100010111110111010011010011111100011010011110000100110101100100000101011110011011111111001111010010011000111111100010110100111000010100010000101010011001101011010101001100011010010111110
2800 0.858673049955 101101110010101111100001101111100011010010110001010101011001011110000010001111111100100010111010001100011010000110110001101111100111010110110011001110011000011111110001101111111111000111101101011000100011110110111000111010010111100111011011110000100010101100100000101011111111011110011001101010010011000110011100011110100111100000100001000101010011001101011001101001100011000010111110
2900 0.856022678874 001101110010101101100001101111100011110100100101010101011000011110100000001111111101100010101010001100011010011110110101101111100111010110100011001010011000011111110001101100010111000111101101011000100011100110111000111010010101100110110011111100100000101110100001101111110111011110011001100010010011000110011110001110101111000000101101010101010011000100011001101101100011010010111100
3000 0.856936290148 011101110010111101100000101111100011110100110101010101101000011100100100001111111101100010100010001100011010010110110001101011100111010111100011001010011010111111100001101000001111010111101101011100000010100110111000111010011101100110111011110100110000101110100000101111110011010110011001100000010011000110011110001110101011000000101101010101000011001111001001101111100011010010111100
3100 0.855684731043 101101110010101111100001101011101011110100110101010101001000011100010000001111111100100000110010001100011010110110110001101011100101010110100010000100011010111111100001101000101111010111101101011110000010100110111000111010011111100110011011110100110000101111100000101111110111010110011011101000010011000110011110001110100111000000101001000101000011101101001001101111100011010010111110
3200 0.854742734869 111101110010100111110001101111101011110100111101010101001000011100000000001110111100101010111010001100011010100110110001101011100111010110100011000100011010111111100001101110101110010111101101011110000010100110111000111010011111100110011001110100000010101100100000101111110011010110011011101000010001000110011110001110101111000000101100000101000011001101011001101111110011010010111110
3300 0.856218006158 001101110010100011000001101011101011110100110101110101001000011100110100001111111100100010001110001100001010110110110001101111100111010011110011001110111110111111110001101011100111010011101101011000000010010110111000111010010100100110110011011100000010001110110000101011110111010110110001100010011001001110001100011110111111000010101101000101010011001111001001101011100011010010111101
3400 0.853774629001 101101110010111101100001100011111111100000111101010101001001011100010010001111011101101010100110001100011010110110110001101111100111010110000010001100010000011111100000101000101111010111101101000010000010101111111001101010010111100110010011111100000000101100100000101011111011010010011011100000010001001111101100011110100011100000101111000101010011010101001000101111100111010010111110
3500 0.855205430969 101101110010111111000001101011101011010100110001010101001000011100010000001110011110100010000110011100011010110110110101101011100111010110110011001100011010011111111001101011101111010011001111011000000010100010111000111011011111100110110011111000000000001100110000111111010011010110011011101000010011001110011100011110101111000000101101000100000011001101001001101111100011010010011111
3600 0.855268437995 001101010010101111000001101011101110000101110011000101001001010100110000101111111100101110000110000110011011010110010011101111100111010110100011001110011010011111100001101001001110010011110101010000000010110111111010111011010101100110011011110000100010101100110000101011110011011110011011111000010011101110011100011110101111000010101101010100010001001111011000101010100111010010111100
3700 0.854189804293 001101111011100101110001101011101011000000010111010101001001011100010000001111111100101000111010001110011010100010110001101111100111010110100011001110011010011111100001101111101111010111101101010000000011101010101000101010011101100110011011111000000001001100100001101111111111010110100011101000010001000111011100001110101011000011111001000101000011100101001000101111100011000010011110
3800 0.853688876459 101101010010101101000001101111101011010101110101010101001011011100110100001111010101101000101111001110011010011010100111101011100111010110100011001110001010011111100001101010111111110011110111010000000010100010111000101010011101001110111011110000000001001100100000101011111111010110010011101000000001001011010100011111100011100010101111010100010011101101000000101011001011010010011110
3900 0.852897845327 001101110010101101000001101011101010010000100001010101111001010100010010001110111100101010100110001110011111110110110001101011100111010110100010001110011010011111101001101111000111010011101101011000100010100110111000011010011101100110111001110000000000101101110000101011110111010110011001101000010011000110011100001110100111101011101101000100000011101101101000101011110011000010111110
4000 0.85388628234 111101110010100111010001101011111011110100100101010101001001001101010000101010111001001010100110001100011111110110110001100011100110010110100011001110011110011111110001101100011110000111101101011100000110100111111000101011110001000110011011110000000000101101100000101011111111010110000011101100110011000111011100001110100111100010101100010101010011101101100000101111100011001010111110
4100 0.850334725403 001101010010101101100001101111101010100100110001000101001001011100110000101111111100100000101000000110011010010110110101111111100111110110101010001110011010011111100001100110000110010010101101000000100010101010111000101010011101100110011001111000000000101101100000101011110111010110101011101000010001101110011110001100101111100011100111000101010011000101011100101011100111010010111100
4200 0.852185077168 001101110010101101000011101111101011110010100001010101001000000100010000111110111100100010110110101100011011010110110101101111100111010110100001001110011010011111110001101011001110010011101101010000100010100110111010101011011101000110110001110000000100101100100000101010111011010110111011100000010001101100011100011111101111100010101110010101000011001101001000100011010011010010111110
4300 0.848896235217 001101011010101111000001101111101010100100110001010101001000011100110100101110111100100010001100000100011010110100110001111011100111010110100010001110011010011110100000101010101110010011101101011000100110100110111000101010010111101110011001110100000000001100110000101011111111010110011011101000010001101110001100010101101111100100100111000100010011000101011100101011100111010010111100
4400 0.847107208378 001101010010101111000001101011101011100100110001010101011000011100110000101110110101101010101110101100011000100110110000101111100111010110110011001110010010011111100001101010010111010010101101010000000010100111111001100011010101100100011001111000000010001100110000001011110111010110101011101000010001101110011100011111101111100010101001000100011011101101011001101111110011010010111100
4500 0.847639284752 001100010010101111010001101011101011100100110001010100011000111100110010101010111101101010101110101100011000101110110001101111100101010110110011001110010010011111100001101010010111010000101101010000000010101011111001000010010101100100011011111000000010001100110000001111110111010110011011101000010001101110011100011111101111100010101000000100011011101101011001101111100011010010111110
4600 0.846146683196 001100010010100111000001101011101011100100110001010101011000111100110000101010111101101010101110101100011000100010110101101110100101010110110011001010110010011111100001101010010111010010101101010000000010101011111001100011010101100110011001111000000010001100100000001011110111010110011011101000010001101110011100011101100111100010101001000100010011101101011001101111110011010010111100
4700 0.845645020955 001100010010100111000001101011101011100100110001010101011000111100110000101010111101101010101110101100011000100010110101101110100101010110110011001010110010011111100001101010010111010010101101010000000010101011111001100011010101100110011001111000000010001100100000001011110111010110011011101000010001101110011100011101100111100010101001000100010011101101011001101111110011010010111100
4800 0.846550947787 001110010010100111000001101011101011100100110001010101011000111100110000101010111101101010101110001100011000100010110101101110100101010110110011001010110010011111100001101010010111010010101101010000000010101011111001100011010101100110011001111000000010001100100000001011010111010110011011101000010001101110011100011101100111100010101011000100010011101101011001101111110111010010111100
4900 0.846256518121 001101010010100111010001101011101011100000110001011101011000111110010000101110111101100010101110101100011000110110110001101110100101010110100011001110100000011111100001101010010111010010101001000000100010101010111000100011010101100110111011111000000010001100100000001011110111010111001011101000010001001110011100011111101111100010100001000101011001101101011001101111000011010010111101
5000 0.847110344462 001100010010100111000001101011111011110100110001010101011000110110110000001110111101001010101110001100011010101110110101101111100101010110110011001110101010011111100001001010010111010010101101010000001010101011111000101110011101000110111011111000000000001100100000001011110111000111101011101000010001101110011100011101000011100010101001000100110011101101011000101111100011010010111100
5100 0.845946203246 001100010010100111010001101011111011110100110001010101011000110110110000001110111101101010101110001100001010100110110101101111100101010110110011001000101010011111100001101010010110010010101101010000001010101011111000101010011101000110111011111000000000001100100000001011110111000111101011101000010001101110011100011111000111100010101001000100110011101101011000101111100011010010011100
5200 0.8472682422 001100010010100101000001100111101011100100110001010101011000011100110000101110111101101011101110101100011010100111110001101111100101010110110001001110000010011111100001101010010111010000101101010000001010101111111000110110011101100100011011111000000000001100100000001011110011010110100011100000010001101110011100011111100111100010101001000100111011101101011000101111110011010010111110
5300 0.847930936465 001101010010100111110001101111111011100100110001010101011000111100110000101110110111100010101100001100011010100110110001101111100111010110110011001010101000011111100001101010010111011010101101010000001010101011111000101010011100000110011001111000000010001101100000001011110101010111001011101000010001101110011100011110000011100010101001000100110011101101011001101111100011010010101100
5400 0.845562542842 001101010010101111000001101111111011100100110000010101011100011000110000101110111101101010101110000100011010100011110101101111100101010110110011001110011000011111100001101010010110010010101101010000000010101111111001100011011101100110011011111000000010001100100000101011110110000110000011100000010001001110011100011100001010100010101011010100011011001101011010101111010011010010111100
5500 0.84520686888 001101010010101001000001101011011001100000110001010101011000111100010000101110111101101000101000001110011010001110110001100111100101010110110011001110100000011111100001101010010111010010101101000000101010101111111000000010011101000110111011111000000000101100100000101011110111010111010011101000010001001111011100011111000111100010100011000100011011101101011001101111000011010010111100
5600 0.844895715813 001110010010100011000001101011111011100100110001010101011000111110110000101110111101101010001110001100010010100110110001101111100100010110100011001010001010011111100001101010010111010010101101010000001010101111111000101010011101000110011011111000000010011100110000001001110111010110101011101000010001101110101100011101101111100010100001000100010011100101011000101111010111010010111101
5700 0.845435608532 001101010010101001000001101010111011100000111001010101011000011100110000101110111101101000101110001110001010111110110001101111100101000110100011000010100010011111110001101010010111010011101101010000100010101011111000100010011101110110111011111000000000101100100000101011110010010111001111101000010001101110011100011111011111100010100011000100011011101101001000101011000001000010111100
5800 0.845764282757 001110010010100111000001101011111011100000110001010101011000111100110000101110111101101000001000001100011010101110110001101111100101010110100011000010100010011111100001101010010111010011101101010000100010101111111000100010011101100110111011111000000110101100110000101011110111010110001011101000010001101110011100011101011111100010100011000100010011101101001000101111000011000010111101
5900 0.847013654857 001100010010101101000001101111101011100100110001010101011000111100110001101110111101101010101110001110011010111010110001100111100101010110100011001000110001011111000001101000010111010011101101000000000010101011110000001010011101100110111011111000000000011100100000001010111010010111001111101000010001001110011100011101001111100010101001000101110011101101001001101011110011010010111100
6000 0.847228715924 001100010010101111011001101011111001100000110001010101011000111100110100101110110101101010001110001100011010100111110001101111100111010110110011001010100010011111100001101011010101010010101101010000000010101011111000000010001101100110110011110000000010001100100000101011110011010110111011101000011001101110011100011110101111100010100001000100010011101101011001101111010111000010111100
6100 0.846668541124 101100010010101111000001101011111011100000110001010101011000111100110010101110111101101010101100000100011010101110110101101111100101010110110011001010000010011111100001101010010110010010101111010000000010111011111000100010011101100110110001111000000010011100110000001101110011010011101011100000010001001110011100011111001111110010100001010100010011101101011000101111010011000010111100
6200 0.846236970427 101101110010100111000001100011111011100000110001010101011000111100110010101110111101101000101100001100011010100110110001101111100101011110110111001010000010011111100001101010010110010010101101010000000010101011111000100010011101100110110011110000000010101100010000101011110111010111101011101000010001001110011100011101010111100010100001010100010011001101011001101111010011000010111100
6300 0.846238268706 001100010010101111010000101111111011100100010011010101111000111000110010101110111101101010100110001110011010101110110001101111100111010110110011001010000010011111100001101000010110010010101101010000000010101010111000100010011101100110111011111000001000101100100001101111111111010111101011100000010001001110010100011111100011100010101001011100011011001101010001101011010011000010111000
6400 0.846501289064 001100010010101111000001101111111001100100110001110001011000101100110000101110111111101010101110001110011010101110110001111111100101010110100011001010000000011111100001101010010110110010111101010000100010011001111000100010011101100110011011111000000000001100110000001011110111010110001001100000010000001110011100011110111011100010100011000101110011101101001001101111000011010010111000
6500 0.845112655782 000101010010100111000001101011111010100100110001010101001000111100110010101110110101101010101110001110011010100110110101101111100101010110100011001110000000011111100001101010010111010010101101010000100010101011111001101010011101000110110011010000000000111100110010101011110111010011101011101000010001001110011100011101100011100010101001010100011011101101101001100111000011000010101100
6600 0.845292655763 011101110010101011000001101111111001100000110001010101000000111001110000101110111101101010101100000100011010101110110001100111100101000110100011001010000010011111100001101010011110010010111101010000100010101011011000100010011111100110111011111000000000001100110000001111110111010111101011100000010001101110011101011111100011100010100011000100011011001101011000101111000011010010011000
6700 0.84551277637 001101110010100111000001101111111011100000110001010101011000111000110000101110111101101000101100001100011110100010110011101111110101010110100011001010000010011111110001101010010111000010101101010000100010101011111000100011011101100110010011110000001001101100100000101011110111010011001111100000010001001110011100011101100000100110101011010100011011101001011001101111010011000110000000
6800 0.844983259792 001101110011101010000001101011111011100100110001010101011000111100010000101110111100101010101110001100011010101110110011101111100101010110110011001010010010011111100001101011010110010010101101010000001010101010111000100010010111000110010011101100000000101100100000101111110111010111000111110000010001101110010100011111100111100010101001100100010001001101011000101101010011000010111100
6900 0.84524000445 011101110010111111000001101111111010100100110001010101001000111000110000101110110101101011101100000100001010101110110001101111100101010110100111001110000010010111100001101011011111000010101100010000100010101111111000101010011111000110111010110000000000111100110000001011110111010111001011101000010001001110011100011111100011100010100011010100011011001101001001101011000011000010011000
7000 0.845867186772 001101110010100111000001101111111011100100110001010101001000111000110000101100111101101011101100100110010010100110110101101111100100010110100111001110000000010111110001101010011111000010101101010000100010101111111001101010011111000110111010110000000000111100110000101011110111010011001011101000010001001110011100011111100011100010100011011100010011100101001000100011000011000010111000
7100 0.844298860795 001101110010100111000001101111101001100100110001010101001000111100110000101110111101101010101110101100011010100110110001100111100101110110100011001010000010011111100001101010011110000010101101010110000010101010011000100010011101100110111011111000000000111100110000100111110111010111101000100000010001001010011100001111100011100110101011010100010001001101001001101111000011010010101100
7200 0.844694237213 001101110010100111000001101111101011100100110001010101001000111110110000101110110101101010101110101100011010100110110001101111100101010110100011001010000010010111100001101010010110000010101101010000001010101011111000100010011111100110010011111000000000001110110010001011110111010111001011100000010001001110011100011111100001100010101011010100011011001101001001100111000011010010111100
7300 0.846382554864 001101010010000111000001101011101011100000110001110101011000111000110001101110111101101010101100001110011011110110110101101111100101010110110111001110000010011111000001101010010110010010101101010000001010101110110000100010011111101010011001111000000000101100110000001011111111010011000001101000010001101110011101011111110001100000101011000100010011101101001001101111000011000010111100
7400 0.84415784462 001101110010100111000001101111101010000000100001010100001000110100110000101110111101101000101111001100010010100110110001101111100101010110100011001110000010011111110000101010010110000010101100010000111010101111111000100010011111100110011011111000100000101100110000101001111111010011111011100000010101001110011100011111100011100010111011010100010011001101001000101111000011000010111100
7500 0.846198055291 001101110010100111000001101111111011000000110001010100001000110100110000101110111101101000100111001100011010100110110001101111100101010110110011001010000010011111100000101000010111010010101101010000111010101011001000110010011111100110011011011000100000101100110000001001110111010011111011100000010001001110011100011111100011100110111011010100001001101101001000101111010011000010111100
7600 0.845300475628 001101010010100111000001101111101001100000100001010100101010111000110000101110110101101000101110000100010010101110110001101101100101110110100111001010110010011111100000101010010110010010101101010100101010101110111000100010111111100110011001111000000000101100110000101011110111010110001111101000010101101110010100111111100011100100110011010100010001001101011001101111010011000010101110
7700 0.845582523684 001101110010100011000001101111111011110100110001010100011000111100110000101110101101101000101111001110011011000010010001101111100101011110100011001010000000011111100001101010010110010010101100010000101010101110110000100010011111100010011001010000100000101100110000101001110111010011001101100000010001101110011100011111100011100110111011010100011001101101001000101111000011000010111100
7800 0.845515683013 001101010010100111000001101111101001100100111001010101001000110100110000101110110101100000111110001101010010100100110001101111100101010110100011001110110010011111110001101010010111000010100101010000001010101111111000100010011111100110111011111000000000011100110010101011110111010010001111100000010101001110011100011111110011100110110011010100010001001101001001101011010011000110101100
7900 0.84540230584 001101111010100011000001101111111001100100110001010100001000111100010000101110111101101000101010001110011110010010010001101111100101011110100011001010010010011111100001101010010110010010111100010000101010101111111000110010011011100110010001010000000000101100110000101001111111010011001001100000010001101110011100011111100011100111101011010100011001001101001000101111000011000010111100
8000 0.845125851059 001101011010100111010001101011111011100000100001010100011010111100110000111110111101100000101110000110011011100110110001101111100101110110110011001110000010011111110001101010010110000010100101010000101010101110110000001010111111100110001011011000000000101100110010101011110111010011001111100000010001001110011100011111100011100010111011000100001001001101001000101111010011000110111100
8100 0.84514939016 001101110010100011000001101111111001100100110001010101011000111100100001101110111101101010111110001100011010100010110001100111100101010110100111001010100010011111100001101010010110000010101100010100111010101110110000111010011111100100010001010000000000101100110000001011110111010011001101100000010101101110010100011111100111100010101010010100011001001101001000101111000011000010111100
8200 0.845163080069 001101110010100011000001101111101011101100110001010100000000111100010001101110111101101010101110000100010001101110110001101101100101010110100011001010001000011111101000101010000110000010101101010000101010101110111000100010011111100110010001111000000000101100110000001001111111010110000011101000010101100010011100011111100111100110111011110100011001001101001000101111000011000010111110
8300 0.845381701408 001101110010100111010001101011101000100000110001110101001000111000110000111110101101101000111110000100010011100110110001101101100101010110000111001110010010011111101001101010011110000010101101010000100010101110110000001010011111100110011001110100000000101100100000101011111111010111001111100000010001001110011100111111100011100010110011010100001001001101011001101111000001000010111100
8400 0.844783007187 001100110010100111100001101111101001100000110001010101101000111000110000101110110101101010101110000100011111011100110101101001100100010110110011001010000010011111100001101010010111000010101101010000111011101110110000100010011111100110000011110000000000111100110000001011110111010011101001100000010001001110011100011110100011100110110011010100011001001101011001101111010011010010111100
8500 0.845332589978 000100010010100110000001101111101010100000110001010101001000111100010000101110111101111010101100000100010001100110110101101111100101010110100011101010011010011101101000101010010110000010101101010000101010101110110001110010011111100110000011110000000000111101110000101011010111010011011111101000010001001110011100011111110011100010111011010100010001001101111001101111010011000010111100
8600 0.845512708104 000100010010100110000001101111101010000000110001010101001000111100010000101110111101111010101100000100011001100110110101101111100101010110100011101010011010011101101000101010010110000010101101010000101011101110110001110010011111100110000011110000000000111101110000101011010111010011011111101000010001001110011100011111110011100010111011010100010001001101111001101111010011000010111100
8700 0.845838385451 011100110010100111000001101011111010100000110001010101001000111100110000101110101001101100111110000110010101101110110001101111100111010110100011001110000010001101111000101010000110000010101101010100101011101110110000101010011111100110010011110000010000101100100000101011110111010111001111100000010001001010010100011111101011100000110011010100010001001101011001101111000011010010111100
8800 0.845150299302 001101110010100111000001101011101010100100110001000100101000111100010000001010111101101000100010000110111011100111110001101011100101010110100011001110100010001111100001101010011111000010101101010000001011101110110001101010011111100110011001010000000000101100110000101001110111010011001111100100010001001110011100011111000111100110111010010110011001001101101100101111010011010010101100
8900 0.845253377657 001101011010100111010001101011111011100000110001010100101000101100100000101110011111101000110110000110011011100100110001101101100101000110101011101110000010011111101001101110010110000010101101010100001001101110110000101010011111100110001011110000000000101100110000101010110111010111001101100000010001101110011100111111100111100000110010010100110001001101011000101111010011010010111100
9000 0.84518324411 001100010010100111010001101011111011100100100000010101001000111100010100101110110001101010101110100100011111101110110001101001110101010110100011101010010000111111110001101010010111000010101101010000001010101110110000101010011011100110011001110000100000101100100000101001110111010011001111100000010001101010011100111111100011100010110011010100111001001101111001101111000011010010111100
9100 0.843807972031 001100110010100111010001101111101011100100100001000100001000111100010000101110111101001010101110000110010111101110110001101011100101010110100011001110000010010111100001101010010111000010101111010000001010101110110010101010011111100110000001110000001000111101100000101011110111010111001101111000010001101110011100011111110011100010110011010100010001001101011001101111000011000110111100
9200 0.844352191303 001101110010100111000001101011101010100100110001010100011000111100010000101110111101001000101110000110011011100110110001101011100101010010110011001110000010110111100001101010010111000010101101010000001011101110110101101010011111100110000011110000001000111100110000001011110101010111001101111000010001101110011100011111110011100000110011010100110001001101111000101111000001000010111101
9300 0.84503980927 001101110010100110000001101111111011100100100001010101011000111110010000101110110101101010101100000100011011110110110001101111000101010110100101001010010010011111100001101010010111000010101101010000001010101010110000101110010111100111010001111000000000101100110000101011110111010011001101111000010001001110011100111110100011100010110011011100010000101101011000101111000011000010111110
9400 0.845473424557 001101110010100111000001101111101011100100100001000101011001111100010000101110111101000001101110000110011011100110110001101011000101010110100011001110010010011111100001111010010111000010101101010100001011101110010001101010011111100110000001111000001000111101110000001011110111010111001101111000010001101110011100111111000011000010110011010100010001001101011000101111000011000110111101
9500 0.845885959962 001111110010100111010001101011111011100000110011010101101000111100010100101110111101001010111110000110010111110110110001101101100101010110101011001110000000011111100001101010000110000010101101010000001010101010110001101010010111100110011001111000001000101100100000101011110111000101001101111000110001101110011100011111100011000010110011010100010001001101010000101111000011000010111100
9600 0.844229796229 001101010010101111000001101111111011100000110000000100011011111100010000101110111100100000101100000100011011100110010001101011100101010110100011001110011010011111100001101010001111000010101101010010001010101110110000101010011111100010010011111000001000101100110000001011110110010011011101101100010001001110011100011111100011100000110011010100010001001101111000101111000011010110111101
9700 0.844620718405 001101010010101111010001101111101011100000100001010100001000111100010000101110111100001000101100000110011011100110010001101011100101010110100011001110001010011111100001101011001111000010101101010010001010101110110000101010011111110110011011111000001000101101100000001011110111010111011101101100001001101110011100011111110011100100110011010100010000001101111000101101010011010110111000
9800 0.843690300181 001101010011101111010001101111111011100000111001010100001001111100010000101110111101000010101100000111010011100110110001101011100001010110100011001010000010011111100001101010000111000010101101010000001011101010110001101010011111100110011001111000001000101100110000101011110111000011001101101000110001101110011100011111110011100010110011010100010001001101011000101111000011010010111100
9900 0.843509845999 001101010010101111001001101111111010100000100001000100001011111110010100101110111101001010101110000100011011110110110001101111100101000010100011001110011000010111100001101010000111000010101101010000001011100010110001101010011111100110000001111000000000101101110000101011111111010111011101101000010001101110001100011111100011000010011011010100010001001111001000101111010011010010111100
10000 0.843895508299 001101010010100111000001101110101011100100110001010101101001111100000000101110111100000000100110000110010111110110010000101011100101010111100011001110011010011111101001101010000110000010101001010000001110101110110001101010010111100110011001110000001000101100110000101011110111010110001101101000010001001110011101011111100011100010110011010100010001011101011000101111000011010110111100
10100 0.843784469366 001101010010100111000001101111111011100100110000010101001001111110010000101110011011101000101110000100010011110110110001101011100101010010110111101010000010010111100001101010000111000010101101010100011010101010110001101010011111100110010001101000000000101100010000001011111111000111001101111000010011101110010100011111100011100000110011010100010001001101111000101111010011010010111100
Mejor resultado: 0.843509845999 001101010010101111001001101111111010100000100001000100001011111110010100101110111101001010101110000100011011110110110001101111100101000010100011001110011000010111100001101010000111000010101101010000001011100010110001101010011111100110000001111000000000101101110000101011111111010111011101101000010001101110001100011111100011000010011011010100010001001111001000101111010011010010111100
