200 0.935716017572 010011010010100110110000011101010110000001001000110001111010110011111111110110101101111001011110101110101011000111100110001010001111101011010111111111101100011010010001111011011101001011001101110110101100001011001111110001101001001101111111111000010110011010001101100101010000010110011111101110100111010010111111111111001101110010110011111000100010110001010011010001111011110010111101
300 0.924825895518 010111010000101111111111011111110010000100111111111001011010011111110011011001101100100110010110101011011111111100111110111110110110111001100011001000010001111001110001011011001111100100111000100011000011111110100010100010011110001000100011110111011010111110111010011111100100000111011111100101101110101111001000011110001110111000100000001010111011000111101011001101100001110011111100
400 0.915250287917 010111010010110110111111011101110010000101101010110100011110000011101011111001001000111100110110101111101111001110110110111010110111111001001011011010010110101011110001011111011110110110111000100110011011111110111010110110110101101000100011110110011100111011100000101001111000001110111111110111100110100011001101010111011110110000110010111001011011100101101001001101100101101011101110
500 0.906356555191 010011010010100110011111011101110010000101110011111100001010101011111011111001001100110100011110101011101110111010010110111010110111011001101110011011010100111011110000111001000110110111111101110110001011110111101011110011111110101000101011010111011110111010110000101111111111000110111101110111100111000111011000111111011000011001110100011011011001111011111001000111100101101010111010
600 0.898031603679 000001010010100110110111111101110011001101111110010101111100010111011111110100101100111010110010101110101111011111100110101011110101101001000010111001110101101000111101111010011111011111001000000111011111101011101101110110111101001011111111111110100000111111101000001111011000000000011111100101010111000011111101111111101110010110110111010110101011100001000101001101111001110110111110
700 0.893214103876 010001011010110110110111101101100111000101101110010101111110100111111010111101111100111110111110011111101111111110100110101011110111100001100010011111010000111000111000101011011111011110011001100011010111101101101001100110011110001011111011111110110000111111111010101111101000000011111111110100011111000111001101110111101111111110100011010111011011000001110101101001100001110101011010
800 0.88920381797 001010010010100010110110001111110111101101110000111001011010111100011110101110111100111110010110111100101110110110111100111100101111111011100010011110010100101000101000101001100111011010001101100110101110100111111010111110111111110000011111111111111000001110110010111111111110000010011110010101110111101011001100011111101010100000010010110000011011111100010011101111100101110110111110
900 0.885220092562 011011011010100011110111001111110110101100110010111100011010110100110110101010111100101110010010111110100110100110101000111011011101111011100010011110110101101001100000101001100110001111011101110110101110000111111010110000111110111000001111111101110000001111110010111111111110000011001110111101110011100011001100001111101110100010111010110100011011010101010011101111101111110000001110
1000 0.88431408079 001111110001100111111111001111111111100100100011110100011100011110010101101110101100111010010010111110100110011010101000110000001000111110100010111110110000101101110000101011010111001110001101010111110110100111111010010011111010111000010111011100110001111110110010111111111110001010101110110101101011101011001100000111111110100000110110011100111011010101000011001101111111001000101110
1100 0.879940316579 111011011010100010100001101111111010101101111011110001011000111100010110101010111101101111010011011100110110001110111100111111001111111111100010011111110100001100100000101101100111110110001101110110101010010111111010101101111010101001100011111100100000011111110000101011111110001010011110111100010111101111011100001111000110000010100010110101011010111110000011001011100010010110001110
1200 0.878385308433 111001010011100010110111101111111010100100101010110101011010110110001110101010111101111110000110101100111110111110110101110011101101110001001110001010110110001100111000101001100111000110011101110110111010100011111010111100111101101000010011111101101001101011100000101111111011010010111011111101100010100111011000001111101100100000100011110000011011010111000011011011001011011100111010
1300 0.877851925903 001011110010100111000101101111111010100101011001011110011000100001000110101010111000101010011010101110110011110010111111111001001100111011001110101100111100101110100000101011101111010110111101110110110010000011011000111110111100011010001001111101111010011111100010101111111110111011011100100100010011101010000100001111100110100010110111000000011011100111101011101111101100010000011100
1400 0.87520452813 011011110011100010000101101111110010100101010001011101001000101011100010100010001000101000010000001110101111111010111101111001000100011111111111101111110100101110100001101011111111010111101111110010100011000011011000111110011101011000111001110100101010100111110010101111110100010011001111100100010000101010000100011111100110100010110111000101001011100111001101100111001111010101011100
1500 0.875840965637 111011010010101111010001101001111110100101101011010001000111111011010110101000111101100100010011101110110110110110111101111011101001110010100111101011010100001101001001111001000111010110011100011110011111100011111111110010111010111001010011111100000000111111110000101111110111000010000010111101000011101111001000001111001110101000110111111100010011010100010001101011001101010110111110
1600 0.874115872174 001011010010100010110001101111111110100111010011010100001000110101011101101010101100101100010010101110100111111010111101110001111101111011101111101110010100001110111000101001101111010011101001010110110010001110011001111111111110111110011001111100010001000101100010101111111111011100001100110100010001101110010101011001100010100110110011010100000001011111101111101101000101000000111110
1700 0.877509452047 001111010010100001110001101111111110100111110011010100011010110101010001100010101100101000010011101110100111111010101101110101111101101011101111101100111100001110111010101001101111010011101101010111110011001110011001111111111111001010010001011000110001111101100000101111111111111000001100110101010001101110010100111001000010100100110011010010000001010111100111101111000101010101111110
1800 0.874868616554 101110010000101111110001101101110110100110110011110101011011110110010110101000111100101000000001101111111111100010101101110001111101101011101111101111011110001100110001101001101111000110000100111111111011101111110100111110111011101100110001110001001001111110100000101111111111011010100101110101001011101110011100101011000110000100110111011100000001001101000011101011001100010110111110
1900 0.873103959232 101100010010101101010001100101111110100110110011010001011010111110010001101000111110101000100000101111101111100010101101110001101100100001100111101100011100001110100001101001100101001111100101111111111011101110010001111111111011101100010001111100000001101101100001101111111011011011000100110101011001101110011100101011001110000100110110011100001011011101001001101111001111010010111100
2000 0.873551363772 100101110010101110010001101101101110100110110111010111011011111010010001101010101100101001111000101111111110111010111101110011100100110001100110101000011100011000100001101001101010101011101101111111111010101010010000111110011011101101110001110001000100111110110001101111111111001011000100110101111011101111000100101001001110000100110111001100101001011101000001111011001011010010011000
2100 0.872909999631 101111110010101111010001101111101110110100100011010111011010101000010100101010101111101100110110111110111111111010111100110111100101011001000110100111111100010001100001101011001011001111101101011111001010101010010100111011010011101110011000111100000001101010110001101111111011000011111101110100011111101110000101001100101010100100110111000110101001000111000001001001001010010110110010
2200 0.872945906424 110101010010100111000001000101011110110100100011010101011010011010010100111001101100101100110110111110111111111010111100110011110101110011110110100111111100010111101001101011001001001110001111011111000010101110010100111011011111101010011001001100000001101010110000001110111110011011101001101100001101101100001101001111101110100100110011110110001001000111100001001111001110010010110110
2300 0.873215344553 101111110010101111000001101111111110100100100011011111011011111100010110101010101101101000010110011111111111101010111001100111100101100010001110101111010110000100100001001001100110110111101101011110010000101010110010101011010101101110011100111000010001001101110001101011110011001011111111000100001001100111000101101111111011101101100111000100000011011111100110001101011110110110110110
2400 0.872052573815 101111110010101111010001111111111001101101100011111101010011111000010100101010101101001000100111011111111111101010111101101111100101100010001110100101011110000111110001001001100111110000101111011110001000101010010000101011010110100110011111111000000001101111010000101011110011001011111101100100001001110111000111101111101110101101110100010110000001010111100101001111000110010110110110
2500 0.871664389782 101111010010001111001000101111110110100101100011010101111010101100000100101110111111101010110110010110011111111010101101110111101101001110000010101111111100000000110001101001001111010010111101011110010110101010110000101011011111001011110011101000010001001110110001101011110011001011100010011100011011111111101001101011111011000101100101010100100011011111000110101111111110110110110100
2600 0.872161259043 001111010010101111000001101101111011101001100011010101110110111100110100101101111101101101110111111111111010101010111001100011110101100010000110111100011110001111100001001000100110100111001101010110001000101110010001101111000110101110011001111100011001101111110000101011111011000011001011101010010011011110000101100111101010101000111101011110000011001111101100101111000110111110111110
2700 0.872096857066 001111010010000111000001101101110010101101100111010101110110111100100101101010111101101001110111011110111010111010111101100110010101000011000010101110010100011101000001101000001110110111001100011110101110101110110011111111000110101111111001101100110001101111110000101011111011001011100011110000000011001110001101001011111010101010101101010100000011001111101000101111001110110110111100
2800 0.870289225104 001111111110000111010001101111110010000101100111010101110101111100110101111010111101101011110110011111111010110010111101100111110111000010000010101111010100010100100001101010000110010110100011011010001101101110110000101011000111101111111001101100110001001111111000001001110011000011100011110100000001111110001001011011101011100010110101010110101001001111101001101111011010101010110100
2900 0.870971930694 001111011110100111000001101111011010000101100111010101110011111100110101101010111100101010110110010111111010100010111101110110001111000010010010001111010100010100100001101011001110010110101111011110100111101010110001101011000111100010111001100100110001101101111001001001101011001011100011110100010011111111001001011111001011101010110101000110101011001111000110101111100110100010110111
3000 0.873037963445 001110011010100110100001101111010110000101100111010101110001111000110100111001111101101101110110011111111010110010111100100111110111110010000010001101110011011000101001101000010110110111100011111010001100111010100001101001000111101110111001101100111001001101110001001011110110000011001011100000010001111111001101011111101111100010110111010110101001011111111001001101101011011010011100
3100 0.872430760182 101111010010001111100011111111110011000101110111010101010011111110011100101010111101101011110110011110111000101010011101110001001101000100000110101110010110010111100001100001000100110110111111001110001000101010010001101010011111101110110001100110110100111101110001101010110111001011000011111000010011111110101101011001101111101000110001010100101011111111000001101011101110011011110011
3200 0.872284066624 001110011010100111000011111111010010000101100101010101110001111100010100111110111100001001100110011110111011100010111101110110000111000010010110101111001010111111101011111101001110010010101110010010000000101110110001101111010100100011111001000100110000101110110000001001110011101011011101100100011011111110001001010011111011100000110111011110101011011111101101001011100111100010011100
3300 0.872405429124 001101110010000110110111101001001010110100101111010101110000011100110101111010111101111011100110011110111010101011111001110101101101100011110010100101010110010111100001100001100110010010101110110110111010101110110100101010011111100111011001001100010010101110100000101011100011000010001101100110000111011100001101010111101011100001111011011110001001011101100101001111101010111010011100
3400 0.869117375604 100100010010101111000001110001111111101101110111010101111011111100110101111010011101011011110100111111111000110110111100100111110101010110000010001101010001010111101001101001000110100110111011011100111111001100110000101111011111101110010001111000110001100101000000101011110111010010001000100000010101100110000100001011011001100000110000011100001011011111101101101111111111000111111100
3500 0.869181904538 000100010010101111000001110001111111101111110111010101111011111100010101111010010101011011110100101111111000110110111100100111110101010110000010001101010001010111101001111001000100100110101011011100111111101100110000101111011111101110010001111000110001100101000000100011110111010010001010100000010101100110000100011011011001100000111000011100001011011111101101101111111111000111111100
3600 0.87250210119 001111110010100011000011111011001111100100101101010100010000111000110100101011001111111001100110000101111110111010111101111111111111110010010010100110010000111111100001101101011111110110101111111000001010101010110000101010011011100110101011111100001000111110110000101111110101100111101110101010011011101110001001011011111111100000111010101100000010111101001100011110001011110010111111
3700 0.870508124878 000101110010111011000001101001000111101101100110010101110011101101010101111000010101101001110100011110111011111110110101110111110101010110000110101110010001000111101001111001000110100110100111011111101010101100101010101111010101111110010011111101100000100101000000101011010011011010001010100001001001101110010110011001011001100000111010011100000011011101101101101111001111010010111100
3800 0.873296198448 100111111011001110100011101011101011110100100111010100110000111000010100101010011101001010010111000111111111111110111101100100110110010011101000011110100101010111100001101011000110100011111101111010101010111111110000100111010111101110000001111000110000101111100000101011111100110010001111100100010111011010000101000000010111100100111001011110001111010101101000000011010110010110111111
3900 0.871380221638 100101111010101111000011111001100011110010100010010101110000101000011100101000011100001010110110011111111110110100111101000101111110110110100010011110100101010111101001101011000111100010100111011011001010111011110000100011011111101110010111111001111000100111100000001011101100010011001111101000010111011110010111001001111111100100111010000110001011011101101000100111011110010010110101
4000 0.868869664282 101101011010101111000011100011100111100010110011110101110000101110000100101101011100001010100110001111111110110100111111100111111100110110100010011110110011010111100001101011100111110010000111010110001010101110110000101010011101100110011111111001110000101011100000001011110000000011101010111000000111011100011101101001111111100110111010100110101011011101101100101111011110010010110110
4100 0.869765221622 001101010010101111000011100011100111100010100000010111110000111111000110101111011111001000100110001111101010111100111101110101111110110010100010001110110000110110000001111011110111110110100111011011101010101110110000101010011110100010111111111100110000101101000000001001111001000011001111111001101110001100011101101001111101100100110010100100100001010101111101101111011010010010110111
4200 0.866698111267 001100111011001110000111100011101011000010100011000101110000101010010100101111011111101010110110001111111110110100111101110101100100110010100111001110110000011101000000101011110111110010101111010110101010101110111000101011011101100011111111111100100000101001100010001001111011000011101110110000111110011100010001101101111101100100111010100100011011011101101001101011001111010010111110
4300 0.868511154377 001100111011001110010111100011101011000010100011001101110000001010010101101111011111101010110110001111011110110100011101110101100100110010100111001110110000011101000000101011110111110010101111010110101010101110111000110011011101100011101111111100100000101001000010001001111010000011101111110000110111011100011001101100111101000100111010100100011001011101101001101011001111010010111011
4400 0.868644438517 001100111000001111000101101011101011001010110011000100110000101000010100111111011111101010110110000111111110111101111101100100100110110010100011011110000100010101010001101010110111110010101101011011101010101110111000100111011111110011011011011100100000101011110001001001111011000011101011111000111110001100011101101001111101110100101110001100011001111100101000101011001111110110111010
4500 0.869400452051 110100010011101111000001101011111111010010100011000100110001011100010100101111011111110010100111100110111111111011111101010011100000010111000110101110001000010111010101001011110111110110101101011110101010001110111001100111011011100111111111011000100010001101100000011001111011010010101111111100110111001100010001001000111101100110101011100100011011110101101000101001001111010110011110
4600 0.869994955135 011101110011101100000111101011111011110010100011000101110000110011010100101101010111101101100110101101100110111110111001100101100111110010100110001101110000011011001001101001010001110010101111011000101010101110101001001010011101100111111111111100101100111100010000001001101011110111001111101000110111001111010100101001011101100100101010110100001011011101101001101111001010001010111010
4700 0.872070499891 001100110011100110000011101011101111110110110011110101100010101110010100111011111111101000100100101101001100111110110101100101111000111110001100011111110101011110000000101111110111110000100111011100101010101111101000101010010101100111100010111100101001101001110010001011101000010011111111101000010111011110011100001100111101100100101001000100011001011111000111101011001111010010111010
4800 0.872220002987 000100111010101110000111101011001111110110100001110101001010111101010100111011111111101000100110101100001101111110110101100011111100110110000110001110110100011110010100101001110011010010101101000100101010101111101000000010010101100111101011011100100000100001100000001011101000010011101111111001110111001110010100101000111101101111111011010100011001011101001101101011001110000010111010
4900 0.870643714275 001101111010101110000111101011101111110100110001110001101001111100010100111011111111101000111111001110001101111110110101110011101110110110000101001010111101110101000000101011010011010010101101010100101010101110101000101010010101100111001011011100100001100001110000001101101010110110101001111000111111101110010100011001111101001111010011011101010001111101001101001011001110000010101010
5000 0.87129758206 001100111010101111000111101011101111110100111010110101000010110111011100110110111100111000101110000100001110111110100101110011110100110010000111001110110100111101011100001010110111010010101101010110101010111110101000100010010100100111010011110101111000101100100000001010111110010011101011111101110011011110110001100111111101111111101010100100110001000111110000101011011110000010111000
5100 0.873063827941 011100110010001111011101100111111111100110100000010001111010111100010110011111011101101000100010111100011110110100111101100011100100100110100010011110101100011111111001101111010111110010101111110100111000101111100001101000010001100010100101111000000001110100100110101011111010111010101111011010100011001110011100111100111101100101101110000101001011011101101100100111001110010111111110
5200 0.870656161473 001100111010101111000101111011110111100110010001111100000001110110010110101011101111101000101111111010011110111011110101110011100110010111100101011110111101000111001000110101110111010110101101011100101010101110101000110011010101100110001111011100110100101100000000001001111110010100111111101101111101111110010101101010111101000010110010010100110001011101001001001011001110010100011000
5300 0.872046578629 011110111011101111000101111111110111101000010101111100000001110110110101101111110011101000101101111010001101011000010101101011100110110111100101011110101101010111001000111101010111010110001101010100001111001110100010110011011101100110001011111100100100100000010000001001111110010111111111101101111111111110010100101011111101000110110011010100110000011101000000001111001111000010111000
5400 0.86789278823 011100111011100111100100101111111010100101101011111101101011010100110110111011101110101100101100011000011110100110010100110001111101000110100111011011101110011111001011101011000111110010111111010110101000101011101000110000010101000010110101110100000100100100100000101011111000010110001110111100110101011100010101111111111101000111110011110100000000001101010000101011010110011110111010
5500 0.870784265522 111100111010000011000100101111110011100010011001001101111001110110010101111010011011101001111011001110001110011010110111100011101111110111110111001110101000010111001000101011110111010111001101110100100011100010100000111011011111000110011100110100010100111100110000101001101110010111101111101110110000110110011101100011101001100100110010010101100001101111100000001111001111000010010000
5600 0.869994510578 111100111010000111100110101111100011100010111011010101111001110110010101111011011011101011111011101100001110011110110111101111101101110110110111001110101000010101001000100011010111011111011101110100100011100011000000101011011011000110011011110100000000111100110000001001101110010111101111101100110000110100001100100011101001100100110010010101110111001111101001001111101111000110010000
5700 0.871011540448 000100110011001001000101101110001011100000110011011101101011110100010100110111000111101000111010011110001110010011110111000011000101010111101111111000101101001101111000101111011111010110101111010110110011101010110100011010011011000110010101011100100001101000010010101001111111010111111111101101110001010011111101101011111001100100100111010101001010011101000100001111011111000010110011
5800 0.871632400772 011100111011001000000101111110000011100101110011101101111010010100010100111110000111101000101010011110011110110011110101110011000101010111000101011110101001011111101000111011011111110110101101010000101010101010010100011010011001100110011111111000000000101000010010001001111011010101111111101100111001100010111101111010111001100101110111000101010010011101010001001111101111000110110001
5900 0.868873800658 001100111011000101110110101111000000100110011011000110011111110100010001111111011111101011111000100000001011111010010101110111111101010110101010011110101000010101010000101011111011010111101101011100111101101010011000111010010011000110010111111100000001111100000000001101101011010111001111101100110101000110010101110111101111100101110010110100010011101101001011001111001111000010111101
6000 0.871055352651 101101110011001011100101101110001010100000110011101100101011111110000100111010010011101001110001011111111100110110100111100011100111010110110111001110101001111111011000111111011111010111100101010100011000101001110001010111011111100010001101111100011001111000010000000001100111010111111011101100111100111110111001010011101001100100110011010000010011001101001100101111001111000110110000
6100 0.873420379392 001100110011001011100101101011000011000000101011110101111010111100001100110111000011101000000000001110011101010011100101110011001101010111101111101110111110111111010000101011010111000111101111110010110000111010110101001010011111101010011011011100001000010100111000001101111111011111101111101101111101011100111101000111111001100101110111000100001101111101101001001111001111000110110000
6200 0.872816937068 010110110011101011110101100111001011100010010011100111111011111110000000110011010110101010100011000010011010111111100111100111100011010010100110001010000101011101011000111111010111010101100101011100111010101010111011010010111111100111011111111100000000011100100000001000101111010110111111101101110001101110110101111111111001100011110010010000011111111101001001101111110010001110010000
6300 0.871744002634 001110110011101001010001101101000011100010000001100111111011111110000000110011010110100000110011000110011010111111110101100011100111010010100110011010100100111101111000111111010111010100101111001100111101101011101101010110111111101111001111111100001000001100100000101001001111010010111011101001110001111110110001111111101001100000110010011000011011010111001101101111111111001110011100
6400 0.87256087948 110000111010101001110101101011101001100010101011110101110011111111010100010110011111101000011011011110010001010110100110110111100100000110101111011110101100111101111000101110010111011010101111011100000111111010110010110111111110000111001111111100100100100100110011001010100111001111101111101100110001001110111101101111101001100100010000010000111011101001001001101111001000000010010110
6500 0.87187537255 001111000011101100010111001111110001100110111111111001111010011110110100111011111011111000101001001110010100011111110100110011100100010110101110011010010110011111111000101010011110010110101011011000000110100010110001101010001011001110010111111100111000111100011010111101111111010010101101101101111001001110011101100110111111100101110011011000010010001001001101101111001111000010100100
6600 0.872499176453 001111000011111100010111001111110011100110111111111101111010011110110100011011110011111000101001001110000100011111110110110011100100010110101110011010010110010111111000101010011110010110101011011001000110100010110001101010011011001010010111101000111000111100011010111101111011010011101101101101111001001110011101100110110111100101110011011000010010001001001100101111001111000010101100
6700 0.869973966053 010101011010001110000101101111100111110101101011100101001011111110001100111100011101101000101111001100010110111110110111100111001110000011010111001100001101001101111001101111011111100000101101001000100111100010110000010010010111000110011111101100100001100100110000001011101111010111100111100101111001111100011000100011111001100000110011110101111011100100111101001111011101000110111110
6800 0.872016965009 010101011010001110000101101111100111110101101011100101001011111110001100111100011101101000101111011100010110111110110111110111001110000011010111001100001101001101011001101011011111100000101101000001100111101010111001010010010110100110011011101000100001100100110000001011101111010111000111100001111001111100011000100011111001100001110011110101111011101100111101001111011101000110111110
6900 0.870087612523 110101010011101100010101101111101011100100101010001101111011011111000100111010011101101000101001001100011110011010111111100111101111010011111111001000100101011101111001001011011110101010101100001100100101111100110000000110011010101110011111101100100001101010010001001011100111010110100111100100100001101100011000101111111011100100110011010101011101101101111001001111001101000110111100
7000 0.868968385975 100111010010101011010101101111101011110110101001101101111011001110010100111000011011101001101101001110001110011110110111100101100110010111100100001100010000011101001001111010011111010011101101011100110101110011110001000100011111011111001001111000001001011000000000101011101111010110101111101100010111101110010001110011111001000110100010011101011010111101111001101111011101000011111100
7100 0.871562504437 011101011111001101000101001111111000100100110001100101101011101110110100111111011110001000101101101100010110111110110011100111101111011001110101001000101100011101110000100010011011101001101101010000000111101010110001011001011011001110110011100100000001011100100000101111101111010010111101101111110101001100010100111110110110100110011011010101011101101101110001101111011111000010011111
7200 0.874001035546 001101011011001101001111001111100010100100001011100101101011101110111100111000011110001001101101001100010110101110110111100111101101111001100101011001100000011111100001100011111111100000111100011100110111101010110111001111011111110110111011100100000001111100000000101011110011010110001001001111110001001100111100100111111111100110100011010101011100101100101001101111100111000110011110
7300 0.874224641368 111101110011101010100111111111100111100000110001101000101001001100110101111011011101101001100100101100010110111110110101100111100101000111110011001010100100011011110000001110011011011000111101001100100111111111101001001010011011001110011111110100010111001000100000011011111111010010110101001111100001001111010101001111011001100101100011010101011001011100110101001110111101000110101110
7400 0.871302683515 011101111011000011000101001111111000000110101011100111100001011110000100101000011011100110101011000101011110110110110111101011101100011011100111011110000001011101111000001100111011011000101111010100001011111111101001110001111001001110111011111100111000111000100000101111101111000010101111101101110111011110010000111110110011100111110001010100011001110101011000101111010011000110111110
7500 0.868785587278 111001011001001111100101100111111011100111111111100110110001111110011001101001111000101000101111000100011110110110110101111111111100001010101011001110000101111110100101101000111011011011101001000100100111001110010000101101011001001110111011111100100010111100100000101011110110001011101111110100011001000110010001101101110100100010110001110100011011001001011100101111001111011110111110
7600 0.869647543286 111110010001001111110101100110001010100111101111100010111011101110010000111001111100101000101111100001001111110110110101110101110100000010101011001110010101011110100101101100110011011010101001000100000110011100110001111110011101001110111011111101100010011100100100101011111111010011101111100100011101000100010100101111110101100100111001010100010011001101001110101111001111011110111100
7700 0.873358816825 111110111111100111000101001111101010100111011111000100111011101110010001111001011100101110101111100111011110110110110101011111110001000110110011111110011100011111100101101100101011011000101001010100110010111111000001111110011101001111111011111100101000011001100100101011011111010010101111100100011100001110010000101011110101100100111001000000010011101101111010101111011111000110111110
7800 0.872484017178 111001111110100111000001101100010110100111111101000101111010111111010000111000011101011010100011000110011110110110110101011111110101001111110011101110011100001111100001101100111010111110001001000110010011111010010001110111011100100110111111111100101100011100100100100111011111011010011111100100110011001100011000001001111100110110101001100000111011001101111010001111011011100110101100
7900 0.874147365607 111001111110001101010101111100010110100110111101001110101010111111010011111001011101011010100011101110111111111110110101101111100100101111110011001110011100101111000001101110101011011010101001000100000001101010010001100110011101100110111001110100101110111100100100000011010111011011001111110100111001000100010000011101111100100110111001110000111011101101110011100111010011111110101100
8000 0.873963707078 101001011011100110000111111110001011100110010010000101011001101110110000101001111010011000000111000010001110110110010111111111110101001011101111101010010110111101000011001011110011110110101001011110000111000111001100110011011101100110111111100100110110011110100100101011111111001011101110111100111001101110010000111011100101100110111010100100011001101101111010101111010011011110111100
8100 0.872603254038 111100111011100010000111101110001011100110011011001101001000111100000110001001011000011000100111000110011111110110010011111111110110101110101101001000000111011110000001101000111011111110101001011110000010000110011101110110011101000110111101111100111111111110100100101011111111011010101001111100110001101110011101011111010001100100110010110100001011101111111000101110110111011110101010
8200 0.872152550467 001001011010100111000101101110011011100110100010000111011001000010110100101001100010011000000111000010011110110010110111111111110101000111101110101010010111111101000011101111110011100101101101010100100111110110011100110011011101100110111111100111110101011100100100101111111111001011101110100100111011001110111000001001100101100010110000100000011001101101111100101111010011011110111100
8300 0.87148750882 000111010011100110000111101111011010100101011111001100111001111100010110101011011010011010000111000110001110111101110001111011110101100110101001101000010110011110100011001001111011111110111001010100001110001010010101011010011101100111111111111000010100111110000100101001111101011111100110011100011001101010011101101011001101110111101010110100001111101101101000101111110111000010111000
8400 0.869902584541 011001011011101010001001101111011011100100011100001101110001001110000100101001011110001010100111011110001110110010110101111111110101010110111011101000010101000000010011101110111110110011101001011100001110001000110000111110011101000110011011110100110110111110100010101010111100011010001101111100010001101011011001000111110101100110110011000101011001101101101000101111100011011110111001
8500 0.87037545628 011101101010101011110001100011011110110111011101011101101010101110000111111001011100101001000111001110110110110100010011111000010100011110101111001010010100011111100001101010111110010010101101011110010000000110011000110110011111100100101111110100101111111110100000101011110111011010101001111000010101101110001100001111000101110110000001011100011111101101110100101010000111010010111110
8600 0.871695666739 011101111011101011001101101000111011100110001010001101100011101110000101101000111110011010101110001100111110110100100111110111100101000110111011011110000111011010000111101110101111010011000011011110011101001011101001111110011111000110001011011000110001111100100000101011110101001011101001111101110101101011011000001111110101100100101001010100011001100100001010101111100111010110101010
8700 0.874084129324 011001011011100010010111000111011001100111101111101101101011101000010100111000110010011011010101000110000110110111110101111101111101010110111111100110000110011111100001111110111111110111101000010100000111000010110001000110111111010110111110111000111011101111110000101111011001011010101101111100110101100010100000000100011001100110111110010100001011101101110000101111100011011110111100
8800 0.872589089804 001001011011000011010111000111001001100110111111011100110010101000010100111010100010011111000100010110000111111111110101011111001101010110100111101111000100010110000001101110111111110111101001010000000011000010010101010110111101110110011011111000101111001100110001101111101001011011100101110100110101100110100000000111011111100110111010010110001001101111011010101111100011010110111100
8900 0.875544855623 001001011011000011010111000111001001100110111111011100110010101000010000111010100010011111000100010110110111111111110101011111011101010110100111101111000100010110000001111110111111110111101001010000000011000010010101010110111101110110011011111000101111001100110001101111101000011011000101110100110101100110000000000111010111100110111010010110001001101111011000001111100010010110111100
9000 0.874125424827 011100011011101101110111110111001001110100101011000101100001101100000100111010100110101110000111010100100111110111010011111110010101010111101011111111100100110111000000101110111111010111101001000010010000000110010101011110011101110110111001111000101101111110110001100101101101111011000001110000110001100110100100000101010111100110101011010100011011101111111010101111100011010010111100
9100 0.871621038562 000001111011101001010100101001101011101010110101111110111011101010000111101011101100011101101111000110110011110111110001101111101101000111101111001110000110011100100001101101011111010111101001110010100111010010111100010110011101100010010101011100110100101111110001000011111101011000101011100100011011010010010000010101110111100110101011111100011001100101110000101111011011010010111100
9200 0.872860703292 001001111010100001010100100001101011101100101101011100111111101010100101101010101000111101001111000110110011110111110001101111101100010110100111001111000110111110100001101111110111110011011001010010100111010010111101010110111101110010111101011000010100101110110001000011111101001010000101101000110001010010010000011111010111110110101011110100011001000111010000101101011011010010111100
9300 0.870926907069 001011111011101101111100101101101001000110110001111000111000111010000110101010101110011101110110000111110011010011110001101111110101110111110011101111000100011110000011100111011111010111101001110010100111000010111000010010011101100010011101011000100000101101110001100111111101011100001001110000110001000110010000011101110011100111101110011100011001000101100000111111000011010000111100
9400 0.873582712806 001100111011101001100100101101011001110110100001011100110011101000101000111000101110111011000111000110010111011111110101111111111101010110111111101110100110011101110111101100110111110010100101011110110110001010010000010110110001110010011010011000100100101110100001101111011101010011001001101100110001110010011100001101010111100100111011110000011011010101011000101001011011011111011000
9500 0.868157298441 001101101011001001100101101111111110101110010001011101101011001010000101100010111100010101010011000100010011000111110101110101100101100110111011001110100100111111100001101101011111010011101001111110001101100010111000010110111101100010011110111000100010101101000001101011111000011000001001100000011101011011010101011101110111100011100111111100011011000101100001101101000111011010111100
9600 0.870202044833 001101101011001001100101101111111001100110110001011101111011001000001100000010101110001111110111100110010011000010110101110101100101010110111011001111100100101111110000101100011111000111101101110110001111100110111000010110101101100010011110011000100010101101000001101111111001011000001001100000011100111010010111011101110011100000100111110100010011110101000011101101101111011110111110
9700 0.871511706163 001110110011101000010101100101111011100100101111010101010001101010000100101000111101110111100011000110010111100011110101110101000111110111100101001110000110011110100001101100001111110011110001110110011101001010110000010110010101100010011111010110100100111100110011101011111101011111001011000101011001010010111100001101110101000111110111011100111011000101111000101101000011011011110100
9800 0.872704952978 001101011010000001110101101110111100101110011010011000101001111010000101101010111110110100010011000110111111111111110101111111100101100111111111001110000101010111100001001110010111111011000001110110001101101011110000010010011001000110000000111100100101101101010001001011111101011001001011000000010100101011011100011101110001111111110111111100001011000101111101100001000111010010111100
9900 0.873772982186 001110110010111001110101101111110111101101111111011101111010111000100000101000101101100110010111100010010110100110100101111111110001100110101101001111010010011111100000101011111101010111111001111010001110101011110100010110101101100010011001011000100000101100010001101011111100011000001111101000011001011011000101001010111111110011110111111100111011110101111001101001000111110011110101
10000 0.873119707749 001100110011001101000101100101111110101110010101010001101001101010111000101010111110100010011111000110110111101111110101110110110101110111101111001110000110011111100000101001101110110111101001011110001111101011000000110010011101000001011100011000100100111111100011101011111111101000001000000101011101010010011100111101110100000011111111011100011011010101111011101011000111001000111000
10100 0.874060191738 101110110011011001100001001110011101100011011011010101111010101010000100101000101100101111000111000100010110100110110101110111100111100110101101001010100111011111100001011100001011010111101111110110001110001010111000111110101101100011011011011100100100101101110001111010111101100111101011101000011001011110100100101100110111100011110111011100111001001101101000101101000111111110110100
Mejor resultado: 0.866698111267 001100111011001110000111100011101011000010100011000101110000101010010100101111011111101010110110001111111110110100111101110101100100110010100111001110110000011101000000101011110111110010101111010110101010101110111000101011011101100011111111111100100000101001100010001001111011000011101110110000111110011100010001101101111101100100111010100100011011011101101001101011001111010010111110
