200 0.933279973846 001000101000001101100111111011110010111110111001111111010111101011000110010011111100110111101101001110101001011101110111101001011010111100110010111110111011111010000000110000011111110011000111010100001001110111110000011011001111101000110101010101110011111101011110000101011100110001011111111100111000100110001000001100110011111000011110110010011111110010110011100110011011110011111110
300 0.920160222993 001001111000000101100100101011101111110110011001010011011111111011110111110111101001110001001101001110101001001111110001110011111111111100110110111100001011101100001001111111001011100011000111010100100001110010110001011110011111100000111101110110110010011101001011010011111110110101011111111101111000100110100110011100100011010011011101001010001111111011111001100110011001110011101110
400 0.911356819649 001100111010111101100110111111001111110110011001000011011011010000100111110111001101110000001101110010111001000101010111110011110111111101110110111110001011101110101001101111111011000101011111110100110001101001010001011100101111100000110101100101101010011101111101010011111110110100011111111001111000100110100000110101100110110011011111000011100011111101011011100111011101110010111111
500 0.901386067184 001010110010111100000110111111001011110101011001010011011011010010100111110011111101110000001101011110111001000111110101110011100110111101110111111100101011101111101001001111011111000001011011111100111101101101110001001110101111100100110101100110101010011101101001000011101110111001011111111001111000000100101010111101100010011001111111000011101011111101011001100111011101110110111001
600 0.894947253846 001011010010101111010110101111101011101101101001011111010111010010010110110010111001111101011101100101100111011110110011101011100110100100111111111110011000011111101111111101011101010001000111111100010101100110110001010110100101100000111101010010111111100101000101001011010110110001000101111100111100110110101000011101110100011010111011110010111011111011101011101011111011110110011111
700 0.888842385831 001110011010100111000110111011101010001101101001010111010001011000100111110110111001110000000101011100111111011111110101101111101100110110111111111100100010111011101101011101010111010001011011010100011101101110110001011110010101100000111101111010101010011101100001001001010101111101010111111101111100000100101101011101100110111011111111011111101011110001011000101111001001110110011101
800 0.886477372217 001100011010101110000110101111101010011101001011010111010011011000100111110101011101110001000101010110100011110111110101111011110100110100111111101110000010111011101001111101011111000011011011010100011001101110110001011110111001100000011101101010101110001101101001001001110101011101010111111100111100000110101101011100100111011011111111011111101011110010111000101111011001110111111100
900 0.884923066076 001100111010101111000110111111111010101101001001010111010011010001100111110101111001110011000101010110101011110110110101111011111100110100111111001100000011111101101001111101011111000010001011010100111011101010110001011110010001100100111111111010101010001101100001001001011111011101011111111101011100000110101100011101100111011011111111001001101111110010100000101111001001110111011100
1000 0.880701718639 001100011010100111000110101011101010101101100011010111010111011000000111110111011000110010000100010100101111101110110101101111100100110111011111111110001011111011001001111111000111000010001011010110011001101110110001011010010001100000010101111010101000011101100001011101110110011101000101111101111100000100101101011101100110011011111111010111111011110101011001101111001001110110111101
1100 0.879773744697 001110011010101110000110101011111010101101100001110111010111011000100111110111001000110011001101010100101111101110110101101011100100110101111111101110110011111011101001111111010111000010001011010000011001101110110001010110010001100010000101111010001000011101100001001001110111011101000101111001111100000100101101011101100110111011111111001110111011110100011001101111001001110110111101
1200 0.876795938532 001100010010100110000110101111001010100100101001011111110011011010100111110001111101100011000100010100110010111110110001101011101111110110110111101100110001110111101001111101011111000011010101011000011111101110110001011010110001000000111101101010101001001101000001001001110110011101001011111101001100101110111100111101100110011010111111111110101011011101011001101111001001010110011100
1300 0.873708559925 001010011001100111000110101111111010101100101011010101110011011000100110110000010101100011000101010100111111111110110001101011100111110111110111101110010001101101101001111111001111000010010101010110110001101010010001010110010001000100011101111010001000101101000001001011110101011101000111110101010000001111111000111101101110010010111111001111101011110011111001101111001011010110111101
1400 0.872589914191 001100011010101111000100111111001010101100100001010111111101011010000110110101110001110011001100010100101111110110110101100011100101110110111110101100001001101011101001111111010111000010000011010000011001101110110001010110010001100000011101011000100010001101110001101001110111011101000001111000111100100110101000011101101111010011111111001101111011110111111000101111001011110110111101
1500 0.871609117327 001100011010101110000100111111001010101100101011010111111001011010000110110101111001110011001100010100001011111110110101100011100101110110111110101110011001101111101001111100010111000010010011010010010001101110110001010110010001100000010101101000100010001101100001101011110110011101000001111000111100100110101000011101101110010011111111001111101011110101111001101111001011010110111100
1600 0.870301845223 001100010011101111000100111111001010101100100001010111110110011000000110110100111100100011001111010100101111110110110101100111100110010110101111101100000001101011101001111011011111000010001011010010011010101110110001010110010001000000101101111000101010101101000001101011110111011101000001111100101000100110101000111101101111011010111111001100111011111111111000101111001011110110111101
1700 0.867016979816 001100010010101111010100101111001010101100100111010111111010011000000110100000111101100010001101010100101111110110110101110011110111110100101111101100000001101011101001111011010111000010001001010010000010101110010001011110010101000000001101111000101011101101100001101111110110011101011001111100111000100110101000011101101111010010111111001101111011111001111001101111001011010110111101
1800 0.865721193922 001100111010101110000100101110101000101100100011011111110010011010100110100100111101110010000101000100101011111110110101100011100111110110110111111100011001101111101001111111010111010010000101010000100011101110010001011010010001100010011111111000000001001101100000001011110110001001010011111101011000101110111001011101100111010010111111010100101011101001111001101111001011010110111101
1900 0.865236542134 001100010011101111010100101011001011101100100101010101111011011000000110110100111101100010000101010100111111110110110101110011100101110110110111101100000001101011101001111011010111000010000001010110101010101110010001010110010001000000001101111000101010101101100001101111110110011101011001111000111000100110101000111101101111000010111111001101011011111101111000101111001011010110111101
2000 0.864771969691 001100011011101111010100101111101010101100100101010111110011011000010110100000111101110010001101010100100101110110110101100011100111110100110011101110011000101111101001111001010111000011001101010010000111101110010001011010010101000010010101111000001000001101000001101011110110001101011001111110011000100110001000011101101110010010111111011100111011111001111001101111001011010110111101
2100 0.863062438964 001100010010101110000110101111011000101100100011010101101010011010000110100100110101100010000100010100101111110110110101110011100100110110110111111100000000111111101000111111000111000010001101010010000011101110110001011010010101000010011111111000001001001101000000101011110110001001010011111100011000101110111001011101101111010110111111010100101011110001111101101111001011010110111101
2200 0.86191951395 001100011011101111010100101111111010101100100111010101110011011010110110100000111100100010001101010100101101110110110001100011100101110100110111101110000000101111101001111000010111000010001101010010000110101110010001010010010001000010011101111001101000011101000001101011110110001101011011111010111000100110101000111100101111000010111111010100111011111101111000101110001011010110111100
2300 0.860682627107 001101010011101111010100101111001000101100100001010101111111011000000110100000110101000010001101000100111111110110110001100011100111110110110111101100011000101111001001101011010111010010000101010000000011001110110001011010010001100110111111111000001001001101000000101011111100001101011011111100001000100110101000111101100111010010111111010100111011111101101000101111001011010110111101
2400 0.858212995933 001101010010101110000100101111101010101100101011011101111011011000000100100110111101100010001101010100101000111110110001100011100101110110110111101000011000111111101000101011000111001010001101010000100011111110010001011010010101100010011101111000101000001101100001111011111100000101001001111101001000001110001000011101100111010010111110010000111011011101101001101111011011010010111101
2500 0.85821040327 001101011010101110010100101111101000101100100011010101111111011000000100100010111101010010001101010100111010110110110001100011100101110110110111101100010000101111001001101011010111011010001111010010000011111110110001011110010001100010111101111000001001001001000000101011110110001101011001111100011000100110111000111101100111000010111111010100010011101101111001101111011011010010111101
2600 0.856377998995 001100010010101111010100101111001000101110101011011101111011011000000100101010111111100010001100010100111010110110110011100011100101110110110111101100011000101111101001101001010111010010001111010000000011101110110001010010010001100010111101111000001000001101100001101011111100001001011011111100011000101110001000111101100111000010111111010100111011101101101001101111001011010110111101
2700 0.856029583961 001101010010101111000100101111101000101100101001010101111011011000010100100010111101100010001101010100111111110110110101100011100011110110110111101110011000101111101001101000010111000010001101010000000011100110010001011010010101100010011111111000001000101100100000101011111100001101001001011100001010001110111001111101100111010010111111001100101011001101101001101111011010010110111101
2800 0.855071498692 001101011010101111000100101111001010101100100001010101111111011000000000100110111101100010001100000100111110110110110001100011100111110110110111101110011000101111101001101011010011000010001101011000000010011110010001001010010101100010111111111000000001001101100001101011110110001001001011111100011000100110101000011101100111000010111111110100111011101101111001101111011011010010111101
2900 0.853115424505 001101010010101111000100101111111000101100101001010101111011011000010000100000011101100010001101010100111010110110110001101011100111110110110111001110001000101111101001101011010111010010001101010000000011000110110001011010111101000110011101011000001001101101100000101011110110001001011011111100011000101110111000111101000111000010111111010100111011001101101000101111001011010010111101
3000 0.853170280392 001101011010101111000101101111001010101100100001010101010111011000000000100010111101100010001100000110111110110110110001100011100111110110110111101110011000101111101001101011010011000010001101011000000010011110010001001010010101100010111111111000000001001101100001101011110110001001001011111100011000100110101000011101100111000010111110010100111011101101111001101111011011010010111101
3100 0.852650712913 001101010010101110000100101111001000101100000001010101111011011000010101100010111101100010001100000100111110110110110001100011100101110110110111101110010000101111100001101011010111000010001101010000000001101110010001001010011101100010111111111000001010001101100000101011110111001001111011111100011000101110001000011101100111000010111111010100111011101101111001101111011011010010111101
3200 0.852459341994 001101010010101111000100101110001000101100100001010101111011011000010001100010111101100010001100010100111110110110110001100011100111110110110111001110011000101111101001101001010111000010001101010000000010001110010001011010111101000010111111111000000001001101100000101011110110001011011011111100011000101110011000011101100011000010111111010100101011101101111001101111011011010010111101
3300 0.850630534737 001101011010101111000101101111101010101100100001010101011010011000000000101010111101100010000100000100111110110110110001100011100111110110110111001110011000101111101001101001010111000010001101011000000011001110010001001010110100100110011001111000001001001101100001101011110110001111011011111100011000100110101000111101100111100010111111010100111011101101101000101111000011010010111100
3400 0.849712991657 001100010010101110000100101111101001101100101001010101111010011000010000101000111101100010001100000100111110110110110001101011100111110110110111001110001000101111100001101011010111000010001101010000000011101110011001011011011101100010111011111000000000011101100000101011110100001011001011111100001001101110011001011101100111000010101111010100111001101101101000101111011011010010111100
3500 0.849454074969 001100010010101110000100101111101001101100101001010101111010011100010000101000111101100010001100000100111110110110110001101011100111110110110111001110001000101111000001101011010111000010001101010000000011101110011001011011011101100010111011111000000000011101100000101011110100001011001011111100001001101110011001011101100111000010101111010100111001101101101000101111011011010010111100
3600 0.849130093171 001100010010101110000100101111101001101100100001010101111010011000010000101000111101100010001100000100111110110110110001100011100101110110110111001110001000101111100001101011010111010010001101010000000010101110010000011010011101100110111011111000000010001101100000101011110100001011101011111100001001101110011001011101100111000010111111010100101001101101101000101111011011010010111100
3700 0.848398704261 001100010010101111000100101111101011100100100001010101111011011000010000100000111101100010001100000100111110110110110001100011100101110110110111101110011010101111100001101011010111000010000111010000000010101110010001101010011101100010111011111000000001001101100000101011110111001011001011111100001000100110001000011101100111000010111111110100111011101101101000101111010011010010111101
3800 0.847761346583 000100110010101110000100101111101010100100100001010101111011011000010000101010111101100011001100000100111110110110110000100011100101110110010111001110011010001111101001101001011111000010001111010000000010101110011000001010011101100110111011111000000000011101100000101011110111001011001011110100011001100110001000011101100111100010111111010100101001101101101000001111001011000010111100
3900 0.847541170848 001101110010101111000101101111101001100100100001011101110010011000010000100010111101100110000100000100111110110110110001100011100101110110110110001110001000101111101001101001010111000010001101010000000010101110010001001010011101100010111001111000000001001101100000101011110111001011001011111100011000100110001001111001100111100010111111010100111001101101101000101111000011010010111101
4000 0.848311694689 001100110010101111000101101111101001100100100001010101110010011000010000100010111101100010000100100100111110110110110001110011100101110110110110001110001000100111101001101001010111000010001101010000000011101110010001011010011101100010111001111000000011001101100000101011110111001011001011111100011000100110001001111001100111100010111111010100111001101101101000101111010011010010110100
4100 0.846937679953 001100110010101111000101101111111011101100100001010101111011011000010000100010111101100010000100000100111110110110110001100011100101110110010111001110011000101111100001101011010111000010001101010000000010101110010001000010010101100010111011111000000000001101100000101011110111001011001011111100001001101110011001001101100111000000111111010100111011101101101000101111000011010010111101
4200 0.847334916493 000100110010101111000101101111101000100100100001010101111010011000010000101010111100100010001100100101111110110110110001100011100101110110110111001110001000000111100001101001010111000010001101011000010010101110011000001010011101100010111011111000000010101101110000101011110111001010001011110100011001100110011101010101100110000010111111010100111011101101101000101111000011010010111100
4300 0.846932734942 001100110010101111000101101011101000100100100001010101111010011000010000101000111100100010001100000111111110110110110001100011100101110110110111001110001000100111000001101011010111000010001101011000010010101110011001011010011101100110111011111000000000101101100000101011110111000011001011110100001001100110011001011101100111000010111111010100111011101101101000101111000011010010111000
4400 0.847299495902 000100110010101111000101101111110010100000110001010101111011011100010000101010111101100000001100000101111110110110110001100011100101110110110111001110011000001111100001101001000111000010001100011000000010101110010000001010011101100110111011111000000010001101100000101011110110001011001011111100001001100110011100010001100111000010111111010100111011101101101000101111000011010010111100
4500 0.846280920248 001100010010101111000101101111111010101100100101010101111011011000010000101010111100000010100100000101011110110110111001100011100101110110100111001110001000101111100001101001010111000110001101011000000010101110010000010010011101100010111011111000000000001101110000101011110110000011001011111100001001110110011101011101100011000010111111010100111010101101100000101111010011010010111100
4600 0.845546136484 001100110010101110000101101011101011100000100001010101011011011000010000101010111100100010101100100100111010110110110001100011100101110110110111001110011000001111100001101001000111001010001101011000000010101110110001011010010101100110111001111000000000001101100000101011110101000011001011111100011000101110011101111101100111100010111111010100110011101100101000101111001011010010011000
4700 0.845550522277 001100010010101111000101101111111001100100100101010101100011011000010000101010111101000010001100000100011110110110110001111011100101110110100111001010001000101111000001101001010111000110101101010000000010101110010001010010111101100010111011111000000000101100100000101011110110000010011011111000011001101110011101011101100111000010111111010100111010101101111000101111010111010010111100
4800 0.844765897339 000100011010101111000101101111101000100100100001010101101011101000010000101010111100100010001100000100011110110110110001100011100101110110100111001010001000001111101001101011010111000110001101010100000010100110010001010010011101100010111011111000000000001101100000101011110111001010000011111000011001100110011100011101110111000010111111010100111011001101101000101111011111010010111100
4900 0.844699837271 001100100010101111010101101111111010100000100001010101111011011000010010101010111100000010000100000100011110110110110001110011100101110110100111001110001000001111101001101001010111000010001101010100001010101110010001010010111101100010111011111000000000001100100000101011110111000010001011000100011001100110011001111101100111100010111111010100111011101101101000101111000111010010111100
5000 0.845517830332 001100011010101111000101101111101011100100100101010101101011111000010000101010111001100010001100100100111010110010110001100011100101010110110111001110001000101111100001101001010111000010001101011100000010101110010001011010110101100110111011111000000000101101100000101011110110000010001011111000011001101110011000011101000111100010111111010100111011101101101000101111010011010010011100
5100 0.84428115151 000100111010101111000101101111101111100100100001010101001011011000010000101010111001000010001100000100111010110110110001100011100101110110110111001110001000001111100001101001010111000110001101010100000010101110010001010010011101100110111011111000000000101101100000101011110010000011001011111100011001101110011000111101100111100010111111010100110011000101101000101111010111010010011100
5200 0.844096040352 001100011010101010010101101111101011100100101001010101001011011000010000101010111101000010001100000100111110110110110001100011100101110110100111001110001000011111100001101001010111000010001101010000000010101110010001011010011101100110111011111000000000101101100000101010110110000011001011100100011001101110011001111101100111100010111111010100110011100101101000101111001111010010011100
5300 0.84220911016 001100110010101111000001101111101010100100100011010101111011011000010000101010111101100010001100100100111010110110110001110011100101000110100111001110001000001111100001101011010111000010101101010000000010101110010001011010010101100110111011111000000000101100110000101011110111000010000011101000011001100110011000011101100111100010111111010100001011011101101000101111010111010010111100
5400 0.842758407774 001100110010101111010101101111101010100000101011010101111010011000010000101010111100000010001100010100111010110110110001110011100101010110100111001110001000001111100001101000010111000110101101010100000010101110010001011010010101100100111011111000000001001101100000101011110111000010000011101000011001101110011000011101100111100010111111010100011011101101101000101111000111010010111100
5500 0.843692410089 001100110010101111100001111111101011100100101001010101101011011100010000101010111100100010001110100100111010110110110001100111100101000110100111001110001000001111110000101000010111000010101101010000001010101110010001011010010101100110010011111000000000101100100000101011110111000010001011110100011001101110011001111101101111000010111111010100001011001101101000101111011111010010011100
5600 0.842213535018 000100010010101111000001101111101010100100100001010101111010011000010000101010111100000010001110100100111111110110110001110111100101010110100111001110001010001111100001101000010111000010101101010100000010101110010000010010011101100110010011111000000000101100100000101011110110000011011011100100001001100110011000111101100111100010111111010100111011001101101000101111000111010010111100
5700 0.842408800604 001100010010101111000001101111101011100100101011010101101010111000010000101010111100000010001100110100111110111100110001110011100101100110100111001110001010001111110000101000000111000010101101010100000010101110010001011010011101100100010011111000000001001100100000101011110111000010001011100100001001101110011001111101100111100010111111010100111011101101001000101111010111010010111100
5800 0.842551489184 000100010010101110000001101111101010100100101001010101111010011000010000101010111100100010001110100100111111110110110001110111100101010110100111001110001010001111100001101001010111000010101101010000001010101110010001010010010001100110010011111000000000101100110000101011110111000011000011100100011001100110011000011101100111100010111111010100111011100101101000101111000111010010111100
5900 0.842322948669 000100010010111111010001101111101010100100100011010101111010111000010100101010111100000010001100100100111010100110110001110011100101010110100111001110001010001111100001101000010111000010101101010100001010101111010000101010010101100110110011111000100000101100100000101011110011000010101111100000011001100110010101011101110111100010111111010100010011011101101000101111010111010010011100
6000 0.842094034301 000100010010101111000001101111101010100100100001010101101011111000010000101010111100000010001100101100011110110110110001110011100101000110100111001110001010001111110000101001011111000010101101010100100010101100010000111010010101100110010011111000100000001100100000101011110111010110101011100100001001101110010001111101100011100011111111010100011011101101101000101111010111010010111100
6100 0.842493881838 001100010010101111000001101111101011100000101001010101111010111000010000101010111100100010001100100100111110101110110001110111100101010110000111001110001010001111100001101001000111000010101101010000001010101110010001110010010001100110110011111000000000101100100000101011110111000011011011100100001001101110011001011101100011100010111111010100011011101101101000101111010011010010111100
6200 0.841924597766 000100010010101111010001101111101010100100100011010101101011101000010000101010111100000010001110100100111010110110110001110011100101110110000111001110001010001111100001101001010111000010101101010100000010101110010001111010011101100110010011111000100000001100100000101011110101010010101011100100001001101110010100011101101011100010111111010100011011000101001000101111011111010010011100
6300 0.842084601104 000100010010101111000001101111101000101000101001010101111011111000010000101010011100100010011111101100111110111110110001110011100101010110100111001110001010010111110001101000000111000010101101010100001010101110010001101010010101100110010011111000000000001100100000101011110111000010001011100100001011101110010101011101100111100010111011010100011011101101001000101111010111010010111000
6400 0.841098005086 000100010010100111000001101111111000100000100001010101111011111000010000101010111100100010011111100100111110111110110001110011100101010110100111001110001010011111110001101000000111000010101101000100001010101110010001101010011101100110011011111000000000001100100000101011110111000010001011100100001011101110010001011101100111100010111011010100011011101101101000101111110111010010111000
6500 0.841961154355 001100010010101111000001101111111011100000101001010101101011111000010000101010011100100010001100111100111110110110110001110111100101010110100111001110001010011111110000101001001111000010101101000100000010101110010001101010011101100110011011111000000000101100100000101011110011000010001011100100001001101110010001011101100011100010110011100100011011101101101000101111010111010010111100
6600 0.841919048017 000100010010101111000001101111101000000100100001010101101010011000010000101010011100100010011110100100011110111110110001110011100101010110100111001010001010011111110001101000001111000010101101010100001010101110010001101010011001100110011011111000000000001100100000101011110101011010001111100100001001101110010101011101100111100010111111010100010011101101101000101111011111010010111100
6700 0.841604583625 001100010010101111000001101111111000000000100001010101111010111000010000101010011100100010011110100100011110110110110001110011100101010110100111001110001010011111100001101000001111000010101101010000000010101110010001101010011101100110011011111000000000001100100000101011110111011010001111100100001001101110010001011101100111100010111111000100011011101101101000101111010111010010111100
6800 0.84133543257 000100010010101111000001101111111010100000100001110101101010111000010000101110011100100010001111101100011110111110110001110011100101010110100111001110001010011111110001101000001111000010101101010100001010101110010001101010011101100110011011111000000000001100100000101001110111000010101111100100001011101110010001111101100111100010110011010100010011101101001000101111010111010010111100
6900 0.841252366359 000100010010101111000001101111111010100000101001010101111011111000010000101010111100000010011100101100111110101110110001110011100101010110100111001110001010010111100001101001010111000010101101000100000010101110010001111010011101100110010011111000000000101100100000101001110111000010001011100100001011101110010000011100100111100010111011010100111011001101001000101111110111010110111100
7000 0.840302853076 001100010010101111000001101111111011100000101001010101111011111000010000101010111100100010001110101100011110000110110001110011100101010110100010001110011010011110110001101000011111000010101101000100000010101110010000111010011101100110010011111000000000101100100000101011110111000010001011100100000001101110010101011101100011100010111011010100011011101101001000101111010111010010111100
7100 0.840737483622 000100010010101111000001101111111010100000101001000101111010111000010000101010111100100010011110100100011110111100110001110011100101010110100011001110001010011111110001101000010111000010101101010100100010101110010001111010011101100110010011111000001000101100100000101001110111000010001011100100000001101110010101011101100011100010111011010100011011101101001000101111010111010010111100
7200 0.839527948946 001100010010101111000001101111111010000000101001010101111010111000010000101010111100000010011100100100011110101110110001110011100101010110100011001110011010011111110001101000010111000010101101010100000010101110010001111010011101100110011011111000000000101100100000101011110111000010001011100100000001101110010101011101100011100010111011010100011011101101001000101111010111010010111100
7300 0.839582887534 001100010010101111000001101111111010100000101001010101111011111000010000101110011100000010001100101100011110101110110001110011100101010110100111001110000010011111110001101000000111000010101101010100000010101110010001111010011101100110010011111000000000101100100000101011110111000010001011100100000011101110010001011101110011000010111011010100011011101101101000101111010111010010111100
7400 0.83998758688 001100010010101111000001101111111010000000101001010101111010111000010000101010111100000010001100101100011110101110110001110011100101010110100111001110011010011111110001101000000111000010101101010100000010101110010001111010011101100110010011111000000000101100100000101011110111000010001011100100000011101110010101011101100011100010111011010100011011101101101000101111010111010010111100
7500 0.839911241789 001100010010101111000001101111011010100100100001010101101001111000010000101010111100100010001110101100011110110110110001110011100111010110100011001110001000011111100001101000000111000010101101010100000010101110010001111010011101100110010011111000000000101100100000101011110011000010001011110100000001101110110101011101100011100010111011010100011011001101001000101111010111010010111100
7600 0.839613878196 001100010010101111000001101111111010110100100001010101111011111000010000101010111000100010001100100100011110100110110001110011100101010110100011001110001000011111100001101010000111000010101101010100000010101110010001111010011101100110010011111000000000101100100000101011110111000010001011110000000001101110010101011101100011100010111011010100011011001101001000101111010111010010111100
7700 0.84039595667 001100010010101111000001101111011010100000100001010101111011111000010000101010111100100010001100100100011110111110110001110011100111010110100011001110001000011111100001101000000111000010101101110100000010101110010001111010011101100110010011111000000000101100100000101011110011000010001011110100000011101110010101011101100011100010111011010000011011001101001000101111010111010010111100
7800 0.84048332589 001100010010101111000001101111010010000000100001010101111011111000010000101010111100100110011110101100011110101110110001110011100101010110100011001110001010011111100001101000000111000010101101010110000010101110010000111010011101100110010011111000000000101100100000101011110011000010001011110100000001101110110101011101100011100010111011010100011011101101001000101111010111010010111100
7900 0.840074851329 001100010010101111010001101111111010100000100001010101101001111000010000101010111100100000000100100100111110101110110001110011100101010110100011001110011010011111100001101000000111000010101101010100000010101110010000111010011101100110010011111000000000101100100000101011110011000010001011100100000011101110010101001101100011100010111011010101011011101101101000101111010111010010111100
8000 0.839286815699 001100010010101111000001101111101010100000100001010101101011111000010000101010111100100010000100100100011110001110110001110011100101010110100011001110001010011111100001101010000111000010101101010100000010101110010000111010011101100110010011111000000001101100100000101011110111000010001011100100000011101110010101011101100011100110111011010100011001101101001000101111010111010010111100
8100 0.838618183724 001100010010101111000001101111111010100000100001010101111001111000010000101010111100100000001100100100011110100110110001110011100101010110100011001110001010011111100001101010000111000010101101010100001010101110010000111010011101100110010011111000000000101100100000101011110111000010001011100100000011101110010101011101100011100010111011010100110001001101101000101111010011010010111100
8200 0.839616227175 001100010010101111000001101111111010100110100001010101101001111000010000101010111100100000000101100100011110101110110001110011100101010110100011001110001010011111100001101010000111000010101101010100001010101110010000111010011101100110010011111000000001101100100000101011110111000010001011100100000011101110010101011101100010100010110011010100111001001101101000101111010011010010111100
8300 0.839873717726 001101010010101111000001101111111010100000101001010101101001111000000000101010111100100000000101100100011110111110110001110011100101010110100011001110001000011111100001101010000111000010101101010100001010001110010000111010011101100110110011111000000001101100100000101011110111000010001011100100000011101110010101011101100011100010110011010100111001001101001000101111010011010010111100
8400 0.840246276468 001100110010101111000001101111111010100100101001010101111000111000010000101010111000100000000110100100011110101110110001110011100101010110100011001110001000011111100001101000001111000010101101010100001010101110010000111010011101100110010011111000000000101100100000101011110111000010001011100100000011101110010101011101100011100110111011010100110001001101001000101111011011010010111100
8500 0.839543583425 001100010010101111000001101111111010100100100001010101101011111000010000101010111000100000000110100100011110101110110001110011100101010110100011001110001000011111100001101010000111000011101101010100001010101110010000011010011101100110010011111000000000101101100000101111110111000010001011100000000001001110010101011101110011100010110011010100111001001101001000101111010111010010111100
8600 0.838963500455 001100010010101111000001101111111010100000100001010101101001111000010000101010111000100010000110100110011110101110110001111011100101010110100011001010001010011111100001101010000111000010101101010100001010101110010000111010011101100110110011111000000001101100100000101011110111000010001011100100000011101110010101011001100011100010111001010100011001001101001000101111011111010010011100
8700 0.839332858588 001101010010101111000001101111111010100000100011010101101001111000010000101010111000100000000111100100011110111110010001110011100101010110100011001110001000011111101001101010000111000010101101000100001010101110010000111010011101100110010011111000000001111100100000101011110011000010001011100100001011101110010101011101100011100010110011010100010001001101001000101111010011010010111100
8800 0.839434875881 001100110010101111000001101111111010100100100001010101101000111000010000101010111000100000000111100110011110100110010001110011110101010110100011001110001000011111100001101010000111000010101101000100001010101110010000111010011101100110110011111000000001111100100000101011110011000010001011100100000011101110010101011101100011100010110011010100111001001101001000101111011011010010111100
8900 0.840062381651 001100010010101011000001101111111010100100100001010101101001111000010000101010111000100000000111100110011110101110010001110011100101010110100011001110001000010111100001101010000110000010101101010100101010101110010001111010011101100110110011111000000001101101100000101011111011000010001011100100000001001110010101011101100011100010110011010100111001001101001000101111010111010010111100
9000 0.839371037927 000100010010101111000001101111111010100000100001010101101001111000010000101010111100100000001110100100011110101110110001110011100101010110100011001110001010001111100001101010000111000010101101010100001010101110010000111010011101100110010011111000000000011100100000101111110111000010001011110100000001100110010101011101100011100010111011010100011001001101001100101111010011010010111110
9100 0.839414646886 000100010010101111000001101111111010100000100001010101101001111000010000101010111100100000001110100100011110101110110001110011100101010110100011001110001010001111100001101010000111000010101101010100001010101110110000111010011101100110010011111000000000011100100000101111110111000010001011110100000001100110010101011101100011100010111011010100011001001101001100101111010011010010111110
9200 0.840374565837 001101010010101111000001100011011010100100100001010101101001111000010000101010111000100000000111100110011110101110110001110011100101010110100011001010000000011111100001101010000111000010101101010100100010101110010001101010011101100110110011111000000001101100100000101011110011000010001011100100000001001110110101011101101011100110111011010100111001001101001000101111010111010010111100
9300 0.838917578946 000100010010101111000001101111111010100000101001010100101001111000010000101010111100100000001110000100011110111110110001110011100101010110100011001110001010001111100001101010000110000010101101010100001010101110110000111010011111100110110011111000000000011100100000101111110111000010001011100100000001101110010101011101100011100010111011010100011001001101001000101111011111010010111100
9400 0.839758168292 001100010010101111000001101101011010100100100001010101101001011000010000101110111000101000000110100110011110101110110001110011100101010110100011001010000000011111100001101010000111000010101101010100001010101110010000111010011101100110110011111000000000111100100000101011110111000010001011100100000011001110010101001101101011100110110011010100011001001101001100101111010111010110111100
9500 0.839984572878 001100010010101111000001101111111010100000101001010101101001111000010000101010111100100010001110000100011110111110110001110011100101010110100011001110001010001111000001101010000110000011101101010100001010101110010000111010011111100110110011111000000000011100100000101011111111000010001011100100000001101110010101001101100011100010111011010100011001001101001000101111011111010010111110
9600 0.83992769803 001100010010001111000001101111111010100000100101010100101001111010010000101010111000100010000110100100011110101110110001110011100101010110100011001110001010001111100001101010000110000010101101010100001010101110110000111010011111100110110011111000000000011100100000101011111111000010001011100100000001101110000101011101100011100010111011010100011001001101001100101111011111010010111110
9700 0.839255867002 001100110010101111000001101111111010100000101001010101001001111000010000101010111000100000000110100110011110101110110001110011100101010110100011001110000010011111100001101010000110000010101101010100101010101110010000111010011101100110110011111000000000111100100000101011110011000010001011100100000001101110010101111101100011100010110011010100010001001101001000101111011111010010111100
9800 0.839698733642 001100010010101110000001101111111010100000101001010101101001111000010000101010111000100000001110100100011110100110110001110011100101010110100011001110001010011111100001101010000110000011101101010100001010101110010000111010011111100110110011111000000000011100100000101011110011001010001011100100000001101110010101111101100011100010111011010100010001001101001000101111011111010010111100
9900 0.839640076827 001100010010101111000001101111111010100000101001010101101000111000010000101010111100100010001110000100011110111110110001110011100101010110100011001110001010011111100001101010000111000010101101010100001010101110010000110010011111100110110011111000000000011100100000101011110011000010000011100100000001101110010101011001100011100011111011010100010001001101001000101111011111010010111100
10000 0.839154198255 001100010010101011000001101111011010100000101001010100001001111000010000101010111000101010001110100100010110111110110001110011100101010110100011001110000000001111100001101010000111000010101101010100001010101110010000111010011101100110110011111000000100111100100000101011110111000010001011100100010001101110010101111101100101100010110011010100110001001101001000101111011111010010111100
10100 0.839747804378 001100110010101111000001101111111010100000101001010100001000111000010000101010111100100010001110100100011110111110110001110111100101010110000011001110001010011111100001101010000111000010101101010100001010101110010000111010011111100110110011111000000000111100100000101011110011010010001011100000001001101110010101111101100011000010110011010100011011001101001000101111011111010010111100
Mejor resultado: 0.838618183724 001100010010101111000001101111111010100000100001010101111001111000010000101010111100100000001100100100011110100110110001110011100101010110100011001110001010011111100001101010000111000010101101010100001010101110010000111010011101100110010011111000000000101100100000101011110111000010001011100100000011101110010101011101100011100010111011010100110001001101101000101111010011010010111100
