200 0.931909952692 111111110000110101101111001100101101010001111110100111001100111101010011100000011110001100111000111111111110110101010011101011111001110110000111111111100110110111001011100010011100000101101101000000000100111011111010100011101110100100000011111000101111011110001001111110101000101101001100011100011101011110110001110000100111010101111010110010011000110111010100100110001110010011000110
300 0.926226936298 010101110001101100101011011110100100001010111101101011111000111010101110110100100011010101101000011111110011111101111101101111111100010110000100111010111100000111100000111010010111111101110110010110000010101010100101111111110101001100000011001010101101010111100111101011111000101011101100011101010110101100001001111001111100110001101110111000011001111011011010110100000010011110111110
400 0.908808070915 011101110011101101111111011100101101101010111111101101001000111111000011100100111011011101100010111011111010111101111001101011111001110010010111110011111001010111100001111000011110010101111111010010000000101010110001111011101100101100000111011011101101011110000111101111111001101001001100011101110111001100110000111001110101111001111010111001011001111111010000100110001010111110110110
500 0.894174548793 010000011111100101111001011111100010110100111111100111101010101101111110100100010110011101111110011111010011111110010111101101101101101110110110011010111010010010100001011011000100111011010001010100000100101011100101111011111000101100011011111111111101011111100011101111101001001011101101111100110100001110011111111101110111000000111011111000111011110011011100110100000110100110101111
600 0.890733713344 000101110001110101111001001000100110010000111101100001101010111010010011101101111111011101101010011011111011111101110011101111111000100111000111101010100010010111100011010010010101101001111111011010010011111010111001111011011101100000010011111010100001011111010010101111111000101011101100111101110110011110111001111001111111110111111111110001011011111001110100111100101110011110111110
700 0.887697002051 101101110011101101100101101111101111111100101011101101001000011010011001100000101011001100101010111111111011011101110011001011111111110010010101111001111110110111000001111000011111010101101101010110000000101011110000110111111100100100010111111001101110011110000011101111110001101101001100011101110111001111000000111001101111111111111010110001011011111111110100100110100110110111110100
800 0.884808220259 101101110011100101000101101110101110111110101111100001011000111111110101100000111110001100100110111111111011011101010011101011111111111010110101101001110010110111100101111000011110010101111101010110000000101010110001111011111100100100000011111001101110001110110011101111110001000101101110110101100110001110001001111101101111110111111000110010011011111101110100100110100110100111111101
900 0.882125968492 101111111011100101011101111111100010001110111111100111001100111010111111101100011100011101110110110111111011111111010011101011101101101000101110101000111010110111100011101001010111010111101101010100000000101010010000101011101110101000000011111011101111011100010001101111111001001011101111111100000110001110111001011101111110000001100010010101011001010101000101100100001110111110101111
1000 0.879655249522 101001110011100111010101111110100010110110111111100101001000111111100101100100111110001100110111111111111010011111010011101011111101101110110111101010110010110111110101001000011111010111111101010010000000001011110000111011011110100100011011111001101000001110010011101101100001001101100111110101100010001110001001111101111111110001111000010000011011110101110101000110100110100110111111
1100 0.878887025564 001101010011100001000101101110101110111110101111111011011000111011111000101100111001011100110110111110110011111111010011101111101111111110110101101010110010000111101001101000010111010100101011011110000000101010110001111011111100100100010011111001001111001100100000111101110011100001101100111101100110011110011001111001111111010000111110110110011001011101110101100100100010100110111111
1200 0.875061827297 000001110011100101010101101101101010110110111111101101001000111110011101101100111101001101110110111110111010101111010011101111001101101110110110101000111010110111100001101000011111010111111001010000100000101011110001111011011100100100001011111001101010001100000001101101110001001011111111110101100010001110101001111101111111010001100000010001111001010101110001100110100111101110101111
1300 0.871586520625 000001110011100101000101001101101010101100110111101101001000111011111100101000011001011100110010111110011010101111010111101111101101001110110111101000111010110111100001101000010111010111111101010100000000111011110001101011111100100100000011110001101011001100100001101111110011101011111111110101100010001110111001011101110101100011110010110101011001011101110101100110100110100110101111
1400 0.869879017591 101101010010100011100101111110101111010110101111101111011000111010010101101100111010001100100110111111111011101111110011101111110111111110110101101010111010000111100001111000010110010110111101010100000000101010110000111011111100100100010011110010001111001100100000101111110001000101101111111101001011001111100001011101111111000010111000010010011001111101110101100110100110000110101100
1500 0.867804008469 101001010010100011000101101110101110001110110111101111011000111110001101101100111100011100100010111111111011101111110011101011010101011110110111101000111010010111100001111000010111010110101101011100000000101010110000101011111100100100000011110010101011001100110000101111110001001111101101111101100011001110011001011101111111000010101000010110011001111101010101100110100111100110101110
1600 0.866004774051 001001010010100101000101101111111010100110110111100101111010111010110101101000111011011100110110111111111011100111010011101011010111111110110101101000110010110111100001011000000111010110111101011100000000101010110000101011111100100100001011110000001011001100110001101111110011000101101011111101100011001111011001010101111101000010101000010110011001111101110100101110100011000110111011
1700 0.863683360993 000101010010100111000101101110101010100110101111110111011000111010110101101100111111001100100110111110111010101111110001101111010101111110110111101000110010100111110001111000000111010111111101010000000000101010110000111011111100100100000011110000101111001100100000101111110001000101101011111101100011001110111001011101111111000001110000010000011001110101110101101110000011000110101111
1800 0.863957929226 001101010010100111000101101111101010100110101111100111111000111010110100101000111111001100100110111111111010101111110011101111010101111110110111101000111010100111100001111000000111010110111101011000000000101010110000111011111100000101000011110000001011001100100000101111110011000101101011111101100011001110011001010101111111000011011000010100011001110101110101100110000011000110101111
1900 0.86125115325 001001010010100011000101101111101110100110100111111111001000111110010100101110111010011000100010111111111011101111110011101111010101111110110111101000011010110111100000101000010111010110111101011100000000101010110000111011111100000100000011110000000011001100100001101111110001000111101111111101101011001110011001011101111101000011010000010100011001011101100100101110100011000110101111
2000 0.861116263532 001001110010100111000101001111101010000110100111100101001000111110010100101100111111011000110110111111110011101111010001101011010101111110110101101000011010110111110001101010010111010110011101011100000000101010110000111011111101100100011011110000101111001100100001101111110001000111001111111101101011001110011001011101111111000010000000010110011001001101010000101110100111000010101111
2100 0.859953525612 001001010010100001000101101111011010100110110111110101001000111010010100101000111010011000100110111100111010101111110011101111110101111110110101101000111010100111100001111000010111010010111101010100000000101010110000111010111100100110000011110000101011001100110000101111110001000111111011101101100011001110011001011101111101100010111000010101011001111101110001101110100111000110101111
2200 0.859333009069 001001010010100001000111101111111010000110110111010100001000111010100101101000111010011000100110111110111010101111110001101011110111111110110111101000111010110111100001111000100111010010111101010100000000101011110000111010111100000110000011110000101011001100110000101111110001000111111011101100100011001110011001011101111111100010101000010101011001110101110001101110000111000110101111
2300 0.857198161531 001001010010100001000101101111001010100110100111010101011000111110010101101010111110111100000010111111110010101111110011101111110111111110110101101000111010100111100001101000010111010010011101010100000000101010110000111010111101100110000011110000000011001100110001101010110001000111001011101101101011001110011001011101111111100010101001010100011001111101110000101110000111000110101111
2400 0.856586461414 001001110010100011000101101111111010100100100111100111101010111110010100101010111110010000110010111101111010100111010001101111110101011110110001101000011110110111110001101000010111010010111101011100000000001010110000101010111100100110000011110000101011001100110001101011110001000011101011111101100011001110011001011101011011100011111000010100011001101101110000101110110111000010101111
2500 0.855085160155 001001000010100011000101101111001010000110110111110101001000111010010100101010111110011000110110111100111110111111110001101111110101111110110101101000011010100111100001101010110111010010111101010100000100101010110000111010111101100110000011111000000011001100110000101111110011000111101011101100100011001110011001010001111111100010111000010100011000111101110000101110000011000110101111
2600 0.854495465933 001000010010100111000001101111111010100100100111110101011100111010000100101010111110011000100110111110100010101111110001101011100111011110110101001000011010100111100001111010010111010010111101010100000000101010110000111010011101100110000011110000111011001100100000101111110001000111101011111101110011001110001001011101111111100010111000010100011001111101110000101110100011000110101111
2700 0.854460767513 001001010010100011010101101111111010110100110111010101101000111110010100101000111010011000100010011100110010100100110001101011110101011110110111101000111110110111101001101001010111010010111101010100000000101010110000101010111101100110000011010000101011001100110000101011110001000111101011101101100011001110011001011101111111100010111000010100011010101101110000101110100111000110101101
2800 0.852859915634 001001010010100001000101101111011010101100100111010101011000111010010100101010111010000000100110111111110010100111110001101011110101011110110101001000111010110111110001101000010111010010111101011100000000101010110000111000111100100110000011110000101011001100110000101111110001000111101011101100100011001110001001011101111111100010111001010100011001101101110000101110100111010110101111
2900 0.852134570318 001001010010100011000101101111011010100100100111010101111000111010110100101010111010000000100010111110110010100111110001101111110101011110110101001000111010110111110001101000010111010010111001011100000000101010110000111010111100100110000011110000101011001100100000101011110001000111101011101100100011001110011001011101111111100010111001010100011011101101110000101110110111010110101011
3000 0.852622935787 001001110010100111000001101111111010000100100111010101011100111110010100101010111010011000100000011110110010100111110001101111110101011110110101101000101010110111100001101010010111010010111101010100000000101010110000111010111101100110010011110000100011001100100000101111110011000111111011001100100011001110001001011101111111100010111000000100011011101101110000101110100011000110001111
3100 0.851770211662 001001010010101011000001101111011110100110110111010101011000111110010100101000111010011000100110001110010010100111110001101111100101011110110001101000111010100111100001101000010111010010111101010100000001101010110000111010111101100010000111110000100011001100100000101011110111000111101011001100010011001110011001011101111111100010111001010101011001111101110000101110100011000110101111
3200 0.851110975323 000001010010100111000001101111111010100100100111110101111000111010010100101010111010010000100010111110110010100111110001101111100101011110100101001000011010110111100001101011010111010010111101010100000000101010110000111110111101100110000011110000100011001100100000101111110011000111101011101100101011001110000001011101101111100010111010000100011011101101111000101110000011000100111111
3300 0.851103912897 001001010010100011000001101111111110100110100111010101011000111010110100101010111010010000100010111110110010100111110001101111100101011110100101001100011010110111100001101011010111010010111101010100000001101010110000011110111101100110000011110000100011001100100000101111110011000111101011101100111011001110000001011101111111100010111011000100011001101101110000101110000001000110111101
3400 0.850525857239 011001010010100011000001101111111010100100100011010101011000111010010100101010111010001000100010111110110010110111110001110101100101011110100101101100011010010111100001101010110111010010111101010100000000101010010000111010111101100110010011110000000011001100100000101111110011010111111011101100100001001110011001011101101111100010111010000100010011100101110000101010100111000110111111
3500 0.849123769841 001001010010100011000001101111111010100100100011110101111000111010010100101010111010011000100010011110110010110111110001110111100101011110110101001100011010110111100001101010010111000010111101010100000000101010010100111010111101100110010011110000101011001100100000101111110011000111101011101000000001001110010001011101101111100010110010010100011001100101110000101010100111000110101111
3600 0.847816362508 101001010010100011000001101111111010100110100011010101111000111010010100101010111010011000100010011110010010110111110001101111100101011110100101101000010010111111100001101010110111000010111101010100000000101010010000111010011101100110010011110000000011001100100000101111110011000111101111101100000001001110011001011101101111100010110010010100011001111101110000101110100111000110101011
3700 0.84774293833 101001010010100011010001101111111010100110100111010101011000111010010100101010111011010000100010111110010010110111110001101101100101010110100101001100011010110111100001101010110111000010111101010100000000101010110000111010011101000110010011110000001011001100100000101111110011000111101111101100100001001110011001011001101111100010111010010100011001111101110000101110100111000110111111
3800 0.848406403402 001001010010100011000001101111111110100100100111110101111000111010010100101010111011010000100110111110010010110111110001101111100101010110100001001100011010110111100000101010010111000010111101010100000010101010110000111010011101100110010011110000001001001110100000101111110011000011101011101100100001001110011001011001111111100010111010010100011001100101110000101110110111000110111111
3900 0.846485118885 001001010010100111000001101101111010100110110001110101111000111010010100101010111011000000100110011110010010110111110001110111100101010110100101001000011010110111100001101010110111000010111101010100000010101010110000110110011111000110010011110000001000001100100000101011110011000111101011101100100001001110011001011101101111100010110011010100011001111101110100101011100111000110101011
4000 0.846775794176 001001010010100111000001101111111010100110110011010101011000111010010100101010111011011000100110111110110010110110110001100001100101010110100101001100010010101111100001101010110111000010101101010100000000101010010000110010111101100110010011110000000011001100100000101111110011000111101111101100000001001110011011111001101111100010111011010100011001101101100000101111100011000110111111
4100 0.846134991192 101001010010100111000001101111111010100110100011010101011000101011010100101010111011000000100110011110110010110111110001100001100101011110100101001100011010011111100001101010110111000010101101010100000000101010010000110010111101100110010001110000001011001100100000101111110011010111101111101100000001001110011001011001111111100010111011010100011001101101100000101111100011000110101100
4200 0.844406468281 001101010010100011000001101111111010100110110011100101110000111010010100101010111011000000100110111110010010110111110001111001100101010110100101001100011010111111100001101010110111000010101101010100000000101110010000110010011111100110010011110000000011001100100000101011110011000111001111101100000001001110011001011101101111100010111011010100011001101101100000101011100011000110111011
4300 0.843122906424 001101010010100011000001101111111010100110110001010101111000111010000100101010111011001000100110111110010010110111110001111000100101010110100101001100011010111111100001101010110110000010101101011100000000101010010000110010011111100110010011110000000001001100100000101011110011000111001011101100000001001110001001011101101111100010111010010100011001101101100000101111100011000110111011
4400 0.843459715899 001101010010100011000001101111111010100110110001010101111000111010000100101010111011001000100110111110010010110111110001111000100101010110100101001100011010111111100001101010110110000010101101011100000000101010010000110010011111100110010011110000000001001100100000101011110011000111001011101100000011001110001001011101101111100010111010010100011001101101100000101111100011000110111011
4500 0.843488691478 001101011010100111000001101111111010100110100001010101011100111000010000101010111010001000100110111110110010110111100001101111100101000110100101001100010010111111100001101011010111100010101101010100000010101010010000110010011111100110010011110000000011001100100000101011110011000111101111101100000001001110011001011101101111100010111010010100010001011101100000101111100111000110101001
4600 0.843429868205 001101010010100111000001101111111010100100100001010101101000111000010100101010111011001000100110111110110010110110110001100011100101010110100101001100010010101111100001101010110111000010101101010100000000101010010000110010011101100110010011110000000010001110100000101011110011000111001111101100000001001110011001011101111111100010111010010100010001101101100000101111101001000110111011
4700 0.843996184141 001001010010100111000001101111111010100010110001010101011000101000000100101010111011001000100110111110110010110111110101101101100101010110100101001100011100011111100001101010110111100010101101010100000010101010010000110010011111100110010011110000001001001100100000101011110011000111001011101100000001001110001001011101111111100010111010010100010001001101000000101101100011000110111011
4800 0.842710993689 011001010010100111000001101111111010100110100001010101111000111010010100101010111010001000100110111110010010110110110001101111100101010110100001001100011010111111100001101011010111010010101101011100000010101010010000110010011100100110010011110000000001001110100000101011110011000111101011101100010001001110001001011101101111100010111010010100011001001101000000101111100011000110101001
4900 0.843501154134 011001010010110111000001101111111010100110100001010101111000111010110100101011111010001000100110111110010010110110110001100001100101010110100001001100010010011111100001101010010111010010101101011100000010001010010000110010011101100110110011110000000011001100100000101011110011000111101011101100000011001110001001011101101111100011111010010100010001001101000000101111100111000110111001
5000 0.843425825717 000001010010100111000001101111111010100110110001010101111010111010010000101010111011001000100010111110111010100110110001111011100101010110100101001100010010111011100001101010010111100010101101011100000010101010010000110010011101100110010011110000000001001100100000101011110010000111001011101100000001001110011001011101101111100010111010010100010001101101100000101111100111000110111011
5100 0.843148441355 001001010010100111000001101111110010100110100001010101111000111010010100101010111010001000100110111110111010110111110001101001100101010110100101001110011000111111100001101010010111000010101101011100000010001000110001110010011101000110010011110000000001001100100000101011110011000111001111101100000001001111101001011101110111100010111010010100010001011101100000101111100011000110111011
5200 0.842930984331 001001010010100111000001101111111010100110100001010101111010111010010100101010111011001010100110111110110010110110110001100011100101010110110001001100010010111111100001101010010111000010101101011100000010001010010000110010011100100110010011110000000001001110100000101011110011000111101011101100000001001110001001011101101111100011111010010100010001101101000000101111100011000110111001
5300 0.842592401373 001101010010100111000001101111111010100110100001010101111000111010110000101010111010001000100110111110011010110110110001101011100101010110100101001100010000011111100011101010010111000010101101011100000010101010110000110010011101100110110011110000000001001100100000101011110011000111001111101100000001001110011001011100111111100010011010010100010001001101100000101111100111000110111011
5400 0.842334956242 001001010010100111010001101111111010100110100001010100111010111000010100101010111010001000100110111110110010100110110101100011100101010110100001001100010010111111100001101011010111000010101101011100000010101010010001110010011101100110110011110000000001001100010000101011111011000111101111101100000001001110011001001101101111100010111011010100110001101101100000101111000011000110101001
5500 0.840254815914 001001010010100111010001101111111010100110100001010100111010111110010100101010111011001000100010111110010010100110110001100011100101010110100001001100000010011111100001101010010111000010101101011100000010101010010000110010011101100110010011110000000001101100110000101011111111000111101111101100000001001110011001011101101111100010111011010100010001101101000000101111000011000110111001
5600 0.842182872535 001001010010100111000001101111111010100110100001010101011000111110010100101010111010001100100110111110010010110110110000101011100101010111100001001100010010011111100001101010110111000010101101011100000010101010010000110010011101100110010011110000000001101100110000101011111011000111101111101100000001001110011001011101111111100010111010010100010001101101000000101111000011000110111001
5700 0.842264035304 001101010010101111000001101111111010100110100101010100111000111010010100101010111110001000000011111110010110100110110101100111100101010110100001001110010000111111100001101010010111000010101101011100000010101000010000110010011101100110010011010000100001001100110000101011110011000111101111101100000001101111011001011100101111100010111010010100010001001101000000101111100011000010101001
5800 0.840872746503 001001010010101111100001101111111010100110100001010101111000111010010100101010111010000000000110111110010010110110110001101011000101010110100001001100010010011111100001101010110111000010101101011100000010101010010000010010011101100110010011110000000001001100100000101011111111000111001111101100000001001110011001011101111111100110111011010100010001101101000000101111100011000010111001
5900 0.840931486725 001011010010101111000001101111111010100110100101010101111000101010010100101010111010000000000110111110010010100110110101101011100101010110100001001100010010011111100001101010010111000010101101001100000010101010010000010010011101100110010111110000000001001100100000101011111111000111001111101100000001001110011001011101101111100110111011010100010001001101000000101111100011000010111001
6000 0.842817747908 001001010010100111000001101111110010100110100101011101111000011010010000101010111010001000100111011110010110100110110101101011100101010110100001001110010010101111100001101010110111000010101101011100000010101010010000110010011101100110010011110000000011001100100000101011111011000111001111101100000001101110011001011101101111100010111011010100010001001101000000101111100011000110111011
6100 0.841868305784 001001010010101111000001101111111010100110100101010101111000111010010101101010111010001000000111111100010010110110110101101011100101010110100001001110010010000111100001101010010111100010101101011100000010100110010000110010011101100110010011110000000001001100110000101011110111000111101111101100000001001110011000011111101111100010111010010100010001001101000000101111000011000010101001
6200 0.841055458561 001101010010100111100001101111111010100110100001010101111000111010010100101010111000001000100111111100010010110110110001101011100101010110100001001110010010011111100001101010010111000010101101011100000010101010010000110010011101100110110111110000000001101100100000101011110110000111001111101100000001001110011001011101101111100010111000010100010001001101000000101111100011000110111001
6300 0.840769841447 001001010011100111000001101111111010100110100001010101111001111010010100101010111001000000100110110100010010110110110001101011100101010110100101001110011010111111100001101010010111000010101101011100000011101010010000110010011101100110000111110000000001101100100000101011111011000111001111101100000001001110011001001101101111100010111010010100010001101101000000101111000011000010111001
6400 0.840480758212 001001010010100111000001101111111010100110100101010101111001111010010101101010111000000001100111111100010010110110110001101011100101010110100001001110011010011111100001101010010111000010101101011100000010101010010000110010011101100110110011110000000001001100100000101011110011000111001111101100000001001110011001011101100111100010111010010100010001101101000000101111000111000010111000
6500 0.840725660316 001101010010000111000001101101111010100110100101010101111000111010010101101010111000000000100111111100010010110110110101101011100101010110100001001110000010011111100001101010010111000010101101011100000010101010010000110010011101100110110011110000000001101100100000101011110111000111001111101100000001001110011001011111101111100010111011010100010001101101000000101111000011000010111001
6600 0.841056436537 001101010010000111000001101101111010100110100001011101111000111000010101101010111000000000100111111100010010110110110001101011100101010110100001001110011010011111100001101010010111000010101111011100000010101010010000110010011101100110110011110000000001101100100000101011110111000111001111101100000001001110011001011111101111100010111011010100010001101101010000101111000111000010111001
6700 0.840402543809 001101010010110111000001101111111010100110100001010101111000011010010101101010111110001000100110100110010010110110110001100011100101010110100001001110000010011111100000101010010111000010101101011100000011101010010000010010011101100110010011110000000000111100110000101011110111000111001111100110000001001110011000011101101111100010111010010100011001101101000000101111000011000010111000
6800 0.8395834644 001101010010101111000000101111111010100110100001010101101000011010010100101010111110000000100110111110010010110110110001101011100111010110100001001110011010011111100001101010010111000010101101010100000010101010010000110010011101100110110001110000000001101100110000101011110111000111001111101100000001001110011001011101100111100010111001010100010001001101001000101111000011000010111000
6900 0.840779660733 001101010010001111000001101101111010100110100001010101111010111010010101101010111001000000100111100101010010110110110111101011100101010110100001001110010010011111110001101010010111000010101101011100000010101010110000010010011101100110010011110000000000101100100000101011110011000111001111101100000000001110011001011111101110100010111011010100010001001101000000101111000111000010111000
7000 0.840011255197 001101010010101111100001101111111010100110100101010100111010011010010001101010111110000000100111110110010010110110110001101011100101010110100101001110000010011111100001101010011111000010101101011100000010101010010000010010011101100110110011110000000000001100100000001011111011000111001111101100000001001110011001011111101111100110111010010100010001101101000000101111000011000010111000
7100 0.840491845434 001101010010100111000101101111111000100110100101010101111010111010010100101010111100000000100110110100000010110110010001101011100101010110100101001110000010011111110001101010010111000010101101010100000010101010010000011010011101100110010011110000000001101100100000101011111011000111001111101100000001001110011001011111101111100010110010010100010001101101000000101111000111010010111000
7200 0.839907855622 001101010010101111100001101101111010100110100001010100111010011000010101101010111000000000100110100110010010110110110001111011100101010110100001001110000010011111100001101010011111000010101101011100000010101010010000011010011101000110110011110000000000011100100000001011110111010110001111101100100001001110011001011111101111100010111011010100010001101101000000101111000111000010111000
7300 0.84098796037 001101010010100111000001101101111010100110100111010101111010011010010100101010111100001000100110110100010010110110110001101011100101010110100101001110000010011111100001101010010111000010101101010100000010101010010000011010011101100110110011111000000000001110100000101011110011000111001111101100000001001110011001011111101111100010111010010100010001101101000000101111010011000010111000
7400 0.840260580194 001101010010101111000001101111111010100110100001010101111010011000010100101010111000000000100011010110010010110110110001101011100101010110100001001110000010011111110001101010011111000010101101011100000010101110010000110010011101100110110011110000000001101100110010101011111011000011001111101100000001001110001001011101101111100010111011010100010001101101000000101111000011000010111000
7500 0.839998285537 001101010010101111100001101111011010100110100001010101111010011000010100101010111100000000100011110110010010110110110001101011100101010110100001001110000010011111110001101010011111000010101101010100000010101110010000110010011101101110110011110000000000001100100000101011111011010111001111101100000001001110001001011101101111100010111011010100010001101101000000101111000011000010111000
7600 0.840651676806 001101010010100111010101101111111010101110100001010100111010111000010001101010111100000000100111100110010010110110110001101011100101010110100101001110000010011111100001101010010111000010101101011100000010101010010000010010011101100110010011110000000000001110100000101011111011010011001111101100000001001110011001011111101110100010111011010100010001101101000000101111010111000010111000
7700 0.840968487013 001101010010101111000001101111111010100110110101010100111010111000010101101010111100000000100111100110010010110110110001100011100101010110100111001010000010111111100001101010011111000010101101011100001010101010010000010010011111100110010011110000000001100100100000101011111011010010001111101100000001001110011001011111101101100010111011010100010001101101000000101111000011000010111000
7800 0.841103959577 001101010010101111000001001111111010100110100011010101111010011000010100101010111100000010100111110110010010110110110001101111100101010110100011101110000010011111100001101010101111000010101101011100001010101010010000110010011101100110010011110000000000001110100000101011111011000010001111101100000001001110001101011101101111100010111011010100010001101101000001101111000010000010111000
7900 0.841080755963 001101010010101111100001101111111010100100110001010100111010111010010001101010111100000000100110110110010010110110110101101011100101010110100101001110000010011101101001101010000111000010101101011100000010101010010000010010011101000110010011110000000001001100100000101011110011000111101111101100000001001110011000011111101111100010101010011101110001101101000000101111000111000010111000
8000 0.841025046808 001101010010101111100001101111111010100110100101010101111010011010010100101010111100100000101110110110010010110110110101101011100101010110100101001110000010011101100001101010000111000010101101011100000010101010010000000010011101100110010011110000000001001100100000101011110111000110101111101100000001001110011000011111101111100010101011010100110001101101000000101111000111000010111000
8100 0.840416210523 001101010010101111010001101111111010101110110101010101111010111000010000101010111100000000100111110110010010110110110001110011110101010110100101001110000010011111100001101010011111000010101101011100000010101010010000111010011101000010010011110000000000101100000000101011110011000110101111101100000001001110011001011101101111100010111011110100010001101101000000101111000011000010111000
8200 0.840142678025 000101010010101111010001101111111010100110110001010101111010011000010101101010111110000000100111110110010010010110110001100011100101010110100001001110010010011111100001101010010111000010101001010100001010101010010000001010011101100110110011110000000001101100100000101000111111000110101111101100000001001110011101011111101111100010111011010100010001101101000000101111000011010010111000
8300 0.84070944299 001101010010101111010001101111111010100110100101010100111010011000110100101010111100000000100111110110000010110110110001101111100101010110100001001110010010011111100001101010000111000010101001011100000110101110010000011010011101100110010011100000000001101100100000101011110111000110001111101100000001001110011100011111101111100010111011010100010001101101000000101111000111000010111000
8400 0.839536747574 001101010010101111010001101111110010100110110001010101111010111000010100101010111100000000100110110110010010110110110001111011110101010110100001001110000010011111100001101010010111000010101001011110000010101010010000001010011101100110010011111000000001101100100000101001110011010110001111101100000001000110011001011111101111100010101011010100010001101101000000101111000011000010111000
8500 0.83974188533 001101010010101111000001101111110010100110110001010101111010111000010100101010111100000000100111110110010010110110110001100011110101010110100001001110000000011111100001101010010111000010101001011110000010101010010000001010011101100110110011111000000000111100100000101001111111010110001111101100000001001110011001011111101111100010111011010100011001100101000000101111000011000010111000
8600 0.840928823219 001101010010101111000001101111111010100110110011010101111010111000010000101010111100000000100111110110010110110110110001100011110101010110100001001110000000011111100001101010010111000010101001011100001011101110010001001010011101100110110011111000000000111100100000101011111111010110001011101100001001001110011001011011100111100010111011010100011001101101000000101111000011000010111000
8700 0.84006555843 001001010010101111000001101111111010100110100001010101100010101000110100101110111100000000100111110110000010110110110001101011110101010110100011001110000010011111100001101010000111100010101101011100000010101010010000001010011101100110110011110000000001001100100000101011111011000111001011100100000001001110011101011111101111100010111011010100010001101101001000101111000011000010111000
8800 0.840231765667 001101010010101111000001101111110010100110110001010100100010011000010100101010111100000000100111110110000010110110110001100011110101010110100011001110000010011111100001101010000111100010101101011100000010101010010000001010011101100110110011111000000001001100100000101011111011010110001111101100000001001110011101010101101111100010111011010100010001101101000000101111000011010010111000
8900 0.840087426752 001101010010101111000001101111111010100110110000011100100010011000010100101010111100000000100111110110010010110110110001100011110101010110100001001110000010011111100001101010000111100010101101011100000010101010010000011010011101100110110011111000000001101100100000101011111111010110001111101100000001001110011101011101100111000010111011010100010001101101000000101111000011000010111000
9000 0.840045030135 010101010010101111010001101111110010100110101001010101100010111000010000101010011100000000100110110110010010110110110001101011110101010110100011001110000000011111100001101010000111000010101101010100011010101010110000001010011101100110110011111000000001101100100001101011111111010110001111101100000001001110011101111111100111100010111011000100011001100001001000101111000011000010111000
9100 0.839174733113 011101010010101111010001101111110010100100101001010100100010111100010001101110111100000000100110110110010010110110110001100001100101010110100011001110000010011111100001101000000111000010101001011110000010101010110000011010011101100110110011110000000001011100100000101011110011000110001111101100000001001110011101011111101111100010111011000100011001101101001000101111010011000010111000
9200 0.839464040551 011101010010101111010001101111110010100100101001010100100010111100010001101110111100000000100110110110010010110110110001100001100101010110100011001110000010011111100001101000000111000010101001011110000010101010110000011010011101100110110011110000000001011100100000101011110011000110001111101100000001001110011101111111101111100010111011000100011001101101001000101111010011000010111000
9300 0.839477155923 001101010010101111010001101111110110100110110001010100100010111000010100101010111100000000100110010110010010100110110001100011100101010110110011001110000010001111100001101000000111000010101101011100000010101010110000010010011101100110110011111000000001101100100001101011111111000110001111101100000001001110011101011111101111100010011011010100010001100101001000101111000011000010111000
9400 0.839530242091 000101010010101111000001101111111010100110100001000100100010101000010000101110111100000000100110010110010010110110110001100111100101010110100011001110001010001111100001101010000111000010101101010100000010101010110000010010011101100110110011110000000001101100110000101011111111010110101111101101000001001110011101011111101111100010111011110100010001101101000000101111000011000010111000
9500 0.83924232539 001101010010101111000001101111110010100100100001010100101010101000010000101110111100000000100110010110010010110110110001100111100101010110100011001110001010001111100001101010000111000010101101010100000010101010110000011010011101100110110011110000000001001100110000101011110111010110001111101100000001001110011101111111101110100110111011110100011001101101000000101111010011000010111000
9600 0.839165867011 001101010010101111010001101111111010100110110000010100100010111100010001101010111100000000100110110110010010110110110001100011100101010110100011001110000000001111100001101000000111000110101101011100000010101110110000011010011101100110110011110000000001101100100000101011110011000110001111101100010001001110011101011111101111100010111011010100011001101101001000101111010001000010111000
9700 0.839247841651 011101010010101111000001101111110010100100111001010100100010001100010000101010101100000000101110010110010011100110110001100011100101010110100011001100000010011111100001101001000111000010101101010100001010101010110000010010011111100010111011111000000001101100110000101011111111000110001111101100001001001110011101011111100111100010111011010100010001000101001000101111000011010010111001
9800 0.839418850583 001001010010101111000001101111110010100100110001010100101010101000010100101110111100000000100110110110010010110110010001100111100111010110100010001110001010001111100001101010000111000010101101011100000110101010110000001010011101100110110011110000000001001100100000101011110111000110001111101000000001001110011101011111101111100010111111010100011001100101100000101111000011000010111000
9900 0.838923911761 001001010010101111000001101111110010100110110011010100111010101000010101101010111100000000100110110110010010110110010001100011100111010110100011001110001010001111100001101010001111000010101101011000000010101010110000011010011101100110110011110000000001001100100000101011110111000110001111101000010001001110011101011111101111100010111011010100011001100101000000101111000011000010111000
10000 0.838332600469 001101010010101111000001101111110000100100110001010100100011101000010000101010111100001000000110010110010010101110010001100011100111010110100011001110001010001111100001101000001111000010101101011100000010101010110000010010011101100110110011111000000001111100100000101011110011000110001111111100010001001110011101011111101110100010111011010100010001101101001000101111000011000010111000
10100 0.83955440679 001001010010101111010001101011110010100100110011010100111010101000010100101010111100000000100110010110010010110110110001100011100111010110100011001110001010101111100001101000000111000010101101011100000010101111110000011010011101100110110011111000000001001100100000101011110111000110001111101100010001001110011101011111101111100110111011010100011001101101000000101111010001000010111000
Mejor resultado: 0.838332600469 001101010010101111000001101111110000100100110001010100100011101000010000101010111100001000000110010110010010101110010001100011100111010110100011001110001010001111100001101000001111000010101101011100000010101010110000010010011101100110110011111000000001111100100000101011110011000110001111111100010001001110011101011111101110100010111011010100010001101101001000101111000011000010111000
