200 0.928199904193 010111100011000111010101011111000011011101110110011010101100011001110111111000010101100000110000001001101101111101011100111111111001111111010011111110110100101101111010111101110111000011010111000000100101101101110111110011111111000010110100100101000110001110000100101010101001001010001111101010011100000100111101111101011011010110010111011010010011000110111101000111100011011100101000
300 0.908561738305 000011101011001111010011111111010011111101110111111010101110011001110111111000011101101000010000001101001001111101011110110110111001011111010111101100101110101111111001111110000110100111100111000100001001101101100111100011111111100010110100100101000110111011000100111110101000001010101110101010001111001100011111111111011111010010010010010111111101101110111001001111100011010101101000
400 0.895871693957 000111101011100111010101101111000011111101110001111110101111011001010111111000011111101000000100001011101100111111011110010110011011011111010000101100111010001111111101101110010111100111000111000100001101101101111111001011111111100010110001100101100110011111000100111010101000011010001111101010001110001000011111111111111101110010010110011101111000101111111001001111000011100100000110
500 0.889993020288 110111111011101111011001101111010011111101110110111110101110111001010111111000010101111000110001101101011100111110010111110111010001011111011011111110100100111100111011111110100111100110000001101000001001101000110111011111111111100010110111110100000110101111101010001110101011001110001010101110011101000000111111111101101111000110010010010010011001101110011001110111100011010110001000
600 0.886531473291 110111111111111111011011101111010011111101110100111110101111111011010111111000011101100000110101101101100100111110010110110111010010011111011011111010100110111101111011101010100111100110100101001100001101101000110110001011111111100010110011110000010100001111000000111110100010011110001010101100011101000010111111110111110111000110010010000011000000101111011000111111100011010110011000
700 0.883436825701 100111111001100111010001101111000011111101110111111110100110111000010101111011011111101100101010101111111100111111010110110111010001110111000011111110110110011111111011111110101111100010000101001100101000101101110111101110011111100110110011100100010110001111000000101110111000001110001110100000001111001001110101111101101111010000010011010000011100101011101011110101100011000110011010
800 0.880900725347 010111110011100101010001101111100011011100100101101110001111111001010110111000011101101000000001101111101100111111010100010111000101110111010011000110011100111101111000101110010111100011100111000000101111100101011001011110011111100110010101110100100010101111100000001010111010010100101111111110000111000011110111111101110111110110101001111100011101111011111101111101100010000010011100
900 0.877191012756 110100111011100111010001101111000011111100111101101111000100111000010111111001011101111100000000101110101101111111010110110111100100110111000010000110011000111111111011101010011111100011100101000010101111101101110001011010111111000110010101110000100010001111100000101011111011110110101101011110010011011010110111111101110011100110100001000100011101111101011101111111100010000010001100
1000 0.875037722397 010101001011100111010011101111000011011000101101001111100101111010010111111001011101101110000000101110001001111111010100110111100100110111000011100110011000011111111001101010010111100011100101001010111111101101110011011010111111000110011101110000100010001111100000101011101011011100101101011110010011010011111111101101010101100010100011000100011100111111011100101111101010000010111100
1100 0.873398522627 110101010011100111000001111111100011100100101101101111010101111000010111111001011101111000000100100110101000111101010111101111110100110011000011000110011000111111111101101010010111100010100101001000101110101110110001011110111111100110011011110000110010001111100000001011111011010110101101011010010011011011110111011111110001100111111001000101011101111111011101001001100000001010100100
1200 0.874656185858 110101000011110111010001111011110011100101101101101001100101111000010111111101011111100000001100101110101000111101010111111111110111110111000011011110011000011110011101001011010111100010000101001000111010101010110001011110011101100110011011110001110110101110100000001010101011000110101101111110010011001010110111111111010001100110110111100101011101111111011101101111000000000010101100
1300 0.874294820668 010101100011100011010000111111100011110000101101011111110101111000010011111000001111101010000101100110001001111101010101111111111101110011100001001100011100111111111001101010010111100010101101001001101110101100110011011010011001100100111011110000100000011111100000001010111011110010101111011100010011011011110111111111011101100011011000010111011001111101011100001001101010001011101101
1400 0.872467222255 110101100011100011010000101011100011110110101101011101100101111000010111111010001101101010000101100100001001111101010101111111100100110011010001001110011100111111111001001011010111100010101101001010101111101100110001011011011001100110001011111000110010011011100000011100111011010110001101111100110011001011110011101111111101100111001011000111011001111100011100101011111011000011101101
1500 0.87332925834 110101100011100011010001111011111011110110101101011111100001111000010111111000001111001010000100100100001001111101010111101111100111110011010001001110011101111111111001101011010111100010101101001010101110101100110001111011011001100110011011101100100000111111100000001010111011110110001111011100010011001011110011101111111101100111101011010111011001111100011100111001101000000010101101
1600 0.869791628954 110101100011100111010000101111110011100110101101011101010101111000010111111000011111001010000000000100001001101101110101111110100111110011100011100100011100111111111001100011010111110010101101001011001111101100100000111011011001000110101011111000110010011101100000101011111111010010101111111100010111011011000011101111101001100111010000010111011001101101011101101111101010000010101101
1700 0.871079580752 010011100011100011000001101111101011110110101101011101000100101101010011101010001111101010001100100100001001111101010101101001100011110110010001001100011101011110111001101011010111100010101101011010101111101100100001011111111001100110001011001100100010101110100000001100111111010111101101111100010011100011111011101111110100100011011011010001111001111101111100111111001001110010111100
1800 0.869156992212 010011100011100010010001001110101011000110101101011101010100101101010111101010001111001010000101100100011011111101110101111110100111110011000001001000011101111111111000101011000111100011101111001010001111101100100000010111111001000110101011111100110011101110100001001101111111010110001101011000010011100011111001101111110000100011110011010101011001101101011100101111101011110010111000
1900 0.870134841515 110001100011100111010001101111111011100110101101011101010100101101010111101010001011001010010001000110001010111101110111101100110111110011100001001000011101111111111001101011000111100010101111011011101101101110100001011111011001000111100111111100100010101110000000011100111111010111001101010110010011001011011001111111110110000011000011010101011001101101011100101011101011010010111010
2000 0.869375555364 010011110011100111010001101101111111000110101101011101010110101001010011111010001010001010000001100100001011111101110101111100110111110011000001001100011111101111111001101010010111100010101111000010101111101100100011111011011001000011100111111100100010111110100000101110111111010011001101011110010011001011011001111111110001000111100011010101011001101101001100101111101011010010110011
2100 0.869066104752 010111110011100011010001000101111011000110101111011100010011101001010011101110010111001010000100100100001011111101110101111100110111110011000111001100111101101110111000101011000111110010101111000010101111101001111011100111111101000011110011111100000010001110110000101001111111010011101101011110010011001011001001111111111101100011100011010101001001100101001100101111101011110000111000
2200 0.869626682874 011101110011100011010001001101011010100110101001011011010001111000010111101010010111001010000100000100001000111101110101111111110110110011000011001100110101111110111001101011000111101010100111000010101111101111110001110110111101000010101011101100000011101110100000011001111111010111001001011110010011011000001001111111110101100011111011010101101001100101011111101111101011110010101000
2300 0.870620551017 011101110011000011010000001101001110100110111001010011010001111000010111101010010111001010000100000110001100111101110101111110110110110011000011000100110100111110111001101011010111101010101111000010101111101111110001011010110111000110101011101000000011101110100000001001111110010111001001001010010011011010001001111111110111100111111011010101101001100101011111101111101001110010100100
2400 0.869484768585 001101010011001011010001001101001010000110111001010111010001110000010011101110010011001011000110000100001100111101110100111110110011110011000011001100110100111111111001101011000101000010101101000010101111101111111011111110111111100010111011111001000111001110100000001101111111010110001001101010010011011010001001111111111110100011011110010101001001100101011111101111101001110010101000
2500 0.867204835235 011101010011000110010011001101110010000100000001011111010001010000011110101010010111001010000101000100111011111101110100111011100110110011000111001010111111111111111001100011000111000110101111000010101110101111111001010010001101100110101011111100000110011110000000101001111111000111001001100100010011011010101101111111110100100011110011010101001001100101011111101111101011100010111100
2600 0.86927882162 011101010011000110010001001101011011000110100001010111010000010000010111101010110111101010000001000100111011111111110101111111100100100011001011001110111100111111111000101011000111001010101011000010111011101111111001010010010011100010101011111100100011011110110010101001111101000101001011100010010011011110011101111111110111100010110011010101101001100101011111101111101011110010111100
2700 0.867063723102 010101010011000110010001001101011011000100100001000111010000010010010111101010110111101010000001000100111011111111110101111111100100100110000011001110111000111111111000101011001110011010101011000010111011101101111001010010010011100010111011011100101011011110110010101001111101000111001011100010010011011110011101111111110111100011110011010101101001100001001111101111001011110010110100
2800 0.86795167406 110101010010001110010101001101011011000100100011010111010100010010010111101010110111001010000011000100111011111111110111111111100100100010000011001100111000111111111000101011001011010010101111000010111010101101111001011010010011100010101011111100100010101110110010101011111100000111000011100010010011111110011101111111110111100011110010010101101001100101001111100111000011110010110100
2900 0.866580095234 110101010010001110010101001101011010000100100010010101010100000010010111101010110111001010000111000100111011111111110011110111100100100010000111001100111000111101111000101011001011010010101111000010011110101101111001011010010111100010001011111100100010101110110010101011111100000111000011110010110011111110011101111111110111100011110010010111101001100101001111100111000011110110110100
3000 0.865324898139 010101010010001110001101101101011111000100110101010111011000010010110111101110110111001110000110000100111001011111110101111101110100100011100011000100011000111111111000101011001011010010101111010010111010101101111000011000010011101010101011101100101010101110110010101011111111000011001011100010010011001110001101111111110111100011110011010101101010100101001101100111000011010010110100
3100 0.865613231622 010101110011001110000101010111111010100110100000010101010101011010110111101010000111001010000110000100011010110101110011100111100100100010101011001100111000111101110000101011000101011010101011010010011110101101111001010010010011100110101011111100100010111100100110101011011100000111101011110010011011111010011101111101110111110011110011110101111001100101001100101111100011010010110100
3200 0.866192677527 010101010010101110001101101111011011000000110100000111000001010010111111101010111011001010001110010100111001000101110111101111100100100010100010001110011000111111110000101011001111010010101111010010111010101001011000011011010111101010101111101000101100101110100010101011111100000111011011100000110011001110001101111011110101110011110011110101101000100101001101101111000011010010110100
3300 0.866600185081 010101010000101110001111101111001010000010110000000111000000011010110111101010111111001010000100000100111001000111110101111111100100100010100011001110111000111111110000101011100111011011101111010000111010101001111000011010011111001010101111101110100100101010110010101011111100000111001111100000100011001110011101111011110111110011110011010101101010100001001101101111000011010110110100
3400 0.865990066075 011101010011001010000001101111111011000000111101010100010000010010110011101010111111001010000110001100101001100110110111111111100110100010101010001110001000111111111000101011001011010010100111010110110011101001111010111011010111101010111001100100011100101110100000101011111101000001101011100110011001001110001101111111111110100011110011100101011000110101001001100111000011000010111100
3500 0.866933645811 001101110010001010010001101111111010000100111101110101010000011110110111101110111010001010001100001100101001111110110011101111100110100010101011001110111000111111111000101010101011010000101111011100111011101001111100111011011001101010001100001000001101101110100000101001111101000101101111100100011011011111001101111110110111100111110011100101111000110101001101100111101011000010110000
3600 0.862319069564 001101010011000110000101101111111011000000101001100100010001011010110111100110111111001100101110000100100011010110110011111111100110100100100010001010111100111111111000101011001011010010101111010010010010101001011000011011010101001010111101110100111001001110100000101011111101000111111011100100011110001110011101111111110111100011110011111101100000100101001001100111100011000010110100
3700 0.866461304698 010101010011000010011011101111111110000101101000100100000101011010110101110100111111101010100110001100100011001110110111111111100111100100100001001010011000111111110001101110000011110010101111000010100111101001011000011011010101100000111001110000111001101110100001101011111101000111111011100000011110001110011101111111100110100111110011110101101110100101001001101111000011000010110100
3800 0.867868266047 010101010011001010011000101110111011000110101101101101000101010010110111101111111110001010100110001110100010010110010111111111100110100100100001001010011000111101111001101010000011110010101111000000110111101001111010011011011101101000111001110100111001101110100000101011111101000011111101100110001110001110011101111111101111100111110011110100110010100101001101101011000011000010110100
3900 0.868301455326 001101010011101010010001101010111011000110101101101111010001010111110111101111111111001010101110000110100011010110010111111111100110100100100011011010111000111111111001101010000011010100101011011000110011111101011010011011011101000010111101110000001001101110100000101011111100000111111011100111011100001110011101011110111101100111110011110100010010100101001001101110101011001010011000
4000 0.865900521792 111101010011000010010101101111111011100110101101001011010001011010110101101110110111110010100100001110010011011110110011111111100101100100110010011110011000110101110001101010100001010010111111000010010111001001111001011110011001001110011100110000100001101110000000101001111101000011111011100100011011000110010001111110101111100011110011110100111011100101101101101111000111010010111110
4100 0.864323064544 001001000011000010010001101111111011000110111101001101111001111011110101101111111111111010100110000110010011111110110111111111100111110100110011111110010000000101110001101111000011000110100101001000110011001001011000111010011101001110011101111000000001101110100000101001111111001101111011100100011010000110010001111111101101100011110011100100011010110101001001101111100001010010011110
4200 0.864905137033 001101010011100010010011101111111011000110111101001110010101111011010101101111110011111010100110001110010010011110110011101111101100010100110010101110011000001111110011101010000001010110110111001010100011101001011000011010011001000100011100111000100011101100100000101101111111001111111011100100010010000110011001001101101111100111110011100101110010100101001101101111000010010010111110
4300 0.864705933379 001001010011110010010001101111111011000010111101100101110001111011110101101111110111111010110010001110010011111110110011111111100100110100110011101110011000001101110011101010000011011110101101001010110011101101011010111010010000000110011101111000100011111110100000101011111111001110111011100100010010000100010001001101101111000011110001100101010010100101001001101111100001010010111110
4400 0.863154299933 001001010011100011010001100001011010000010111101110101110001111011110111001111110111111010110110001110010011110110110111111111100100110100110011101110011000001101110000101010000011000110101101001010110011101101011010111010010101000110011101011100100001101110100000101011111111001111111011100100010111000100010001001111101101000011110001100100011011101101001001101111100001010010101110
4500 0.866798000144 001001010011101001010001100001011010100010111101110101100001111011110111101111110101111010110110001110010011110110110111111110100100110100110111101110011000001101111000100010000011000110101101001010110011101100010010111010010101000110011101011100100001101110100000101011111111001011101011100100011111000100010001001110101101000011110001100100011011101101001001101111100001010010101110
4600 0.866108488824 001001110011100011010011100001011010001010111101110101100001111010110111101111110101111010110110001110010011110111010111101110101100110100100111101110001000001101110100101010000011000110101101001010110011001101011010011010010101000110011101011100100001101110110000101011111111001111101011100100011111000110010001001110101101000011110011100100011011101101101001101111100001010010011110
4700 0.86593526915 001001110111101100010001001001101010100010111101011101110001111010010111101111110101111010110010000110010010111110110111101101100100010110110011101110111000001101110011100110000111000110101111001010110011100111010010111011001101000110001101110100000101011100100001101011111111001011001011101100011111000101010001101111100101100011110001100101011011101111001000001110100011010000101111
4800 0.867911106621 001001110011101001000001001101101010100010111101011101110001111010010110111111101001001010110010000110110010110110110111101111100100110110110011101110111000001111110010100110000111000110101110001010110011001111010110111110011101000100001101111100000100011110100001101011101111000010001011101100111111000111010101100101100111100011110001110101011011001111001000101111100001010010101101
4900 0.86526171614 001001110111101100000001101101111010000010111101010101100001111010010111111011110001111010110110000110110010110110110011111111101100110110110011101100110000001101110001100110000111000010101101001010110011100111011010011111000101100110001101110100000100011100100001101011101100001010011011100100011011000110011101100101100101100011110011101101011011001101101000101111100011010000111101
5000 0.864569946229 101001110111101100000001101101111010000010111101010100110001111000010101111011111001111000110110000110010011110110110111101111101100100110110010101110110000001111110000100110000111000010101101001010110011101111011010011111001001110100001101110100001000011110100001101011101100000010001111101100011111001110011101100000100111100011110011110101011011001101101000101111100011010000111101
5100 0.867556496848 001001100111101001000101101101001010100010011001010101100001110010010110111111111001111010110110000110010010111110110111110111101100010111010011101110010000001101110001000010011111000110101101001010110011101111010110110111000101000110001101111100000100111100100001101011101010000010011011110100011111000110010101100101100111100111110011101101011011001101000000101111100011010000111101
5200 0.866440013714 000001110011101100000001111101001010100010111111010111110001111000010110111010111000111110110010000100110010110110110011110011101100110110100011101110110110100101110000100110010111000010101101101010110010100111111010001011101101100110011100111100000000111110100000101011100100001011011011100110110011000110001101101101100101100011110010111101011011001101001000101111100010010010111101
5300 0.866881974579 001011110011101100000001011111111010000010111001010111110001111000010100111001111001101010110110000100110010110110110001111011100100100110110011101100110111000111110000100111010111000010101101111011101010100111111010111011010101100110011100111000001101111110100001101011100100100001011011100100110011000110011101100101100101100011110011111100011011001101101000101011000011110010111011
5400 0.866116159459 000100110011101100000100101111001000000000110111011101110000111010010111110111110001111010110111000100110010111110110011100011101100001110111010101111110010101101100000100011110111000111101111001010110010101111011010110011001001100110110011111100000100011110100000001111110010000010111111101110011011000110011101101001100101100011110111111101011001001101101000101011110011010010111100
5500 0.867052777654 011000110110100000000100101111001000110010111101010101111000111000010100111011111010111000110111000111111010011110110101010111101110110110111011001110011100001101110000101010000111000110101101010111111110101111111000111011000001000110010101110100000000111100110001101111111010000011010101100100010101000110011101101111110101100011110011110100011011001111001000101110101010010100111101
5600 0.864908860504 011000110010100000000100101111001000110010111001010101111000111000010100111011111010111000110111000111111010011110110101010111101110110110111011001110011100001100100000101010000110000110101100010111110110101111111000111011000001100110010101110100100000111100110001101111111000000011010101100100010101000110011101101111110101000011110011110100011011001111001000101111101010010100111101
5700 0.862594295469 011000110010101000000100101111001000100010110101010101111000011000010100010111111010111010111110000111011010111110110001010111101110110110110011001110011100001101100000101010000111000100101101010110011010001111111000111011000001000110010101111101000000111110111001101111110010000011010111100100111101000110011101101101110101100011110011110100011011001101011000101111101010010110111101
5800 0.864627021923 011110110010101100000100101011011000100110110101010101111001011000010111111011011010111111111110100101111010111110110001110111100101100100110011001110011100001101100000101010000111000000101101011110011010101111111000101010000001000110010101111101000110110110111001101011110010000011010111100110011101000110011001101101110101100011110010110000011011001101011100101111101011010110111100
5900 0.86239777361 001110110010000100000100101011111000100110110001010101111000111000110110111010011010100011110110100101111010110110110101110111100101100100111011001110011100001101100001101010000111000100101101011110111010101111111000101010010001100110010101111101000110111110100001001111110011000011011111101111001001010110001001101101110001100010110010110000011011001110001101101111101011010110011100
6000 0.864510128047 001110110010000100000100101111110010100100110001010101011010111100110110111010011010100011110110100101111010110110110101110111100101100100111010001110011000001101100001101010000111100110101101011110111010101101111000101010010001110110010101111101000110111110100001001111110011000011001111101111001001010110111001101101110001100010110010110000011011001110001101001111010011010110011100
6100 0.86525301382 001110110010000100000100101111110010100110110001010101111001111000110110111010011010100011110110100101110010110110110101110110100100100100111010001110011000001101100001101010000111100110101101011110101010101101111010101010010001100111010101111101000010111110100001001111110011001011001111101111001100010110011001101101110001100010110010010000011011001110001101001111101011010110011100
6200 0.86447575604 001110110010000100000100101111100010100100110001010101111011111000111110101110011010101011110110100101111010110110110101110110100100100100101010101110011000001101100001101010000111100110101101011010111010101101111000001110010001101011010101111101000110111110100001001011110011010011011111101111001001001110011001101111110001100010010010010000011011001100001101001111101011010110011100
6300 0.866553327588 001110110010000100000000101010101010000110110001010101110011111000110110101010011110101011100110000101111110110110110111110110100110100100111010101110011001001101110001101000000111100110101101011110101000111101111000001010010011101010010101111101000110111110100001001111110011010011011111100111001001001110011101101111110001100010110010010100011011001100001111001111101011011110011100
6400 0.864962481923 001110110010000100000110101111000010100100110001010101111011111000111110101110011010101011110111100101111010110111111101110110100100110100101011101100001000011111100001101010000111100110101101011000111010101101110000001100010001101111010101111001000100111000100001001011110011010011011111101111000001001110011001101111100001100010010010010000111011001000001101001111101011010110011100
6500 0.866551806148 001110110010000000000100101101110000100100110100010100111000111010110100110010010010111001110111100111111011110111110101110110100110000101111010001110011001011111101101101010000111001010101101011110000010101001111000011000110010000010011101111001011001111110000001101011110001001011011111110110101000010110011101111111110101100010111010110100011011001100101101101111001011010010011100
6600 0.867713444668 001110110010000000000100101101110010100100110100010101111000111000110010111010010000101011010111100111110010110111110111110110100110000100111010001110011000011110000001101110000111101010011101011100000010101001111000011000111101101110011101111101110000001110100001101011111001010011001111100111001001010100011101111111111101100101111010110100011011001100101111100111111001000110011100
6700 0.867368205568 001111110010000000000100100101100010100100110001010101111000111010110010111110111100101010001111111101110010100111110011110111100100000100110010101110010000011110000101101000010111001010011101011110101010101001111000011110111000001110011101111111100100001100100001101011111011010011001011100111001001000100001011111111111101100100111010010100001011111100101101100111111011000110111100
6800 0.866776869135 001111110010000101010100100011100010100100110101010101111000101010100110111110111000111011010111110101110110110110110001110111101100000100110010001110011000011111000000101010011111001010001101000110100010101101111000001110110001100110011111011011100000001110100001101011111111011011011011110100001000000100001001111111111101100110111010010100011011001101101101110111011011000110111110
6900 0.863942874545 101111110010000100010000100011100010100100110100010101111000101000101101111110111000110011010111110101110110110110110001110111101100000110110010001110011010001111000000101010011111000010001101000110000111100101111000001110111001100110011011010011100000001110100000101011111111011011011011110100001000000100001001111111111111100010111010010100011011011101101101110111011011000110111110
7000 0.86501568641 001111010010000100010100100011100000100100110100010111011001101000100100101110111000011001011111110101110010110110110001111111101100000110110010001111111000001111000000101110010111000010001101000110000110100101111001001110111101100110111111011011100000101110100001101001110111011001011011110000001000000100001011111101101111100111111011110100011011011101101101111111011011000110111100
7100 0.865988286427 001111111010000100010100100011100000100100111110110101011001101000100100001110111000111010001111110101110010110110110001110111100100000110110010001110011010011111100001101010011101000110001100001110100010100101111000001010111101100110011111011011100000101110100001101001110111010111011011110000001000000100001001111111111100100111110010110100011011011101101101110111011011000110111100
7200 0.864852984122 000111110010000101010000101011100010100100111101010101111000101000100101111110111000111001010111110101101110111110110001110101100100000110111010001110011110001111000010111010111111000110101101001100010010101101111000011010111001100110011111011100100000011110100001100011111100011111011000110100101001001100001001111111101101100101111010011100011000001101101001110111001011000110111011
7300 0.866264435247 000111110010100101010100101111100011100100111100010101101001101000100101111110110100111011000111010100111110110110110001110111100100010110111010101110011110011111100010111010111111000110001001001010000110001101111100001010110011100110011111011000100000001110000001001011010101010111001001110100101011000110001001111111101100100101111010110100011000011101101101110111001011000010111010
7400 0.863407552138 001111110010000100000000101111000010110100111110000111111001101000000110111110111001111010000111000101111111111010110101100111100100010010101011001110011010001111001001101110111111000110001101000100010010101101111001100010101001000110011111011100100010001110000001101001111101010111011011110000101001001100001001111111111101100110111010011100010001001101101101110111001011000110111110
7500 0.865607517738 001111010010110110010000101111100011100100111101010101010001101010110100001110111100101011010111010101100110110110110011110111101101100110111010101101011000010111100110111000000011000010101001000000100010101101110000011010111100100110000111011000100001001110100001001011111011011111011111100100001001001100001101111111101111100101011010011100011011011101100101110111001011000110101110
7600 0.867481294967 011111010010110110010000101011100011100100111101010101010001101010110101000110111110101011010111010101100110110110010011110111100101100110111010101101011000011111100110111010100011000010101101000000100010101101110000011010111100100110000111011000100101001110100001001011111011011111011110100100001001101100001101111111101111100101001010011100011011011101100101110111001011000110101110
7700 0.86619433301 001101111110100100000000101111100011100100110110010111111000101010110100101110111100101010010111010101010111000110110101100111000101000010101000101110011010011111000010101001100111000110001001000000010100101101110001111010111001100110001011001001100001001010110001101011111111110111011011100000111101101110001011111111111111100010110010111100010001001101101101110111011011000110101110
7800 0.86792198586 001101111110100100000000101111000011100110110110010111111001101010110100101110111100101010010111010101010111000110110101100111000101000010101000101110011010011111000010101001100111000110001001000000010100101101110001111010111101100110101011001001100001001010110001101011111111010111011011100000011101101110001011011111111111100000111010111100010001001001101101110111011011000110101110
7900 0.864954910162 001101011010100100110000101111100011000100111110010111111001011010010100101100011110100111011111010101010111010110110101110111000101000010101110100010011011011111000010101001000111010110001101000100010110001101110011111010111001100110001111111000100001001010100001101011111011010111011001110000111001101110001101011111011111101000010010011100010001001101101101000111001011010110101110
8000 0.863955587336 001101011010100101000000101111100011100100111111010111011001011110010100101100111100101110010111010101010111100110110101110111000101000010101110100010011010011111000010101000100111010110101101010100010100001101010011111000011001100110001111111010000101001010110001101011111111010111011000010000111001001110011101111111111110101010110010011100010001011101101101000111101011000110101110
8100 0.865553205422 001101011110000101000001100111101011100101101110010111111001011000010100101100111110100010010111000101010111100110110101100111000101000010101110101000011010011111000000001011000111001110001101000100010100001101110011111010011001100110101111111000000101001000110001001011111011110111011000110000111001101110011111011111101111100000110010011100010001011101101101100111001011010110101110
8200 0.865288255248 001101111010100000000001101111100011100101110110010011111001010000010100101110111110100010010011000101010111100110110101101111010101000010100110001100011011011111000000101110000111000110101101010100011000001001010011111110111001110110101111111000000101001000110001001011111111110111011010110010111001101110000111011111101111101000110011011100010001001101101101100111001011010110101110
8300 0.865841121742 001101111010001101000000101111100001100101111010010111111001011100010100101110111100100100010111000101011111100110110101101111100101000010101100001000011010011101000000001111000111011110101101010100011000001101110011111010111101100110111111111001010101001010110001000011111011110111011000110010011001101110010110011111101111001010110010011100000001101101101101100111101011010010101110
8400 0.867409664361 001101111010100101000001101111001001100101111101010110111001011100010100101110111100110100010111000111001101000110110100101111000101001010101110101010000010011111000001101111100111101110001100010100011000001101100011111010110101100110011011111000000111001010110001001011111011111111011000110010011001101110011101011111001111101010110011011100010001001101100101110110001011000110111110
8500 0.865340763995 010001011011101001000101101111101100110100101010010110110001011000010100101011111100100100010111000101011111100110110101100111000101000011101101001100011010010111010001101011000111011110101101000100011000101101110011111010011101100110101011111011110101001010010001001010111011111111011000110010011001101110011100011111101111000000110011010100010001011001101101100101001011010110101110
8600 0.867213627182 011101111011101101000001111111101100100100101010110101110011011100010100100010111100100010110111000101011101100010110101100111000101000010101111011100000000010111010010101011000111001111101001000110011101101001110011111010011101100100101011110010110100001111010001001100111011111111011001111010011011101110011100011101001111000010010011010100010001011101101001100111001011010110111110
8700 0.866059199284 011001011010101001000001101111100101100100111010110101110011011100010000100010110110110000010111000101011101100110110101100111001101000110101111011110010010010111010001101011001111011110101100010100101100101010110001111010011101100110011011110010110101001111010001000010111011111111011000111110011111101100010100011101101111100010010011110100010001011101101000110101001011000110111110
8800 0.866407133241 011000011010101001000101101111100100100100111010010100110011011100010000100011111110110000110111100101011111100110111101100111001101000011101101001110011010011111110001101011000111001110101101010100110000101111110001111010010101100110111011110011111101000111010001000010111001110111011000110010000001101100011100111111101111100010010011010100010001011101101100110101000011010100111110
8900 0.866722622349 011101010010101001000001101111100100100101111010110100110011011100010000100011111110110100011111100101011111100111110001100111101101000111101111011110010010010111110001101011001111011110101100010101110000101110110001111010010101100110110011110010111111001111010001100010111011010111011001111100011011101000010100011101101111100010010011010100010001011101101000010101000011010110111110
9000 0.863942710879 000000010010011101010101101111000101100101111110010100110011011101010010110010110110100010110111010111010111101111110101100011011101100110101110011110011000101111010001001110001111010110101101011100111100101010110001111010011111110110111010111000110001101001110001101011011111100111001001110100001001101110011100011101101011000010110011010100010001011101111000101111001011000010101100
9100 0.865143848445 001000110010111101010101101111010001100111111111110011110011111101010010111010111110100000010111100101011101100111110101100111011101101100100111010110011010111111010001001010101101010110101101011100111011101100110001111010010101100110111010110010111001101101110001101011111111000111001001111100001011101100010100011011101111000010110011010100010000011101111000100101001011000010101100
9200 0.863995092291 001100010010101101000001101110101000100101111110110100010111111000010100101111111110100111111111110111001111001111010101000111100101100110101000011110010010111111110001001110000111010010101101011100111110101110110001111010010001100110110011110000111001100111010001101010011011011111001100110100001001001100010000011011111111100111010011010110110001001101111000101110100101010010101110
9300 0.863458479161 001010010010011101100001101110101001100100101110110100110111011100010100111111101110100011101111110000011011101111110101100111100101100110100010011110010000111111110011001010000111111110101101111100111011111110110001111010010001100110110010110010111001101110010001101010111011000111001100110100000001101101010000011111110111000011110111000100010001011101111000101111000111010010101100
9400 0.864282285173 001110010010111101100101101111001011100100111110111100110111011100010100111111111110100011101111110000101111101111110111100110100101100110100010011110010010101111110001001010000011001011101101011100111011111110110001111010010001110110110000110000111001101100110001101010111001000111001100111100000001001100010000011011101111000011110111010100110000001101111001101011000111010010001000
9500 0.86530143113 001110010010111101001101101110101011100100110010110000110011111001010100110111111001100001100111110100111111101110110111100110100101100111100000011111010010101111000001001000000011000001101101011100111011101110110001110010010001111110110010110000111101001111110001101010111001000111111100111100001001001111010000011011101111100011110011010100110001001101111000101111000111010010101010
9600 0.866538320589 001000010011101101000101101110101011100100101110111100110111111100010100111111101111101010100111100101001111101011110101000111100101100110100011111111011010110111110001001010000011010111100101111000111011101111010001111010111101100110011010110010100101101101110001101011111010000011000100110000000001001111011000001100111101100011110010010101111010001101111001100111000011010010101100
9700 0.865513793565 001100010010111101000100101110101011100000111110110100110111100111110100110111110110100010101101110100111111001111110101101110100101100110010111011111010000111101110101001011001011010011101101111100111010101110110001100110011001100110111011110000111100001110110011101011111010001010001110111100011000000111010000011111101001100011110011010101010001001101110000101111000011010010001010
9800 0.866980449482 001110010010111101000101100111101011100100111110111101110101111101000100101111111011100010100111010100111111111111011101100111100101110111100000011111010010111110100001101111000111000001101101011101011010101111100001111010011001110110010010110000000100101100010001101010111001000001101100111100011001001101011000011111101011101011110111010100111010001101110001101110000011010010001100
9900 0.867536824279 001100010010101101000001101111101011100000111101110101110111101111010100101111110011100010000110010100111111101111011101100111100101110110010100011111000000111110110111001011001111010001101101011101011001101110100000111110011001100110110011110001100100101100111000101010111001010010001110111000011000001111011000011111001001101001110011010100110011000101100010100111000011010000011110
10000 0.867784843689 001100010010111111000101101111001111100001110101100101111101101101010100100111111011101010000110000100111111111111011101100111100101110110010100011111000000111110110001001011000111010011101101011001011011001110111000111010110001100110010011110001100101101100110000101000111001010011000110101000110100001110011000011111001000100010110011111100010110001101101001110011000011010010001110
10100 0.866724952425 001100010110101101000101101011001111100000111101110000100111101100010100101111111011100010000110000100111111111111011101100111100101110110110101011111010000111110110011001011000011010011101101011011011011001110110000111010011001100110011001110000100110101100110000101000111001010011001110111000011100001111011100011111001001100011110101011101010011001101111010100111000011010010001100
Mejor resultado: 0.862319069564 001101010011000110000101101111111011000000101001100100010001011010110111100110111111001100101110000100100011010110110011111111100110100100100010001010111100111111111000101011001011010010101111010010010010101001011000011011010101001010111101110100111001001110100000101011111101000111111011100100011110001110011101111111110111100011110011111101100000100101001001100111100011000010110100
