200 0.936866289224 100111110111000111100011010110011111111100011001011001001011011001010011000100110011011110000011110100100011101101100111111110100100000011001011011101110010101111110011100010000011011111101100111101100011100110110011000001101111010100011010011111111101011111000000111010011110111100110111101011101100010101001100101001101011000101111010001110000001001001100101110111101110010000011110
300 0.928745747232 001011100111000011110110111101100101111111011111111011110010101111011000101001111010110011111001011001111011110101100101111001011000101111100100111110000001000010010100111010101010111001100110011110001001000110101111101010101010110110100111111100101010110111100001100011110111110001100101100111110011001001001100111111000111100100101111111100011010101101101010110011111011111011111010
400 0.91543480942 111111101111000011111101011111111110110101001011110001011111111001110100111101101111001111001111101110110111001011101101110000010010111111100000111101110011111011110101011010000111011100011111011011100101011110111010010010000110010111010001001101111101011110001110111010011011111101010111000111100111001101001111100101101101100101101010000010110011001101010001011111100111001001011110
500 0.909992317796 010111011111111010100111111111101111101101101110110101100100101010111101001010111111101111100011001001101110011111001101111110100100101101111101111110100110001111010010100011111010110111111000011101000101101111110111011101001001110011011111100000011011010110001100111100000111111100111101101000110101000111011101001110101001110000100110001101101001001001101101101111100010011100101101
600 0.895828867464 111111111011101011110111110001011101101111110111111001100100111000001100111100101111111110101011010100111101000010011100000110010101110001011110101100100011111100111110101101110111111111111101011010110111011111110010110111001111100110011001011101111011111000101000111010010011001111010011100100000000001111101101011101101001100001110100111101100001101101010110101110100111101010001110
700 0.893704467303 010111111011111010101101111111101111111100100111110101000011101111110001001010110111101011100010001111111011011101001101111110100110011111110100100110100110011110110010100011110101010011110100011101010001001110110101101011001001110001011111110000011110011111100101101100110110101100110101111010110101010111011100001110101101110101100010000101111101101101101101111111101010010110101111
800 0.890572744609 010111110111001010100101100101101111111100100111110101010010101111110000101011110111101011100000001101111011111101011101111110100100011110110100100110100110011110110010100011000111010111100101011101010101001110011011101011001100110011010111111000111110101111111100101010110011101001110101101110110101010111111100101010100101100101101011000101111101001101111001111111011110010111001111
900 0.88797339523 000111110110110011111101111111111011101001100011110111010000101010111000101101111111101100111001011101110011110111010101111111110101011101011100011110111111011110000010101111111110110110100101101100001101001110010111101100001001100010001011101100011010001111110001100000111011001000111101101010100100010111011100111011100001000101111111011101110011100001101100101010110111010111001100
1000 0.886832708091 010111111110000010110101100011111111111110111011110010010100101000110000111011110111101010100101111101110011111111010101101111101101001111101100000110100110001110100010101011001010000100101101101110110111101111010011100100011111110111001111101100011110001001110100101111111110111101111100100011010101010111101100101011101001100101101111000101111001100001001100101111110111010110101110
1100 0.883354992542 110111111011001010100101110101111111101110100011110101010010101111110100101110110110101011100011010111111111011101010101101010100100101111011111100110100111011010000010101001010111010111100101111111010001101110111011101111001101100011001011110000001110001010110110101101010011001100100101101100110101010111110101101110101101100100101011000100111001111101101101101111110011010110101100
1200 0.881578957317 010111111111001010110101110001111111101010110111110000010110101010110000101010110110101010101111010111011011111111010101111110100100101111111100110110100111001110000010101011011111010110101101111110110001101110111011100110001101100111001011111000001010001100110100101101010011001101100101100101110101011111100101101111101101100101100011000100111001101001001101101111110111010110101100
1300 0.878967899534 111111111010001110100101100001101010101110100011110110010000101111011100001100110100111011000011011111111111111111011111111010100100111110001110001110100100001111100010100001110101010111100001011100110111101100010011100111001000100011100011110000001011001110110000101101011011001111100101100000110101010111111101101111101101110100101011000101111001101101101101101111100111010010001100
1400 0.878661203825 010110111010000010110100111001111101100111100011100011110111101000011000011110110111111110101101111110011011011011011101101110100100101110110100100110101011011111010010100011011111010111101001011100110011101011010101101111001000100110001011111100000110001110110001101111111011101111100101101100110111001111111101101111100011000001100011000101111001101101000100101111110111010010101100
1500 0.875570835706 000111111010001110110101111001111100110001100111100011110111101000110000111110110111101110100111100110011011111111011101101110100100101110110100000110110011011111100010100011010111010111100101111110010011101011110001101111001101100110001011110100011010011100110010101101110011101111110111101100110101001111100101111110101001000110100011000100011001101101000100101111110111010010101100
1600 0.873266220277 000111111010001110110101101011111101100011100011100001110110101100011000101110110101101110101110101110011011110010011101101110100100101110110100100110110011011111110010101011010111010111100101011110010011101011010000100111001001100110001011110100001010001110100010101110111011101111110111101100110101001111101100111111100011100001100011000101011001101101000100101111110111010011101100
1700 0.872643185627 010011111010001010110101101011110101100011100011100001110110001100110010101111110111111010101000011111011011111010011101101111100100101110110110100110110010011111110010101011011111010111101001011110010011101011010000101111001100100110001001111100001010001110110000101111110011101111110111101100110101001111101100101111100001100001100010000100111001101101000100101111110111010010101100
1800 0.868656741316 100111111010000110100101111111111101100000100111000101110001101000110000101010010101011010100101101101111011110110010101101111100100101110100110100110110011011111110010101011011111010111101001011110010001101011010100100111011110100110001011111000011010000110001000101111111011101111110111100000010101001111101100001110101111100000100011000100110101101101000000101111110111010010101100
1900 0.867792737467 101111110011101010101001101001101011101010100011110100010010001001010000101111010101000110101111001111011011011111010101101001100100100110110100100100100010011111110000101011010111010101101101011100110011101011110001101111011011100110001011111100001010001110110110101111111011011111100101100000110101010111110101101101100111100101100011001101011101101101101000101111110111010010101100
2000 0.864633309845 011111110011101010100101111101101001100010111011010101110010001001000000101011010101000110101100111111011011111101010101101010100100110111110000000111100010001111110000100011010111010110101101011100110011101010110000101111011100100110011011110000001011001110110000101111110011011110110101000000110111011111110101111101101111100100100011000001011001101001100000101111110111010010101100
2100 0.864502812484 100110111010101110101001101111101001101110100011110000110010001001010000101010010111000010101101001110111011111010010101101011100100101110110110100100110010011111110000101011010111010101101101011100110011101001110001101100011111100110001011111100001010101110111000101110110010011111100111100000111101010111111100111111100011100010100011001101111001101101001000101111110111010010101100
2200 0.86155309823 101111111010101010101001111011101001101100100011100000010010101001010000101110111111001010100111000110011011111110010101111011100100101100111101100110100010011111110000101010010111010101101101011100010011101001110001111110011101100110001011111000001011001110110000101010110011001111100111100010110101100111011100101111101001100110100011001100111001101101100000101011110111010010101100
2300 0.860994953092 100111111010101010111001101011101101101100100101110000010011001101010000101010010101000110101011010110011011011110110101101001100100101110110110001100110010011111110000101010010111010110101101011100110011101011110001101010011011100110001011011000001010001100110000101111111011011111000110100000110101100111111100101111100111100111000011000101011101101101101000101111110111010010101001
2400 0.862527416392 100111111110101010101001101111111001101100100001110000010000001001010100101010011111001010001011000110011011011110010101101011100100000110111101100101100110101111110000101010010111010111100101011100010011101011110001101110011111100110001011111000001011101110110010101111110011011111100101100100010101100111111101101111101011100111100011000101111001101101100000101011110110000010101100
2500 0.860651048584 001110111010101010110001101011101101101100110011110100110010101001010000101111110111000010101100000100011011111010010101111011100100101110110111000110100010011111010000101011011111010100101101011100110011101011110001101101011011101110001011111000001011001110111000101011111001011011100111101000110111000111011100101011100001100111100011000100010000101101001000101111110111010010101100
2600 0.861015530753 100111111010101010111001101011100101101100100001110000110001101101010000101010110101100010101110000110111011111010110101101011110100101010110110001100100010111111110000101010010111010101101101011100010011101001110001100110011111100110001011111000001010001110110000101011110011011111100111100100010111111111011101101111100111100101100011000101010000101101001000101111110111010010101100
2700 0.861213642314 101111111010101010100001101011111111100010100001101000010010101001010000101110111111000010101111010110111011101111010101101011100101100110111100101100110010011111110000101010011111010111100101011100010011101001110001001100011011100110001011111100001100101110100000101111110011011111100111100000110101011111111101101011100111100111100011000100011011101101100000101111110111010010100100
2800 0.858640667673 000110110010101110110001111011110111100100110001110100110110101101010000101010011111000010101111001110111011111110010101101011110100000111110111000100110010011111110000101010011111010101101101011100101010100011110001101110011011100110000011111000001011001110110000101101111111010111001101100100110111000110011100101001100101100111100011001101011000101101001100001111110101000010101100
2900 0.857860453725 110110110010101110101001101111100001100100100001110001110001001001010000101110111101000010001111100110011011111110010101101011100100100110110111001100100010011111100000101011010111010101001111011100010011101010110001101010011001100110001011111000001011101110100000001111101011011111101101100110010101000110111101101011100101100111100101000100010000101101001000101111111111010010101100
3000 0.857970501311 100111111010101011100011101111111011100100110001110000010001101101110000101010010111100000101111000110001011110111010101110011110100000110110111101100100010010111110000101010010101010111100101011100010011101011110001001110011101100110000010111000001010101110110000101111111011011011111111100100110101000111110100101101101011100110000011000101011001101101101000101111100111000000101100
3100 0.856258577041 010110110010101010110001101011101111110100100001110101100001101001010000101110011111100010101111010110111011010110110101101011100100000110110110101100100010011111110000101011011111010000101101010110000010101000110001100110011011100110000011111010001001101110110000101111111011001011110001100110110111100010011100101111100001100110100001000101010001101101101000101111110111000000101100
3200 0.856162438778 000110111010101111110001101111101111110110101001110100100011101000010000101010011101000010101100001110111011111111010101111011100100100110110111001110111010011111110000101011011111010101101101010100000010111000110001101110010001100110001011111000101011001110110000101111111011000111101000101100000111101110011100101011100011100111100011000100001001101101000100101111110101000010101101
3300 0.856071211395 000110110010101010100001101011101011100100100001010101000001101000010001101010011111100011101111010110111011110110110101101110100100000110110101101010110000111111110000101010011111010001100101010100000010101110110001100010011111100110001011111000001001000110110100101111101011001111011001101000010111110110011100111011100111100111100011000101011000101101101000101111110111010000101100
3400 0.854658345671 000110111010101110100001101011001011100100100001010101000001101000010000101010011101100010101011010110011011110110110101101111110100000110110111001110110000011111110000101010011111110001100101011100000010101100110001100011011011100110001011111000001001001110110100101111111011000111000001100100010111110110111101111111101111100111100011000101011000101101101000101111110111010000101100
3500 0.852672676196 000110010010100111100001101011101011100100110000110101010001101001010000101010011101100011101111000110011010111111010100101111100100000110110111001110100000011111110000101010010111010011101101011100000001101110110000100110011101100110000011011000001001001110110000101111111011001111101110100000010111101110110100111111100111100110100011000101010011100101100000101111110111010000101100
3600 0.852289041221 000111110010101010110001101011101011100100100001110110010001001000010000101010011101000010101101000110011001011110110101101011110101000110111111001100110010011111110000101011010111010011101101011100010011101101110001110110011111100110001011110000001011001110110000101111111011001111001101100100010111000110011100101011100111100111100011000100011001101101101000100111110111000010101100
3700 0.852963752992 000110110010101111100001101011101011100100100001010101010001101000010000101010011101100011101011010110011010111111010100101111100100000110110111001110110010011111100000101010010111010010101101011100001001101101110000100110011101100110001011111000000001001110110000101011111011001111001111101000110111001110111100111111101111100110100011000101011000101101100000101011110111010100101100
3800 0.851830217811 001111111010101110110001101111101011100100110001010101000001101011010000101010010101100010101011010100011011110111111101101111110101010110110111001100000010011111100000101010010111110010101100010100000010101100111001100011011011100110000011111000001001001110110000101111111011000111110000101000010101001110011100111111100111100100101011000000011001101100001000111111110111000010101100
3900 0.850719974197 000110111010101111100001101011101011100100100001010101110001001000010000101010111100000110111111010110011010111110110101101011110100100110110111101110010000011111100000101011011111010000101101011100001010101101110000100010011101100110000011111000001001001110110000101111111011000111001110101000010111001110011101111111100111100111100011000101011000101100001000101111010111000010101100
4000 0.84916245452 000111110010101010100001100001101000100100100001010101110001001000010000101010111110000110111111010110011010011110110101101111110101000110110111001110110010011111100000101010011111010010101101011100001010101101110000100010011101100110001011111000000001001110110000101111111011001111000111100000010111001110011101111111100111100111100011000100011000101000101000101111010111000010101100
4100 0.850223215205 000111110010101000110001101111101011000100100001010101110001001000010001100010111110000110101101010110011011110110110101101111110101100110110111001100101010011111000000101011011111010010101101011100001010111101110000100010011111100110001011111000000011000110110000101111110011000111000111100000010111001110011101111111100111101110100011000100011001101100001000101111010111000010101100
4200 0.850899018519 000110111011101110110001100011101011100100010001000101010001001000010011101010111101100010101111000100011010111110110101111111110100010110111111101110100000011111100000101010010111010000101101011100000011101000110001100111011111100110000011111000000000001110110000101011111011000010101101100000110001101110011101001011101111100010100010000101011001101101100000101111111111010110101100
4300 0.848365811138 000101110010101010110001101111101011000100100001010101110001001000110000100010110110100010101111010100011011110110110101101101110100000110110111001100001010011111100000101011011111010010101101011100000001111110110000100010011111100110000011111000000011100110110000101111110011001111000101100000010111001110011101111111100111100110100010000100011001101100101001101111110111000010101110
4400 0.847798613587 001111110011101110100001101011101011100100100001010101110001101100010000101010111101000010101001000100001010110110010101101111110100000110110111001010100000011111110000101111011111010010101101011100000010101100111001110010011111100110000011111000001001101110110000101011110011001110001101100000010001101110011101111111100111100100100011000101011000101101101000101111010011000110101000
4500 0.849522412941 001111110011101110110001101011101011100100100001010101110001001100010000100010111101000010101101000100011010110110010101101001110100000110110111001110101000011111110000101111011111010010101101011100000000101100111001110010011111100110001011111000001001001110110000101011110011000111001101100000010001101110011101111011100111100111100011000100011000101101101000101011110011000110101100
4600 0.847294424374 000111110011101110100001101111001011100100100001010101010001101100010000101010111000100010101001000100001010011110010101101111110100010110110111001110100000011111110000101011010111010010001101011100000010101100110001110010011101100110010011111000000001101110110000101011111011001010101101100000010001101110011101111111100101100100100011000101011000101101101000101111110111010010101100
4700 0.848772564478 000111110011101111010011101101101000100100100001010111110001001001010000101011101100000010101111000110011010110110110101101111101101000110110111001110100010011101100000101010010111000010101101011100001010101101110000100010001101100110001011111100000001001110110000101111110011000111000101101000010111001110011101011111001111100010100010000100010001101101000000101111110111010010101100
4800 0.84883271666 000111110011101111010001101111101000100100100001010011110001001110010000101010111100000010101111000110010010110110110101101111110001000110110111001110100010011101110001101010010111000010101101011100000010111101010000100010001101100110010011111000000001001110111000101111111011000111001101100000010111001110011101011111001100100010110010010100010001100101000000101111110111010110101110
4900 0.847245658882 001111110011101110110001101011101010100100100001010101110001101000010000101011111100100010111101100000011011110110110101101111110101000110110011001110100010011111110000101010010111000010101101011100000110101110011000100010011101100110000011111000000001001110110000101111110011000111000101000000010001001110111101111111101111100110100011000100010000111100000000101111110011000010101100
5000 0.84597968151 000111110011101110110001001011101010100100100001010101110001101000010010101010111100101010111101000110011110110110110101101111110101010110110011001110100010011101110000101010010111000010101101010100001010101110010001010010011101100110000011111000000001001110110000101111111011000010001101000000010001001110011101011111101111100010100011000100010000101101000000001101110011010110101100
5100 0.847802651276 000111110010101110010001101111101010100100100001010100010001001000010000101010110101101010101111000110011010110110110101101111110101000110110111001110110110010111100000101010001110010000001001011100000011101110110001110110001101100110000011111000001001001110110000101111111011000110000101101000010011001110011101111111000111100011100010000100011001101101100000101111110111000010111110
5200 0.847969155197 000101110010101110010001101111101000100100100001010110010001111000010000101010100101100010100111000110010010110110010101101111110101100110110111001110110110011111100000101010001110010010101001011100000011101101110001010010011101100110000011111100001001001110110000101111111011000111000001101000010011001110011101111111001111100011110010000100010001101101100000101011110111000110111100
5300 0.848079459007 000111110010101110110001101011101011100100100001010111110001011000010010101010110000100010101111000110011010110100110001100111110101000110100111001110100010011111100001101010000110000010101101011100000011111010010001100110011001100110101011111100000001001110110000001101110011000011000101101000010101001110011101111111001111100010100011010100010001111101101000101011110111010110111100
5400 0.847671439621 001111010010101110100001101111101011100100100001010101110001111001010000111010111100100000111111100100011100100100110101101111100100000110110111001110101110011111100001101010010111000010101101010100000010101000110000000010011111000110000011111000000000001110110001101011010110000110000101001000010111001110011101011111100111100011100011010100010001100111101100101011110111000110101100
5500 0.848401892424 001111110011101111010001101011101001100100100001010100110000101000010000100110111101100010001101000100011011110110110101100111110101100010110011001110110010010111100000101010010111010010101001011100000010101111110001110010111101100110000011111000000001001110110000101011110011000111100101100000010011101110011101111111100011100110100010100100010001101101111000101011110111000110111000
5600 0.8480441906 000111110011101111010001101011111001100100100001010110110101101000010000101010111101100010101101100110011011110100110101100111110101000010100011001110110010011111100000101000000110010010101101011100000011100100110001110010011101100110000111111000000001001110110000101111110011000111000001100000010001001110111101111111110111100010100111010100010001101101100000101111110011000110111000
5700 0.847759381406 000111110011101110010000101011001010100100100001010100110001101000010000101010111001100010101111100110010010110101010001100111110101000110110111001110110010011111100000101010000111000010111101011100001111100011010000100010011101100110101011111000000101001111110000101011111011000110001101100000010111001110011101111111001101100010100011011101010001101101100000101011110111000010111100
5800 0.847514695938 000111110011101110010001101111001010100100100001010101110001101000010000101010111001100010101101100110010010110100011101100111110101000110110011001110110010011111100000101010000111000010011101111000000011101110010000100010011101100110101011111000000001001110110000101011111011000110101101100000010111001110011101011111001111100010100011011100011001101110100000101111110111000010111100
5900 0.847660781833 000001110010101101000001101111101010100100100001010101110001101000010001100110111101101000001101000100011011110110010101100111100101000110110111001110110010011110100000101010010111010010101001011100010011111011110001111010011101100110000011110100000000001110110000101011111011000110100111101000010111101110011101011111001111100110100010010100010001101100001000101011110111000010111100
6000 0.847380609604 001011110010101101000001101111101010100100100001010101110001101000000001100111111101100110101101000100011011110110010101100111100101000110110111001110110010011111100001101010010111000010001101011100010010111011110001111010011101100111000011110100000000001110110000101011111011000110100111100000010001001110011101011111001111100010100001010100010001101100101000101011110111000010111100
6100 0.846086032132 001111110010101100010001101110111010100100101001010101110001101000000000101111111101100010101101000100011010111100110101101111110101000110110011001110110010001111100000101010000111000010001101011100000010111001110001111010011101100110000011110100000000001110110000101011111011000110100110101000010001001110011101011111001111100110100011000100011001101101101000101111110111100010111100
6200 0.846193119104 000111110010100111000001101111101010100100100001010101100001101001010000100111111101100000101101100111011010110100110101101111110101000110110111001110010010011111100001101010000101000010101101011100000010100000110001110110011101100111000011110000000000001100110000101011111011000010100111100000010111001110011101011111001111100010100011010100110001101101101000101010010111000010111100
6300 0.845343934265 000111110010100111010001101111101010100100100001010101100001101000010000101011111101100010001100110110011010110110110001100111010101000110110011001110010010111110100001101011000111000010101101011100000011101000110000111010011101100010000011110000000000001100010000101011111011000010101111100010010011001110011101111111001011100110100111010100011001101101101000101111100111000010111100
6400 0.844979480475 001111110010100110010001101111001010100100100001010101100001101000010000101110111001100010101111110110011010110100110101101111101101000110110111001110000010011111100000101010000111000010001101011100000011101011110001100010011101100110001001111000000101001110110000101010110011000100100101100000000001001110011101111111001111100010110011000100010001001101101100101011110111000110111100
6500 0.845575099374 001101110010101110010001101111101010100100100001000101100001101000010000101111110101100010101101000110011010111110110101101111110101000110100111001110000010001111100000101010000111000010101101011100000010110000110001110010011101100110000011111000000001001110110000001011111011010010100111100000010001001010011101111111000111100110100011011100011001101101101000101111110111100010111100
6600 0.846171187337 000001110010100110010001101111101010100100100001010101100001101000010000111101111101101010101101010110010010110110110101111111100101000100110111001110010010011111100000101010000111000010101101011100000010101011110001110010011101100110000011111000000101001100110000100010110011000000000101100000010001001110011101111101001111100010110011010100011001001101101000101010110111000010111100
6700 0.844614554079 000011110010101110010001101111101010100100100001010101110001101000010000100010111001100010101110010110011010110110110101101111100101000110110111001110100010011111100000101011000111001010101101011100000010101010110000101010011101100110000011110000001001001110110000101010110011000110100111100010010011001110011101111111001111100010100011010100010001011100100000101111110111000010111100
6800 0.843236328442 000111110010101110010001101111101010100100100001010101100001101000010000101010111101100010001111010100011010110110110101101111000101000110110111001110100010011111100000101011000011000010101101011100000010101110110000110010011101100110000011110000001001001110110000101010110011000110100101101000000001001110011101111111001111100010100010010100010001001101100000101111110111000010111100
6900 0.84385284363 000011110010100110000001101111101011100100101001010101110001101000010000101010111001100110101111010110011010110110110111110111100101000110110111001110010010011111100000101000000111000010101101011100000010100011110000110010011101100110001011110000001001101110110000101010111011000010101011100000000001001110011101111111001111100010100011010100010001001101100000101111110110000010111100
7000 0.844874868613 000111100010101110010001101111111010100100101001010101100001101000010000101110111101100000001111010100011010110110110101101111000101000110110111001110110100011111100001101011100111000010101101011100000010101010110000100010011101100110100011111000001001101110110000101010110011000010100101110000010001001110011101111111001111100010100011000100011001001101001000101111110111000010111100
7100 0.844134895051 000011110010101010010001101111101010100100100001010101100001101000010000101010111101100010001111010100011010110110110101101111000101000110110111001110110110011111101000101010000111000010101101011110000010101110110000100010011101100110000011110000001001001110110000101010100011000110000101101000000001001110011101011111001111100010110010010100010001101101000000101111110111000010111100
7200 0.844808610451 000101110010100110010001101101101010100100111011010101100011101000010000101110111001101000101111110110011010110110110101100111110101000110110111000110000010011100100000101011100111000010101101011100100000101010110000110010011101100110100011111000001001101110110000101010110011000010100101100000010001101110011101111111101111100010100011001100011001001101000000101111110111000010111100
7300 0.844390404543 001011110010101010010001101111111010100100100001010101100001101000010000101011111101100010101111010100011010110110110101111111010101000110110111001110100010011111100000101010000111000010101101011110000010101010110000100010011101100010000011111000001001001110110000101010101011000110100111110000010001001110011101111111001111100010110010000100010001100101000001101111110111000010111100
7400 0.843781192821 001011110011101111000001101111101010100110100000010100100001101000010000100010111101100010101111010110011010110110010101101111110101000110110011101110100010111111100001101010000111000010101101011100000010101110110000111010010101100110000011111100000001001000110000101010110011000110100111100000010001001110011101111111001111100000100011010100110001101101100000101111010111000010111100
7500 0.843553146024 001011110010101110010001101111101010000100100001010101100001101000010000101011111101100010101101010100011010110110110101101111100101000110110111001110100010011111100001101010000111000010101101011100000010101110111000100010011101100110000011110000001001001110110000101011110011000110100111100000000001001110011101111111001111100010110011000100111011100101011000101011010111000010111100
7600 0.842497264494 000011110010100110010001101111101010000100100001110101100001101000010100101010111101100010101100010100011010110110110101101111110101000110110011001110110010011111100001101011000111000010101101011100000010101110110000110010011101100110000011110000001001001110110000101011111011000110100101100000000001001110011101111101001111100010110011000100011001100100000000101111110111000010111100
7700 0.843654456764 000001110011101010010001101111111010000100101001010111100001101000010000100010111101100000101111010110011010111110110101101101100101000110110111001110010010111111000000101010000111000010101101011100000010101010110001110010011101100110000011111000001001001100110000001011110011000110100110101000010011101110011101111111001011100010110011000100011001100101000000101111010111010010111100
7800 0.842551628332 000101110010101111010001101111101010100100101001010101110011101100010000101010110100100000100111010100011010110010110101111111110101000110110011001110000010011111110000101010010111000010101101011110100010101010110000110010010101100110000011111000001001101100100000001010110011000110101101100000010011001110011101111111001111100010101011000100010001101101000000101111110111000010111100
7900 0.842875944664 000101010010101111010001101111111010100100101001010101110011101000010000100010111100100000100011010110001010110110110101111111100101000110110010001110010010011111110000101010000111000010101101011110100010101010110000111010010111100110000011111000001000101100100000101010110010000110101101110000010011001110011101111111101110100010101111000100010001001101000000101111010111010010111100
8000 0.841878699468 001001010010101110000001101111111010100100100001010101111011101100110000101010110100100010101111010100011010111110110101111011110101000110110111011110000010011111010000101010000111000010101101011100000010101111110000110010011101100110000001111000001001101100110000101010111011000110001001100000010001001110011101111111101111100010100011000100010001001101100010101111000111000010111100
8100 0.84317767961 000001111010101111010001101111101011100100101001010101100001101100010000101110111100100001100111010100011010110110110101101111110101000110110111001110010010011111000001101011000111000010101101011100000010101010110000110010111111100110000011111000001001101100100000001010110011000110100101100000010001001110011101011111000111100010101001000100010001001101100000101111100111010010111100
8200 0.843098034343 000101111010101111010001101111101011100100101001010100100011101100010000101110111100100000100111010100011010110110110101111111110101000110110111001110000010011110100000101010000111000010101101011110000010101010110000110010111111100110000011110000001001101100110000001010110011000110101101100000010001001110011101111111000111100010101001000100110001101101100000101111100111000010111100
8300 0.843091058695 000101011010101111010001101111101011100100101001010101100011101100010000101110110100100010101111010100011010010110110101111111110101000110110111001110000010011111100000101011000111000010101101011110000010101010110000111010011101100110000011111000001001101100110000001010110011000110101101100000010001001110011101111111000111100010100001000100110001101101000000101111000111000010111100
8400 0.841847723649 001101010010101110010001101111101010100110101001010100110011001000010000101011111111100010101111010100011010110010110101111111110101000110100010001110000010011101100000101011100011000010101101011100000010101010110000110010011101100110001011111000001001101100100000101111111111000110101101100000010001001110011101011111001111100010101011000100010001101101000000101111010111000010111100
8500 0.841858585083 001101010010101110010001101111101010100100101001010100110011001000010100101010101100100000100111010100011010110110110101111111110101000110110111001110000010011101110000101011100001000010101101011100000010101010110000100010011101100110000011111000001001101100100000101111111111000110101101100000010001011110011101011111001111100010111011000100010001101101000000101111010111000010111100
8600 0.84278735322 001101010010101110000001101111111010100100101001010101110011101000010100100010111100100010100000010100011010110110110001101111110101000110110101001110000000011111100000101011000111000010101101011110000010101011110000110010011101100110000011111000000001011100110000101011111011000110001101100000010001001110001101111111100011100010110011001100010001101111100000101111110111010010111100
8700 0.840618818145 001101110010101110010001101111111010100100101001010101110011101000010000101010111100100000100100010100011010010110110001111111110101000110110111001100000000011111110000101011000111000010101101011100000010101111110000101010011101100110010011111000001001001100110000101010111011000110101101100000010001001110001101011111101011100010110011001100010001101101000000101111100111000010111100
8800 0.842132315802 001101010010101111000001101101111010100100100001010101110011111000010000101010011101100010100100010110011010110110110101111111110101000110100111001110000010011111110100101010000111010010101101011100000010101010110000100010011101100110000011111000000001011100110000001010110011000110101101100000010001001110010101111111101111100000111011000100010001001101000100101111010111000010111100
8900 0.842668776657 001101110010101111000001101101111010100100100001010101110001101000010000101010111101100010100100010110011010110110110001111111110101000110110111001110000000011111110100101011000111000010101101011110000010100010110000100010011101100110000011111010000001011100110000001010111011000110101101100000010001001110000101011111101011100010110011000100010001001101000000101111110111010010111100
9000 0.843107601437 001101010010100110000001101111111010100100100001010101110011001000010001101010111100100000100110010100011010110110110001101111100100000111100111001110000010011111101001101010000111000010101101000110000110101011100000111110011101100110100011111000001001001100100000001011111011000110001111100000010101001110011101011111101011100000111010000100010001001101001100101111010111000010111100
9100 0.842991119527 001101010010100110010001101111111010100100100001010100110011101000010001101010111100100000100100011100011010110110110001101111110101000111100111001110000010011111110001101010000011000010101101011100000110101111110000111010011101100110100001111000001001001100110000001011110011000110001111100000010101001110001101111111101011100000111011000100010001001101001000100111011111000010111100
9200 0.841931179738 101101010010101111000001101111111010100100101001110101100001111000010100101010011101000010100111010100011010110110110001111111101101000110110111001110000000011111100001101010100111000010101101010100000010101110110000111010011101100010000011111100000001101100110000101011111111000010101111100000010001001100001101101111101111100010110011000100010001001101000000100111010111000010111100
9300 0.84215110565 001101110010101110010001101111111010100100101001010101110011101000010100101010011100100000100100010100011010110110110001111111100101000110100110001110010010011111110001101000000111000010101101011101000010101110110000101010010101100110000011111000001000101100110000101011111011000110101111100000010001001110011101011111100110100010111011000100010001001111101000101110000111000010111100
9400 0.841824471086 001101110010101110010001001111111010100100101011110101100011101100010000101010011100000010100110010100011010110110110101110111110101000110100111001110000010011111100001101100100111000010101101011100000010101110110000111010011101100110000011111000000001001100100000101011111111000110001110100000000001001110011101011111101111100010111011000100010001001101100000101110000111000010011100
9500 0.841383316704 001101110010101110010001101111111010100100100001010110110011101000010000101010111100000010101001111100011010110110110001101111100101000110100111001110000010011111111001101010000111000010101101011100000010101110110000101010011101100110010011111000001000101100100000101111111010000110001111100000010001001110001101011111101011100010111011010100010001001111100000100110100111000010111100
9600 0.840421785639 001101110010100110010001101111111010100100100001010111111011101000010000101010111100000010101001010100011010110110110001101111100101000110100111001100010010011111100001101010000111000010101101011100010010101010110000101010011101100110000011111000001000101100100000101111111010000110101111100000010001001110001101011111101111100010111011010100010001001111100000101111100111000010111100
9700 0.841787961746 001101010010101110010101101111111010100100100001010100111011101010010000101010111100000010101101010100011010111110110001101111100101000100100111001110010010011111100001101010000111000010101111011100000010101110110000101010011101100110000011110000001000101100100000101111111111000110101111100000000001001110001101011111101111000000111011010100010001001111100000101111100111000010111100
9800 0.840545685277 001101110010100110000001101111111010100100100001010101110011101000010100101010011100101010100110010100011010110110110001101011100101000110100111001110010010011111100001101010100111000010101101011100000010101110110000101010011101100010000011110000101000101100110000101111110011000110001101100000110001001110001001011111101011100000111011010100010001000101100100101111010111000010111100
9900 0.840564323256 001100010010101110010101101111111010101100100001010101110001101000010100101010011100000010100111010100011010111110110001101111100101000100100101001110010010011111100001101010000111000010101111011100000010101110110000111010011101100010000011111000000001001100100000101111111111000110101101100000000001001110001101011111101111100010110011010100010001001101100000101111010111000010011100
10000 0.840637180454 001100010010100110010101101111111010100100100001010101110001101000010100101010011100100010100110010100011010111110110001101011100101000110100101001110010010011111100001101010100111000010101111011100000010101110110000111010011101100010000011111000001001001100100000101111111011000110101101100000110001001110001001011111101111100010110011110100010001001101100000101111010111000010111100
10100 0.841094145693 001110010010101010010001101111111011100100100001010100110001101000010100101010111110000010100111010100011010110110110001101111100001000110100111001110010010011111100001101011000111000010101101011110000010101110110000111010011101100110000011111000000001011100100000101111111011000110101101100000010001001110001101011111100111100010111011010100010001001101110000101110100111000010111100
Mejor resultado: 0.840421785639 001101110010100110010001101111111010100100100001010111111011101000010000101010111100000010101001010100011010110110110001101111100101000110100111001100010010011111100001101010000111000010101101011100010010101010110000101010011101100110000011111000001000101100100000101111111010000110101111100000010001001110001101011111101111100010111011010100010001001111100000101111100111000010111100
