200 0.92857830129 110111010100011111100101100001110011001011111001010111111110011000111100101110111000111101111010101011000100011011100001110110010000100111111111001110101100110111000000101000001011101000101010010000111010111110111011110011011010110100111110101010001101111111010010001000010011010001101111001001111001001011110111010010010101101101111010010101111110000000110101010111100011101001111000
300 0.933838958988 101101111001101101110100100111100110111101011101011001101010110011101010011011100100100111111101011000011001011111000000011110000110011111101110001111110101110110101010101011001100110101111001110110010111010001110001001010010101010000010010011100110010111101111100101111110011011000000101110111011100100101011100010011010001111011100111111001111011001111001001110110000110011010101110
400 0.917987105529 111010100001100101010110101111110010011010100100010001101110001110010010111110101110110110101100101000001010111111010000010110110110010110111011001111101111010011100001101000001101111001111101010001111011000011110100110011011111101000011110101111000101111111111011010011111010001101100101101101111101101111011110000110110011111000100111111000010110101001110100110111000111101010111100
500 0.90677188815 111010111001111101110010111111110010001000100100010100100110000111110010111110101101100011001100111000001000011111011001010111111110011111110010101011000100010011100001101000001101111001111101010100111011100011111101110011011001101000011110110111100100111101011011011011111111001101001101101101111101101111011110110110110011111000000011011000010111111001100100111111000011111000111100
600 0.893166456591 110111111000001011100101101111100110011011111101011101111011111001001110111001111100000111101011011110111000111111000100111111010100111101001101101110100111001111111000101111001111110000111100010110011010000011111000101101111111110110110110011010111000101100111101010111111011100001010011000111011001011101000100101111001001111001110110001101111011101111011001000101010111010010111110
700 0.889271692088 110010111001101101110010101111110010101001100100010110110110001101011010111110011111100110011100110011010100111110010101010111110000010111110010101111001110010011100001001000011101111001111111110110010101100011110101010010101101001100010110101101000100111101111011010011111111001011111101100101111001101111011110110111110111110010101011101100110011101101000101101111000011001010111110
800 0.886233024447 111110111000000101110100101110110010100110111101010100111001001100110010101100011110110010011101100111111010111111110000111110010110010101111010001111101100011111101000101110001111010001111101011001111001100111011101010001011111110100011111111100000101111111111011010011111011101011001101100101011001100010010000010010110111010000110010011000100110101111111100111011010111101010111100
900 0.886284955948 111010110001001101010001101111011000011011100101111001001100101101010010110110101111100011111000111010101011010011010001110110100110011111110011100111001110010111100001101010001111110111111101100110010101000010111101100010011111101100010111111100000101101101110001011011110111001011100101101101111101101011000100010111110011110001111010111101100111001101010100110111000110100010011110
1000 0.88561749293 100010101000001101110001111110110010011011101000010101111010101010110010111110111111101010111111010111001110110111100100111110000101011110111001001110001110010101101001101000101100110011101101010011000111000011011100000111011110100100011101111100100101011111110011011011111111001111010101100111110101101111010111011010110101110000111011010100101110101101010101111111000011110010010001
1100 0.88361619066 101010111000101111010100101111110010100011010101010100101011101111010010101010001110100110001110111111101110111111110001111111100111010011111000101111101110011111100000101100011111010000111101000100011101000111111001010001101111100110011110111100100101111111010001000011011111101101000101100101111001101011011110010010110111111000110110011000100110001011111100100011000111110010011100
1200 0.877121180062 110110111000101101110101101110110010011011100101010101100010100100010010101101111110100110111110110110101010111011010011111110110111010110110000001111001110010011100001101000001110001101111101110010000111100011111100100011011111100000011111011100000100011111111000100011111111000111000111100111110001000101010111011111110111100010110110101100111011010011000101111111000011010010111100
1300 0.88044874594 101110111110001101110000101111111110010011100101010100101110011100010010101011011100000110011100000111011110011110010101100110110010010110110010101110111110010111111100101111001110010001111101010101000011110111011101110101011101100100011111111000000101011101011001011011111110001011100101100101011101101010010101010111011111100000111111000100010011111101101100101001011111011011111110
1400 0.877221764503 101110011000001101110001101110101010011110110101010101101110100110010010101100011011001110111100110010101110110111010001110111100110010110111001001111101110011111100000101100011010001010101101001110011011000111011001100011111111110010011111110110000100001111011000101111111111001111001111100101111001101000010110011111010011100000110110111100000111110011011101101111000111110010111100
1500 0.873882105103 010101111000111101000111101010111010010010011100011110101110001101010010101000001110100110111110001100101110111111010001111111110101010101111010001110001110001111101000101000001100000001101101011100110111100011011000111110011111100100010111011010001101111111111001001111111011000111001111110101011001001110010111010110010111100000110010011101110011010001100000101111010011011010111100
1600 0.872654245282 101111001000100101110011111101110000001011100100010101100011111100010000101110001110100110001110100110001110101111110101101110110101110110111000001110101110011111101001101001000111010001101101010110011111110111011001010001011011100100011111011110000100111111111000101011011010001011001101100101110101001010010000010111110111110010110010000100010011011101010100101111000111011011111110
1700 0.872139751461 101111010000100101110111001101100010011011100101010100100011110100010000101110011110100111001110100110111110111111110101101110110101010111110000001110101110011111101001101000000101010001111101010110011111100111011011100001011011100100011111011010000101111101111000101011011010001111001001100111111101000010010000011111010111100010110010000100010011001101010100101111000111010011111100
1800 0.871218759869 111100000000001101110001101111110010111011010101010101101010101100010010101100011100101110011101100100101000111111100001111111100111010110111001001110001110000101101000101000001111110011101101010110011111010011010100010011011110100110010111111000101101111111101000101011111001001110001101110001111001111100000100010111111111100010110110011100110001001100110100101111000111010110110110
1900 0.867494697824 101100010000100111010100111111111000001011110100010101100011111100010000110011001111100100001110101110101110001111110101111010110101110111101000001110101110110101101001101000000101110001101101010010000011111111010000010001011001100110001111111100000101111111110001101011111010001011011101100101010001001010011100010010110111100010110010000100110011011101010100101111000111010011111100
2000 0.868180232155 101100010000100111010100111111111010001011100100010101100011111100010000110011001111100100001110101110101110001111110101111010110101100111101000001110101110110101101001101000000101110001101101010010000011111111110000010001011001100110101111111100000101111111110001101011111010001011011101100101010001001010011100010010110111100010110010000110110011011101010100101111000111010011111100
2100 0.865605758695 111111011010000101110001101111110010011010101100010100100000111100010010101100111111000110111111001110111010101111010101111111110101010100101000001110101110011101101000101000001101100010101101011100111001100001110100110011011011100100011110111000000101111101101000101011111101001010011011100111111001101110010000011011001111100010110110000100110001001101010101101111000110010010111110
2200 0.864933805584 101110010010100111010000101101111110001111100101010101001000101110010000101110011111100100011110001010111110001111010001101010100101110111100011001110101110101101101000101001000110110001101101011110000011100111110001110011011011100110010111111000000101111111110100101111111011001111001101000101110001011100011000010011110111100000110011001100100011011111010100101111000011010010111000
2300 0.864454776953 100001000000100111110001101111100010001000101001010101100001111110010000101110111111001110111110101100001010001111110101111110010101010110101001001111100110011101110001101000100111110110101111010010100111100011110100110011011011100100011101011000000101111101100001101011111111001010001101100101010101101110010000010010010111100010110110000100110111001101010100101101000111010010101100
2400 0.863361374737 100111000001100101110101101111111010001001110001010101100001111110010000101010111110001110001110101100001110100111110101110110110101000110101001011111101110010101100001101000101101110100101101010010110011110111110001111001011001100010011111011000100101111101100000101011111111001010001101100100110101001110011000010010010111100010110110000100110111001101010100101101000011010010101100
2500 0.861516263345 101100010010000111010001101011100010101110110000010100001000111001010000100111111111001110111110000100001110111111110101111010110101010111111011001100100110011101101001101000000101010011101101010010001011110010110101010011011111100110011101110100100100111111111001101011111111000011001101100100010001001010011100000011111011100000111010010100110011011101001101101111000110010010111100
2600 0.862398059783 101101111101100101010001101110111010101000100001010101101001111100010000101010001101100110101110101100101010111111110101110110110101110110111001001111101110011101100001101000000101010100101101010110000111100111010000010001011101100110011111011100101101111111110000101011101011000010001101100101111001101110010100010010110111000110111010000100100011011101010100101101000111010010111000
2700 0.859957794573 101111110010101101010001101111110010001010100101010101001000111000010000101110011111000001001100000100011110101111110101111110100101110111101011001100001110011101000001100000011101110010100111010010000011100011110101110001011111100110011001111100000101011101111000101010110011001011011111100100011001101010010100000011111111100000110010010101110011001111011100101111000111010010111100
2800 0.860036646957 101001011010100111110101101111100010100000100001010101101001111100010000101110001110000100011010001110011010010111100101111000100101010101111010001110101110101101100000101001101101110000101101010110100111100011110001010001011110100110011101011000000101111100110000101011111111001011001101100101010001101110011100010111110011100010110111000100110011001101011100101111000111000010101100
2900 0.859264297559 111101111010100110110101101011110010100000110001011101111000101000010000101110001101100100101010001110011110101110100101111001100101010001101000001110101110100100100000101000101111010000101101010110100111100011110101010011011111100110011101010000000001111110110001101011111111001011001101100100010001001110010000010111100011100000110111000001010011001101001100101111000111010010111100
3000 0.858062738087 001100110100100111010001101110110010101000100001010101110001111000010000101010010101001010101110001000001010111111110101111110100101010110111001011110101110001101100001101000000011010010101111010110011011100111110001110011011111100110011111111100001101011110110000101011101011001011001101100101110001001110010000011011100111000000110010010101110011001101010100101101000110010010111100
3100 0.858926580559 001101110000100111010101111111111010101100100001011101101011111100010000101010011110000110111110001100011110111111110101110011000101010110111001011110001110001101100001101000000111110000101101000100000111100011011000100011011111101111011111011000000001111110110000101011101011000011001001100001110001001110010100010011110111100100110010000100110011011101010100101101000111000011101000
3200 0.859386677945 101101111000100111010001101111110110001010110001010101111010111001010000101010010110100010100110100100101000000111110101110110100101010111111010001110101110011101100001101001011101010010111101010110011111100001110001110001010110100110011111110000000001110110110000101011111011001010001101100100100001101010010000010001111111100010110110010100110011001111111100101111000111001010111100
3300 0.856211462256 001001110000101110010000101111111010101001110001010100101000111100011001101011010101000011011110001110000010010111110101111011000101110111111011001111001100010101100000101000011111010010101101010110001011100100010001110011011111100110011111111000000101011100110000101011111011001111011101100100111001101110010000001111100011000010110010000100110011001101011100101111000111000010101100
3400 0.856850554081 001100110000100111010100101110110010001000110001010111101001001100010000101011011000100010011110001100011010010011110101100010100101010111111011001110001110010101100001101000000111010110101111010110001111101111110001100001011111100110011001011000100100111100110000101011111011000011001101100101110001100110001100010011110111100010110010010101111011111111010100101111000111010000111100
3500 0.85559133003 001101110010100011110101101111110010000000100001010101101000111010010000101110001100001010011110101100011010001111110101111010100101000111111001001110101110001101100000101010100101110010101101010110000001100011010001110011010111100110011101110000100101011000110000101011111011000011001101100101010001001110001000011111110111100010110010100101110001001101011100111101101111000010101100
3600 0.855226578143 001101010000100111010000101110101010101000110001010101101001011100010000101011011000100010111110001100011010000011110101110011100101000111111011001110001110011101100000101000100111110000101111010110001111101010110001100011011111100110011011110100100100011100110000101011111011000011001101100101110001001010010000000011110011100010110010010101111011101111010100101111001111010010111100
3700 0.855247615651 001101110010101111010001101110101010100100110001010101101010101000010000101010011000101000101110001110010010110111111101001010100001000111111001001110001110110101100011101000000111110000101101010110000111100011110001110011011111100110011111110100000111111100110000101011111011000010001101100100110001001110010000010011110011100000110010000101110011001111011100101111000111010010111100
3800 0.854263294574 001101110010100111010001101110111010100000110001011101101011111100011000101010011101100010111110001100010010010011110101110010100101010111111001001100011110010101100000101000101111010010101101010100001011000110110001100001011111100110111111110000000100111100110001101011111011000011011101100001110001001110010000000011110111100100110011000100110011011111011100001111000111010010111100
3900 0.852967026912 001101110010101111110001101011111010100000100001000101111011111100010000101010001111100010101100001100011010001111110101101011110101000101111011001110011010010101100001101000001101110000101101010110001011100010010001110001011111100110011111111000001101101100110001101011111011000011100101100101110001001110010100011011110111100110110010010100111011001111010100101111000111000010101100
4000 0.852361742844 001101010010100111110001101110101010101001110001110101101000111000010000101110011011100000011100011110011010000011110101111001100101010111111001001110001110111111100001101010011111110010101011010100000010101010110001000010011111100110011001110000001100011100110001101011111010000010001101100100010001001110010101011011110111000000110010110100010001001111010100101111011111010010111100
4100 0.852632573767 001101110010100111010001101111110010000000110001010101101000111101010010101011111100100010111110001110010010010111110101110010100101000111111101001100011110011101100001101010001111110010101101110100001011100111110000000011011111000110011001111100000001111100110000001011111011000011001101100101010001001110010000011011110111100110110011000100110011001111010100001011001011010010111100
4200 0.852713889989 001100011010100111110001101111101010100010110001010101001001011110010000101011001100100010011110001100011010000111100101110011100101010110101011001110001110011101100001101000111111110010101101010110001110100010110100100001011111100110011011111000000100101100110000101010111010000011001101100001010001001110110100011011110111100010110010010101010011101111010100101111001111010010111100
4300 0.854997692398 001000110010100111010001001111110010100000110001010101101000111000010000111011111100100010111110001100010011101111110101110011100101010110101001001110001110011101100000101000111111110010101001110100011110100001110100100011011111000110011111111000000101011100110001101011111010000011001101100101110001001110010100000011111111100100110010000101010001101111010100101111001011010010111100
4400 0.853501632896 001101010010100111110001001110110010100000110001010101101010111100010000111011011100100010011110001100010011101111110101110011100101010110101001000110001110011101100001101000101111110010101101010100011110100101110000000011011111100110011011111000000101111100110001001011111110000011001101100101100001001110010100000011111111100110110110000100010001001111010100101111001011010010111100
4500 0.853606721308 001100111010100111010001101110100010100000111001010101101000011101010000101111011101100010010110010100011110001111110101111011100101000111101101001111001110010101110001101000101111011010101101010100000111101110110000100011011110000110011011110100100000001100110001101010111011010111001101000100010001001110000000010011110111100000110010010100110011001111010100100111001111010010111100
4600 0.852833708519 001101110010100111110001101110101010100000110001010101101001111100010000111011111101100010011110001110011010101111110101100111100101010111101011001110001110011101100000101100001111110010101101010100011010100110110001000011011111100100011011111000000000111100110000001011111010000011001111100000010000001100010001010011011111100010110010010000111011011111010100001111001011010010111100
4700 0.851966332308 001100110010100111110001101110111110100000000001010111101001111100010000101011111101100010011110000100011010001011110101111111100101000111101011001110001110011101100000101100001111110010101101011100001010000110110001100011011111100110011011111000101000011101110000001011111010000011001101100000110100001100010000010011111111100010110010010100111011001101010100101111001011010010111100
4800 0.851480260146 001101110010101111110001101110100010100001100001010100101001111000010001111011111101101010111110001110011010111111111001110111101101000110110011001100001110010101000001101000000111010010101101110100001111001110111000100010001111100110001011111000000100111100110000101011111011000011001101100100010011001110010100001011010111000010110010010000110011001111110100001111000011010010111100
4900 0.85161410319 001101011010101101110001101110111010100010111001010101101000111001010000111011111101100010111110001110011010100111111101100011100101000100100011001110011110011101010001101000011111100010101101010100010010100110110000100010001111000110011011111100000100111100110000101111111010000011001111101100010011001110000001010011110111100010110010000100111011001111010100101111001011010010111100
5000 0.85306719916 001101010010101111110001101111111010000000110001010101101010111000010000101011011101100010011110011110011010100011110101100011100101000100110111011111001110011111000000101010001111110010101101000100001011100110110000100110001111000110011011111000000101001100110000101011111110000011001111100101110011000110000010011011110111100010110010010100111011001111011000001111001011010010111100
5100 0.849828626418 001101010010110111010001101110101010000000110001010101100010111100010000111011111101100010011110001110011010100011110101110111001101000111100011001111011110110101100001101100000111110010101101010010001010101111110000100010011111100110001001111000000000111100110000101011111011000011001101100100010011001110010000010011110111100000110010010100110001011111010100101111001011000010111100
5200 0.848323074647 001101110010100111110001101111101010100000110001010100101010101100010000101111011100100010110110000110011010101011110111100011100101000110100011001110011111011101100000101000010111010010101101010100001010101111111000100111001111000110011011111100000001110100110000101011111011000011001101100100010011001110010001011011110111000010110010010100111011001111010100101111000011010010111100
5300 0.847531954906 001101110010100111000001101111110010100000110001010100101000101000010000101111111100000010110110000110011010101011110101000111100101000110101011001110011110011101100001101000010111010010101101010100001010101111111000100010011101100110011011111000000101011100110000101011111011000011001101100000010011001110010000011011100111000010110010000100111001001111001101101111010011001010111100
5400 0.848163196017 001101110010100111010001101110101010100000110001010100101000101100010000101110111100100010111110001110011010101011110101100111100101000110101011001111011110011111100001101000000111010010101101010100001011101110110000100111011111100110011010111100000001111100111000101010111011000011001101100100010011001110010000011011110101000000110010010100111011001111010100101110001001010010111100
5500 0.848158581713 001101010010101111010001101011100000100000010001010000101000101101110000111011111100101010111100001110011011110111110101100011100101000110101011011110001110011101100001101000000111010010101101010100001010101010110000100110011011100110011111111000001101011100110000101011111011000011001111100100000001001110000000011011110111100110110010010100010011011111010100101111001011010010111100
5600 0.849413598602 001101110010000101010001101111100010100000110001010100100010101001010000101111111100100010110110010110011110100011110101100011100101000110101011001110011111011101100000101000000111010010101101010110001010101110111000100110011111000110011111111100000101111100110000101111111011000010001101100100010001001110010001010011111111100000110010010101111011001111000000101111011011010010110100
5700 0.849447855308 001100110010000101110001101111101010110000100001010101101010111001010000101111111100101010111111010110011010100101110101100111100101000110101011001110001110011111100001101000000111010010101101010110000010101110011000100010011111000110011011111100000101111100100000100011101011000011001101100100010001001110010000010011011111100011110010010100011011001111000100101111001011010010111100
5800 0.84817894339 001101110010100111010001101111111010101000110001100101100001001000010000101111111100100010101111010100011010110111110101100011100100000110100111001110001111011111100001101000000111010010101100010100001011101111110001100010011111000110010011111000000100101100110000101001111011000010001101100100010001000110001001011111110111000010111110010100110001001111010100101111001011000011111100
5900 0.847817493987 001101110010100111010001101111101010100001110011010111100000111000000000101011111110110010101110001100010010110111110101110011100101000110101011001110001010010101100001101110100111110010101101010100000010101110111000100010011111000110011001111000000100101100110000101011101011000011001001100100010011001110010000011111111111100010110010010100110001001111110000001001001011000010111100
6000 0.848685005619 001101110010101111110001101111110010100100100001110110101010111100010000101111111100100010101111010110011010101111110001110111100101000110101010001010001100010111100001101000011111110010101101011100001010101110110001100010010111100110011101111000000001011100110000101001111001000011001111100000110011001110010000001011111101100000110110010100011001001111001100001111000010010010111100
6100 0.848789856396 001101010010100111110001101111101010100001110001000100100000111000000000101011111101000010001110011110011010100111110101100111100101000110101010001010001010011111100011101000100111110010101101010100001010101111110001100010011111000110011011111000000101011100110000101011111011000011001111100100010110001110011000011101110111100010111110010110110011001111010001001011010011010010111100
6200 0.847169212668 001101010010100111110001101110101010100001110001000100100000111000010000101010111101100010001110011100011010100011110101110111100101000110101111001010001010011111100001101000000111110110101101011100001010101110110001100010011111000110011011111000010001111100110000101011111011000011001101100110000010001110001001011101110111000010111010010110110011001111010001101011010111010010111100
6300 0.84796464903 001101110010100111000101101111101010100000110001010100100001101000010000101011111101100010111100000110010010110000110100110111110101000110000010011010011010011111101001101000110111010010101100010100000011001110110000100010011001100110011111111000000001001100111000101011111011010011001101100100010001001110010001011111110111100000110010010100111011001111100000101101000011010010111100
6400 0.848016809509 001101110010100111010101101011110010101101110101010101100010111000010000101011111001000010111111000110011010100111110101100111100101000110100000101010000010011111100001101000000111111010101111011100001010101110100000100010011111100110010011111000100001011110110000101001111011000011101101100100010011001110010001011101110111000010110110010100110001001111010000001011001011000010111100
6500 0.848739734824 001101010010100111010101101011111010101101110011010101100011101000010000101011111100000010101111000110001010110111110101100011100101000110100000101010001010011111100001101000001111011010101101001100001110101010100000100010011111100110011011111000100001011110111000101011111011100011101101100100000011001110000001001101110111100010110010010100110011001111100000101111001011000010110100
6600 0.848833027117 001111110010100111110001101111111010100000100001110110001001101000010100101011101111000010101110110110011010110011110101110001110101000010100011001010001111011101100001101000001111010110111101010100000110101011110001100010001010100110011011111000000101101100100000101010111011010110001101110100010010001110010001111011110111100000110010010100110011001101001000101111000011000010111100
6700 0.848389708246 001101110010101111010101101011101010100100110001010101101000101000010000000011111100000010001101000111011010110111110001101101100101010110100011101110001010011111110001100000000111011010101101010100100011001010110000100010011011100110011011111000100001011100101000101011111011010010101101100100000011001110011100011101110111100000110000010100111011001111110000001011000011010010111100
6800 0.846610773627 001001110010100111110001101111100010100101110101010100100000111000010000101011111110000010101110011110011010110111110111100011100101000110100011001010101010001111110000101000001111010010100111010100001111101111110000100010011111100110011011111000000001011110110000101011111011000010101101100100010001001110000001011011111111100000100110010100111011001111100000001011001011000010011100
6900 0.845705686812 001100110010100111110001101111101010100000110001010100100001101000010000101011111100000000101110010100011010100011110101100010110101010110101010001010000011011111100001101000001111100010100111010100001011101011110000100010011111100110011011111000000000011100110000001011111111010111001001110100110001001110010001011111111111100000110010010100111001001111100000101111001011010010111100
7000 0.847519391532 001001110010100111010001101111100010100101110101010100101001111000010000101011011100000010101110000110010010100111110101100011110101011110101011001010001010011111110001101000000111110010100101011100001111101110110000100010011111100110011001111010000000101110110000101011111011010010001101100100010001001110000001011011101111100000110110010100111001001101000101101111000011000010111100
7100 0.846808693729 001111010010000111110001101111101010100000110001010100101010111100010000101011111111001010111110010110010010101011110101100111000101000010100010001110001010001111100001101000001111010110101101010100001010101110110000100010011111100110011011111000001000011110110000101010111011000011001101101100010011001110001001011111110111100000110010010100110011011100101001101011010011000010111100
7200 0.844716612503 001111010010000111110001101101101010100000110101010100101000111000010000101011111100001010101100010110011010000111110101100111100101000010101010001110001010011111100001101000001111010010101101010100101010101110110001100010011111100110011011111000000000011110100000101011111011000010001101101100010011001110001101011111101111100000110010010100110011011101101001101011010011000010101100
7300 0.846735199664 001100110010101001110001101111101000100100110001111101101010111000010000100011111100001010101100010110001010110000110101110111100101000110110010101110001010011111100001101000001110000010111101010100001010101110110000100010011111100110011011011000000100111110110000101010111011000011101111100100010011001110001000011111111111100000110010010100111001011101001000101111001011001010001100
7400 0.844788472929 001101110010100111010001101111000010100110110101000100101000111000010000101011111110000010101110000110011010100111110101100011100101000110100011001010011110011111100001101000000111010110101101011100001011101111110000100010011101100110011011111000000000011110110000101011110011000010101101101100010011001111010001011011101111000010110110010100100011011111001000101111001011000010011100
7500 0.845925571247 001100110010100111110001101111101010100010110101010100101000111000010000101011111100000010001110000110011000100110110101100111100101000110100010001010001110011111100001101000101111011010101001011100101011101110110000100010011111100110011011111000000000111110110000101011111011000010101101001100010001001110010101011111101111100010110110010100110011011111000000101111000011000010011100
7600 0.845996908317 001101110010100111010001111101100010101100110001010100101010111000010000101010101110001010111110010010011010100111110001100111100101000110101010001110011010011111100001101000001111001010101101010100001010101010110000100010011111100110011011111000001000111110110000101011111010000011001111100000011011001110011010011111111111100010110010010100110001001111000000101011000111000010011100
7700 0.846702435519 001111110010000111010001101111101010100101111001010100101000111000010000101011111100101010011110000110011010100111110111100111100101000110100011001010001010001111100001101010100011010010101111010100001010101110110000100010011111100110011011110000000000111110110000101011110011000010101101001100010001001110011100011111111011100000110110000101100011001111000000101111000011000010111100
7800 0.846333184828 001101110010100111110001101111101010100100110101000100101000111000010100101011101100100010101111011110011010000111110001100111100101000110100010001010000000011111100001101000101111011010101101010100001011101110110000100010011111101110011001011000001000011100100000101011111011000111101111101100010001001110011101001111101111100000110010010100100011011101000001101011001011000010011100
7900 0.845889189249 000101110010101111010001101111101010100100110001010101100011111000010000101010111100101000001110000010011010000011110001100111100101010110100011001010001010011111100001101010001111000110101111000100001011001101110000100010011111100110011011111000000100111100100000101011111011000111001101100100000011001110011100011011111111100110111010010100111011011101011000101001000011000010111100
8000 0.845589310488 001111100010101111110001101111101010100100110001010101101010111000100000101010011100011000001110010110011110100111110001100111100100000111100010011110001010011111100001101010000111010010101101010100001010101110110000100010011111100110011011111000000000111100100000101011111011000110101101100100010001001100000101011111101011100110110010000101110001011101101000001001000011000010011100
8100 0.844609888476 001011100010100111110001001111101010100100110001010100101001111000010000101110111100000010001110000110011011100111110101100111000110000110100011001010001010011111100001101010000011010010101111011100001010101110110000100010011111100110011011111000000000011100110000101011111011011010101101101100010001001110001100011111000111100010111010000100110001001111001000101101000011000010111100
8200 0.845791064843 100101110010101111010001101101100010100101110001011100101010111000010000101011011100001000001110000110011010000111110101100111100100000111110010001010000110111111110001101010001111000010101101010100001010001110110000000010011111100110011011111100000100111100100000101011110011000010001111100000010011001111011100011111111111100100111010010100110001011101100000101011000011000010111100
8300 0.844440225318 001101110010001111110001101011100011100101111001010100101010111000010010101011011010001010000110011110011010100111110001100101100101000110100010001110000010011111100001101010001111000110101001010100001110101110110000100010011111100110011011111000000000111100110000101011111111100010101111100000010011101111000100011011100111100010111010010100010001001101001000101111001011000010111100
8400 0.844880192999 000101110010100111010001101111101010100101110001010100100010111000010000101010011100001000001100000110011010000011111101100111100101010110100011001110000110111111110001101010001111000010101101010100001010101110110000000010011111100110011011111100000100011100100000101011110011000011001101100100010011001111011100011111110011101000110010010100110001011101000000101111000011000010111100
8500 0.84433422281 001101110010100111110001100111101010100000111011010100101010111000010000101011111100101010001100010110001010100111110001100101100101000010100011001110001010011111101001101010001111010010101111010100001010101111010000100010011111000110011011111000000000111100110000101011111011010010101011101000000001001100011101011111101111100100110010000100110011011101101000101011000011000010111100
8600 0.845471452583 000101111010101111010001101001111010100100101001010100101011111000010000100010011000001010101110011110011010110010110101100111100101000010100011101010001010011111100001101010001111000010101101010100001010101110110000101010011101100110011011111000001000111110110000101011111001001110101101100100000011001110010100010011101111100000110010010100110011011101001000101111000111110010011100
8700 0.84553212057 001101110010101111010001101011101010000100110011010100101010111000010000101010011011001000001110010110011010100011110101100111100101001010100001001110000010011111110001101010001111000010101101010100001010101111110000100010011111100110011011111000000000011100101000001011111011010111001101100100010111001110010001011011100011100010111010010100111001011001001000101111100011100010111100
8800 0.844474246563 011101110010101101010001101111101010100100110001010100101011111000010000101011111100101010001010010110011010110111110101100111100101000110000011001010001000011111100001101010001111000010101101010100001010101101010000100010011111100110011011111000000000111100100000001011010011000111101111101100100011001110001001011111101111100100110010010100111011010101000000101101010010000010011100
8900 0.845960935887 000101110010101111010101101101001010000100111100011101101010111100010000100010011100101010000100011110011010100110110101100111100101100110110011011110011110011111100001101000000111000010101100010100001010101100110000101010011111100110011011111100000000111100100000101011110011010110101001100100000011001110110101011111101011100010111011010100111011011101000000101011000011000010111100
9000 0.84486252804 001101110010101101010101101111101010100101110101010100101010111001010000101010011000101010001110011110001010010011110101101111100101000110100010001010001010111111100001101010001111000010101101010100001010101011010000100010011111100110011011111000000000111100110000101011110010000010101111110100000011001110010001011011110111100000111010010100111001001101100000101111000110010010111100
9100 0.845003102844 001101110010100111010001101101101011100010110001010100101010111010010000101011111110101010101110010110011000010110110001100111110101000111100001001110001010011111100001101010001111000010101101010100001010101110110000101000011111100110011111111000000000011100100000101011111011000010001101101100010001000111011101011111101011100000111010010000111000001101001000101111000011000010111100
9200 0.845199912191 001101110010100111010001101111101011100000110101010100101010111000010000101010011110001010001110011110001000010110110101100101100101100111100011001110011010011111100001101010001111000010101111010100001010101110010000101010011111100110011011111000000000011100100100101011111011000010101101101100010011000110010101011111101011100100111101010100111000001101001000101111000011000010111100
9300 0.844941700432 000101110010101111010001101101101010100100100101010100101011111100010000101010111100101010101110010100010010000110110001100111100101000110110010011110111010011111110001101001001111000010101101010100001010101010010000100011011111100110011011101000000011001110110001101011110011010011101100101100000011001110011101011011100101100110111010000100110011011101001000101011000011000010111100
9400 0.843630608989 001101110010100111010001101111101010100100111001010100111010111100010000100010011100101010001110010100011010110011110101100101100101000110100010001110001010011110111000101010010111000010101101010100001010101101110000101010011111100110010001111000000000111110000000101011101011010011101101101100010011001110010101011011100111100110111010010100110001011101001000101110000011000010111100
9500 0.844288011176 001101110011101111110001101111101010100100111001010100111010111000010000101011011100101010001110010100011010110111110101100101100101100110100010001110011010011111110000101010000111000010101101010100001010101111110000001010011111100110010001111000000000101100000000101011111011010110101001101100010001000110010100011001100111100110111010010100110001111101001000101111000011000010011100
9600 0.843968055695 001101110010101111010001101011111010001100010001010100101011111000010000101011011100001010001110010110011011100111110101101111100101010110100111001010000010011111100000101000001111000010101101010100001010101110010000101010011111100110011011111000000000111110110000100011111011000110101001101100010011001110011001011001111011100010111010010100110010001101001000101111000111000010111100
9700 0.845147925907 001101110010101111010001101111111010000110111001000100111010111100010000101010011101101010001010011100011010110111110101100101100101000110100010001010001010011111111001101100001111000010101101010100001010101110110000101010011110100110010001111000000000101100110000101011111011011001101001101100010011001110110101111011100001100010100110010100111001011101001000101111000111000010111100
9800 0.844305603291 000101110010100111010001001101111010100100111001010100101011111000011000101010011100101010001110000110011011100111110101101111100101010110110011001010010010011111100001101000010111100010101101010100001010101100010000100010011111100110011011111000000000111110110000101011111011000010001001101000000001001110111001011011110111100010111010000000110011001101001000101111000011000010111100
9900 0.842866890843 000101110010100110010001101101111010100100111001010101101011111100010000101010001110001010001100100110011010100110110101100111100101010110100011001110011010011111110001101010010111000110101101010100001010101100010000100010011111100110010011111000000000111100110000101011111011000010001101101001000001001110111101011011100011100110111010010000110011001101001000101011000011000010111100
10000 0.84384808765 001101110010101111010001101011101110100110111001010100101010111000010000101011111000101010001110010100011010110110110101100111100101100110100011001000011010011111110000101010001111000010101101010100001010001111110000001010011111101110011001111000000000011100100000101011111011001110101001100100000001001110011001011111101011100010111011010100111001001101001000101011001011000010111100
10100 0.844153012502 001101110011101111010001101011111010100000110001010100111010101100011000100010111101101010101010010110011110010110110001100011100101010110100011001110011010011111100001101010000111000010101101010100001010101110100000001010011111100110010011111000000000111100110000101011111011011010101001101100000111001110010001011011111101100010111000011100110001001101001000100111000011000010111100
Mejor resultado: 0.842866890843 000101110010100110010001101101111010100100111001010101101011111100010000101010001110001010001100100110011010100110110101100111100101010110100011001110011010011111110001101010010111000110101101010100001010101100010000100010011111100110010011111000000000111100110000101011111011000010001101101001000001001110111101011011100011100110111010010000110011001101001000101011000011000010111100
