2.212597727775573730e-01
2.155887931585311890e-01
2.097555249929428101e-01
2.036203891038894653e-01
1.970951110124588013e-01
1.901579350233078003e-01
1.829713582992553711e-01
1.759055107831954956e-01
1.693580299615859985e-01
1.635349392890930176e-01
1.584235429763793945e-01
1.538996398448944092e-01
1.498201042413711548e-01
1.460649818181991577e-01
1.425466835498809814e-01
1.392085701227188110e-01
1.360203325748443604e-01
1.329731941223144531e-01
1.300732046365737915e-01
1.273340582847595215e-01
1.247682347893714905e-01
1.223811730742454529e-01
1.201697289943695068e-01
1.181247308850288391e-01
1.162345483899116516e-01
1.144874095916748047e-01
1.128722429275512695e-01
1.113787516951560974e-01
1.099971756339073181e-01
1.087178587913513184e-01
1.075311824679374695e-01
1.064277514815330505e-01
1.053985059261322021e-01
1.044346541166305542e-01
1.035282537341117859e-01
1.026719138026237488e-01
1.018590703606605530e-01
1.010839864611625671e-01
1.003415584564208984e-01
9.962738305330276489e-02
9.893760830163955688e-02
9.826901555061340332e-02
9.761857241392135620e-02
9.698392450809478760e-02
9.636311978101730347e-02
9.575456380844116211e-02
9.515713900327682495e-02
9.457003325223922729e-02
9.399265795946121216e-02
9.342461824417114258e-02
9.286571294069290161e-02
9.231583774089813232e-02
9.177494049072265625e-02
9.124313294887542725e-02
9.072043746709823608e-02
9.020704030990600586e-02
8.970300108194351196e-02
8.920852094888687134e-02
8.872374147176742554e-02
8.824870735406875610e-02
8.778358250856399536e-02
8.732850849628448486e-02
8.688348531723022461e-02
8.644866943359375000e-02
8.602406829595565796e-02
8.560972660779953003e-02
8.520561456680297852e-02
8.481173962354660034e-02
8.442804962396621704e-02
8.405450731515884399e-02
8.369102329015731812e-02
8.333748579025268555e-02
8.299383521080017090e-02
8.265989273786544800e-02
8.233552426099777222e-02
8.202055096626281738e-02
8.171477168798446655e-02
8.141802996397018433e-02
8.113004267215728760e-02
8.085070550441741943e-02
8.057965338230133057e-02
8.031672984361648560e-02
8.006169646978378296e-02
7.981425523757934570e-02
7.957416027784347534e-02
7.934118062257766724e-02
7.911502569913864136e-02
7.889544218778610229e-02
7.868219912052154541e-02
7.847498357295989990e-02
7.827366143465042114e-02
7.807783037424087524e-02
7.788739353418350220e-02
7.770202308893203735e-02
7.752158492803573608e-02
7.734579592943191528e-02
7.717441767454147339e-02
7.700733840465545654e-02
7.684433460235595703e-02
7.668519765138626099e-02
7.652979344129562378e-02
7.637789100408554077e-02
7.622938603162765503e-02
7.608418911695480347e-02
7.594204694032669067e-02
7.580287754535675049e-02
7.566654682159423828e-02
7.553289830684661865e-02
7.540187239646911621e-02
7.527330517768859863e-02
7.514705508947372437e-02
7.502297312021255493e-02
7.490102201700210571e-02
7.478099316358566284e-02
7.466273009777069092e-02
7.454613596200942993e-02
7.443101704120635986e-02
7.431721687316894531e-02
7.420448958873748779e-02
7.409272342920303345e-02
7.398165017366409302e-02
7.387105375528335571e-02
7.376080006361007690e-02
7.365062087774276733e-02
7.354041934013366699e-02
7.342995703220367432e-02
7.331926375627517700e-02
7.320824265480041504e-02
7.309698313474655151e-02
7.298553735017776489e-02
7.287418097257614136e-02
7.276298105716705322e-02
7.265224307775497437e-02
7.254208624362945557e-02
7.243272662162780762e-02
7.232411205768585205e-02
7.221630960702896118e-02
7.210928946733474731e-02
7.200291752815246582e-02
7.189714163541793823e-02
7.179205119609832764e-02
7.168757170438766479e-02
7.158374041318893433e-02
7.148073613643646240e-02
7.137860357761383057e-02
7.127754390239715576e-02
7.117767632007598877e-02
7.107924669981002808e-02
7.098236680030822754e-02
7.088719308376312256e-02
7.079384475946426392e-02
7.070243358612060547e-02
7.061307877302169800e-02
7.052579522132873535e-02
7.044059783220291138e-02
7.035756111145019531e-02
7.027664780616760254e-02
7.019782066345214844e-02
7.012110203504562378e-02
7.004649192094802856e-02
6.997385621070861816e-02
6.990319490432739258e-02
6.983448565006256104e-02
6.976761668920516968e-02
6.970258057117462158e-02
6.963928043842315674e-02
6.957771629095077515e-02
6.951775401830673218e-02
6.945945322513580322e-02
6.940259039402008057e-02
6.934729963541030884e-02
6.929341703653335571e-02
6.924086809158325195e-02
6.918963789939880371e-02
6.913972645998001099e-02
6.909098476171493530e-02
6.904342025518417358e-02
6.899698078632354736e-02
6.895159929990768433e-02
6.890723109245300293e-02
6.886391341686248779e-02
6.882141530513763428e-02
6.877987086772918701e-02
6.873916089534759521e-02
6.869929283857345581e-02
6.866015493869781494e-02
6.862172484397888184e-02
6.858403235673904419e-02
6.854698807001113892e-02
6.851055473089218140e-02
6.847471743822097778e-02
6.843942403793334961e-02
6.840463727712631226e-02
6.837029755115509033e-02
6.833642721176147461e-02
6.830299645662307739e-02
6.827000528573989868e-02
6.823735684156417847e-02
6.820502132177352905e-02
6.817302107810974121e-02
6.814131885766983032e-02
6.810993701219558716e-02
6.807874888181686401e-02
6.804779171943664551e-02
6.801705062389373779e-02
6.798649579286575317e-02
6.795613467693328857e-02
6.792589277029037476e-02
6.789574772119522095e-02
6.786576658487319946e-02
6.783584505319595337e-02
6.780604273080825806e-02
6.777633726596832275e-02
6.774663925170898438e-02
6.771701574325561523e-02
6.768742948770523071e-02
6.765783578157424927e-02
6.762824952602386475e-02
6.759868562221527100e-02
6.756908446550369263e-02
6.753950566053390503e-02
6.750986725091934204e-02
6.748027354478836060e-02
6.745057553052902222e-02
6.742083281278610229e-02
6.739102303981781006e-02
6.736118346452713013e-02
6.733129173517227173e-02
6.730131059885025024e-02
6.727128475904464722e-02
6.724113225936889648e-02
6.721092760562896729e-02
6.718064099550247192e-02
6.715025752782821655e-02
6.711981445550918579e-02
6.708925962448120117e-02
6.705862283706665039e-02
6.702787429094314575e-02
6.699702888727188110e-02
6.696613878011703491e-02
6.693509221076965332e-02
6.690400838851928711e-02
6.687277555465698242e-02
6.684145331382751465e-02
6.681006401777267456e-02
6.677854806184768677e-02
6.674692779779434204e-02
6.671523302793502808e-02
6.668345630168914795e-02
6.665152311325073242e-02
6.661955267190933228e-02
6.658748537302017212e-02
6.655527651309967041e-02
6.652303785085678101e-02
6.649067252874374390e-02
6.645824015140533447e-02
6.642571836709976196e-02
6.639308482408523560e-02
6.636038422584533691e-02
6.632762402296066284e-02
6.629472970962524414e-02
6.626177579164505005e-02
6.622873991727828979e-02
6.619565933942794800e-02
6.616247445344924927e-02
6.612921506166458130e-02
6.609591841697692871e-02
6.606253236532211304e-02
6.602907925844192505e-02
6.599550694227218628e-02
6.596191972494125366e-02
6.592827290296554565e-02
6.589455157518386841e-02
6.586078554391860962e-02
6.582693010568618774e-02
6.579308211803436279e-02
6.575910001993179321e-02
6.572510302066802979e-02
6.569104641675949097e-02
6.565693765878677368e-02
6.562279164791107178e-02
6.558863073587417603e-02
6.555438786745071411e-02
6.552010029554367065e-02
6.548577547073364258e-02
6.545139104127883911e-02
6.541696935892105103e-02
6.538250297307968140e-02
6.534802913665771484e-02
6.531348824501037598e-02
6.527893990278244019e-02
6.524436175823211670e-02
6.520975381135940552e-02
6.517509371042251587e-02
6.514032930135726929e-02
6.510564684867858887e-02
6.507089734077453613e-02
6.503611803054809570e-02
6.500130891799926758e-02
6.496646255254745483e-02
6.493160873651504517e-02
6.489668786525726318e-02
6.486178934574127197e-02
6.482687592506408691e-02
6.479190289974212646e-02
6.475690752267837524e-02
6.472191214561462402e-02
6.468684971332550049e-02
6.465178728103637695e-02
6.461668759584426880e-02
6.458158791065216064e-02
6.454642117023468018e-02
6.451124697923660278e-02
6.447605788707733154e-02
6.444084644317626953e-02
6.440564244985580444e-02
6.437036395072937012e-02
6.433509290218353271e-02
6.429979205131530762e-02
6.426446139812469482e-02
6.422909349203109741e-02
6.419373303651809692e-02
6.415832787752151489e-02
6.412291526794433594e-02
6.408748030662536621e-02
6.405201554298400879e-02
6.401655077934265137e-02
6.398104876279830933e-02
6.394553184509277344e-02
6.390996277332305908e-02
6.387439370155334473e-02
6.383879482746124268e-02
6.380317360162734985e-02
6.376756727695465088e-02
6.373192369937896729e-02
6.369622051715850830e-02
6.366048008203506470e-02
6.362474709749221802e-02
6.358902156352996826e-02
6.355328857898712158e-02
6.351751834154129028e-02
6.348175555467605591e-02
6.344600021839141846e-02
6.341018527746200562e-02
6.337434798479080200e-02
6.333854049444198608e-02
6.330269575119018555e-02
6.326686590909957886e-02
6.323101371526718140e-02
6.319516152143478394e-02
6.315929442644119263e-02
6.312341243028640747e-02
6.308756768703460693e-02
6.305166333913803101e-02
6.301581859588623047e-02
6.297995895147323608e-02
6.294406205415725708e-02
6.290823221206665039e-02
6.287238746881484985e-02
6.283653527498245239e-02
6.280069798231124878e-02
6.276490539312362671e-02
6.272912770509719849e-02
6.269337981939315796e-02
6.265765428543090820e-02
6.262195110321044922e-02
6.258622556924819946e-02
6.255058944225311279e-02
6.251498311758041382e-02
6.247939914464950562e-02
6.244383752346038818e-02
6.240835413336753845e-02
6.237289682030677795e-02
6.233751401305198669e-02
6.230219453573226929e-02
6.226690858602523804e-02
6.223164498805999756e-02
6.219650804996490479e-02
6.216142699122428894e-02
6.212641298770904541e-02
6.209148839116096497e-02
6.205663084983825684e-02
6.202182918787002563e-02
6.198714673519134521e-02
6.195259094238281250e-02
6.191807240247726440e-02
6.188371405005455017e-02
6.184940785169601440e-02
6.181519851088523865e-02
6.178114563226699829e-02
6.174719706177711487e-02
6.171335279941558838e-02
6.167967617511749268e-02
6.164611130952835083e-02
6.161269173026084900e-02
6.157937273383140564e-02
6.154623255133628845e-02
6.151325628161430359e-02
6.148038804531097412e-02
6.144767627120018005e-02
6.141516566276550293e-02
6.138284131884574890e-02
6.135062500834465027e-02
6.131862848997116089e-02
6.128682196140289307e-02
6.125520542263984680e-02
6.122372671961784363e-02
6.119246780872344971e-02
6.116141378879547119e-02
6.113058701157569885e-02
6.109995022416114807e-02
6.106951087713241577e-02
6.103928387165069580e-02
6.100929901003837585e-02
6.097953021526336670e-02
6.094998866319656372e-02
6.092071160674095154e-02
6.089161708950996399e-02
6.086274236440658569e-02
6.083416566252708435e-02
6.080583110451698303e-02
6.077779456973075867e-02
6.074997037649154663e-02
6.072240322828292847e-02
6.069510802626609802e-02
6.066807359457015991e-02
6.064130738377571106e-02
6.061484664678573608e-02
6.058866903185844421e-02
6.056270003318786621e-02
6.053708866238594055e-02
6.051171943545341492e-02
6.048670411109924316e-02
6.046193465590476990e-02
6.043748185038566589e-02
6.041328981518745422e-02
6.038944423198699951e-02
6.036585941910743713e-02
6.034260243177413940e-02
6.031970679759979248e-02
6.029712036252021790e-02
6.027477234601974487e-02
6.025278195738792419e-02
6.023114919662475586e-02
6.020981445908546448e-02
6.018885597586631775e-02
6.016815826296806335e-02
6.014776602387428284e-02
6.012774258852005005e-02
6.010806560516357422e-02
6.008875370025634766e-02
6.006972864270210266e-02
6.005102396011352539e-02
6.003275141119956970e-02
6.001472100615501404e-02
5.999705940485000610e-02
5.997976660728454590e-02
5.996283143758773804e-02
5.994617566466331482e-02
5.992984026670455933e-02
5.991399288177490234e-02
5.989840626716613770e-02
5.988314002752304077e-02
5.986824631690979004e-02
5.985374003648757935e-02
5.983949825167655945e-02
5.982571467757225037e-02
5.981215462088584900e-02
5.979898199439048767e-02
5.978620424866676331e-02
5.977373570203781128e-02
5.976155772805213928e-02
5.974979698657989502e-02
5.973840504884719849e-02
5.972730740904808044e-02
5.971657112240791321e-02
5.970614403486251831e-02
5.969606712460517883e-02
5.968633294105529785e-02
5.967693775892257690e-02
5.966787785291671753e-02
5.965912714600563049e-02
5.965070426464080811e-02
5.964264646172523499e-02
5.963493138551712036e-02
5.962747707962989807e-02
5.962037667632102966e-02
5.961366370320320129e-02
5.960720032453536987e-02
5.960106477141380310e-02
5.959523469209671021e-02
5.958971381187438965e-02
5.958458408713340759e-02
5.957968533039093018e-02
5.957511439919471741e-02
5.957087501883506775e-02
5.956690758466720581e-02
5.956324934959411621e-02
5.955986678600311279e-02
5.955680087208747864e-02
