1.946233063936233521e-01
1.896220743656158447e-01
1.850616335868835449e-01
1.804310381412506104e-01
1.757865250110626221e-01
1.712269783020019531e-01
1.668640375137329102e-01
1.627977490425109863e-01
1.590641289949417114e-01
1.556241363286972046e-01
1.523969918489456177e-01
1.492977589368820190e-01
1.462590098381042480e-01
1.432383358478546143e-01
1.402189135551452637e-01
1.372054219245910645e-01
1.342152059078216553e-01
1.312709748744964600e-01
1.283947825431823730e-01
1.256069988012313843e-01
1.229257658123970032e-01
1.203664466738700867e-01
1.179412230849266052e-01
1.156580299139022827e-01
1.135205700993537903e-01
1.115276291966438293e-01
1.096741110086441040e-01
1.079526171088218689e-01
1.063538193702697754e-01
1.048676669597625732e-01
1.034840270876884460e-01
1.021932512521743774e-01
1.009860932826995850e-01
9.985419362783432007e-02
9.878975152969360352e-02
9.778556227684020996e-02
9.683565795421600342e-02
9.593411535024642944e-02
9.507640451192855835e-02
9.425858408212661743e-02
9.347735345363616943e-02
9.272998571395874023e-02
9.201439470052719116e-02
9.132858365774154663e-02
9.067056328058242798e-02
9.003855288028717041e-02
8.943074941635131836e-02
8.884544670581817627e-02
8.828116208314895630e-02
8.773630112409591675e-02
8.720961213111877441e-02
8.669993281364440918e-02
8.620609343051910400e-02
8.572721481323242188e-02
8.526233583688735962e-02
8.481072634458541870e-02
8.437155932188034058e-02
8.394424617290496826e-02
8.352816104888916016e-02
8.312267065048217773e-02
8.272746950387954712e-02
8.234187960624694824e-02
8.196562528610229492e-02
8.159827440977096558e-02
8.123943209648132324e-02
8.088877052068710327e-02
8.054610341787338257e-02
8.021099865436553955e-02
7.988329976797103882e-02
7.956274598836898804e-02
7.924910634756088257e-02
7.894208282232284546e-02
7.864169776439666748e-02
7.834755629301071167e-02
7.805960625410079956e-02
7.777760922908782959e-02
7.750138640403747559e-02
7.723092287778854370e-02
7.696593552827835083e-02
7.670626789331436157e-02
7.645186781883239746e-02
7.620253413915634155e-02
7.595816254615783691e-02
7.571854442358016968e-02
7.548359781503677368e-02
7.525321096181869507e-02
7.502719014883041382e-02
7.480542361736297607e-02
7.458776235580444336e-02
7.437402009963989258e-02
7.416420429944992065e-02
7.395810633897781372e-02
7.375546544790267944e-02
7.355636358261108398e-02
7.336059212684631348e-02
7.316796481609344482e-02
7.297845184803009033e-02
7.279191166162490845e-02
7.260812819004058838e-02
7.242701947689056396e-02
7.224862277507781982e-02
7.207263261079788208e-02
7.189901918172836304e-02
7.172770798206329346e-02
7.155855745077133179e-02
7.139144092798233032e-02
7.122632116079330444e-02
7.106309384107589722e-02
7.090166211128234863e-02
7.074188441038131714e-02
7.058380544185638428e-02
7.042720913887023926e-02
7.027217000722885132e-02
7.011845707893371582e-02
6.996609270572662354e-02
6.981500983238220215e-02
6.966513395309448242e-02
6.951628625392913818e-02
6.936851888895034790e-02
6.922172755002975464e-02
6.907570362091064453e-02
6.893047690391540527e-02
6.878571957349777222e-02
6.864132732152938843e-02
6.849706918001174927e-02
6.835257261991500854e-02
6.820755451917648315e-02
6.806144118309020996e-02
6.791388243436813354e-02
6.776439398527145386e-02
6.761243939399719238e-02
6.745772808790206909e-02
6.729999929666519165e-02
6.713936477899551392e-02
6.697599589824676514e-02
6.681043654680252075e-02
6.664329767227172852e-02
6.647532433271408081e-02
6.630734354257583618e-02
6.614021956920623779e-02
6.597457826137542725e-02
6.581103801727294922e-02
6.565006822347640991e-02
6.549209356307983398e-02
6.533735990524291992e-02
6.518599390983581543e-02
6.503805518150329590e-02
6.489358842372894287e-02
6.475245952606201172e-02
6.461461633443832397e-02
6.447988003492355347e-02
6.434816867113113403e-02
6.421932578086853027e-02
6.409314274787902832e-02
6.396958231925964355e-02
6.384838372468948364e-02
6.372952461242675781e-02
6.361288577318191528e-02
6.349825859069824219e-02
6.338570266962051392e-02
6.327498704195022583e-02
6.316606700420379639e-02
6.305886059999465942e-02
6.295336037874221802e-02
6.284946948289871216e-02
6.274709850549697876e-02
6.264622509479522705e-02
6.254677474498748779e-02
6.244868040084838867e-02
6.235192343592643738e-02
6.225649639964103699e-02
6.216223165392875671e-02
6.206927075982093811e-02
6.197744980454444885e-02
6.188675016164779663e-02
6.179714947938919067e-02
6.170864403247833252e-02
6.162116304039955139e-02
6.153472140431404114e-02
6.144924089312553406e-02
6.136469170451164246e-02
6.128110736608505249e-02
6.119840592145919800e-02
6.111657246947288513e-02
6.103557348251342773e-02
6.095540523529052734e-02
6.087609007954597473e-02
6.079750880599021912e-02
6.071967259049415588e-02
6.064264848828315735e-02
6.056626513600349426e-02
6.049057096242904663e-02
6.041560322046279907e-02
6.034125015139579773e-02
6.026756018400192261e-02
6.019449606537818909e-02
6.012202799320220947e-02
6.005015969276428223e-02
5.997883155941963196e-02
5.990803241729736328e-02
5.983776971697807312e-02
5.976806953549385071e-02
5.969879776239395142e-02
5.963010340929031372e-02
5.956185236573219299e-02
5.949404463171958923e-02
5.942667648196220398e-02
5.935975164175033569e-02
5.929321795701980591e-02
5.922707170248031616e-02
5.916132777929306030e-02
5.909601226449012756e-02
5.903101339936256409e-02
5.896641314029693604e-02
5.890213325619697571e-02
5.883814394474029541e-02
5.877452343702316284e-02
5.871116369962692261e-02
5.864816159009933472e-02
5.858540162444114685e-02
5.852296948432922363e-02
5.846074223518371582e-02
5.839883163571357727e-02
5.833714082837104797e-02
5.827570334076881409e-02
5.821449309587478638e-02
5.815348401665687561e-02
5.809271708130836487e-02
5.803214013576507568e-02
5.797179043292999268e-02
5.791161209344863892e-02
5.785165727138519287e-02
5.779182538390159607e-02
5.773222446441650391e-02
5.767276138067245483e-02
5.761342495679855347e-02
5.755428969860076904e-02
5.749528110027313232e-02
5.743641406297683716e-02
5.737766623497009277e-02
5.731903389096260071e-02
5.726060271263122559e-02
5.720220878720283508e-02
5.714397877454757690e-02
5.708582326769828796e-02
5.702782422304153442e-02
5.696991458535194397e-02
5.691206455230712891e-02
5.685431510210037231e-02
5.679668486118316650e-02
5.673911422491073608e-02
5.668163672089576721e-02
5.662419646978378296e-02
5.656687542796134949e-02
5.650960281491279602e-02
5.645246431231498718e-02
5.639532580971717834e-02
5.633826553821563721e-02
5.628125742077827454e-02
5.622432008385658264e-02
5.616743862628936768e-02
5.611063539981842041e-02
5.605384707450866699e-02
5.599711835384368896e-02
5.594041943550109863e-02
5.588382109999656677e-02
5.582727491855621338e-02
5.577067285776138306e-02
5.571417510509490967e-02
5.565769225358963013e-02
5.560125783085823059e-02
5.554487183690071106e-02
5.548854172229766846e-02
5.543218553066253662e-02
5.537593737244606018e-02
5.531968548893928528e-02
5.526343733072280884e-02
5.520727485418319702e-02
5.515107885003089905e-02
5.509496107697486877e-02
5.503888428211212158e-02
5.498282983899116516e-02
5.492677539587020874e-02
5.487078800797462463e-02
5.481478199362754822e-02
5.475882068276405334e-02
5.470288917422294617e-02
5.464700609445571899e-02
5.459116771817207336e-02
5.453528091311454773e-02
5.447948351502418518e-02
5.442372336983680725e-02
5.436794459819793701e-02
5.431225150823593140e-02
5.425652489066123962e-02
5.420085787773132324e-02
5.414520576596260071e-02
5.408957973122596741e-02
5.403397977352142334e-02
5.397848412394523621e-02
5.392292141914367676e-02
5.386741459369659424e-02
5.381189286708831787e-02
5.375649407505989075e-02
5.370104312896728516e-02
5.364568158984184265e-02
5.359032750129699707e-02
5.353497341275215149e-02
5.347968265414237976e-02
5.342441797256469727e-02
5.336919054388999939e-02
5.331395193934440613e-02
5.325876176357269287e-02
5.320360511541366577e-02
5.314845964312553406e-02
5.309339612722396851e-02
5.303834378719329834e-02
5.298327654600143433e-02
5.292827636003494263e-02
5.287329480051994324e-02
5.281834304332733154e-02
5.276338756084442139e-02
5.270854383707046509e-02
5.265364050865173340e-02
5.259880051016807556e-02
5.254398658871650696e-02
5.248918384313583374e-02
5.243445560336112976e-02
5.237972363829612732e-02
5.232500284910202026e-02
5.227032303810119629e-02
5.221564322710037231e-02
5.216103419661521912e-02
5.210642889142036438e-02
5.205183848738670349e-02
5.199729278683662415e-02
5.194272845983505249e-02
5.188822001218795776e-02
5.183369666337966919e-02
5.177922546863555908e-02
5.172479152679443359e-02
5.167033523321151733e-02
5.161591991782188416e-02
5.156150832772254944e-02
5.150714144110679626e-02
5.145278200507164001e-02
5.139842256903648376e-02
5.134411156177520752e-02
5.128976702690124512e-02
5.123547837138175964e-02
5.118118599057197571e-02
5.112691596150398254e-02
5.107263475656509399e-02
5.101840570569038391e-02
5.096415802836418152e-02
5.090991035103797913e-02
5.085571855306625366e-02
5.080147087574005127e-02
5.074729025363922119e-02
5.069308727979660034e-02
5.063891783356666565e-02
5.058473721146583557e-02
5.053055658936500549e-02
5.047637969255447388e-02
5.042221769690513611e-02
5.036806315183639526e-02
5.031389743089675903e-02
5.025976896286010742e-02
5.020561069250106812e-02
5.015148222446441650e-02
5.009732395410537720e-02
5.004318058490753174e-02
4.998907074332237244e-02
4.993491619825363159e-02
4.988077282905578613e-02
4.982664063572883606e-02
4.977246373891830444e-02
4.971833154559135437e-02
4.966420307755470276e-02
4.961008206009864807e-02
4.955591633915901184e-02
4.950175061821937561e-02
4.944761097431182861e-02
4.939343035221099854e-02
4.933928325772285461e-02
4.928510263562202454e-02
4.923095181584358215e-02
4.917675629258155823e-02
4.912258312106132507e-02
4.906842112541198730e-02
4.901421442627906799e-02
4.896004125475883484e-02
4.890581592917442322e-02
4.885160550475120544e-02
4.879738762974739075e-02
4.874319210648536682e-02
4.868894442915916443e-02
4.863473027944564819e-02
4.858044534921646118e-02
4.852624610066413879e-02
4.847195371985435486e-02
4.841767996549606323e-02
4.836339876055717468e-02
4.830913990736007690e-02
4.825480654835700989e-02
4.820053279399871826e-02
4.814623668789863586e-02
4.809189587831497192e-02
4.803756624460220337e-02
4.798322170972824097e-02
4.792888462543487549e-02
4.787452146410942078e-02
4.782016947865486145e-02
4.776576906442642212e-02
4.771137982606887817e-02
4.765698313713073730e-02
4.760260879993438721e-02
4.754818230867385864e-02
4.749378934502601624e-02
4.743938148021697998e-02
4.738489538431167603e-02
4.733045399188995361e-02
4.727600887417793274e-02
4.722157865762710571e-02
4.716706275939941406e-02
4.711263254284858704e-02
4.705811291933059692e-02
4.700358211994171143e-02
4.694913327693939209e-02
4.689460620284080505e-02
4.684010148048400879e-02
4.678558185696601868e-02
4.673104733228683472e-02
4.667650535702705383e-02
4.662198573350906372e-02
4.656741768121719360e-02
4.651291295886039734e-02
4.645834863185882568e-02
4.640376567840576172e-02
4.634921625256538391e-02
4.629465565085411072e-02
4.624009132385253906e-02
4.618553817272186279e-02
4.613093286752700806e-02
4.607635363936424255e-02
4.602181911468505859e-02
4.596722871065139771e-02
4.591266810894012451e-02
4.585810750722885132e-02
4.580356553196907043e-02
4.574899747967720032e-02
4.569441825151443481e-02
4.563989490270614624e-02
4.558532685041427612e-02
4.553081095218658447e-02
4.547626897692680359e-02
4.542171582579612732e-02
4.536721482872962952e-02
4.531272873282432556e-02
4.525820538401603699e-02
4.520373046398162842e-02
4.514924436807632446e-02
4.509484022855758667e-02
4.504038393497467041e-02
4.498593136668205261e-02
4.493149369955062866e-02
4.487709701061248779e-02
4.482272639870643616e-02
4.476837441325187683e-02
4.471402615308761597e-02
4.465968534350395203e-02
4.460538178682327271e-02
4.455109313130378723e-02
4.449684545397758484e-02
4.444257542490959167e-02
4.438833892345428467e-02
4.433416947722434998e-02
4.427999630570411682e-02
4.422584548592567444e-02
4.417172819375991821e-02
4.411764070391654968e-02
4.406356066465377808e-02
4.400954023003578186e-02
4.395550116896629333e-02
4.390152916312217712e-02
4.384753853082656860e-02
4.379361867904663086e-02
4.373972117900848389e-02
4.368585720658302307e-02
4.363200441002845764e-02
4.357819259166717529e-02
4.352441802620887756e-02
4.347066581249237061e-02
4.341694712638854980e-02
4.336323961615562439e-02
4.330958053469657898e-02
4.325595498085021973e-02
4.320234432816505432e-02
4.314878582954406738e-02
4.309523850679397583e-02
