1.924722939729690552e-01
1.877175122499465942e-01
1.831471323966979980e-01
1.787056326866149902e-01
1.743119210004806519e-01
1.699288636445999146e-01
1.656341552734375000e-01
1.615665405988693237e-01
1.578111052513122559e-01
1.543580144643783569e-01
1.511393338441848755e-01
1.480743885040283203e-01
1.450966298580169678e-01
1.421621292829513550e-01
1.392485499382019043e-01
1.363506019115447998e-01
1.334734112024307251e-01
1.306262761354446411e-01
1.278212070465087891e-01
1.250730007886886597e-01
1.224023178219795227e-01
1.198336035013198853e-01
1.173908635973930359e-01
1.150905191898345947e-01
1.129399538040161133e-01
1.109387874603271484e-01
1.090820804238319397e-01
1.073619276285171509e-01
1.057687550783157349e-01
1.042922213673591614e-01
1.029212772846221924e-01
1.016458198428153992e-01
1.004558503627777100e-01
9.934251755475997925e-02
9.829789400100708008e-02
9.731457382440567017e-02
9.638641029596328735e-02
9.550783038139343262e-02
9.467400610446929932e-02
9.388056397438049316e-02
9.312415868043899536e-02
9.240154176950454712e-02
9.170992672443389893e-02
9.104707092046737671e-02
9.041093289852142334e-02
8.979944884777069092e-02
8.921082317829132080e-02
8.864374458789825439e-02
8.809660375118255615e-02
8.756806701421737671e-02
8.705683052539825439e-02
8.656183630228042603e-02
8.608204126358032227e-02
8.561641722917556763e-02
8.516418188810348511e-02
8.472457528114318848e-02
8.429675549268722534e-02
8.388011157512664795e-02
8.347415924072265625e-02
8.307823538780212402e-02
8.269188553094863892e-02
8.231466263532638550e-02
8.194614201784133911e-02
8.158599585294723511e-02
8.123381435871124268e-02
8.088929951190948486e-02
8.055210113525390625e-02
8.022208511829376221e-02
7.989881932735443115e-02
7.958207279443740845e-02
7.927155494689941406e-02
7.896706461906433105e-02
7.866830378770828247e-02
7.837494462728500366e-02
7.808677852153778076e-02
7.780348509550094604e-02
7.752467691898345947e-02
7.725005596876144409e-02
7.697920501232147217e-02
7.671174407005310059e-02
7.644724100828170776e-02
7.618533074855804443e-02
7.592563331127166748e-02
7.566781342029571533e-02
7.541162520647048950e-02
7.515684515237808228e-02
7.490349560976028442e-02
7.465163618326187134e-02
7.440143078565597534e-02
7.415299862623214722e-02
7.390668243169784546e-02
7.366273552179336548e-02
7.342141121625900269e-02
7.318297773599624634e-02
7.294759154319763184e-02
7.271538674831390381e-02
7.248662412166595459e-02
7.226125895977020264e-02
7.203932106494903564e-02
7.182080298662185669e-02
7.160568982362747192e-02
7.139389961957931519e-02
7.118543982505798340e-02
7.097996026277542114e-02
7.077759504318237305e-02
7.057809829711914062e-02
7.038136571645736694e-02
7.018723338842391968e-02
6.999552994966506958e-02
6.980627775192260742e-02
6.961923837661743164e-02
6.943426281213760376e-02
6.925132870674133301e-02
6.907027214765548706e-02
6.889116019010543823e-02
6.871376931667327881e-02
6.853810697793960571e-02
6.836412847042083740e-02
6.819177418947219849e-02
6.802114844322204590e-02
6.785215437412261963e-02
6.768483668565750122e-02
6.751910597085952759e-02
6.735515594482421875e-02
6.719304621219635010e-02
6.703260540962219238e-02
6.687407195568084717e-02
6.671743839979171753e-02
6.656280159950256348e-02
6.641014665365219116e-02
6.625951826572418213e-02
6.611097604036331177e-02
6.596459448337554932e-02
6.582033634185791016e-02
6.567825376987457275e-02
6.553835421800613403e-02
6.540071219205856323e-02
6.526525318622589111e-02
6.513199210166931152e-02
6.500093638896942139e-02
6.487219035625457764e-02
6.474551558494567871e-02
6.462103128433227539e-02
6.449870765209197998e-02
6.437847763299942017e-02
6.426039338111877441e-02
6.414425373077392578e-02
6.403023749589920044e-02
6.391818076372146606e-02
6.380806118249893188e-02
6.369980424642562866e-02
6.359346956014633179e-02
6.348886340856552124e-02
6.338609755039215088e-02
6.328506767749786377e-02
6.318568438291549683e-02
6.308797746896743774e-02
6.299182027578353882e-02
6.289727240800857544e-02
6.280427426099777222e-02
6.271275132894515991e-02
6.262262910604476929e-02
6.253392249345779419e-02
6.244648247957229614e-02
6.236046180129051208e-02
6.227561831474304199e-02
6.219208240509033203e-02
6.210974603891372681e-02
6.202856823801994324e-02
6.194848939776420593e-02
6.186950579285621643e-02
6.179158389568328857e-02
6.171472370624542236e-02
6.163884326815605164e-02
6.156384199857711792e-02
6.148988381028175354e-02
6.141672655940055847e-02
6.134446337819099426e-02
6.127305701375007629e-02
6.120242178440093994e-02
6.113263219594955444e-02
6.106352433562278748e-02
6.099518388509750366e-02
6.092750653624534607e-02
6.086057797074317932e-02
6.079423800110816956e-02
6.072854623198509216e-02
6.066350266337394714e-02
6.059902906417846680e-02
6.053505465388298035e-02
6.047171726822853088e-02
6.040882691740989685e-02
6.034645810723304749e-02
6.028465926647186279e-02
6.022319942712783813e-02
6.016224622726440430e-02
6.010172143578529358e-02
6.004162505269050598e-02
5.998190119862556458e-02
5.992258340120315552e-02
5.986359715461730957e-02
5.980494618415832520e-02
5.974664166569709778e-02
5.968863517045974731e-02
5.963103473186492920e-02
5.957365781068801880e-02
5.951654165983200073e-02
5.945969372987747192e-02
5.940314382314682007e-02
5.934680253267288208e-02
5.929074808955192566e-02
5.923485755920410156e-02
5.917915701866149902e-02
5.912370979785919189e-02
5.906846001744270325e-02
5.901337787508964539e-02
5.895846337080001831e-02
5.890373140573501587e-02
5.884911864995956421e-02
5.879468098282814026e-02
5.874034389853477478e-02
5.868618190288543701e-02
5.863213539123535156e-02
5.857820063829421997e-02
5.852440372109413147e-02
5.847074091434478760e-02
5.841715261340141296e-02
5.836365371942520142e-02
5.831022933125495911e-02
5.825689062476158142e-02
5.820370838046073914e-02
5.815055966377258301e-02
5.809748172760009766e-02
5.804453417658805847e-02
5.799157172441482544e-02
5.793871730566024780e-02
5.788590386509895325e-02
5.783316120505332947e-02
5.778047814965248108e-02
5.772784724831581116e-02
5.767529457807540894e-02
5.762278288602828979e-02
5.757029727101325989e-02
5.751790478825569153e-02
5.746551230549812317e-02
5.741317197680473328e-02
5.736088380217552185e-02
5.730862542986869812e-02
5.725643783807754517e-02
5.720425024628639221e-02
5.715213716030120850e-02
5.710005015134811401e-02
5.704799294471740723e-02
5.699596181511878967e-02
5.694402754306793213e-02
5.689212679862976074e-02
5.684017762541770935e-02
5.678835883736610413e-02
5.673648789525032043e-02
5.668470263481140137e-02
5.663292855024337769e-02
5.658122152090072632e-02
5.652954801917076111e-02
5.647787824273109436e-02
5.642625316977500916e-02
5.637466907501220703e-02
5.632310360670089722e-02
5.627160146832466125e-02
5.622010678052902222e-02
5.616863444447517395e-02
5.611723661422729492e-02
5.606586486101150513e-02
5.601452663540840149e-02
5.596318468451499939e-02
5.591191723942756653e-02
5.586070194840431213e-02
5.580943077802658081e-02
5.575828626751899719e-02
5.570713803172111511e-02
5.565601959824562073e-02
5.560497939586639404e-02
5.555388331413269043e-02
5.550287663936614990e-02
5.545190721750259399e-02
5.540095269680023193e-02
5.535004287958145142e-02
5.529920011758804321e-02
5.524834990501403809e-02
5.519748851656913757e-02
5.514672771096229553e-02
5.509595200419425964e-02
5.504525080323219299e-02
5.499457195401191711e-02
5.494390428066253662e-02
5.489332601428031921e-02
5.484274029731750488e-02
5.479219555854797363e-02
5.474169179797172546e-02
5.469118803739547729e-02
5.464075878262519836e-02
5.459037795662879944e-02
5.453998222947120667e-02
5.448963493108749390e-02
5.443928763270378113e-02
5.438903346657752991e-02
5.433879792690277100e-02
5.428861454129219055e-02
5.423844233155250549e-02
5.418829247355461121e-02
5.413819476962089539e-02
5.408815294504165649e-02
5.403812229633331299e-02
5.398815870285034180e-02
5.393820255994796753e-02
5.388825759291648865e-02
5.383841693401336670e-02
5.378853529691696167e-02
5.373877659440040588e-02
5.368902534246444702e-02
5.363928899168968201e-02
5.358957871794700623e-02
5.353993922472000122e-02
5.349037796258926392e-02
5.344081670045852661e-02
5.339131876826286316e-02
5.334183201193809509e-02
5.329240486025810242e-02
5.324303731322288513e-02
5.319367349147796631e-02
5.314438790082931519e-02
5.309513956308364868e-02
5.304592475295066833e-02
5.299673229455947876e-02
5.294765159487724304e-02
5.289859324693679810e-02
5.284961685538291931e-02
5.280059203505516052e-02
5.275171622633934021e-02
5.270283296704292297e-02
5.265400931239128113e-02
5.260521173477172852e-02
5.255649238824844360e-02
5.250783637166023254e-02
5.245918408036231995e-02
5.241061374545097351e-02
5.236212909221649170e-02
5.231363698840141296e-02
5.226523429155349731e-02
5.221689119935035706e-02
5.216858536005020142e-02
5.212030932307243347e-02
5.207212641835212708e-02
5.202400684356689453e-02
5.197592452168464661e-02
5.192789062857627869e-02
5.187991634011268616e-02
5.183201283216476440e-02
5.178418383002281189e-02
5.173638835549354553e-02
5.168865621089935303e-02
5.164098739624023438e-02
5.159337073564529419e-02
5.154580622911453247e-02
5.149825662374496460e-02
5.145084485411643982e-02
5.140342935919761658e-02
5.135612189769744873e-02
5.130887776613235474e-02
5.126167461276054382e-02
5.121453478932380676e-02
5.116744339466094971e-02
5.112040415406227112e-02
5.107349157333374023e-02
5.102656781673431396e-02
5.097970739006996155e-02
5.093291774392127991e-02
5.088625475764274597e-02
5.083955824375152588e-02
5.079298838973045349e-02
5.074650049209594727e-02
5.070002749562263489e-02
5.065361410379409790e-02
5.060726776719093323e-02
5.056099221110343933e-02
5.051480233669281006e-02
5.046865716576576233e-02
5.042257159948348999e-02
5.037652701139450073e-02
5.033057183027267456e-02
5.028467997908592224e-02
5.023886635899543762e-02
5.019306018948554993e-02
5.014738813042640686e-02
5.010171607136726379e-02
5.005616322159767151e-02
5.001064762473106384e-02
4.996518418192863464e-02
4.991975054144859314e-02
4.987445473670959473e-02
4.982918128371238708e-02
4.978399723768234253e-02
4.973886534571647644e-02
4.969377070665359497e-02
4.964878410100936890e-02
4.960379004478454590e-02
4.955890029668807983e-02
4.951410740613937378e-02
4.946928471326828003e-02
4.942460358142852783e-02
4.937993362545967102e-02
4.933536052703857422e-02
4.929084703326225281e-02
4.924640059471130371e-02
4.920194298028945923e-02
4.915764927864074707e-02
4.911338165402412415e-02
4.906914755702018738e-02
4.902497678995132446e-02
4.898085072636604309e-02
4.893682524561882019e-02
4.889284074306488037e-02
4.884891584515571594e-02
4.880504310131072998e-02
4.876121878623962402e-02
4.871748760342597961e-02
4.867376387119293213e-02
4.863015934824943542e-02
4.858659952878952026e-02
4.854305461049079895e-02
4.849961027503013611e-02
4.845619946718215942e-02
4.841284826397895813e-02
4.836958646774291992e-02
4.832632839679718018e-02
4.828313365578651428e-02
4.824001714587211609e-02
4.819695279002189636e-02
4.815391823649406433e-02
4.811092093586921692e-02
4.806807264685630798e-02
4.802516847848892212e-02
4.798233881592750549e-02
4.793960973620414734e-02
4.789690673351287842e-02
4.785424470901489258e-02
4.781161993741989136e-02
4.776908457279205322e-02
4.772658646106719971e-02
4.768413305282592773e-02
4.764173179864883423e-02
4.759940505027770996e-02
4.755705595016479492e-02
4.751480743288993835e-02
4.747260734438896179e-02
4.743043705821037292e-02
4.738833010196685791e-02
4.734628275036811829e-02
4.730425402522087097e-02
4.726222902536392212e-02
4.722030460834503174e-02
4.717843234539031982e-02
4.713658988475799561e-02
4.709480702877044678e-02
4.705303534865379333e-02
4.701131954789161682e-02
4.696965590119361877e-02
4.692802578210830688e-02
4.688646271824836731e-02
4.684488102793693542e-02
4.680341482162475586e-02
4.676194489002227783e-02
4.672054573893547058e-02
4.667913913726806641e-02
4.663779586553573608e-02
4.659650474786758423e-02
4.655522108078002930e-02
4.651401564478874207e-02
4.647283256053924561e-02
4.643167927861213684e-02
4.639056324958801270e-02
4.634947702288627625e-02
4.630843549966812134e-02
4.626742750406265259e-02
4.622649028897285461e-02
4.618556797504425049e-02
4.614467173814773560e-02
4.610380530357360840e-02
4.606295004487037659e-02
4.602215811610221863e-02
4.598140344023704529e-02
4.594067856669425964e-02
4.589999467134475708e-02
4.585931450128555298e-02
4.581870883703231812e-02
4.577808082103729248e-02
4.573751240968704224e-02
4.569701850414276123e-02
4.565647616982460022e-02
4.561596736311912537e-02
4.557558521628379822e-02
