2.158889025449752808e-01
2.105293273925781250e-01
2.053080648183822632e-01
1.999323964118957520e-01
1.941523253917694092e-01
1.878747195005416870e-01
1.811990290880203247e-01
1.744319498538970947e-01
1.679981648921966553e-01
1.622014343738555908e-01
1.571084409952163696e-01
1.526299566030502319e-01
1.486304700374603271e-01
1.449857056140899658e-01
1.415985375642776489e-01
1.383989751338958740e-01
1.353402733802795410e-01
1.323964744806289673e-01
1.295614391565322876e-01
1.268477290868759155e-01
1.242816671729087830e-01
1.218898519873619080e-01
1.196840479969978333e-01
1.176583543419837952e-01
1.157970279455184937e-01
1.140829101204872131e-01
1.125006899237632751e-01
1.110372915863990784e-01
1.096813455224037170e-01
1.084227338433265686e-01
1.072522252798080444e-01
1.061609685420989990e-01
1.051407977938652039e-01
1.041838154196739197e-01
1.032828465104103088e-01
1.024312973022460938e-01
1.016229018568992615e-01
1.008522659540176392e-01
1.001145318150520325e-01
9.940550476312637329e-02
9.872143715620040894e-02
9.805915504693984985e-02
9.741597622632980347e-02
9.678950905799865723e-02
9.617803990840911865e-02
9.557989239692687988e-02
9.499386698007583618e-02
9.441895782947540283e-02
9.385446459054946899e-02
9.329985082149505615e-02
9.275453537702560425e-02
9.221837669610977173e-02
9.169112145900726318e-02
9.117265045642852783e-02
9.066289663314819336e-02
9.016185998916625977e-02
8.966964483261108398e-02
8.918604254722595215e-02
8.871139585971832275e-02
8.824558556079864502e-02
8.778870105743408203e-02
8.734084665775299072e-02
8.690205961465835571e-02
8.647237718105316162e-02
8.605190366506576538e-02
8.564058691263198853e-02
8.523856848478317261e-02
8.484571427106857300e-02
8.446211367845535278e-02
8.408768475055694580e-02
8.372235298156738281e-02
8.336614072322845459e-02
8.301886171102523804e-02
8.268039673566818237e-02
8.235058188438415527e-02
8.202925324440002441e-02
8.171615749597549438e-02
8.141103386878967285e-02
8.111358433961868286e-02
8.082349598407745361e-02
8.054048568010330200e-02
8.026406913995742798e-02
7.999401539564132690e-02
7.972988486289978027e-02
7.947128266096115112e-02
7.921790331602096558e-02
7.896939665079116821e-02
7.872552424669265747e-02
7.848600298166275024e-02
7.825060933828353882e-02
7.801915705204010010e-02
7.779147475957870483e-02
7.756745815277099609e-02
7.734701782464981079e-02
7.713004946708679199e-02
7.691648602485656738e-02
7.670626789331436157e-02
7.649935036897659302e-02
7.629574090242385864e-02
7.609541714191436768e-02
7.589834928512573242e-02
7.570450752973556519e-02
7.551394402980804443e-02
7.532660663127899170e-02
7.514249533414840698e-02
7.496161758899688721e-02
7.478396594524383545e-02
7.460945099592208862e-02
7.443809509277343750e-02
7.426986098289489746e-02
7.410465180873870850e-02
7.394250482320785522e-02
7.378324866294860840e-02
7.362688332796096802e-02
7.347327470779418945e-02
7.332237064838409424e-02
7.317404448986053467e-02
7.302829623222351074e-02
7.288495451211929321e-02
7.274398952722549438e-02
7.260530441999435425e-02
7.246879488229751587e-02
7.233440876007080078e-02
7.220213115215301514e-02
7.207182049751281738e-02
7.194348424673080444e-02
7.181710004806518555e-02
7.169260829687118530e-02
7.157001644372940063e-02
7.144929468631744385e-02
7.133043557405471802e-02
7.121349126100540161e-02
7.109844684600830078e-02
7.098529487848281860e-02
7.087408751249313354e-02
7.076483219861984253e-02
7.065756618976593018e-02
7.055229693651199341e-02
7.044907659292221069e-02
7.034792006015777588e-02
7.024886459112167358e-02
7.015190273523330688e-02
7.005703449249267578e-02
6.996433436870574951e-02
6.987377256155014038e-02
6.978539377450942993e-02
6.969915330410003662e-02
6.961514800786972046e-02
6.953322142362594604e-02
6.945350021123886108e-02
6.937590986490249634e-02
6.930045038461685181e-02
6.922709941864013672e-02
6.915584951639175415e-02
6.908662617206573486e-02
6.901944428682327271e-02
6.895425170660018921e-02
6.889097392559051514e-02
6.882962584495544434e-02
6.877015531063079834e-02
6.871248781681060791e-02
6.865660846233367920e-02
6.860245019197463989e-02
6.854996830224990845e-02
6.849911063909530640e-02
6.844981014728546143e-02
6.840202957391738892e-02
6.835576146841049194e-02
6.831084936857223511e-02
6.826729327440261841e-02
6.822507083415985107e-02
6.818406283855438232e-02
6.814428418874740601e-02
6.810561567544937134e-02
6.806810945272445679e-02
6.803155690431594849e-02
6.799602508544921875e-02
6.796143203973770142e-02
6.792772561311721802e-02
6.789489835500717163e-02
6.786278635263442993e-02
6.783146411180496216e-02
6.780087202787399292e-02
6.777089089155197144e-02
6.774155050516128540e-02
6.771277636289596558e-02
6.768454611301422119e-02
6.765682250261306763e-02
6.762957572937011719e-02
6.760270893573760986e-02
6.757629662752151489e-02
6.755019724369049072e-02
6.752445548772811890e-02
6.749892979860305786e-02
6.747374683618545532e-02
6.744880229234695435e-02
6.742405891418457031e-02
6.739950925111770630e-02
6.737507879734039307e-02
6.735084950923919678e-02
6.732670962810516357e-02
6.730264425277709961e-02
6.727871298789978027e-02
6.725477427244186401e-02
6.723090261220932007e-02
6.720706075429916382e-02
6.718321889638900757e-02
6.715939193964004517e-02
6.713552027940750122e-02
6.711161136627197266e-02
6.708768010139465332e-02
6.706368923187255859e-02
6.703963130712509155e-02
6.701550632715225220e-02
6.699129194021224976e-02
6.696699559688568115e-02
6.694261729717254639e-02
6.691812723875045776e-02
6.689352542161941528e-02
6.686882674694061279e-02
6.684402376413345337e-02
6.681908667087554932e-02
6.679400056600570679e-02
6.676885485649108887e-02
6.674354523420333862e-02
6.671814620494842529e-02
6.669264286756515503e-02
6.666695326566696167e-02
6.664121896028518677e-02
6.661532074213027954e-02
6.658930331468582153e-02
6.656315177679061890e-02
6.653691083192825317e-02
6.651051342487335205e-02
6.648406386375427246e-02
6.645747274160385132e-02
6.643081456422805786e-02
6.640402972698211670e-02
6.637716293334960938e-02
6.635015457868576050e-02
6.632310152053833008e-02
6.629595905542373657e-02
6.626873463392257690e-02
6.624142825603485107e-02
6.621406227350234985e-02
6.618661433458328247e-02
6.615909934043884277e-02
6.613154709339141846e-02
6.610391288995742798e-02
6.607624143362045288e-02
6.604856997728347778e-02
6.602083146572113037e-02
6.599307060241699219e-02
6.596525758504867554e-02
6.593740731477737427e-02
6.590958684682846069e-02
6.588173657655715942e-02
6.585389375686645508e-02
6.582597643136978149e-02
6.579813361167907715e-02
6.577029824256896973e-02
6.574244052171707153e-02
6.571459770202636719e-02
6.568679213523864746e-02
6.565897166728973389e-02
6.563121825456619263e-02
6.560350954532623291e-02
6.557577848434448242e-02
6.554817408323287964e-02
6.552052497863769531e-02
6.549297273159027100e-02
6.546547263860702515e-02
6.543800979852676392e-02
6.541063636541366577e-02
6.538327783346176147e-02
6.535605341196060181e-02
6.532883644104003906e-02
6.530173867940902710e-02
6.527473777532577515e-02
6.524774432182312012e-02
6.522089242935180664e-02
6.519411504268646240e-02
6.516744941473007202e-02
6.514083594083786011e-02
6.511432677507400513e-02
6.508793681859970093e-02
6.506161391735076904e-02
6.503547728061676025e-02
6.500936299562454224e-02
6.498337537050247192e-02
6.495754420757293701e-02
6.493178755044937134e-02
6.490616500377655029e-02
6.488063186407089233e-02
6.485525518655776978e-02
6.482996791601181030e-02
6.480485945940017700e-02
6.477985531091690063e-02
6.475497782230377197e-02
6.473023444414138794e-02
6.470561772584915161e-02
6.468111276626586914e-02
6.465674936771392822e-02
6.463257968425750732e-02
6.460845470428466797e-02
6.458454579114913940e-02
6.456074863672256470e-02
6.453710794448852539e-02
6.451357156038284302e-02
6.449022144079208374e-02
6.446700543165206909e-02
6.444395333528518677e-02
6.442103534936904907e-02
6.439826637506484985e-02
6.437566876411437988e-02
6.435319036245346069e-02
6.433089077472686768e-02
6.430870294570922852e-02
6.428667902946472168e-02
6.426483392715454102e-02
6.424310803413391113e-02
6.422153115272521973e-02
6.420014798641204834e-02
6.417888402938842773e-02
6.415777653455734253e-02
6.413681805133819580e-02
6.411599367856979370e-02
6.409533321857452393e-02
6.407485157251358032e-02
6.405449658632278442e-02
6.403427571058273315e-02
6.401424854993820190e-02
6.399435549974441528e-02
6.397461146116256714e-02
6.395503133535385132e-02
6.393557786941528320e-02
6.391628086566925049e-02
6.389712542295455933e-02
6.387814879417419434e-02
6.385927647352218628e-02
6.384056806564331055e-02
6.382197886705398560e-02
6.380356848239898682e-02
6.378528475761413574e-02
6.376717239618301392e-02
6.374919414520263672e-02
6.373132765293121338e-02
6.371365487575531006e-02
6.369602680206298828e-02
6.367860734462738037e-02
6.366132944822311401e-02
6.364420801401138306e-02
6.362718343734741211e-02
6.361032277345657349e-02
6.359355151653289795e-02
6.357695162296295166e-02
6.356042623519897461e-02
6.354410201311111450e-02
6.352786719799041748e-02
6.351177394390106201e-02
6.349578499794006348e-02
6.347995996475219727e-02
6.346424669027328491e-02
6.344860792160034180e-02
6.343311071395874023e-02
6.341780722141265869e-02
6.340256333351135254e-02
6.338743120431900024e-02
6.337245553731918335e-02
6.335752457380294800e-02
6.334278732538223267e-02
6.332819163799285889e-02
6.331360340118408203e-02
6.329920887947082520e-02
6.328489631414413452e-02
6.327071040868759155e-02
6.325661391019821167e-02
6.324261426925659180e-02
6.322874873876571655e-02
6.321497261524200439e-02
6.320131570100784302e-02
6.318774819374084473e-02
6.317429989576339722e-02
6.316095590591430664e-02
6.314772367477416992e-02
6.313459575176239014e-02
6.312156468629837036e-02
6.310860812664031982e-02
6.309577822685241699e-02
6.308300793170928955e-02
6.307035684585571289e-02
6.305778026580810547e-02
6.304536014795303345e-02
6.303298473358154297e-02
6.302077323198318481e-02
6.300861388444900513e-02
6.299659609794616699e-02
6.298461556434631348e-02
6.297276169061660767e-02
6.296101212501525879e-02
6.294934451580047607e-02
6.293775886297225952e-02
6.292628496885299683e-02
6.291492283344268799e-02
6.290361285209655762e-02
6.289245933294296265e-02
6.288140267133712769e-02
6.287038326263427734e-02
6.285948306322097778e-02
6.284868717193603516e-02
6.283801048994064331e-02
6.282741576433181763e-02
6.281694769859313965e-02
6.280656903982162476e-02
6.279628723859786987e-02
6.278607994318008423e-02
6.277599930763244629e-02
6.276601552963256836e-02
6.275612115859985352e-02
6.274636834859848022e-02
6.273667514324188232e-02
6.272711604833602905e-02
6.271763890981674194e-02
6.270834058523178101e-02
6.269907951354980469e-02
6.268991529941558838e-02
6.268090009689331055e-02
6.267198175191879272e-02
6.266312301158905029e-02
6.265443563461303711e-02
6.264578551054000854e-02
6.263732910156250000e-02
6.262893229722976685e-02
6.262062489986419678e-02
6.261250376701354980e-02
6.260442733764648438e-02
6.259649991989135742e-02
6.258865445852279663e-02
6.258096545934677124e-02
6.257337331771850586e-02
6.256585568189620972e-02
6.255847960710525513e-02
6.255122274160385132e-02
6.254408508539199829e-02
6.253707408905029297e-02
6.253014504909515381e-02
6.252335011959075928e-02
6.251666694879531860e-02
6.251012533903121948e-02
6.250363588333129883e-02
6.249729916453361511e-02
6.249107420444488525e-02
6.248499453067779541e-02
6.247897446155548096e-02
6.247309595346450806e-02
6.246736645698547363e-02
6.246168538928031921e-02
6.245613098144531250e-02
6.245069578289985657e-02
6.244540959596633911e-02
6.244021654129028320e-02
6.243512034416198730e-02
6.243015825748443604e-02
6.242528185248374939e-02
6.242051348090171814e-02
6.241588294506072998e-02
6.241136044263839722e-02
6.240690127015113831e-02
6.240259110927581787e-02
6.239840015769004822e-02
6.239427998661994934e-02
6.239028647541999817e-02
6.238634511828422546e-02
6.238258257508277893e-02
6.237890198826789856e-02
6.237528100609779358e-02
6.237180158495903015e-02
6.236839666962623596e-02
6.236514076590538025e-02
6.236192956566810608e-02
6.235882267355918884e-02
6.235577911138534546e-02
6.235289946198463440e-02
6.235007941722869873e-02
6.234733015298843384e-02
6.234466657042503357e-02
6.234211102128028870e-02
6.233963742852210999e-02
6.233723089098930359e-02
6.233489513397216797e-02
6.233266368508338928e-02
6.233051419258117676e-02
6.232846155762672424e-02
6.232648342847824097e-02
6.232452020049095154e-02
6.232270598411560059e-02
6.232092157006263733e-02
6.231920793652534485e-02
6.231759861111640930e-02
6.231603398919105530e-02
