1.989916414022445679e-01
1.968382596969604492e-01
1.957144886255264282e-01
1.947284191846847534e-01
1.938642710447311401e-01
1.931086778640747070e-01
1.924497485160827637e-01
1.918770521879196167e-01
1.913812160491943359e-01
1.909534782171249390e-01
1.905849277973175049e-01
1.902676969766616821e-01
1.899940222501754761e-01
1.897570639848709106e-01
1.895510703325271606e-01
1.893709450960159302e-01
1.892116367816925049e-01
1.890700608491897583e-01
1.889428496360778809e-01
1.888270527124404907e-01
1.887204349040985107e-01
1.886213421821594238e-01
1.885278224945068359e-01
1.884385645389556885e-01
1.883522570133209229e-01
1.882674843072891235e-01
1.881833225488662720e-01
1.880984157323837280e-01
1.880116611719131470e-01
1.879214197397232056e-01
1.878267675638198853e-01
1.877257972955703735e-01
1.876165270805358887e-01
1.874963790178298950e-01
1.873625814914703369e-01
1.872115135192871094e-01
1.870378851890563965e-01
1.868354976177215576e-01
1.865960806608200073e-01
1.863080114126205444e-01
1.859568804502487183e-01
1.855241209268569946e-01
1.849874407052993774e-01
1.843243092298507690e-01
1.835186034440994263e-01
1.825717091560363770e-01
1.815131753683090210e-01
1.803993284702301025e-01
1.792934387922286987e-01
1.782406419515609741e-01
1.772567331790924072e-01
1.763353347778320312e-01
1.754592210054397583e-01
1.746092140674591064e-01
1.737679392099380493e-01
1.729208976030349731e-01
1.720556914806365967e-01
1.711620539426803589e-01
1.702304482460021973e-01
1.692526638507843018e-01
1.682202517986297607e-01
1.671248972415924072e-01
1.659590750932693481e-01
1.647168993949890137e-01
1.633963584899902344e-01
1.620006561279296875e-01
1.605409532785415649e-01
1.590332984924316406e-01
1.574955731630325317e-01
1.559481024742126465e-01
1.544162780046463013e-01
1.529335081577301025e-01
1.515339612960815430e-01
1.502414047718048096e-01
1.490638107061386108e-01
1.479999870061874390e-01
1.470438987016677856e-01
1.461862027645111084e-01
1.454139798879623413e-01
1.447122842073440552e-01
1.440658271312713623e-01
1.434602588415145874e-01
1.428825855255126953e-01
1.423203349113464355e-01
1.417628228664398193e-01
1.411986052989959717e-01
1.406150460243225098e-01
1.399964839220046997e-01
1.393226981163024902e-01
1.385682225227355957e-01
1.377024948596954346e-01
1.366924196481704712e-01
1.355111002922058105e-01
1.341555565595626831e-01
1.326727420091629028e-01
1.311743110418319702e-01
1.297986805438995361e-01
1.286370158195495605e-01
1.277028173208236694e-01
1.269582957029342651e-01
1.263510584831237793e-01
1.258355826139450073e-01
1.253778338432312012e-01
1.249540895223617554e-01
1.245490312576293945e-01
1.241525560617446899e-01
1.237587779760360718e-01
1.233635321259498596e-01
1.229643896222114563e-01
1.225591376423835754e-01
1.221459954977035522e-01
1.217226535081863403e-01
1.212866231799125671e-01
1.208345443010330200e-01
1.203625053167343140e-01
1.198654547333717346e-01
1.193371266126632690e-01
1.187697649002075195e-01
1.181538701057434082e-01
1.174783185124397278e-01
1.167306900024414062e-01
1.158978343009948730e-01
1.149693652987480164e-01
1.139423325657844543e-01
1.128270030021667480e-01
1.116443872451782227e-01
1.104179397225379944e-01
1.091684624552726746e-01
1.079146042466163635e-01
1.066692695021629333e-01
1.054235175251960754e-01
1.041448712348937988e-01
1.028322130441665649e-01
1.015528216958045959e-01
1.004189252853393555e-01
9.945558756589889526e-02
9.848815202713012695e-02
9.737436473369598389e-02
9.619558602571487427e-02
9.506367146968841553e-02
9.403321146965026855e-02
9.310407936573028564e-02
9.227708727121353149e-02
9.153556078672409058e-02
9.085562825202941895e-02
9.022431820631027222e-02
8.963489532470703125e-02
8.908261358737945557e-02
8.856412768363952637e-02
8.807799965143203735e-02
8.761902898550033569e-02
8.717233687639236450e-02
8.670318871736526489e-02
8.612837642431259155e-02
8.535654097795486450e-02
8.454550802707672119e-02
8.389211446046829224e-02
8.333768695592880249e-02
8.282439410686492920e-02
8.232460170984268188e-02
8.181991428136825562e-02
8.130394667387008667e-02
8.077608793973922729e-02
8.023897558450698853e-02
7.969821989536285400e-02
7.916148751974105835e-02
7.863745838403701782e-02
7.813675701618194580e-02
7.767138630151748657e-02
7.724957913160324097e-02
7.686704397201538086e-02
7.650660723447799683e-02
7.615065574645996094e-02
7.578795403242111206e-02
7.541663199663162231e-02
7.504288852214813232e-02
7.467186450958251953e-02
7.430630922317504883e-02
7.394844293594360352e-02
7.360143959522247314e-02
7.326827198266983032e-02
7.295060902833938599e-02
7.264839857816696167e-02
7.236034423112869263e-02
7.208441197872161865e-02
7.181817293167114258e-02
7.155904918909072876e-02
7.130474597215652466e-02
7.105328142642974854e-02
7.080332189798355103e-02
7.055441290140151978e-02
7.030697911977767944e-02
7.006205618381500244e-02
6.982072442770004272e-02
6.958403438329696655e-02
6.935258209705352783e-02
6.912705302238464355e-02
6.890821456909179688e-02
6.869685649871826172e-02
6.849361211061477661e-02
6.829915940761566162e-02
6.811361759901046753e-02
6.793727725744247437e-02
6.776989996433258057e-02
6.761151552200317383e-02
6.746181845664978027e-02
6.732063740491867065e-02
6.718762964010238647e-02
6.706269085407257080e-02
6.694550067186355591e-02
6.683585792779922485e-02
6.673335283994674683e-02
6.663806736469268799e-02
6.655052304267883301e-02
6.647222489118576050e-02
6.640402972698211670e-02
6.634435057640075684e-02
6.628664582967758179e-02
6.622191518545150757e-02
6.614336371421813965e-02
6.604924798011779785e-02
6.594119966030120850e-02
6.582358479499816895e-02
6.570269912481307983e-02
6.557972729206085205e-02
6.544865667819976807e-02
6.530278176069259644e-02
6.513891369104385376e-02
6.496889889240264893e-02
6.481619179248809814e-02
6.466915458440780640e-02
6.453756988048553467e-02
6.445256620645523071e-02
6.440908461809158325e-02
6.437712162733078003e-02
6.432507187128067017e-02
6.425134092569351196e-02
6.417770683765411377e-02
6.407561153173446655e-02
6.396587938070297241e-02
6.379144638776779175e-02
6.363434344530105591e-02
6.343527883291244507e-02
6.333101540803909302e-02
6.342218071222305298e-02
6.413273513317108154e-02
6.393604725599288940e-02
6.360665708780288696e-02
6.406389176845550537e-02
6.410352885723114014e-02
6.433501094579696655e-02
6.325101107358932495e-02
6.311821192502975464e-02
6.283612549304962158e-02
6.334058195352554321e-02
6.258669495582580566e-02
6.275220215320587158e-02
6.295415759086608887e-02
6.426645815372467041e-02
6.289765983819961548e-02
6.229909509420394897e-02
6.285694241523742676e-02
6.227711215615272522e-02
6.213767454028129578e-02
6.235678866505622864e-02
6.310313940048217773e-02
6.210609525442123413e-02
6.274989992380142212e-02
6.280863285064697266e-02
6.279238313436508179e-02
6.268920749425888062e-02
6.239906325936317444e-02
6.253806501626968384e-02
6.255467981100082397e-02
6.277203559875488281e-02
6.144708767533302307e-02
6.143551319837570190e-02
6.428994238376617432e-02
6.125582009553909302e-02
6.126976013183593750e-02
6.090775132179260254e-02
6.181421130895614624e-02
6.221992149949073792e-02
6.084037944674491882e-02
6.267725676298141479e-02
6.214803829789161682e-02
6.015824154019355774e-02
6.138535216450691223e-02
6.002200767397880554e-02
5.978856608271598816e-02
5.991321057081222534e-02
6.283586472272872925e-02
5.934208631515502930e-02
5.910543724894523621e-02
5.933157354593276978e-02
5.975650250911712646e-02
5.900150537490844727e-02
6.190385296940803528e-02
5.866481363773345947e-02
6.109216809272766113e-02
5.914022773504257202e-02
5.936831980943679810e-02
5.724307149648666382e-02
5.754231289029121399e-02
5.831408128142356873e-02
5.900818854570388794e-02
5.782452970743179321e-02
5.760453641414642334e-02
5.792280286550521851e-02
5.908568575978279114e-02
5.701725929975509644e-02
5.591491982340812683e-02
5.701214820146560669e-02
5.904361233115196228e-02
5.571928992867469788e-02
5.628183484077453613e-02
5.732605233788490295e-02
5.616201460361480713e-02
5.606820434331893921e-02
5.686207115650177002e-02
5.918411165475845337e-02
5.538883432745933533e-02
5.641065910458564758e-02
5.529657751321792603e-02
5.703842267394065857e-02
5.644361302256584167e-02
6.070294603705406189e-02
5.765510722994804382e-02
5.650885030627250671e-02
5.753878504037857056e-02
5.715645477175712585e-02
5.707094073295593262e-02
5.670845508575439453e-02
5.591235309839248657e-02
5.745289847254753113e-02
5.615489557385444641e-02
5.520961061120033264e-02
5.544121190905570984e-02
5.455266684293746948e-02
5.527350679039955139e-02
5.487970635294914246e-02
5.533922463655471802e-02
5.504110828042030334e-02
5.596921965479850769e-02
5.395872518420219421e-02
5.453318357467651367e-02
5.455028265714645386e-02
5.622741207480430603e-02
5.357498303055763245e-02
5.703251436352729797e-02
5.544908344745635986e-02
5.373380333185195923e-02
5.426795408129692078e-02
5.453471094369888306e-02
5.501091480255126953e-02
5.409971252083778381e-02
5.536501109600067139e-02
5.343080684542655945e-02
5.380892753601074219e-02
5.402719229459762573e-02
5.407158285379409790e-02
5.424927175045013428e-02
5.351277440786361694e-02
5.421934649348258972e-02
5.332874134182929993e-02
5.287947878241539001e-02
5.334068834781646729e-02
5.273610725998878479e-02
5.305039882659912109e-02
5.299979820847511292e-02
5.309604108333587646e-02
5.327349528670310974e-02
5.298470705747604370e-02
5.300632491707801819e-02
5.207300558686256409e-02
5.292446538805961609e-02
5.332420766353607178e-02
5.478051304817199707e-02
5.139907076954841614e-02
5.209942907094955444e-02
5.178483203053474426e-02
5.242239311337471008e-02
5.344963818788528442e-02
5.220439285039901733e-02
5.109255760908126831e-02
5.128807947039604187e-02
5.114908516407012939e-02
5.176341161131858826e-02
5.149455368518829346e-02
5.174397304654121399e-02
5.086211860179901123e-02
5.071590095758438110e-02
5.089610442519187927e-02
5.025255680084228516e-02
5.057714506983757019e-02
5.081475898623466492e-02
5.074018239974975586e-02
5.033271387219429016e-02
5.187025293707847595e-02
5.027596279978752136e-02
5.041153356432914734e-02
5.139534175395965576e-02
5.031668767333030701e-02
5.077853426337242126e-02
5.117448791861534119e-02
5.148033797740936279e-02
5.060151591897010803e-02
4.918318614363670349e-02
4.946293681859970093e-02
5.087773501873016357e-02
4.981675744056701660e-02
4.991181567311286926e-02
5.269669368863105774e-02
4.971389099955558777e-02
4.865233972668647766e-02
4.972930625081062317e-02
5.010560154914855957e-02
4.980934038758277893e-02
4.886194691061973572e-02
4.944656789302825928e-02
5.006039515137672424e-02
4.889729619026184082e-02
4.971957206726074219e-02
4.835915938019752502e-02
4.897672310471534729e-02
5.013643950223922729e-02
5.012927576899528503e-02
5.093970522284507751e-02
4.921723529696464539e-02
4.843252897262573242e-02
4.780066758394241333e-02
4.844999313354492188e-02
4.820420220494270325e-02
4.787462577223777771e-02
4.822038859128952026e-02
4.688451439142227173e-02
4.836547002196311951e-02
4.837329313158988953e-02
4.807576537132263184e-02
4.945945367217063904e-02
4.927601292729377747e-02
4.814689233899116516e-02
4.661671444773674011e-02
4.706067591905593872e-02
4.712561890482902527e-02
4.797770082950592041e-02
4.789728671312332153e-02
4.847314953804016113e-02
4.755560681223869324e-02
4.735265299677848816e-02
4.631119593977928162e-02
4.677510634064674377e-02
4.717694222927093506e-02
4.673583060503005981e-02
4.728301614522933960e-02
4.619233682751655579e-02
4.502960667014122009e-02
4.708156734704971313e-02
4.577910527586936951e-02
4.558085277676582336e-02
4.540862888097763062e-02
4.629428312182426453e-02
4.493185505270957947e-02
4.448158293962478638e-02
4.652303829789161682e-02
4.382239654660224915e-02
4.521410912275314331e-02
4.520898312330245972e-02
4.299932718276977539e-02
4.721946641802787781e-02
4.680163785815238953e-02
4.511334002017974854e-02
4.475791007280349731e-02
4.408768936991691589e-02
4.429280012845993042e-02
4.682623222470283508e-02
4.346541687846183777e-02
4.244552180171012878e-02
4.325049370527267456e-02
4.192795604467391968e-02
4.320217669010162354e-02
4.352780058979988098e-02
4.319048300385475159e-02
4.347989708185195923e-02
4.374274984002113342e-02
4.483945667743682861e-02
4.286180809140205383e-02
4.312840104103088379e-02
4.341654852032661438e-02
4.366665333509445190e-02
4.366159439086914062e-02
4.344059526920318604e-02
4.327227175235748291e-02
4.340016469359397888e-02
4.279166087508201599e-02
4.267729818820953369e-02
4.366255924105644226e-02
4.344652593135833740e-02
4.423332586884498596e-02
4.222232103347778320e-02
