1.919278800487518311e-01
1.876897364854812622e-01
1.837873309850692749e-01
1.799848377704620361e-01
1.761780828237533569e-01
1.722968220710754395e-01
1.683744043111801147e-01
1.645270884037017822e-01
1.608647108078002930e-01
1.574301868677139282e-01
1.542005538940429688e-01
1.511192768812179565e-01
1.481241136789321899e-01
1.451624482870101929e-01
1.421987861394882202e-01
1.392160505056381226e-01
1.362139582633972168e-01
1.332058310508728027e-01
1.302143335342407227e-01
1.272679120302200317e-01
1.243971586227416992e-01
1.216318532824516296e-01
1.189968585968017578e-01
1.165097281336784363e-01
1.141799911856651306e-01
1.120104044675827026e-01
1.099973022937774658e-01
1.081331819295883179e-01
1.064077988266944885e-01
1.048096194863319397e-01
1.033269092440605164e-01
1.019481867551803589e-01
1.006626486778259277e-01
9.946054965257644653e-02
9.833301603794097900e-02
9.727236628532409668e-02
9.627176821231842041e-02
9.532511979341506958e-02
9.442721307277679443e-02
9.357370436191558838e-02
9.276056289672851562e-02
9.198445826768875122e-02
9.124230593442916870e-02
9.053141623735427856e-02
8.984953910112380981e-02
8.919443935155868530e-02
8.856409788131713867e-02
8.795696496963500977e-02
8.737137913703918457e-02
8.680579066276550293e-02
8.625889569520950317e-02
8.572955429553985596e-02
8.521669358015060425e-02
8.471922576427459717e-02
8.423626422882080078e-02
8.376710861921310425e-02
8.331088721752166748e-02
8.286691457033157349e-02
8.243468403816223145e-02
8.201353996992111206e-02
8.160293102264404297e-02
8.120240271091461182e-02
8.081148564815521240e-02
8.042985200881958008e-02
8.005689829587936401e-02
7.969246059656143188e-02
7.933595776557922363e-02
7.898720353841781616e-02
7.864562422037124634e-02
7.831103354692459106e-02
7.798308879137039185e-02
7.766129076480865479e-02
7.734536379575729370e-02
7.703483104705810547e-02
7.672942429780960083e-02
7.642872631549835205e-02
7.613230496644973755e-02
7.583988457918167114e-02
7.555111497640609741e-02
7.526586204767227173e-02
7.498375326395034790e-02
7.470477372407913208e-02
7.442873716354370117e-02
7.415570318698883057e-02
7.388562709093093872e-02
7.361866533756256104e-02
7.335479557514190674e-02
7.309409230947494507e-02
7.283665239810943604e-02
7.258268445730209351e-02
7.233210653066635132e-02
7.208496332168579102e-02
7.184140384197235107e-02
7.160119712352752686e-02
7.136460393667221069e-02
7.113134860992431641e-02
7.090146839618682861e-02
7.067493349313735962e-02
7.045166194438934326e-02
7.023151963949203491e-02
7.001454383134841919e-02
6.980048865079879761e-02
6.958954781293869019e-02
6.938148289918899536e-02
6.917629390954971313e-02
6.897389143705368042e-02
6.877432763576507568e-02
6.857752799987792969e-02
6.838351488113403320e-02
6.819219142198562622e-02
6.800367683172225952e-02
6.781785935163497925e-02
6.763482838869094849e-02
6.745451688766479492e-02
6.727695465087890625e-02
6.710215657949447632e-02
6.693013012409210205e-02
6.676084548234939575e-02
6.659433990716934204e-02
6.643058359622955322e-02
6.626952439546585083e-02
6.611125171184539795e-02
6.595566868782043457e-02
6.580273061990737915e-02
6.565248966217041016e-02
6.550486385822296143e-02
6.535983085632324219e-02
6.521735340356826782e-02
6.507742404937744141e-02
6.493991613388061523e-02
6.480492651462554932e-02
6.467223167419433594e-02
6.454189866781234741e-02
6.441380083560943604e-02
6.428800523281097412e-02
6.416434049606323242e-02
6.404280662536621094e-02
6.392325460910797119e-02
6.380583345890045166e-02
6.369031965732574463e-02
6.357669830322265625e-02
6.346490979194641113e-02
6.335488706827163696e-02
6.324664503335952759e-02
6.314005702733993530e-02
6.303511559963226318e-02
6.293172389268875122e-02
6.282986700534820557e-02
6.272953003644943237e-02
6.263051927089691162e-02
6.253290921449661255e-02
6.243666261434555054e-02
6.234171614050865173e-02
6.224797293543815613e-02
6.215544417500495911e-02
6.206404045224189758e-02
6.197380274534225464e-02
6.188460439443588257e-02
6.179648265242576599e-02
6.170926615595817566e-02
6.162309646606445312e-02
6.153784319758415222e-02
6.145346909761428833e-02
6.136990711092948914e-02
6.128724291920661926e-02
6.120535731315612793e-02
6.112422049045562744e-02
6.104387342929840088e-02
6.096419692039489746e-02
6.088516861200332642e-02
6.080684810876846313e-02
6.072916090488433838e-02
6.065205484628677368e-02
6.057557463645935059e-02
6.049961969256401062e-02
6.042421981692314148e-02
6.034931167960166931e-02
6.027496233582496643e-02
6.020102649927139282e-02
6.012760475277900696e-02
6.005464494228363037e-02
5.998208373785018921e-02
5.990992113947868347e-02
5.983814969658851624e-02
5.976679921150207520e-02
5.969576537609100342e-02
5.962510406970977783e-02
5.955480039119720459e-02
5.948483198881149292e-02
5.941515043377876282e-02
5.934581533074378967e-02
5.927674099802970886e-02
5.920792371034622192e-02
5.913937836885452271e-02
5.907114595174789429e-02
5.900314077734947205e-02
5.893541499972343445e-02
5.886786803603172302e-02
5.880059674382209778e-02
5.873354896903038025e-02
5.866666883230209351e-02
5.860006809234619141e-02
5.853365361690521240e-02
5.846741795539855957e-02
5.840135738253593445e-02
5.833554640412330627e-02
5.826985463500022888e-02
5.820442363619804382e-02
5.813908576965332031e-02
5.807390809059143066e-02
5.800899490714073181e-02
5.794414877891540527e-02
5.787952989339828491e-02
5.781502649188041687e-02
5.775067955255508423e-02
5.768648907542228699e-02
5.762248486280441284e-02
5.755860358476638794e-02
5.749490112066268921e-02
5.743125453591346741e-02
5.736781284213066101e-02
5.730450153350830078e-02
5.724133923649787903e-02
5.717827752232551575e-02
5.711539089679718018e-02
5.705258622765541077e-02
5.698992684483528137e-02
5.692739412188529968e-02
5.686503276228904724e-02
5.680279061198234558e-02
5.674063041806221008e-02
5.667858570814132690e-02
5.661672353744506836e-02
5.655491352081298828e-02
5.649325624108314514e-02
5.643171817064285278e-02
5.637029930949211121e-02
5.630894750356674194e-02
5.624777078628540039e-02
5.618668347597122192e-02
5.612567812204360962e-02
5.606483668088912964e-02
5.600408837199211121e-02
5.594341456890106201e-02
5.588284879922866821e-02
5.582237616181373596e-02
5.576205626130104065e-02
5.570180341601371765e-02
5.564164370298385620e-02
5.558155477046966553e-02
5.552161112427711487e-02
5.546172708272933960e-02
5.540194734930992126e-02
5.534222349524497986e-02
5.528261139988899231e-02
5.522307753562927246e-02
5.516359955072402954e-02
5.510425195097923279e-02
5.504496023058891296e-02
5.498575791716575623e-02
5.492660030722618103e-02
5.486755073070526123e-02
5.480853840708732605e-02
5.474961921572685242e-02
5.469075962901115417e-02
5.463196337223052979e-02
5.457325652241706848e-02
5.451457574963569641e-02
5.445596203207969666e-02
5.439739301800727844e-02
5.433887988328933716e-02
5.428043007850646973e-02
5.422204360365867615e-02
5.416367202997207642e-02
5.410534515976905823e-02
5.404710024595260620e-02
5.398889258503913879e-02
5.393072590231895447e-02
5.387259274721145630e-02
5.381447449326515198e-02
5.375640466809272766e-02
5.369837954640388489e-02
5.364041775465011597e-02
5.358242988586425781e-02
5.352449417114257812e-02
5.346657335758209229e-02
5.340867117047309875e-02
5.335081368684768677e-02
5.329300835728645325e-02
5.323515832424163818e-02
5.317739024758338928e-02
5.311960726976394653e-02
5.306183546781539917e-02
5.300409719347953796e-02
5.294637382030487061e-02
5.288865789771080017e-02
5.283099412918090820e-02
5.277329310774803162e-02
5.271563678979873657e-02
5.265798419713973999e-02
5.260026827454566956e-02
5.254261195659637451e-02
5.248501151800155640e-02
5.242738127708435059e-02
5.236973986029624939e-02
5.231218412518501282e-02
5.225452408194541931e-02
5.219691246747970581e-02
5.213931947946548462e-02
5.208172649145126343e-02
5.202413350343704224e-02
5.196653306484222412e-02
5.190896987915039062e-02
5.185140296816825867e-02
5.179380252957344055e-02
5.173620209097862244e-02
5.167866870760917664e-02
5.162108689546585083e-02
5.156351998448371887e-02
5.150598287582397461e-02
5.144839733839035034e-02
5.139087140560150146e-02
5.133328214287757874e-02
5.127576366066932678e-02
5.121821165084838867e-02
5.116068199276924133e-02
5.110312625765800476e-02
5.104561150074005127e-02
5.098808184266090393e-02
5.093057826161384583e-02
5.087301880121231079e-02
5.081551149487495422e-02
5.075796693563461304e-02
5.070048570632934570e-02
5.064300820231437683e-02
5.058545619249343872e-02
5.052801221609115601e-02
5.047053843736648560e-02
5.041306093335151672e-02
5.035560578107833862e-02
5.029816925525665283e-02
5.024072155356407166e-02
5.018328502774238586e-02
5.012582987546920776e-02
5.006840825080871582e-02
5.001101642847061157e-02
4.995360970497131348e-02
4.989621415734291077e-02
4.983887448906898499e-02
4.978148266673088074e-02
4.972412809729576111e-02
4.966676980257034302e-02
4.960944876074790955e-02
4.955215379595756531e-02
4.949485510587692261e-02
4.943753033876419067e-02
4.938029125332832336e-02
4.932300001382827759e-02
4.926576465368270874e-02
4.920852556824684143e-02
4.915131255984306335e-02
4.909413307905197144e-02
4.903694242238998413e-02
4.897971823811531067e-02
4.892257228493690491e-02
4.886543378233909607e-02
4.880830645561218262e-02
4.875119403004646301e-02
4.869410023093223572e-02
4.863702133297920227e-02
4.857993870973587036e-02
4.852291196584701538e-02
4.846585914492607117e-02
4.840885102748870850e-02
4.835185781121253967e-02
4.829490557312965393e-02
4.823791980743408203e-02
4.818099737167358398e-02
4.812408611178398132e-02
4.806713014841079712e-02
4.801025241613388062e-02
4.795339331030845642e-02
4.789652675390243530e-02
4.783970490097999573e-02
4.778286069631576538e-02
4.772610962390899658e-02
4.766932502388954163e-02
4.761253669857978821e-02
4.755580797791481018e-02
4.749910160899162292e-02
4.744240269064903259e-02
4.738573357462882996e-02
4.732906818389892578e-02
4.727239534258842468e-02
4.721580818295478821e-02
4.715920239686965942e-02
4.710261896252632141e-02
4.704601690173149109e-02
4.698950797319412231e-02
4.693296179175376892e-02
4.687644913792610168e-02
4.681997373700141907e-02
4.676350206136703491e-02
4.670708999037742615e-02
4.665063321590423584e-02
4.659421741962432861e-02
4.653785005211830139e-02
4.648149758577346802e-02
4.642511531710624695e-02
4.636882245540618896e-02
4.631246626377105713e-02
4.625620692968368530e-02
4.619992151856422424e-02
4.614369571208953857e-02
4.608747735619544983e-02
4.603125900030136108e-02
4.597507417201995850e-02
4.591887816786766052e-02
4.586272686719894409e-02
4.580659419298171997e-02
4.575047641992568970e-02
4.569440335035324097e-02
4.563833773136138916e-02
4.558225721120834351e-02
4.552619159221649170e-02
4.547021538019180298e-02
4.541418701410293579e-02
4.535819217562675476e-02
4.530221968889236450e-02
4.524628445506095886e-02
4.519036412239074707e-02
4.513444006443023682e-02
4.507851973176002502e-02
4.502264782786369324e-02
4.496677219867706299e-02
4.491092264652252197e-02
4.485511407256126404e-02
4.479929432272911072e-02
4.474347829818725586e-02
4.468768090009689331e-02
4.463192820549011230e-02
4.457619786262512207e-02
4.452043026685714722e-02
4.446473717689514160e-02
4.440902918577194214e-02
4.435333237051963806e-02
4.429765045642852783e-02
4.424201324582099915e-02
4.418632388114929199e-02
4.413071274757385254e-02
4.407509416341781616e-02
4.401951283216476440e-02
4.396389797329902649e-02
4.390832409262657166e-02
4.385275021195411682e-02
4.379722476005554199e-02
4.374165832996368408e-02
4.368611052632331848e-02
4.363060742616653442e-02
4.357509687542915344e-02
4.351963102817535400e-02
4.346412420272827148e-02
4.340868070721626282e-02
4.335321858525276184e-02
4.329776391386985779e-02
4.324233904480934143e-02
4.318692907691001892e-02
4.313154146075248718e-02
4.307614639401435852e-02
4.302074760198593140e-02
4.296539723873138428e-02
4.291002824902534485e-02
4.285467416048049927e-02
4.279932752251625061e-02
4.274399951100349426e-02
4.268870502710342407e-02
4.263336956501007080e-02
4.257808253169059753e-02
4.252280667424201965e-02
4.246751964092254639e-02
4.241226240992546082e-02
4.235699400305747986e-02
4.230171814560890198e-02
4.224649816751480103e-02
4.219126701354980469e-02
4.213606938719749451e-02
4.208083078265190125e-02
4.202566295862197876e-02
4.197045043110847473e-02
4.191524535417556763e-02
4.186008125543594360e-02
4.180490970611572266e-02
4.174972698092460632e-02
4.169458150863647461e-02
4.163942486047744751e-02
4.158428683876991272e-02
4.152914881706237793e-02
4.147400707006454468e-02
4.141891002655029297e-02
4.136376082897186279e-02
