2.168462276458740234e-01
2.122292518615722656e-01
2.076561450958251953e-01
2.029088288545608521e-01
1.977945566177368164e-01
1.921830624341964722e-01
1.860343068838119507e-01
1.794871091842651367e-01
1.729112118482589722e-01
1.667314618825912476e-01
1.611875891685485840e-01
1.562997698783874512e-01
1.519719511270523071e-01
1.480806767940521240e-01
1.445159018039703369e-01
1.411912739276885986e-01
1.380440294742584229e-01
1.350344270467758179e-01
1.321445554494857788e-01
1.293751597404479980e-01
1.267376244068145752e-01
1.242448985576629639e-01
1.219047680497169495e-01
1.197183430194854736e-01
1.176815927028656006e-01
1.157878637313842773e-01
1.140294149518013000e-01
1.123981326818466187e-01
1.108857914805412292e-01
1.094839125871658325e-01
1.081839352846145630e-01
1.069766432046890259e-01
1.058529913425445557e-01
1.048038676381111145e-01
1.038205698132514954e-01
1.028948277235031128e-01
1.020190641283988953e-01
1.011865064501762390e-01
1.003910973668098450e-01
9.962756931781768799e-02
9.889127314090728760e-02
9.817843884229660034e-02
9.748581051826477051e-02
9.681073576211929321e-02
9.615099430084228516e-02
9.550485014915466309e-02
9.487094730138778687e-02
9.424821287393569946e-02
9.363593906164169312e-02
9.303353726863861084e-02
9.244058281183242798e-02
9.185695648193359375e-02
9.128250181674957275e-02
9.071718901395797729e-02
9.016110748052597046e-02
8.961427956819534302e-02
8.907685428857803345e-02
8.854899555444717407e-02
8.803074061870574951e-02
8.752235770225524902e-02
8.702384680509567261e-02
8.653540164232254028e-02
8.605704456567764282e-02
8.558890968561172485e-02
8.513096719980239868e-02
8.468326926231384277e-02
8.424585312604904175e-02
8.381862193346023560e-02
8.340150117874145508e-02
8.299434930086135864e-02
8.259710669517517090e-02
8.220957219600677490e-02
8.183155208826065063e-02
8.146278560161590576e-02
8.110310882329940796e-02
8.075208216905593872e-02
8.040962368249893188e-02
8.007526397705078125e-02
7.974877953529357910e-02
7.942983508110046387e-02
7.911817729473114014e-02
7.881344854831695557e-02
7.851538807153701782e-02
7.822377979755401611e-02
7.793835550546646118e-02
7.765888422727584839e-02
7.738515734672546387e-02
7.711700350046157837e-02
7.685426622629165649e-02
7.659676671028137207e-02
7.634437829256057739e-02
7.609696686267852783e-02
7.585445046424865723e-02
7.561667263507843018e-02
7.538358122110366821e-02
7.515506446361541748e-02
7.493109256029129028e-02
7.471153885126113892e-02
7.449638843536376953e-02
7.428555935621261597e-02
7.407894730567932129e-02
7.387658208608627319e-02
7.367832958698272705e-02
7.348414510488510132e-02
7.329402863979339600e-02
7.310789078474044800e-02
7.292567938566207886e-02
7.274734228849411011e-02
7.257285714149475098e-02
7.240217924118041992e-02
7.223527133464813232e-02
7.207205146551132202e-02
7.191256433725357056e-02
7.175670564174652100e-02
7.160451263189315796e-02
7.145586609840393066e-02
7.131082564592361450e-02
7.116935402154922485e-02
7.103136926889419556e-02
7.089687138795852661e-02
7.076586782932281494e-02
7.063826173543930054e-02
7.051406055688858032e-02
7.039321959018707275e-02
7.027567178010940552e-02
7.016143947839736938e-02
7.005041092634201050e-02
6.994258612394332886e-02
6.983787566423416138e-02
6.973620504140853882e-02
6.963757425546646118e-02
6.954191625118255615e-02
6.944914907217025757e-02
6.935916095972061157e-02
6.927193701267242432e-02
6.918740272521972656e-02
6.910547614097595215e-02
6.902608275413513184e-02
6.894914805889129639e-02
6.887460500001907349e-02
6.880236417055130005e-02
6.873237341642379761e-02
6.866446882486343384e-02
6.859870254993438721e-02
6.853491067886352539e-02
6.847302615642547607e-02
6.841303408145904541e-02
6.835474818944931030e-02
6.829820573329925537e-02
6.824327260255813599e-02
6.818993389606475830e-02
6.813804805278778076e-02
6.808760017156600952e-02
6.803850829601287842e-02
6.799067556858062744e-02
6.794408708810806274e-02
6.789867579936981201e-02
6.785434484481811523e-02
6.781108677387237549e-02
6.776881217956542969e-02
6.772743165493011475e-02
6.768697500228881836e-02
6.764735281467437744e-02
6.760849058628082275e-02
6.757037341594696045e-02
6.753298640251159668e-02
6.749623268842697144e-02
6.746003776788711548e-02
6.742446869611740112e-02
6.738938391208648682e-02
6.735479831695556641e-02
6.732071191072463989e-02
6.728697568178176880e-02
6.725368648767471313e-02
6.722079217433929443e-02
6.718817353248596191e-02
6.715591251850128174e-02
6.712388247251510620e-02
6.709217280149459839e-02
6.706064194440841675e-02
6.702937185764312744e-02
6.699829548597335815e-02
6.696736067533493042e-02
6.693663448095321655e-02
6.690603494644165039e-02
6.687557697296142578e-02
6.684525310993194580e-02
6.681504845619201660e-02
6.678491085767745972e-02
6.675487011671066284e-02
6.672492623329162598e-02
6.669504195451736450e-02
6.666526198387145996e-02
6.663548946380615234e-02
6.660582125186920166e-02
6.657620519399642944e-02
6.654660403728485107e-02
6.651705503463745117e-02
6.648758798837661743e-02
6.645812094211578369e-02
6.642872095108032227e-02
6.639935821294784546e-02
6.637001037597656250e-02
6.634075194597244263e-02
6.631147116422653198e-02
6.628226488828659058e-02
6.625309586524963379e-02
6.622394919395446777e-02
6.619486212730407715e-02
6.616576015949249268e-02
6.613674759864807129e-02
6.610775738954544067e-02
6.607884168624877930e-02
6.604991853237152100e-02
6.602104753255844116e-02
6.599224358797073364e-02
6.596344709396362305e-02
6.593471765518188477e-02
6.590606272220611572e-02
6.587740033864974976e-02
6.584878265857696533e-02
6.582023203372955322e-02
6.579171121120452881e-02
6.576327979564666748e-02
6.573484092950820923e-02
6.570645421743392944e-02
6.567813456058502197e-02
6.564981490373611450e-02
6.562155485153198242e-02
6.559332460165023804e-02
6.556509435176849365e-02
6.553696095943450928e-02
6.550882011651992798e-02
6.548071652650833130e-02
6.545265018939971924e-02
6.542458385229110718e-02
6.539658457040786743e-02
6.536860764026641846e-02
6.534063816070556641e-02
6.531266123056411743e-02
6.528469175100326538e-02
6.525680422782897949e-02
6.522890180349349976e-02
6.520097702741622925e-02
6.517308950424194336e-02
6.514514982700347900e-02
6.511723250150680542e-02
6.508933752775192261e-02
6.506146490573883057e-02
6.503355503082275391e-02
6.500562280416488647e-02
6.497771292924880981e-02
6.494978070259094238e-02
6.492183357477188110e-02
6.489389389753341675e-02
6.486587971448898315e-02
6.483785808086395264e-02
6.480981409549713135e-02
6.478181481361389160e-02
6.475370377302169800e-02
6.472560018301010132e-02
6.469749659299850464e-02
6.466933339834213257e-02
6.464114040136337280e-02
6.461291015148162842e-02
6.458463519811630249e-02
6.455635279417037964e-02
6.452799588441848755e-02
6.449964642524719238e-02
6.447122991085052490e-02
6.444278359413146973e-02
6.441426277160644531e-02
6.438570469617843628e-02
6.435709446668624878e-02
6.432849913835525513e-02
6.429980695247650146e-02
6.427109241485595703e-02
6.424228101968765259e-02
6.421347707509994507e-02
6.418461352586746216e-02
6.415569037199020386e-02
6.412673741579055786e-02
6.409769505262374878e-02
6.406861543655395508e-02
6.403950601816177368e-02
6.401030719280242920e-02
6.398107856512069702e-02
6.395182013511657715e-02
6.392246484756469727e-02
6.389311701059341431e-02
6.386367231607437134e-02
6.383421272039413452e-02
6.380470097064971924e-02
6.377514451742172241e-02
6.374554336071014404e-02
6.371587514877319336e-02
6.368616968393325806e-02
6.365641206502914429e-02
6.362659484148025513e-02
6.359678506851196289e-02
6.356690078973770142e-02
6.353699415922164917e-02
6.350704282522201538e-02
6.347700208425521851e-02
6.344700604677200317e-02
6.341690570116043091e-02
6.338680535554885864e-02
6.335666030645370483e-02
6.332649290561676025e-02
6.329629570245742798e-02
6.326607614755630493e-02
6.323583424091339111e-02
6.320559233427047729e-02
6.317529827356338501e-02
6.314498931169509888e-02
6.311466544866561890e-02
6.308433413505554199e-02
6.305400282144546509e-02
6.302367150783538818e-02
6.299331784248352051e-02
6.296294927597045898e-02
6.293264031410217285e-02
6.290226429700851440e-02
6.287197023630142212e-02
6.284163147211074829e-02
6.281130015850067139e-02
6.278099864721298218e-02
6.275075674057006836e-02
6.272047758102416992e-02
6.269027292728424072e-02
6.266011297702789307e-02
6.262994557619094849e-02
6.259982287883758545e-02
6.256975233554840088e-02
6.253969669342041016e-02
6.250974535942077637e-02
6.247979402542114258e-02
6.244996562600135803e-02
6.242011487483978271e-02
6.239037960767745972e-02
6.236068159341812134e-02
6.233109161257743835e-02
6.230156496167182922e-02
6.227211281657218933e-02
6.224272027611732483e-02
6.221341714262962341e-02
6.218427047133445740e-02
6.215517222881317139e-02
6.212614104151725769e-02
6.209725514054298401e-02
6.206845119595527649e-02
6.203971430659294128e-02
6.201114878058433533e-02
6.198269873857498169e-02
6.195433065295219421e-02
6.192609667778015137e-02
6.189799681305885315e-02
6.186999380588531494e-02
6.184209883213043213e-02
6.181434914469718933e-02
6.178669258952140808e-02
6.175922229886054993e-02
6.173182651400566101e-02
6.170456856489181519e-02
6.167743727564811707e-02
6.165044754743576050e-02
6.162361800670623779e-02
6.159693002700805664e-02
6.157028675079345703e-02
6.154384464025497437e-02
6.151755526661872864e-02
6.149135529994964600e-02
6.146526336669921875e-02
6.143934279680252075e-02
6.141351908445358276e-02
6.138784438371658325e-02
6.136230751872062683e-02
6.133685633540153503e-02
6.131153181195259094e-02
6.128631159663200378e-02
6.126122921705245972e-02
6.123624742031097412e-02
6.121132522821426392e-02
6.118659302592277527e-02
6.116197258234024048e-02
6.113738939166069031e-02
6.111296638846397400e-02
6.108856946229934692e-02
6.106434017419815063e-02
6.104015931487083435e-02
6.101609393954277039e-02
6.099207326769828796e-02
6.096813082695007324e-02
6.094431132078170776e-02
6.092052534222602844e-02
6.089679896831512451e-02
6.087313964962959290e-02
6.084957718849182129e-02
6.082605570554733276e-02
6.080256775021553040e-02
6.077918410301208496e-02
6.075581535696983337e-02
6.073250249028205872e-02
6.070921197533607483e-02
6.068600714206695557e-02
6.066289171576499939e-02
6.063975393772125244e-02
6.061664968729019165e-02
6.059357523918151855e-02
6.057058274745941162e-02
6.054758280515670776e-02
6.052467599511146545e-02
6.050170212984085083e-02
6.047888472676277161e-02
6.045601516962051392e-02
6.043319776654243469e-02
6.041043996810913086e-02
6.038772687315940857e-02
6.036506593227386475e-02
6.034244224429130554e-02
6.031981855630874634e-02
6.029724702239036560e-02
6.027473881840705872e-02
6.025226414203643799e-02
6.022990867495536804e-02
6.020753085613250732e-02
6.018524244427680969e-02
6.016299501061439514e-02
6.014085188508033752e-02
6.011877581477165222e-02
6.009678170084953308e-02
6.007481738924980164e-02
6.005299091339111328e-02
6.003122404217720032e-02
6.000957638025283813e-02
5.998801067471504211e-02
5.996656417846679688e-02
5.994522199034690857e-02
5.992399528622627258e-02
5.990291386842727661e-02
5.988197773694992065e-02
5.986114218831062317e-02
5.984045937657356262e-02
5.981989204883575439e-02
5.979953706264495850e-02
5.977931991219520569e-02
5.975930020213127136e-02
5.973944440484046936e-02
5.971975624561309814e-02
5.970025435090065002e-02
5.968094617128372192e-02
5.966185778379440308e-02
5.964292585849761963e-02
5.962422490119934082e-02
5.960577726364135742e-02
5.958754196763038635e-02
5.956954881548881531e-02
5.955177545547485352e-02
5.953428149223327637e-02
5.951697006821632385e-02
5.949993431568145752e-02
5.948316678404808044e-02
5.946664512157440186e-02
5.945045873522758484e-02
5.943452939391136169e-02
5.941880494356155396e-02
5.940339341759681702e-02
5.938828736543655396e-02
5.937348306179046631e-02
5.935895815491676331e-02
5.934473872184753418e-02
5.933085829019546509e-02
5.931727588176727295e-02
5.930398777127265930e-02
5.929102003574371338e-02
5.927835404872894287e-02
5.926605686545372009e-02
5.925409495830535889e-02
5.924241244792938232e-02
5.923109501600265503e-02
5.922012776136398315e-02
5.920945107936859131e-02
5.919916555285453796e-02
5.918916314840316772e-02
5.917956307530403137e-02
5.917029082775115967e-02
5.916132032871246338e-02
5.915276333689689636e-02
5.914459004998207092e-02
5.913671478629112244e-02
5.912920832633972168e-02
5.912208184599876404e-02
5.911532789468765259e-02
5.910891294479370117e-02
5.910285562276840210e-02
5.909715220332145691e-02
5.909188836812973022e-02
5.908688157796859741e-02
5.908232554793357849e-02
5.907816439867019653e-02
