2.549889087677001953e-01
2.971175312995910645e-01
3.370288312435150146e-01
3.592017590999603271e-01
3.968957960605621338e-01
4.212860167026519775e-01
4.456762671470642090e-01
4.611973464488983154e-01
4.833702743053436279e-01
4.966740608215332031e-01
5.099778175354003906e-01
5.232815742492675781e-01
5.343680977821350098e-01
5.410199761390686035e-01
5.565410256385803223e-01
5.720620751380920410e-01
5.853658318519592285e-01
5.986696481704711914e-01
6.097561120986938477e-01
6.164079904556274414e-01
6.319290399551391602e-01
6.363636255264282227e-01
6.585366129875183105e-01
6.674057841300964355e-01
6.762749552726745605e-01
6.873614192008972168e-01
6.962305903434753418e-01
7.006651759147644043e-01
7.050997614860534668e-01
7.095343470573425293e-01
7.161862254142761230e-01
7.206208705902099609e-01
7.228381633758544922e-01
7.250554561614990234e-01
7.317073345184326172e-01
7.383592128753662109e-01
7.427937984466552734e-01
7.450110912322998047e-01
7.494456768035888672e-01
7.583148479461669922e-01
7.671840190887451172e-01
7.716186046600341797e-01
7.716186046600341797e-01
7.716186046600341797e-01
7.716186046600341797e-01
7.694013118743896484e-01
7.671840190887451172e-01
7.694013118743896484e-01
7.671840190887451172e-01
7.694013118743896484e-01
7.738358974456787109e-01
7.782704830169677734e-01
7.804877758026123047e-01
7.827051281929016113e-01
7.827051281929016113e-01
7.827051281929016113e-01
7.827051281929016113e-01
7.849224209785461426e-01
7.827051281929016113e-01
7.827051281929016113e-01
7.849224209785461426e-01
7.849224209785461426e-01
7.849224209785461426e-01
7.893570065498352051e-01
7.915742993354797363e-01
7.915742993354797363e-01
7.893570065498352051e-01
7.893570065498352051e-01
7.871397137641906738e-01
7.893570065498352051e-01
7.982261776924133301e-01
8.004434704780578613e-01
7.982261776924133301e-01
8.048780560493469238e-01
8.026607632637023926e-01
8.026607632637023926e-01
8.026607632637023926e-01
8.004434704780578613e-01
8.004434704780578613e-01
7.982261776924133301e-01
7.960088849067687988e-01
7.960088849067687988e-01
8.004434704780578613e-01
8.004434704780578613e-01
8.004434704780578613e-01
8.004434704780578613e-01
8.004434704780578613e-01
8.004434704780578613e-01
8.048780560493469238e-01
8.048780560493469238e-01
8.048780560493469238e-01
8.048780560493469238e-01
8.093126416206359863e-01
8.115299344062805176e-01
8.115299344062805176e-01
8.093126416206359863e-01
8.093126416206359863e-01
8.093126416206359863e-01
8.093126416206359863e-01
8.093126416206359863e-01
8.093126416206359863e-01
8.093126416206359863e-01
8.137472271919250488e-01
8.137472271919250488e-01
8.137472271919250488e-01
8.137472271919250488e-01
8.137472271919250488e-01
8.159645199775695801e-01
8.159645199775695801e-01
8.159645199775695801e-01
8.159645199775695801e-01
8.159645199775695801e-01
8.159645199775695801e-01
8.159645199775695801e-01
8.159645199775695801e-01
8.159645199775695801e-01
8.181818127632141113e-01
8.203991055488586426e-01
8.203991055488586426e-01
8.203991055488586426e-01
8.248336911201477051e-01
8.248336911201477051e-01
8.270509839057922363e-01
8.270509839057922363e-01
8.270509839057922363e-01
8.270509839057922363e-01
8.270509839057922363e-01
8.270509839057922363e-01
8.270509839057922363e-01
8.270509839057922363e-01
8.270509839057922363e-01
8.270509839057922363e-01
8.270509839057922363e-01
8.270509839057922363e-01
8.292682766914367676e-01
8.292682766914367676e-01
8.314855694770812988e-01
8.314855694770812988e-01
8.314855694770812988e-01
8.314855694770812988e-01
8.314855694770812988e-01
8.337028622627258301e-01
8.314855694770812988e-01
8.314855694770812988e-01
8.314855694770812988e-01
8.314855694770812988e-01
8.314855694770812988e-01
8.314855694770812988e-01
8.314855694770812988e-01
8.314855694770812988e-01
8.314855694770812988e-01
8.314855694770812988e-01
8.314855694770812988e-01
8.314855694770812988e-01
8.314855694770812988e-01
8.314855694770812988e-01
8.337028622627258301e-01
8.337028622627258301e-01
8.337028622627258301e-01
8.337028622627258301e-01
8.337028622627258301e-01
8.337028622627258301e-01
8.337028622627258301e-01
8.337028622627258301e-01
8.337028622627258301e-01
8.337028622627258301e-01
8.337028622627258301e-01
8.337028622627258301e-01
8.337028622627258301e-01
8.337028622627258301e-01
8.337028622627258301e-01
8.337028622627258301e-01
8.337028622627258301e-01
8.337028622627258301e-01
8.337028622627258301e-01
8.337028622627258301e-01
8.337028622627258301e-01
8.359201550483703613e-01
8.359201550483703613e-01
8.359201550483703613e-01
8.359201550483703613e-01
8.359201550483703613e-01
8.359201550483703613e-01
8.381374478340148926e-01
8.359201550483703613e-01
8.359201550483703613e-01
8.359201550483703613e-01
8.359201550483703613e-01
8.359201550483703613e-01
8.359201550483703613e-01
8.359201550483703613e-01
8.359201550483703613e-01
8.359201550483703613e-01
8.359201550483703613e-01
8.359201550483703613e-01
8.359201550483703613e-01
8.359201550483703613e-01
8.359201550483703613e-01
8.359201550483703613e-01
8.359201550483703613e-01
8.359201550483703613e-01
8.359201550483703613e-01
8.359201550483703613e-01
8.359201550483703613e-01
8.359201550483703613e-01
8.359201550483703613e-01
8.337028622627258301e-01
8.337028622627258301e-01
8.337028622627258301e-01
8.337028622627258301e-01
8.314855694770812988e-01
8.314855694770812988e-01
8.314855694770812988e-01
8.314855694770812988e-01
8.337028622627258301e-01
8.337028622627258301e-01
8.337028622627258301e-01
8.337028622627258301e-01
8.337028622627258301e-01
8.337028622627258301e-01
8.337028622627258301e-01
8.337028622627258301e-01
8.337028622627258301e-01
8.337028622627258301e-01
8.337028622627258301e-01
8.337028622627258301e-01
8.337028622627258301e-01
8.337028622627258301e-01
8.337028622627258301e-01
8.337028622627258301e-01
8.359201550483703613e-01
8.359201550483703613e-01
8.359201550483703613e-01
8.381374478340148926e-01
8.381374478340148926e-01
8.381374478340148926e-01
8.381374478340148926e-01
8.381374478340148926e-01
8.381374478340148926e-01
8.381374478340148926e-01
8.381374478340148926e-01
8.403547406196594238e-01
8.403547406196594238e-01
8.403547406196594238e-01
8.403547406196594238e-01
8.403547406196594238e-01
8.403547406196594238e-01
8.403547406196594238e-01
8.403547406196594238e-01
8.403547406196594238e-01
8.403547406196594238e-01
8.403547406196594238e-01
8.403547406196594238e-01
8.403547406196594238e-01
8.403547406196594238e-01
8.403547406196594238e-01
8.425720334053039551e-01
8.425720334053039551e-01
8.425720334053039551e-01
8.425720334053039551e-01
8.425720334053039551e-01
8.425720334053039551e-01
8.425720334053039551e-01
8.425720334053039551e-01
8.470066785812377930e-01
8.470066785812377930e-01
8.470066785812377930e-01
8.470066785812377930e-01
8.470066785812377930e-01
8.470066785812377930e-01
8.470066785812377930e-01
8.492239713668823242e-01
8.514412641525268555e-01
8.514412641525268555e-01
8.514412641525268555e-01
8.514412641525268555e-01
8.536585569381713867e-01
8.536585569381713867e-01
8.558758497238159180e-01
8.558758497238159180e-01
8.558758497238159180e-01
8.558758497238159180e-01
8.558758497238159180e-01
8.536585569381713867e-01
8.558758497238159180e-01
8.558758497238159180e-01
8.558758497238159180e-01
8.558758497238159180e-01
8.558758497238159180e-01
8.558758497238159180e-01
8.558758497238159180e-01
8.558758497238159180e-01
8.558758497238159180e-01
8.558758497238159180e-01
8.558758497238159180e-01
8.558758497238159180e-01
8.558758497238159180e-01
8.558758497238159180e-01
8.580931425094604492e-01
8.580931425094604492e-01
8.580931425094604492e-01
8.580931425094604492e-01
8.580931425094604492e-01
8.580931425094604492e-01
8.580931425094604492e-01
8.580931425094604492e-01
8.580931425094604492e-01
8.580931425094604492e-01
8.580931425094604492e-01
8.580931425094604492e-01
8.580931425094604492e-01
8.580931425094604492e-01
8.580931425094604492e-01
8.580931425094604492e-01
8.580931425094604492e-01
8.580931425094604492e-01
8.580931425094604492e-01
8.580931425094604492e-01
8.580931425094604492e-01
8.580931425094604492e-01
8.580931425094604492e-01
8.580931425094604492e-01
8.580931425094604492e-01
8.603104352951049805e-01
8.625277280807495117e-01
8.625277280807495117e-01
8.625277280807495117e-01
8.625277280807495117e-01
8.625277280807495117e-01
8.625277280807495117e-01
8.625277280807495117e-01
8.625277280807495117e-01
8.625277280807495117e-01
8.625277280807495117e-01
8.625277280807495117e-01
8.625277280807495117e-01
8.625277280807495117e-01
8.625277280807495117e-01
8.625277280807495117e-01
8.625277280807495117e-01
8.625277280807495117e-01
8.625277280807495117e-01
8.647450208663940430e-01
8.647450208663940430e-01
8.625277280807495117e-01
8.625277280807495117e-01
8.625277280807495117e-01
8.625277280807495117e-01
8.625277280807495117e-01
8.625277280807495117e-01
8.625277280807495117e-01
8.625277280807495117e-01
8.625277280807495117e-01
8.625277280807495117e-01
8.625277280807495117e-01
8.625277280807495117e-01
8.625277280807495117e-01
8.625277280807495117e-01
8.625277280807495117e-01
8.625277280807495117e-01
8.625277280807495117e-01
8.625277280807495117e-01
8.625277280807495117e-01
8.625277280807495117e-01
8.625277280807495117e-01
8.625277280807495117e-01
8.625277280807495117e-01
8.625277280807495117e-01
8.647450208663940430e-01
8.647450208663940430e-01
8.647450208663940430e-01
8.647450208663940430e-01
8.647450208663940430e-01
8.647450208663940430e-01
8.647450208663940430e-01
8.647450208663940430e-01
8.647450208663940430e-01
8.647450208663940430e-01
8.647450208663940430e-01
8.647450208663940430e-01
8.647450208663940430e-01
8.647450208663940430e-01
8.647450208663940430e-01
8.647450208663940430e-01
8.647450208663940430e-01
8.647450208663940430e-01
8.647450208663940430e-01
8.647450208663940430e-01
8.625277280807495117e-01
8.625277280807495117e-01
8.625277280807495117e-01
8.625277280807495117e-01
8.625277280807495117e-01
8.625277280807495117e-01
8.625277280807495117e-01
8.647450208663940430e-01
8.647450208663940430e-01
8.647450208663940430e-01
8.669623136520385742e-01
8.669623136520385742e-01
8.669623136520385742e-01
8.669623136520385742e-01
8.691796064376831055e-01
8.713968992233276367e-01
8.713968992233276367e-01
8.736141920089721680e-01
8.736141920089721680e-01
8.736141920089721680e-01
8.736141920089721680e-01
8.736141920089721680e-01
8.736141920089721680e-01
8.736141920089721680e-01
8.736141920089721680e-01
8.736141920089721680e-01
8.758314847946166992e-01
8.758314847946166992e-01
8.802660703659057617e-01
8.802660703659057617e-01
8.802660703659057617e-01
8.802660703659057617e-01
8.802660703659057617e-01
8.802660703659057617e-01
8.780487775802612305e-01
8.780487775802612305e-01
8.780487775802612305e-01
8.780487775802612305e-01
8.780487775802612305e-01
8.780487775802612305e-01
8.780487775802612305e-01
8.780487775802612305e-01
8.780487775802612305e-01
8.780487775802612305e-01
8.780487775802612305e-01
8.780487775802612305e-01
8.780487775802612305e-01
8.780487775802612305e-01
8.780487775802612305e-01
8.780487775802612305e-01
8.780487775802612305e-01
8.780487775802612305e-01
8.780487775802612305e-01
8.780487775802612305e-01
8.780487775802612305e-01
8.780487775802612305e-01
8.780487775802612305e-01
8.780487775802612305e-01
8.780487775802612305e-01
8.780487775802612305e-01
8.780487775802612305e-01
8.780487775802612305e-01
8.780487775802612305e-01
8.780487775802612305e-01
8.802660703659057617e-01
8.802660703659057617e-01
8.802660703659057617e-01
8.802660703659057617e-01
8.802660703659057617e-01
8.847006559371948242e-01
8.869179487228393555e-01
8.869179487228393555e-01
8.869179487228393555e-01
8.869179487228393555e-01
8.869179487228393555e-01
8.869179487228393555e-01
8.869179487228393555e-01
8.869179487228393555e-01
8.869179487228393555e-01
8.869179487228393555e-01
8.869179487228393555e-01
8.869179487228393555e-01
8.869179487228393555e-01
8.847006559371948242e-01
8.847006559371948242e-01
8.847006559371948242e-01
8.847006559371948242e-01
8.847006559371948242e-01
8.847006559371948242e-01
8.847006559371948242e-01
8.847006559371948242e-01
8.847006559371948242e-01
8.847006559371948242e-01
8.847006559371948242e-01
8.847006559371948242e-01
8.847006559371948242e-01
8.847006559371948242e-01
8.847006559371948242e-01
8.847006559371948242e-01
8.847006559371948242e-01
8.847006559371948242e-01
8.847006559371948242e-01
8.847006559371948242e-01
8.847006559371948242e-01
8.847006559371948242e-01
8.847006559371948242e-01
8.847006559371948242e-01
8.869179487228393555e-01
8.891352415084838867e-01
8.891352415084838867e-01
8.891352415084838867e-01
8.891352415084838867e-01
