1.928384900093078613e-01
1.924263387918472290e-01
1.920747905969619751e-01
1.917467713356018066e-01
1.914413422346115112e-01
1.911581158638000488e-01
1.908962875604629517e-01
1.906549632549285889e-01
1.904328912496566772e-01
1.902292817831039429e-01
1.900432556867599487e-01
1.898729503154754639e-01
1.897172778844833374e-01
1.895754635334014893e-01
1.894453614950180054e-01
1.893264204263687134e-01
1.892172247171401978e-01
1.891165375709533691e-01
1.890234500169754028e-01
1.889367103576660156e-01
1.888556033372879028e-01
1.887793987989425659e-01
1.887069046497344971e-01
1.886377632617950439e-01
1.885709613561630249e-01
1.885059624910354614e-01
1.884419023990631104e-01
1.883780956268310547e-01
1.883138567209243774e-01
1.882482022047042847e-01
1.881804317235946655e-01
1.881088316440582275e-01
1.880328059196472168e-01
1.879500597715377808e-01
1.878590881824493408e-01
1.877567768096923828e-01
1.876402497291564941e-01
1.875047087669372559e-01
1.873438656330108643e-01
1.871498227119445801e-01
1.869107484817504883e-01
1.866103559732437134e-01
1.862259805202484131e-01
1.857263296842575073e-01
1.850699782371520996e-01
1.842080205678939819e-01
1.830973178148269653e-01
1.817291826009750366e-01
1.801691204309463501e-01
1.785569190979003906e-01
1.770362257957458496e-01
1.756754070520401001e-01
1.744588762521743774e-01
1.733304411172866821e-01
1.722289025783538818e-01
1.711029112339019775e-01
1.699138581752777100e-01
1.686364114284515381e-01
1.672593504190444946e-01
1.657841950654983521e-01
1.642241328954696655e-01
1.625989973545074463e-01
1.609310954809188843e-01
1.592413932085037231e-01
1.575460731983184814e-01
1.558590233325958252e-01
1.541995704174041748e-01
1.526007652282714844e-01
1.511043161153793335e-01
1.497441232204437256e-01
1.485341787338256836e-01
1.474719047546386719e-01
1.465446203947067261e-01
1.457349359989166260e-01
1.450254023075103760e-01
1.443994641304016113e-01
1.438426226377487183e-01
1.433422714471817017e-01
1.428885608911514282e-01
1.424741894006729126e-01
1.420935690402984619e-01
1.417432278394699097e-01
1.414205133914947510e-01
1.411222666501998901e-01
1.408450156450271606e-01
1.405846178531646729e-01
1.403363347053527832e-01
1.400962620973587036e-01
1.398603320121765137e-01
1.396254450082778931e-01
1.393890976905822754e-01
1.391499340534210205e-01
1.389064043760299683e-01
1.386573463678359985e-01
1.384006887674331665e-01
1.381333321332931519e-01
1.378512084484100342e-01
1.375480294227600098e-01
1.372160464525222778e-01
1.368436962366104126e-01
1.364143341779708862e-01
1.359021067619323730e-01
1.352650821208953857e-01
1.344378292560577393e-01
1.333386451005935669e-01
1.319376826286315918e-01
1.303731054067611694e-01
1.289073675870895386e-01
1.277086585760116577e-01
1.267865300178527832e-01
1.260783225297927856e-01
1.255162656307220459e-01
1.250490993261337280e-01
1.246409416198730469e-01
1.242668777704238892e-01
1.239091157913208008e-01
1.235540285706520081e-01
1.231903880834579468e-01
1.228086650371551514e-01
1.224001124501228333e-01
1.219564154744148254e-01
1.214693412184715271e-01
1.209308058023452759e-01
1.203330159187316895e-01
1.196689233183860779e-01
1.189332976937294006e-01
1.181240826845169067e-01
1.172434464097023010e-01
1.162968128919601440e-01
1.152942478656768799e-01
1.142493039369583130e-01
1.131759658455848694e-01
1.120862364768981934e-01
1.109885126352310181e-01
1.098847836256027222e-01
1.087669357657432556e-01
1.076221168041229248e-01
1.064496859908103943e-01
1.052695289254188538e-01
1.041002124547958374e-01
1.029277220368385315e-01
1.016884222626686096e-01
1.002973094582557678e-01
9.883279353380203247e-02
9.741642326116561890e-02
9.604225307703018188e-02
9.470681846141815186e-02
9.345638006925582886e-02
9.228883683681488037e-02
9.106958657503128052e-02
8.971486985683441162e-02
8.839759975671768188e-02
8.721000701189041138e-02
8.610203117132186890e-02
8.502874523401260376e-02
8.396069705486297607e-02
8.288548886775970459e-02
8.182755857706069946e-02
8.087161928415298462e-02
8.008043467998504639e-02
7.941386103630065918e-02
7.883632183074951172e-02
7.831851392984390259e-02
7.783421128988265991e-02
7.737348973751068115e-02
7.693457603454589844e-02
7.652232795953750610e-02
7.614397257566452026e-02
7.580401748418807983e-02
7.550174742937088013e-02
7.523119449615478516e-02
7.498339563608169556e-02
7.474928349256515503e-02
7.452211529016494751e-02
7.429774850606918335e-02
7.407461851835250854e-02
7.385203987360000610e-02
7.362799346446990967e-02
7.339714467525482178e-02
7.315389811992645264e-02
7.289969921112060547e-02
7.264658063650131226e-02
7.240847498178482056e-02
7.218725979328155518e-02
7.197264581918716431e-02
7.175873219966888428e-02
7.155029475688934326e-02
7.135409861803054810e-02
7.117386907339096069e-02
7.100964337587356567e-02
7.085978984832763672e-02
7.072189450263977051e-02
7.059374451637268066e-02
7.047316431999206543e-02
7.035800814628601074e-02
7.024576514959335327e-02
7.013385742902755737e-02
7.001922279596328735e-02
6.989917904138565063e-02
6.977187097072601318e-02
6.963661313056945801e-02
6.949484348297119141e-02
6.934940069913864136e-02
6.920270621776580811e-02
6.905679404735565186e-02
6.891281157732009888e-02
6.877127289772033691e-02
6.863217800855636597e-02
6.849598139524459839e-02
6.836299598217010498e-02
6.823366880416870117e-02
6.810792535543441772e-02
6.798536330461502075e-02
6.786501407623291016e-02
6.774608045816421509e-02
6.762810796499252319e-02
6.751098483800888062e-02
6.739503145217895508e-02
6.728075444698333740e-02
6.716854870319366455e-02
6.705854088068008423e-02
6.695012748241424561e-02
6.684173643589019775e-02
6.673100590705871582e-02
6.661590933799743652e-02
6.649278104305267334e-02
6.635882705450057983e-02
6.621600687503814697e-02
6.606750190258026123e-02
6.592493504285812378e-02
6.577014923095703125e-02
6.561249494552612305e-02
6.497843563556671143e-02
6.587643176317214966e-02
6.457290798425674438e-02
6.491491198539733887e-02
6.396172940731048584e-02
6.381393224000930786e-02
6.516732275485992432e-02
6.407131254673004150e-02
6.361740082502365112e-02
6.453713774681091309e-02
6.721736490726470947e-02
6.361953914165496826e-02
6.356504559516906738e-02
6.596886366605758667e-02
6.516162306070327759e-02
6.234369426965713501e-02
6.398716568946838379e-02
6.335344910621643066e-02
6.176663190126419067e-02
6.279625743627548218e-02
6.245657801628112793e-02
6.284903734922409058e-02
6.135049834847450256e-02
6.208064034581184387e-02
6.209084764122962952e-02
6.186999380588531494e-02
6.377164274454116821e-02
6.251052021980285645e-02
6.258001178503036499e-02
6.200977414846420288e-02
6.256953626871109009e-02
6.356569379568099976e-02
6.155182048678398132e-02
6.247719377279281616e-02
6.809060275554656982e-02
6.275832653045654297e-02
6.123731657862663269e-02
6.173086166381835938e-02
6.313800811767578125e-02
6.031193211674690247e-02
6.305561214685440063e-02
5.979655683040618896e-02
6.338409334421157837e-02
6.125139817595481873e-02
6.114542856812477112e-02
6.117022410035133362e-02
6.199902668595314026e-02
6.127338856458663940e-02
6.060430780053138733e-02
5.855605378746986389e-02
6.054209917783737183e-02
6.010981649160385132e-02
6.067576259374618530e-02
5.960809066891670227e-02
6.027518957853317261e-02
6.130578741431236267e-02
6.007076427340507507e-02
6.124390289187431335e-02
5.956897139549255371e-02
5.933335423469543457e-02
5.828481167554855347e-02
6.063409149646759033e-02
5.985760316252708435e-02
5.995327979326248169e-02
5.832813680171966553e-02
5.820558220148086548e-02
5.837912485003471375e-02
5.795976892113685608e-02
5.930320918560028076e-02
5.856576561927795410e-02
6.028087437152862549e-02
5.764513462781906128e-02
5.792558938264846802e-02
5.846311897039413452e-02
5.671826004981994629e-02
5.697480961680412292e-02
6.129745021462440491e-02
5.831642076373100281e-02
5.819787830114364624e-02
5.824813619256019592e-02
5.775332078337669373e-02
5.837166309356689453e-02
5.810262635350227356e-02
5.632760375738143921e-02
5.990398675203323364e-02
5.779795721173286438e-02
5.789911001920700073e-02
5.827847123146057129e-02
5.821505561470985413e-02
5.700838938355445862e-02
5.667683854699134827e-02
5.759198963642120361e-02
5.632267892360687256e-02
5.553527921438217163e-02
5.563873797655105591e-02
5.542971193790435791e-02
5.489563196897506714e-02
5.531220883131027222e-02
5.500774085521697998e-02
5.463613197207450867e-02
5.547801777720451355e-02
5.459980294108390808e-02
5.503683537244796753e-02
5.550161376595497131e-02
5.608906596899032593e-02
5.760674178600311279e-02
5.624399706721305847e-02
5.316703021526336670e-02
5.440460518002510071e-02
5.428526550531387329e-02
5.454301089048385620e-02
5.471188575029373169e-02
5.556706339120864868e-02
5.349894240498542786e-02
5.944722145795822144e-02
5.607984215021133423e-02
5.435258150100708008e-02
5.399598181247711182e-02
5.401064082980155945e-02
5.353486537933349609e-02
5.309635773301124573e-02
5.423196777701377869e-02
5.649943649768829346e-02
5.352463573217391968e-02
5.286042764782905579e-02
5.340644717216491699e-02
5.378498882055282593e-02
5.493201687932014465e-02
5.591713264584541321e-02
5.277956649661064148e-02
5.541086569428443909e-02
5.343960598111152649e-02
5.277687311172485352e-02
5.477564781904220581e-02
5.378778278827667236e-02
5.168457701802253723e-02
5.406557396054267883e-02
5.281572788953781128e-02
5.827471986413002014e-02
5.348085612058639526e-02
5.315558984875679016e-02
5.439436063170433044e-02
5.426209047436714172e-02
5.303498730063438416e-02
5.496853217482566833e-02
5.383885651826858521e-02
5.302790924906730652e-02
5.204934626817703247e-02
5.377075821161270142e-02
5.267081037163734436e-02
5.440440028905868530e-02
5.364996194839477539e-02
5.260691419243812561e-02
5.084013566374778748e-02
5.080417543649673462e-02
5.045032873749732971e-02
5.227818712592124939e-02
5.079576745629310608e-02
5.159446224570274353e-02
5.124516040086746216e-02
5.468045175075531006e-02
5.228083208203315735e-02
5.054101347923278809e-02
5.192228779196739197e-02
5.062841996550559998e-02
5.063952133059501648e-02
5.265486240386962891e-02
5.145652219653129578e-02
5.018549039959907532e-02
4.975377023220062256e-02
5.248893052339553833e-02
4.928070306777954102e-02
5.000696331262588501e-02
4.945027083158493042e-02
4.948749765753746033e-02
5.157049000263214111e-02
5.256503820419311523e-02
5.176864936947822571e-02
5.273208022117614746e-02
4.989820346236228943e-02
5.053708329796791077e-02
4.970391467213630676e-02
4.920881986618041992e-02
4.908701404929161072e-02
4.846136271953582764e-02
5.207083001732826233e-02
5.246439576148986816e-02
5.172472819685935974e-02
4.998288676142692566e-02
4.894173145294189453e-02
4.833572730422019958e-02
4.942549020051956177e-02
4.865816980600357056e-02
5.075411871075630188e-02
4.954133555293083191e-02
4.882136359810829163e-02
4.805195704102516174e-02
4.811762273311614990e-02
4.880985990166664124e-02
4.994574189186096191e-02
4.932215064764022827e-02
5.165040120482444763e-02
5.189108848571777344e-02
5.093887075781822205e-02
5.063759163022041321e-02
4.912152141332626343e-02
5.130837485194206238e-02
5.107874050736427307e-02
4.983830079436302185e-02
4.892186447978019714e-02
5.016876757144927979e-02
5.080545321106910706e-02
5.096228048205375671e-02
5.051471665501594543e-02
5.002775788307189941e-02
4.779268428683280945e-02
4.896922409534454346e-02
4.815376549959182739e-02
4.839715734124183655e-02
4.767138510942459106e-02
4.909918829798698425e-02
5.308940261602401733e-02
4.870779439806938171e-02
4.745785892009735107e-02
5.073288828134536743e-02
5.102946609258651733e-02
4.732413589954376221e-02
4.882628843188285828e-02
4.735359922051429749e-02
4.709891974925994873e-02
4.884725809097290039e-02
4.800686240196228027e-02
4.711434617638587952e-02
4.817164316773414612e-02
4.700548574328422546e-02
4.758987203240394592e-02
4.662125185132026672e-02
4.677040129899978638e-02
4.948911070823669434e-02
4.752079024910926819e-02
4.725802317261695862e-02
4.704630374908447266e-02
4.657808318734169006e-02
4.744132980704307556e-02
4.973195120692253113e-02
4.698893427848815918e-02
4.623672738671302795e-02
4.581542685627937317e-02
4.641759023070335388e-02
4.962112009525299072e-02
4.751593992114067078e-02
4.896473512053489685e-02
4.678602889180183411e-02
4.620749503374099731e-02
4.661808162927627563e-02
4.619260877370834351e-02
4.570300504565238953e-02
4.612512513995170593e-02
4.971966519951820374e-02
4.916799068450927734e-02
5.258055776357650757e-02
4.887350648641586304e-02
4.581297188997268677e-02
4.619749635457992554e-02
4.666905105113983154e-02
4.515574872493743896e-02
4.498638957738876343e-02
4.554314911365509033e-02
