2.095114141702651978e-01
2.050684541463851929e-01
2.008765339851379395e-01
1.967972517013549805e-01
1.925872415304183960e-01
1.880038678646087646e-01
1.829083412885665894e-01
1.773480623960494995e-01
1.715924888849258423e-01
1.660154759883880615e-01
1.608880013227462769e-01
1.562942415475845337e-01
1.521891653537750244e-01
1.484772115945816040e-01
1.450581997632980347e-01
1.418453603982925415e-01
1.387732326984405518e-01
1.357988864183425903e-01
1.329004764556884766e-01
1.300729364156723022e-01
1.273244023323059082e-01
1.246779486536979675e-01
1.221733465790748596e-01
1.198566406965255737e-01
1.177503317594528198e-01
1.158376261591911316e-01
1.140861511230468750e-01
1.124701201915740967e-01
1.109722927212715149e-01
1.095801293849945068e-01
1.082834824919700623e-01
1.070736572146415710e-01
1.059427708387374878e-01
1.048833057284355164e-01
1.038881763815879822e-01
1.029507517814636230e-01
1.020647734403610229e-01
1.012244075536727905e-01
1.004242971539497375e-01
9.965966641902923584e-02
9.892620891332626343e-02
9.822010248899459839e-02
9.753809869289398193e-02
9.687722474336624146e-02
9.623510390520095825e-02
9.560977667570114136e-02
9.499961137771606445e-02
9.440322965383529663e-02
9.381966292858123779e-02
9.324800223112106323e-02
9.268759936094284058e-02
9.213809669017791748e-02
9.159900248050689697e-02
9.107010811567306519e-02
9.055117517709732056e-02
9.004213660955429077e-02
8.954281359910964966e-02
8.905322849750518799e-02
8.857328444719314575e-02
8.810304105281829834e-02
8.764247596263885498e-02
8.719155937433242798e-02
8.675035089254379272e-02
8.631888031959533691e-02
8.589712530374526978e-02
8.548507094383239746e-02
8.508276939392089844e-02
8.469020575284957886e-02
8.430729061365127563e-02
8.393401652574539185e-02
8.357036858797073364e-02
8.321623504161834717e-02
8.287156373262405396e-02
8.253623545169830322e-02
8.221018314361572266e-02
8.189322799444198608e-02
8.158526569604873657e-02
8.128619939088821411e-02
8.099573850631713867e-02
8.071379363536834717e-02
8.044025301933288574e-02
8.017478138208389282e-02
7.991725206375122070e-02
7.966741919517517090e-02
7.942510396242141724e-02
7.919003814458847046e-02
7.896196097135543823e-02
7.874068617820739746e-02
7.852591574192047119e-02
7.831733673810958862e-02
7.811468839645385742e-02
7.791767269372940063e-02
7.772597670555114746e-02
7.753929495811462402e-02
7.735723257064819336e-02
7.717948406934738159e-02
7.700575888156890869e-02
7.683573663234710693e-02
7.666914165019989014e-02
7.650572061538696289e-02
7.634525001049041748e-02
7.618759572505950928e-02
7.603254914283752441e-02
7.588011026382446289e-02
7.573012262582778931e-02
7.558257877826690674e-02
7.543747872114181519e-02
7.529482245445251465e-02
7.515461742877960205e-02
7.501696050167083740e-02
7.488184422254562378e-02
7.474935054779052734e-02
7.461956888437271118e-02
7.449256628751754761e-02
7.436837255954742432e-02
7.424709200859069824e-02
7.412873208522796631e-02
7.401328533887863159e-02
7.390075922012329102e-02
7.379110902547836304e-02
7.368425279855728149e-02
7.358010858297348022e-02
7.347855716943740845e-02
7.337952405214309692e-02
7.328281551599502563e-02
7.318827509880065918e-02
7.309579104185104370e-02
7.300519198179244995e-02
7.291633635759353638e-02
7.282904535531997681e-02
7.274327427148818970e-02
7.265881448984146118e-02
7.257559150457382202e-02
7.249346375465393066e-02
7.241240143775939941e-02
7.233232259750366211e-02
7.225310802459716797e-02
7.217480987310409546e-02
7.209733128547668457e-02
7.202063500881195068e-02
7.194478809833526611e-02
7.186971604824066162e-02
7.179541885852813721e-02
7.172198593616485596e-02
7.164934277534484863e-02
7.157756388187408447e-02
7.150667905807495117e-02
7.143668085336685181e-02
7.136759161949157715e-02
7.129943370819091797e-02
7.123224437236785889e-02
7.116605341434478760e-02
7.110092043876647949e-02
7.103675603866577148e-02
7.097368687391281128e-02
7.091167569160461426e-02
7.085075229406356812e-02
7.079092413187026978e-02
7.073219120502471924e-02
7.067457586526870728e-02
7.061807066202163696e-02
7.056266814470291138e-02
7.050837576389312744e-02
7.045520842075347900e-02
7.040310651063919067e-02
7.035213708877563477e-02
7.030223309993743896e-02
7.025341689586639404e-02
7.020565122365951538e-02
7.015890628099441528e-02
7.011326402425765991e-02
7.006859034299850464e-02
7.002490758895874023e-02
6.998223066329956055e-02
6.994051486253738403e-02
6.989973783493041992e-02
6.985988467931747437e-02
6.982088088989257812e-02
6.978283077478408813e-02
6.974560022354125977e-02
6.970922648906707764e-02
6.967364251613616943e-02
6.963885575532913208e-02
6.960484385490417480e-02
6.957158446311950684e-02
6.953904032707214355e-02
6.950725615024566650e-02
6.947607547044754028e-02
6.944561749696731567e-02
6.941578537225723267e-02
6.938657909631729126e-02
6.935796886682510376e-02
6.932996958494186401e-02
6.930255144834518433e-02
6.927565485239028931e-02
6.924930214881896973e-02
6.922346353530883789e-02
6.919813901185989380e-02
6.917331367731094360e-02
6.914891302585601807e-02
6.912503391504287720e-02
6.910157948732376099e-02
6.907853484153747559e-02
6.905589997768402100e-02
6.903368979692459106e-02
6.901187449693679810e-02
6.899044662714004517e-02
6.896941363811492920e-02
6.894870847463607788e-02
6.892833113670349121e-02
6.890834867954254150e-02
6.888870149850845337e-02
6.886935979127883911e-02
6.885030120611190796e-02
6.883161514997482300e-02
6.881321966648101807e-02
6.879511475563049316e-02
6.877730786800384521e-02
6.875975430011749268e-02
6.874252855777740479e-02
6.872556358575820923e-02
6.870885193347930908e-02
6.869245320558547974e-02
6.867629289627075195e-02
6.866037100553512573e-02
6.864473223686218262e-02
6.862932443618774414e-02
6.861419230699539185e-02
6.859932839870452881e-02
6.858467310667037964e-02
6.857027113437652588e-02
6.855609267950057983e-02
6.854214519262313843e-02
6.852845102548599243e-02
6.851499527692794800e-02
6.850174069404602051e-02
6.848874688148498535e-02
6.847598403692245483e-02
6.846345961093902588e-02
6.845114380121231079e-02
6.843904405832290649e-02
6.842720508575439453e-02
6.841555237770080566e-02
6.840413063764572144e-02
6.839294731616973877e-02
6.838197261095046997e-02
6.837122887372970581e-02
6.836070865392684937e-02
6.835037469863891602e-02
6.834030896425247192e-02
6.833040714263916016e-02
6.832070648670196533e-02
6.831125169992446899e-02
6.830204278230667114e-02
6.829298287630081177e-02
6.828419119119644165e-02
6.827554106712341309e-02
6.826717406511306763e-02
6.825895607471466064e-02
6.825099140405654907e-02
6.824325025081634521e-02
6.823568791151046753e-02
6.822829693555831909e-02
6.822108477354049683e-02
6.821418553590774536e-02
6.820740550756454468e-02
6.820080429315567017e-02
6.819444149732589722e-02
6.818823516368865967e-02
6.818222254514694214e-02
6.817641854286193848e-02
6.817071884870529175e-02
6.816528737545013428e-02
6.815998256206512451e-02
6.815488636493682861e-02
6.814999133348464966e-02
6.814522296190261841e-02
6.814061850309371948e-02
6.813620030879974365e-02
6.813194602727890015e-02
6.812781840562820435e-02
6.812386214733123779e-02
6.812007725238800049e-02
6.811639666557312012e-02
6.811288744211196899e-02
6.810950487852096558e-02
6.810622662305831909e-02
6.810312718152999878e-02
6.810013949871063232e-02
6.809726357460021973e-02
6.809449195861816406e-02
6.809187680482864380e-02
6.808934360742568970e-02
6.808689981698989868e-02
6.808456778526306152e-02
6.808229535818099976e-02
6.808012723922729492e-02
6.807805597782135010e-02
6.807605177164077759e-02
6.807412207126617432e-02
6.807223707437515259e-02
6.807044893503189087e-02
6.806868314743041992e-02
6.806695461273193359e-02
6.806527823209762573e-02
6.806366145610809326e-02
6.806204468011856079e-02
6.806043535470962524e-02
6.805892288684844971e-02
6.805741786956787109e-02
6.805588304996490479e-02
6.805433332920074463e-02
6.805279850959777832e-02
6.805129349231719971e-02
6.804970651865005493e-02
6.804815679788589478e-02
6.804656237363815308e-02
6.804493814706802368e-02
6.804327666759490967e-02
6.804154813289642334e-02
6.803983449935913086e-02
6.803796440362930298e-02
6.803614646196365356e-02
6.803421676158905029e-02
6.803220510482788086e-02
6.803014874458312988e-02
6.802798062562942505e-02
6.802573800086975098e-02
6.802339106798171997e-02
6.802096217870712280e-02
6.801840662956237793e-02
6.801575422286987305e-02
6.801302731037139893e-02
6.801015883684158325e-02
6.800716370344161987e-02
6.800404191017150879e-02
6.800081580877304077e-02
6.799750030040740967e-02
6.799396872520446777e-02
6.799031794071197510e-02
6.798653304576873779e-02
6.798259913921356201e-02
6.797850131988525391e-02
6.797422468662261963e-02
6.796986609697341919e-02
6.796532869338989258e-02
6.796060502529144287e-02
6.795573234558105469e-02
6.795063614845275879e-02
6.794544309377670288e-02
6.794004887342453003e-02
6.793450564146041870e-02
6.792873889207839966e-02
6.792282313108444214e-02
6.791670620441436768e-02
6.791044026613235474e-02
6.790398061275482178e-02
6.789736449718475342e-02
6.789050996303558350e-02
6.788350641727447510e-02
6.787628680467605591e-02
6.786892563104629517e-02
6.786137819290161133e-02
6.785360723733901978e-02
6.784568727016448975e-02
6.783752888441085815e-02
6.782918423414230347e-02
6.782065331935882568e-02
6.781194359064102173e-02
6.780307739973068237e-02
6.779398024082183838e-02
6.778475642204284668e-02
6.777523458003997803e-02
6.776564568281173706e-02
6.775583326816558838e-02
6.774578988552093506e-02
6.773563474416732788e-02
6.772527098655700684e-02
6.771475076675415039e-02
6.770405918359756470e-02
6.769316643476486206e-02
6.768213212490081787e-02
6.767087429761886597e-02
6.765954196453094482e-02
6.764800846576690674e-02
6.763630360364913940e-02
6.762442737817764282e-02
6.761243194341659546e-02
6.760027259588241577e-02
6.758794188499450684e-02
6.757547706365585327e-02
6.756284087896347046e-02
6.755009293556213379e-02
6.753714382648468018e-02
6.752409040927886963e-02
6.751097738742828369e-02
6.749764084815979004e-02
6.748423725366592407e-02
6.747070699930191040e-02
6.745705008506774902e-02
6.744326651096343994e-02
6.742937862873077393e-02
6.741543859243392944e-02
6.740130484104156494e-02
6.738712638616561890e-02
6.737282872200012207e-02
6.735846400260925293e-02
6.734397262334823608e-02
6.732945889234542847e-02
6.731485575437545776e-02
6.730020046234130859e-02
6.728545576333999634e-02
6.727063655853271484e-02
6.725576519966125488e-02
6.724086403846740723e-02
6.722589582204818726e-02
6.721086055040359497e-02
6.719581037759780884e-02
6.718076765537261963e-02
6.716563552618026733e-02
6.715052574872970581e-02
6.713537126779556274e-02
6.712021678686141968e-02
6.710500270128250122e-02
6.708983331918716431e-02
6.707462668418884277e-02
6.705948710441589355e-02
6.704436987638473511e-02
6.702920794486999512e-02
6.701410561800003052e-02
6.699900329113006592e-02
6.698394566774368286e-02
6.696892529726028442e-02
6.695394963026046753e-02
6.693901866674423218e-02
6.692417711019515991e-02
6.690932065248489380e-02
6.689452379941940308e-02
6.687981635332107544e-02
6.686520576477050781e-02
6.685066223144531250e-02
6.683619320392608643e-02
6.682178378105163574e-02
6.680748611688613892e-02
6.679331511259078979e-02
6.677921116352081299e-02
6.676522642374038696e-02
6.675133854150772095e-02
6.673757731914520264e-02
6.672394275665283203e-02
6.671043485403060913e-02
6.669708341360092163e-02
6.668385863304138184e-02
6.667078286409378052e-02
6.665785610675811768e-02
6.664503365755081177e-02
6.663244217634201050e-02
6.661998480558395386e-02
6.660769134759902954e-02
6.659563630819320679e-02
6.658367067575454712e-02
6.657194346189498901e-02
6.656037271022796631e-02
6.654906272888183594e-02
6.653788685798645020e-02
6.652694195508956909e-02
6.651626527309417725e-02
6.650569289922714233e-02
6.649538129568099976e-02
6.648527085781097412e-02
6.647543609142303467e-02
6.646583229303359985e-02
6.645650416612625122e-02
6.644739210605621338e-02
6.643858551979064941e-02
6.642998009920120239e-02
6.642165780067443848e-02
6.641357392072677612e-02
6.640578061342239380e-02
6.639824807643890381e-02
6.639108806848526001e-02
6.638417392969131470e-02
6.637749075889587402e-02
6.637118011713027954e-02
6.636512279510498047e-02
6.635944545269012451e-02
6.635405123233795166e-02
6.634891778230667114e-02
6.634418666362762451e-02
6.633979082107543945e-02
6.633573770523071289e-02
6.633199751377105713e-02
6.632863730192184448e-02
6.632560491561889648e-02
6.632297486066818237e-02
6.632067263126373291e-02
6.631878018379211426e-02
6.631723046302795410e-02
6.631612032651901245e-02
6.631535291671752930e-02
