1.901374310255050659e-01
1.893767416477203369e-01
1.889572888612747192e-01
1.885361373424530029e-01
1.880959272384643555e-01
1.876169741153717041e-01
1.870763599872589111e-01
1.864468008279800415e-01
1.856978535652160645e-01
1.848005503416061401e-01
1.837361752986907959e-01
1.825072616338729858e-01
1.811463236808776855e-01
1.797055602073669434e-01
1.782355010509490967e-01
1.767665445804595947e-01
1.753049641847610474e-01
1.738390773534774780e-01
1.723462194204330444e-01
1.707953065633773804e-01
1.691468358039855957e-01
1.673516631126403809e-01
1.653489768505096436e-01
1.630646288394927979e-01
1.604159921407699585e-01
1.573273688554763794e-01
1.537691950798034668e-01
1.498166620731353760e-01
1.456665098667144775e-01
1.415510326623916626e-01
1.376129239797592163e-01
1.338754892349243164e-01
1.303042620420455933e-01
1.268676668405532837e-01
1.235622391104698181e-01
1.204103380441665649e-01
1.174448505043983459e-01
1.146904826164245605e-01
1.121543496847152710e-01
1.098273023962974548e-01
1.076928526163101196e-01
1.057340726256370544e-01
1.039348170161247253e-01
1.022788882255554199e-01
1.007494553923606873e-01
9.933084249496459961e-02
9.800970554351806641e-02
9.677603095769882202e-02
9.562199562788009644e-02
9.454144537448883057e-02
9.352892637252807617e-02
9.257957339286804199e-02
9.168861061334609985e-02
9.085109084844589233e-02
9.006162732839584351e-02
8.931452035903930664e-02
8.860386162996292114e-02
8.792369812726974487e-02
8.726865798234939575e-02
8.663409948348999023e-02
8.601623028516769409e-02
8.541210740804672241e-02
8.481968939304351807e-02
8.423800021409988403e-02
8.366639167070388794e-02
8.310513198375701904e-02
8.255456387996673584e-02
8.201555162668228149e-02
8.148867636919021606e-02
8.097472041845321655e-02
8.047398179769515991e-02
7.998648285865783691e-02
7.951177656650543213e-02
7.904943078756332397e-02
7.859854400157928467e-02
7.815814763307571411e-02
7.772744446992874146e-02
7.730536162853240967e-02
7.689125090837478638e-02
7.648453861474990845e-02
7.608471810817718506e-02
7.569122314453125000e-02
7.530374825000762939e-02
7.492177188396453857e-02
7.454495131969451904e-02
7.417283952236175537e-02
7.380516082048416138e-02
7.344149798154830933e-02
7.308173179626464844e-02
7.272571325302124023e-02
7.237352430820465088e-02
7.202507555484771729e-02
7.168058305978775024e-02
7.134021073579788208e-02
7.100414484739303589e-02
7.067257165908813477e-02
7.034567743539810181e-02
7.002367079257965088e-02
6.970679014921188354e-02
6.939511001110076904e-02
6.908880919218063354e-02
6.878811866044998169e-02
6.849302351474761963e-02
6.820391118526458740e-02
6.792091578245162964e-02
6.764408200979232788e-02
6.737378984689712524e-02
6.711008399724960327e-02
6.685299426317214966e-02
6.660275906324386597e-02
6.635940074920654297e-02
6.612285226583480835e-02
6.589324027299880981e-02
6.567036360502243042e-02
6.545417755842208862e-02
6.524468213319778442e-02
6.504148989915847778e-02
6.484452635049819946e-02
6.465359777212142944e-02
6.446842849254608154e-02
6.428874284029006958e-02
6.411433964967727661e-02
6.394485384225845337e-02
6.378009915351867676e-02
6.361965835094451904e-02
6.346337497234344482e-02
6.331092864274978638e-02
6.316199153661727905e-02
6.301638484001159668e-02
6.287384778261184692e-02
6.273405253887176514e-02
6.259680539369583130e-02
6.246190890669822693e-02
6.232909858226776123e-02
6.219821050763130188e-02
6.206907704472541809e-02
6.194144114851951599e-02
6.181525439023971558e-02
6.169026345014572144e-02
6.156633794307708740e-02
6.144342571496963501e-02
6.132131069898605347e-02
6.119989976286888123e-02
6.107918173074722290e-02
6.095900014042854309e-02
6.083928421139717102e-02
6.071993336081504822e-02
6.060101836919784546e-02
6.048240140080451965e-02
6.036406010389328003e-02
6.024592742323875427e-02
6.012808158993721008e-02
6.001047044992446899e-02
5.989305675029754639e-02
5.977590382099151611e-02
5.965901911258697510e-02
5.954232439398765564e-02
5.942585691809654236e-02
5.930968746542930603e-02
5.919373407959938049e-02
5.907809361815452576e-02
5.896271765232086182e-02
5.884764343500137329e-02
5.873279273509979248e-02
5.861830711364746094e-02
5.850401893258094788e-02
5.839011073112487793e-02
5.827651545405387878e-02
5.816324055194854736e-02
5.805035680532455444e-02
5.793783441185951233e-02
5.782574415206909180e-02
5.771407857537269592e-02
5.760286375880241394e-02
5.749214440584182739e-02
5.738201737403869629e-02
5.727243050932884216e-02
5.716339871287345886e-02
5.705503001809120178e-02
5.694728344678878784e-02
5.684011057019233704e-02
5.673360824584960938e-02
5.662776157259941101e-02
5.652254819869995117e-02
5.641791597008705139e-02
5.631390586495399475e-02
5.621043220162391663e-02
5.610749870538711548e-02
5.600507184863090515e-02
5.590317770838737488e-02
5.580171197652816772e-02
5.570070073008537292e-02
5.560006946325302124e-02
5.549987405538558960e-02
5.539999157190322876e-02
5.530044436454772949e-02
5.520121008157730103e-02
5.510234087705612183e-02
5.500366911292076111e-02
5.490527302026748657e-02
5.480716750025749207e-02
5.470931529998779297e-02
5.461167171597480774e-02
5.451428517699241638e-02
5.441718548536300659e-02
5.432033166289329529e-02
5.422379821538925171e-02
5.412757769227027893e-02
5.403169244527816772e-02
5.393622070550918579e-02
5.384117364883422852e-02
5.374671518802642822e-02
5.365281179547309875e-02
5.355970561504364014e-02
5.346729978919029236e-02
5.337585881352424622e-02
5.328531190752983093e-02
5.319585651159286499e-02
5.310748517513275146e-02
5.302026495337486267e-02
5.293416604399681091e-02
5.284915864467620850e-02
5.276528745889663696e-02
5.268237739801406860e-02
5.260039493441581726e-02
5.251928418874740601e-02
5.243886634707450867e-02
5.235915258526802063e-02
5.227994546294212341e-02
5.220116302371025085e-02
5.212270468473434448e-02
5.204432085156440735e-02
5.196598544716835022e-02
5.188737809658050537e-02
5.180834233760833740e-02
5.172861739993095398e-02
5.164790526032447815e-02
5.156599357724189758e-02
5.148258060216903687e-02
5.139726027846336365e-02
5.130982398986816406e-02
5.121982097625732422e-02
5.112692341208457947e-02
5.103072524070739746e-02
5.093105137348175049e-02
5.082808434963226318e-02
5.072288587689399719e-02
5.061781406402587891e-02
5.051742866635322571e-02
5.042841657996177673e-02
5.035831779241561890e-02
5.031069368124008179e-02
5.027507245540618896e-02
5.022390186786651611e-02
5.014032870531082153e-02
5.003901571035385132e-02
4.994183033704757690e-02
4.985645413398742676e-02
4.977786168456077576e-02
4.969930276274681091e-02
4.961826652288436890e-02
4.953622445464134216e-02
4.945432767271995544e-02
4.937263578176498413e-02
4.929080978035926819e-02
4.920865222811698914e-02
4.912601038813591003e-02
4.904302209615707397e-02
4.895966500043869019e-02
4.887578636407852173e-02
4.879153519868850708e-02
4.870680347084999084e-02
4.862159863114356995e-02
4.853598400950431824e-02
4.844982177019119263e-02
4.836321249604225159e-02
4.827598109841346741e-02
4.818834364414215088e-02
4.810014739632606506e-02
4.801153019070625305e-02
4.792261123657226562e-02
4.783358797430992126e-02
4.774469137191772461e-02
4.765595123171806335e-02
4.756743833422660828e-02
4.747903347015380859e-02
4.739023000001907349e-02
4.730039462447166443e-02
4.720886051654815674e-02
4.711521044373512268e-02
4.701867699623107910e-02
4.691988974809646606e-02
4.681949317455291748e-02
4.671844094991683960e-02
4.661831632256507874e-02
4.651946946978569031e-02
4.642116650938987732e-02
4.632171988487243652e-02
4.621934890747070312e-02
4.611380770802497864e-02
4.600688070058822632e-02
4.590159282088279724e-02
4.580081254243850708e-02
4.570601880550384521e-02
4.561745002865791321e-02
4.553409665822982788e-02
4.545462131500244141e-02
4.537815600633621216e-02
4.530481621623039246e-02
4.523586481809616089e-02
4.517263174057006836e-02
4.511528089642524719e-02
4.506302252411842346e-02
4.501514881849288940e-02
4.497100040316581726e-02
4.493007808923721313e-02
4.489222541451454163e-02
4.485729336738586426e-02
4.482540115714073181e-02
4.479670152068138123e-02
4.477106779813766479e-02
4.474793747067451477e-02
4.472650960087776184e-02
4.470546171069145203e-02
4.468326643109321594e-02
4.465789720416069031e-02
4.462777078151702881e-02
4.459124803543090820e-02
4.454720392823219299e-02
4.449503123760223389e-02
4.443449527025222778e-02
4.436589404940605164e-02
4.428961127996444702e-02
4.420632869005203247e-02
4.411674290895462036e-02
4.402220621705055237e-02
4.392473399639129639e-02
4.382743686437606812e-02
4.373401403427124023e-02
4.364680126309394836e-02
4.356456175446510315e-02
4.348480328917503357e-02
4.340659454464912415e-02
4.333002865314483643e-02
4.325523227453231812e-02
4.318259283900260925e-02
4.311226308345794678e-02
4.304431378841400146e-02
4.297852516174316406e-02
4.291462153196334839e-02
4.285215213894844055e-02
4.279052838683128357e-02
4.272948578000068665e-02
4.266866669058799744e-02
4.260810837149620056e-02
4.254787787795066833e-02
4.248845204710960388e-02
4.243018478155136108e-02
4.237317666411399841e-02
4.231692478060722351e-02
4.225946590304374695e-02
4.219774901866912842e-02
4.212736338376998901e-02
4.204281419515609741e-02
4.193981364369392395e-02
4.182373359799385071e-02
4.171118885278701782e-02
4.161300882697105408e-02
4.154859855771064758e-02
4.152076318860054016e-02
4.158890247344970703e-02
4.171233624219894409e-02
4.179361090064048767e-02
4.175221174955368042e-02
4.160505533218383789e-02
4.146848991513252258e-02
4.130504652857780457e-02
4.108472540974617004e-02
4.083498567342758179e-02
4.093747958540916443e-02
4.048991575837135315e-02
4.056344553828239441e-02
4.029199108481407166e-02
4.026299342513084412e-02
4.016458988189697266e-02
4.009843245148658752e-02
4.003719240427017212e-02
3.997115045785903931e-02
3.989512845873832703e-02
3.981564566493034363e-02
3.974330797791481018e-02
3.968492522835731506e-02
3.964026644825935364e-02
3.960425779223442078e-02
3.957151994109153748e-02
3.953904658555984497e-02
3.950624540448188782e-02
3.947320580482482910e-02
3.943965956568717957e-02
3.940497711300849915e-02
3.936809301376342773e-02
3.932778537273406982e-02
3.928277641534805298e-02
3.923199325799942017e-02
3.917488083243370056e-02
3.911134973168373108e-02
3.904160857200622559e-02
3.896651044487953186e-02
3.888750448822975159e-02
3.880650177597999573e-02
3.872558102011680603e-02
3.864667564630508423e-02
3.857158124446868896e-02
3.850188478827476501e-02
3.843839094042778015e-02
3.838125243782997131e-02
3.832963854074478149e-02
3.828170523047447205e-02
3.823499009013175964e-02
3.818624094128608704e-02
3.813169151544570923e-02
3.806873783469200134e-02
3.799651563167572021e-02
3.791645169258117676e-02
3.783037513494491577e-02
3.773971274495124817e-02
3.764492273330688477e-02
3.754586353898048401e-02
3.744226321578025818e-02
3.733394294977188110e-02
3.722133487462997437e-02
3.710571676492691040e-02
3.698898106813430786e-02
3.687289729714393616e-02
3.675811737775802612e-02
3.664561733603477478e-02
3.653813526034355164e-02
3.643749281764030457e-02
3.634203225374221802e-02
3.624859824776649475e-02
3.615595400333404541e-02
3.606463596224784851e-02
3.597432374954223633e-02
3.588729351758956909e-02
3.580042347311973572e-02
3.571535274386405945e-02
3.562816977500915527e-02
3.553882241249084473e-02
3.544772416353225708e-02
3.535527735948562622e-02
3.525990620255470276e-02
3.516069054603576660e-02
3.505679219961166382e-02
3.495226055383682251e-02
3.485033288598060608e-02
3.474682942032814026e-02
3.464135527610778809e-02
3.454149514436721802e-02
3.446014970541000366e-02
3.444352000951766968e-02
3.450284153223037720e-02
3.462767973542213440e-02
3.469647839665412903e-02
3.589475154876708984e-02
3.401884064078330994e-02
3.645928949117660522e-02
3.477215021848678589e-02
3.612398356199264526e-02
3.559384495019912720e-02
3.407272323966026306e-02
3.435694053769111633e-02
3.671994432806968689e-02
3.420378267765045166e-02
3.399270772933959961e-02
3.298358991742134094e-02
3.286184370517730713e-02
3.581238538026809692e-02
3.262132406234741211e-02
3.227919712662696838e-02
3.241041675209999084e-02
3.217220678925514221e-02
3.192434459924697876e-02
3.182825073599815369e-02
3.178714215755462646e-02
3.289828822016716003e-02
3.256004676222801208e-02
3.213396668434143066e-02
3.145506232976913452e-02
3.096164949238300323e-02
3.100959770381450653e-02
3.083310276269912720e-02
3.087479062378406525e-02
3.073895722627639771e-02
3.054791316390037537e-02
3.042828664183616638e-02
3.031574189662933350e-02
3.020362928509712219e-02
3.009833581745624542e-02
2.999834530055522919e-02
2.990433201193809509e-02
