1.869463771581649780e-01
1.837715655565261841e-01
1.818533390760421753e-01
1.798452883958816528e-01
1.778412759304046631e-01
1.759096831083297729e-01
1.740380972623825073e-01
1.721333712339401245e-01
1.700584888458251953e-01
1.676910072565078735e-01
1.649881154298782349e-01
1.620135903358459473e-01
1.589092910289764404e-01
1.558356881141662598e-01
1.529082804918289185e-01
1.501702815294265747e-01
1.476070731878280640e-01
1.451752334833145142e-01
1.428243070840835571e-01
1.405075341463088989e-01
1.381842643022537231e-01
1.358201354742050171e-01
1.333868652582168579e-01
1.308643966913223267e-01
1.282454282045364380e-01
1.255426704883575439e-01
1.227945387363433838e-01
1.200592294335365295e-01
1.173949837684631348e-01
1.148426681756973267e-01
1.124237999320030212e-01
1.101474538445472717e-01
1.080156564712524414e-01
1.060261875391006470e-01
1.041736900806427002e-01
1.024507507681846619e-01
1.008483245968818665e-01
9.935674071311950684e-02
9.796646982431411743e-02
9.666784852743148804e-02
9.545215964317321777e-02
9.431116282939910889e-02
9.323757886886596680e-02
9.222488850355148315e-02
9.126734733581542969e-02
9.035976976156234741e-02
8.949764817953109741e-02
8.867716789245605469e-02
8.789478987455368042e-02
8.714753389358520508e-02
8.643279224634170532e-02
8.574802428483963013e-02
8.509142696857452393e-02
8.446089923381805420e-02
8.385486900806427002e-02
8.327192068099975586e-02
8.271072059869766235e-02
8.216988295316696167e-02
8.164856582880020142e-02
8.114541321992874146e-02
8.065976947546005249e-02
8.019071072340011597e-02
7.973723113536834717e-02
7.929882407188415527e-02
7.887460291385650635e-02
7.846396416425704956e-02
7.806623727083206177e-02
7.768081873655319214e-02
7.730716466903686523e-02
7.694467902183532715e-02
7.659292221069335938e-02
7.625131309032440186e-02
7.591947913169860840e-02
7.559686154127120972e-02
7.528303563594818115e-02
7.497767359018325806e-02
7.468041777610778809e-02
7.439071685075759888e-02
7.410835474729537964e-02
7.383285462856292725e-02
7.356394082307815552e-02
7.330136746168136597e-02
7.304470241069793701e-02
7.279368489980697632e-02
7.254805415868759155e-02
7.230748236179351807e-02
7.207176089286804199e-02
7.184064388275146484e-02
7.161377370357513428e-02
7.139109820127487183e-02
7.117229700088500977e-02
7.095719128847122192e-02
7.074555754661560059e-02
7.053723186254501343e-02
7.033207267522811890e-02
7.012984901666641235e-02
6.993050128221511841e-02
6.973382830619812012e-02
6.953970342874526978e-02
6.934802234172821045e-02
6.915868818759918213e-02
6.897166371345520020e-02
6.878678500652313232e-02
6.860398501157760620e-02
6.842320412397384644e-02
6.824437528848648071e-02
6.806755065917968750e-02
6.789258867502212524e-02
6.771948188543319702e-02
6.754823774099349976e-02
6.737881898880004883e-02
6.721117347478866577e-02
6.704539060592651367e-02
6.688138842582702637e-02
6.671920418739318848e-02
6.655887514352798462e-02
6.640032678842544556e-02
6.624365597963333130e-02
6.608877331018447876e-02
6.593582034111022949e-02
6.578466296195983887e-02
6.563542783260345459e-02
6.548809260129928589e-02
6.534260511398315430e-02
6.519907712936401367e-02
6.505739688873291016e-02
6.491766870021820068e-02
6.477975845336914062e-02
6.464384496212005615e-02
6.450977921485900879e-02
6.437765806913375854e-02
6.424736976623535156e-02
6.411898881196975708e-02
6.399250775575637817e-02
6.386783719062805176e-02
6.374499201774597168e-02
6.362397223711013794e-02
6.350471824407577515e-02
6.338730454444885254e-02
6.327157467603683472e-02
6.315763294696807861e-02
6.304536759853363037e-02
6.293477118015289307e-02
6.282589584589004517e-02
6.271858513355255127e-02
6.261297315359115601e-02
6.250891834497451782e-02
6.240632757544517517e-02
6.230538338422775269e-02
6.220585480332374573e-02
6.210786104202270508e-02
6.201132386922836304e-02
6.191609054803848267e-02
6.182233989238739014e-02
6.172996759414672852e-02
6.163891032338142395e-02
6.154917553067207336e-02
6.146073713898658752e-02
6.137359142303466797e-02
6.128763407468795776e-02
6.120291724801063538e-02
6.111939996480941772e-02
6.103699281811714172e-02
6.095575541257858276e-02
6.087565794587135315e-02
6.079664453864097595e-02
6.071866676211357117e-02
6.064177304506301880e-02
6.056590750813484192e-02
6.049101054668426514e-02
6.041714176535606384e-02
6.034417450428009033e-02
6.027216091752052307e-02
6.020107492804527283e-02
6.013094261288642883e-02
6.006158515810966492e-02
5.999315902590751648e-02
5.992554873228073120e-02
5.985874682664871216e-02
5.979275330901145935e-02
5.972754955291748047e-02
5.966312065720558167e-02
5.959939584136009216e-02
5.953643098473548889e-02
5.947416275739669800e-02
5.941260233521461487e-02
5.935176834464073181e-02
5.929156765341758728e-02
5.923202261328697205e-02
5.917313694953918457e-02
5.911485105752944946e-02
5.905715003609657288e-02
5.900011211633682251e-02
5.894365906715393066e-02
5.888772383332252502e-02
5.883236601948738098e-02
5.877756699919700623e-02
5.872330442070960999e-02
5.866954103112220764e-02
5.861630290746688843e-02
5.856360867619514465e-02
5.851130560040473938e-02
5.845955386757850647e-02
5.840833112597465515e-02
5.835748463869094849e-02
5.830717831850051880e-02
5.825727805495262146e-02
5.820775404572486877e-02
5.815874040126800537e-02
5.811009928584098816e-02
5.806191638112068176e-02
5.801409482955932617e-02
5.796669796109199524e-02
5.791967362165451050e-02
5.787305161356925964e-02
5.782678350806236267e-02
5.778093263506889343e-02
5.773537606000900269e-02
5.769024044275283813e-02
5.764546617865562439e-02
5.760096386075019836e-02
5.755687877535820007e-02
5.751309916377067566e-02
5.746964365243911743e-02
5.742657184600830078e-02
5.738371983170509338e-02
5.734125152230262756e-02
5.729907006025314331e-02
5.725718662142753601e-02
5.721564963459968567e-02
5.717437714338302612e-02
5.713336914777755737e-02
5.709267407655715942e-02
5.705230310559272766e-02
5.701214820146560669e-02
5.697233974933624268e-02
5.693273618817329407e-02
5.689343810081481934e-02
5.685438588261604309e-02
5.681561306118965149e-02
5.677710846066474915e-02
5.673884227871894836e-02
5.670085549354553223e-02
5.666308477520942688e-02
5.662556737661361694e-02
5.658831819891929626e-02
5.655127391219139099e-02
5.651441961526870728e-02
5.647791549563407898e-02
5.644155293703079224e-02
5.640545859932899475e-02
5.636958032846450806e-02
5.633395165205001831e-02
5.629846081137657166e-02
5.626325309276580811e-02
5.622820183634757996e-02
5.619340762495994568e-02
5.615878477692604065e-02
5.612438917160034180e-02
5.609019100666046143e-02
5.605615302920341492e-02
5.602237209677696228e-02
5.598872900009155273e-02
5.595530569553375244e-02
5.592203512787818909e-02
5.588904023170471191e-02
5.585609003901481628e-02
5.582343041896820068e-02
5.579091608524322510e-02
5.575856193900108337e-02
5.572637543082237244e-02
5.569437891244888306e-02
5.566253513097763062e-02
5.563088133931159973e-02
5.559937283396720886e-02
5.556801334023475647e-02
5.553680285811424255e-02
5.550572276115417480e-02
5.547485128045082092e-02
5.544409155845642090e-02
5.541351810097694397e-02
5.538306385278701782e-02
5.535273626446723938e-02
5.532253533601760864e-02
5.529252812266349792e-02
5.526260286569595337e-02
5.523285269737243652e-02
5.520321428775787354e-02
5.517369881272315979e-02
5.514433234930038452e-02
5.511509999632835388e-02
5.508595705032348633e-02
5.505693331360816956e-02
5.502803251147270203e-02
5.499925091862678528e-02
5.497055128216743469e-02
5.494201555848121643e-02
5.491357669234275818e-02
5.488521978259086609e-02
5.485702306032180786e-02
5.482888221740722656e-02
5.480085313320159912e-02
5.477293580770492554e-02
5.474509671330451965e-02
5.471738800406455994e-02
5.468977615237236023e-02
5.466220155358314514e-02
5.463477224111557007e-02
5.460742861032485962e-02
5.458015203475952148e-02
5.455297604203224182e-02
5.452588573098182678e-02
5.449884757399559021e-02
5.447193235158920288e-02
5.444508418440818787e-02
5.441831424832344055e-02
5.439158156514167786e-02
5.436497926712036133e-02
5.433846637606620789e-02
5.431194603443145752e-02
5.428554117679595947e-02
5.425922945141792297e-02
5.423294752836227417e-02
5.420676618814468384e-02
5.418063327670097351e-02
5.415453389286994934e-02
5.412849783897399902e-02
5.410258099436759949e-02
5.407665297389030457e-02
5.405084788799285889e-02
5.402506515383720398e-02
5.399937927722930908e-02
5.397365987300872803e-02
5.394807085394859314e-02
5.392253026366233826e-02
5.389704927802085876e-02
5.387156456708908081e-02
5.384619161486625671e-02
5.382082238793373108e-02
5.379551276564598083e-02
5.377022549510002136e-02
5.374503880739212036e-02
5.371987074613571167e-02
5.369477719068527222e-02
5.366971716284751892e-02
5.364465713500976562e-02
5.361965298652648926e-02
5.359469354152679443e-02
5.356978997588157654e-02
5.354494601488113403e-02
5.352007597684860229e-02
5.349531024694442749e-02
5.347049981355667114e-02
5.344579741358757019e-02
5.342111364006996155e-02
5.339648574590682983e-02
5.337191000580787659e-02
5.334728211164474487e-02
5.332276597619056702e-02
5.329822748899459839e-02
5.327378958463668823e-02
5.324936658143997192e-02
5.322492867708206177e-02
5.320057272911071777e-02
5.317621305584907532e-02
5.315188318490982056e-02
5.312758311629295349e-02
5.310334637761116028e-02
5.307913944125175476e-02
5.305493250489234924e-02
5.303075909614562988e-02
5.300660431385040283e-02
5.298253893852233887e-02
5.295845493674278259e-02
5.293442681431770325e-02
5.291038751602172852e-02
5.288640037178993225e-02
5.286248028278350830e-02
5.283849686384201050e-02
5.281457677483558655e-02
5.279070138931274414e-02
5.276684090495109558e-02
5.274298414587974548e-02
5.271919071674346924e-02
5.269537866115570068e-02
5.267166346311569214e-02
5.264792591333389282e-02
5.262419581413269043e-02
5.260055139660835266e-02
5.257685855031013489e-02
5.255326256155967712e-02
5.252962931990623474e-02
5.250599235296249390e-02
5.248250067234039307e-02
5.245896801352500916e-02
5.243546515703201294e-02
5.241196230053901672e-02
5.238847807049751282e-02
5.236502364277839661e-02
5.234164744615554810e-02
5.231819674372673035e-02
5.229486525058746338e-02
5.227152258157730103e-02
5.224809795618057251e-02
5.222481861710548401e-02
5.220156908035278320e-02
5.217827484011650085e-02
5.215507745742797852e-02
5.213172733783721924e-02
5.210857465863227844e-02
5.208538845181465149e-02
5.206222832202911377e-02
5.203905701637268066e-02
5.201594159007072449e-02
5.199280008673667908e-02
5.196974426507949829e-02
5.194663628935813904e-02
5.192359164357185364e-02
5.190053209662437439e-02
5.187756195664405823e-02
5.185455456376075745e-02
5.183158069849014282e-02
5.180861055850982666e-02
5.178567767143249512e-02
5.176272615790367126e-02
5.173980817198753357e-02
5.171688646078109741e-02
5.169400200247764587e-02
5.167113989591598511e-02
5.164825916290283203e-02
5.162545293569564819e-02
5.160263180732727051e-02
5.157981440424919128e-02
5.155701562762260437e-02
5.153424665331840515e-02
5.151146277785301208e-02
5.148870125412940979e-02
5.146594345569610596e-02
5.144322663545608521e-02
5.142053589224815369e-02
5.139785259962081909e-02
5.137512832880020142e-02
5.135247483849525452e-02
5.132975801825523376e-02
5.130712315440177917e-02
5.128450691699981689e-02
5.126183480024337769e-02
5.123920738697052002e-02
5.121656134724617004e-02
5.119396001100540161e-02
5.117135122418403625e-02
5.114878341555595398e-02
5.112619325518608093e-02
5.110360309481620789e-02
5.108108371496200562e-02
5.105851218104362488e-02
5.103594809770584106e-02
5.101343616843223572e-02
5.099090561270713806e-02
5.096835643053054810e-02
5.094587430357933044e-02
5.092333257198333740e-02
5.090080946683883667e-02
5.087832733988761902e-02
5.085578560829162598e-02
5.083331093192100525e-02
5.081079900264739990e-02
5.078833550214767456e-02
5.076583474874496460e-02
5.074338987469673157e-02
5.072090774774551392e-02
5.069844424724578857e-02
5.067601054906845093e-02
5.065352842211723328e-02
5.063108727335929871e-02
5.060861632227897644e-02
5.058614909648895264e-02
5.056371912360191345e-02
5.054127424955368042e-02
5.051883682608604431e-02
5.049638077616691589e-02
5.047393590211868286e-02
5.045149102807044983e-02
5.042903497815132141e-02
5.040661618113517761e-02
5.038414523005485535e-02
5.036170780658721924e-02
5.033925548195838928e-02
5.031676962971687317e-02
5.029434338212013245e-02
5.027189105749130249e-02
5.024945363402366638e-02
5.022700130939483643e-02
5.020457133650779724e-02
5.018208175897598267e-02
5.015964806079864502e-02
5.013718828558921814e-02
5.011473968625068665e-02
5.009224638342857361e-02
5.006977170705795288e-02
