1.860724687576293945e-01
1.840292066335678101e-01
1.817870736122131348e-01
1.795064210891723633e-01
1.773185878992080688e-01
1.752933412790298462e-01
1.734126955270767212e-01
1.716054081916809082e-01
1.697801202535629272e-01
1.678112745285034180e-01
1.655292958021163940e-01
1.628410220146179199e-01
1.598293185234069824e-01
1.566780358552932739e-01
1.535593122243881226e-01
1.505774408578872681e-01
1.477690488100051880e-01
1.451284587383270264e-01
1.426322609186172485e-01
1.402537971735000610e-01
1.379703432321548462e-01
1.357658803462982178e-01
1.336312144994735718e-01
1.315611600875854492e-01
1.295458674430847168e-01
1.275591850280761719e-01
1.255600899457931519e-01
1.235155612230300903e-01
1.214243471622467041e-01
1.193135380744934082e-01
1.172189489006996155e-01
1.151716858148574829e-01
1.131945922970771790e-01
1.113028377294540405e-01
1.095062866806983948e-01
1.078096777200698853e-01
1.062142699956893921e-01
1.047181338071823120e-01
1.033173426985740662e-01
1.020061373710632324e-01
1.007781922817230225e-01
9.962648153305053711e-02
9.854412823915481567e-02
9.752443432807922363e-02
9.656117111444473267e-02
9.564863145351409912e-02
9.478164464235305786e-02
9.395563602447509766e-02
9.316655993461608887e-02
9.241099655628204346e-02
9.168585389852523804e-02
9.098862856626510620e-02
9.031727910041809082e-02
8.966972678899765015e-02
8.904463052749633789e-02
8.844062685966491699e-02
8.785669505596160889e-02
8.729186654090881348e-02
8.674553781747817993e-02
8.621686697006225586e-02
8.570545911788940430e-02
8.521079272031784058e-02
8.473239094018936157e-02
8.426991105079650879e-02
8.382291346788406372e-02
8.339112997055053711e-02
8.297410607337951660e-02
8.257156610488891602e-02
8.218318969011306763e-02
8.180851489305496216e-02
8.144728839397430420e-02
8.109906315803527832e-02
8.076347410678863525e-02
8.044017851352691650e-02
8.012869209051132202e-02
7.982870936393737793e-02
7.953976839780807495e-02
7.926153391599655151e-02
7.899349182844161987e-02
7.873524725437164307e-02
7.848642021417617798e-02
7.824654877185821533e-02
7.801517844200134277e-02
7.779201865196228027e-02
7.757650315761566162e-02
7.736840099096298218e-02
7.716718316078186035e-02
7.697249203920364380e-02
7.678395509719848633e-02
7.660122960805892944e-02
7.642396539449691772e-02
7.625173032283782959e-02
7.608428597450256348e-02
7.592124491930007935e-02
7.576236128807067871e-02
7.560726255178451538e-02
7.545573264360427856e-02
7.530754804611206055e-02
7.516241818666458130e-02
7.502008974552154541e-02
7.488039135932922363e-02
7.474312186241149902e-02
7.460813969373703003e-02
7.447516918182373047e-02
7.434419542551040649e-02
7.421507686376571655e-02
7.408765703439712524e-02
7.396186888217926025e-02
7.383766025304794312e-02
7.371494919061660767e-02
7.359373569488525391e-02
7.347390800714492798e-02
7.335555553436279297e-02
7.323867082595825195e-02
7.312322407960891724e-02
7.300924509763717651e-02
7.289683073759078979e-02
7.278596609830856323e-02
7.267671823501586914e-02
7.256916165351867676e-02
7.246334850788116455e-02
7.235930114984512329e-02
7.225712388753890991e-02
7.215690612792968750e-02
7.205866277217864990e-02
7.196247577667236328e-02
7.186838239431381226e-02
7.177641242742538452e-02
7.168666273355484009e-02
7.159917801618576050e-02
7.151387631893157959e-02
7.143092155456542969e-02
7.135028392076492310e-02
7.127194851636886597e-02
7.119593769311904907e-02
7.112223654985427856e-02
7.105087488889694214e-02
7.098173350095748901e-02
7.091492414474487305e-02
7.085034996271133423e-02
7.078796625137329102e-02
7.072775065898895264e-02
7.066960632801055908e-02
7.061360031366348267e-02
7.055962085723876953e-02
7.050759345293045044e-02
7.045751065015792847e-02
7.040927559137344360e-02
7.036288082599639893e-02
7.031824439764022827e-02
7.027525454759597778e-02
7.023393362760543823e-02
7.019422948360443115e-02
7.015600055456161499e-02
7.011921703815460205e-02
7.008388638496398926e-02
7.004993408918380737e-02
7.001729309558868408e-02
6.998585909605026245e-02
6.995565444231033325e-02
6.992660462856292725e-02
6.989859789609909058e-02
6.987170130014419556e-02
6.984578073024749756e-02
6.982087343931198120e-02
6.979683041572570801e-02
6.977368891239166260e-02
6.975141912698745728e-02
6.972996890544891357e-02
6.970924884080886841e-02
6.968928873538970947e-02
6.966999173164367676e-02
6.965138763189315796e-02
6.963340193033218384e-02
6.961604952812194824e-02
6.959923356771469116e-02
6.958292424678802490e-02
6.956721842288970947e-02
6.955198198556900024e-02
6.953717768192291260e-02
6.952279806137084961e-02
6.950887292623519897e-02
6.949533522129058838e-02
6.948216259479522705e-02
6.946933269500732422e-02
6.945682317018508911e-02
6.944464147090911865e-02
6.943275779485702515e-02
6.942112743854522705e-02
6.940976530313491821e-02
6.939860433340072632e-02
6.938765943050384521e-02
6.937696039676666260e-02
6.936646252870559692e-02
6.935603171586990356e-02
6.934586167335510254e-02
6.933582574129104614e-02
6.932587176561355591e-02
6.931604444980621338e-02
6.930632144212722778e-02
6.929667294025421143e-02
6.928709149360656738e-02
6.927759945392608643e-02
6.926812976598739624e-02
6.925872713327407837e-02
6.924936920404434204e-02
6.923999637365341187e-02
6.923062354326248169e-02
6.922125816345214844e-02
6.921187043190002441e-02
6.920243799686431885e-02
6.919296085834503174e-02
6.918348371982574463e-02
6.917392462491989136e-02
6.916426867246627808e-02
6.915456801652908325e-02
6.914483010768890381e-02
6.913497298955917358e-02
6.912496685981750488e-02
6.911483407020568848e-02
6.910465657711029053e-02
6.909433752298355103e-02
6.908389180898666382e-02
6.907334923744201660e-02
6.906260550022125244e-02
6.905172020196914673e-02
6.904064863920211792e-02
6.902950257062911987e-02
6.901810318231582642e-02
6.900664418935775757e-02
6.899492442607879639e-02
6.898307055234909058e-02
6.897098571062088013e-02
6.895877420902252197e-02
6.894628703594207764e-02
6.893365085124969482e-02
6.892084330320358276e-02
6.890783458948135376e-02
6.889460235834121704e-02
6.888116151094436646e-02
6.886751204729080200e-02
6.885372102260589600e-02
6.883965432643890381e-02
6.882541626691818237e-02
6.881092488765716553e-02
6.879629194736480713e-02
6.878135353326797485e-02
6.876626610755920410e-02
6.875088810920715332e-02
6.873542815446853638e-02
6.871965527534484863e-02
6.870371848344802856e-02
6.868754327297210693e-02
6.867118924856185913e-02
6.865458190441131592e-02
6.863784044981002808e-02
6.862077116966247559e-02
6.860362738370895386e-02
6.858621537685394287e-02
6.856860965490341187e-02
6.855081766843795776e-02
6.853283196687698364e-02
6.851460039615631104e-02
6.849624961614608765e-02
6.847769767045974731e-02
6.845891475677490234e-02
6.843996047973632812e-02
6.842082738876342773e-02
6.840151548385620117e-02
6.838197261095046997e-02
6.836227327585220337e-02
6.834235787391662598e-02
6.832237541675567627e-02
6.830217689275741577e-02
6.828176230192184448e-02
6.826122105121612549e-02
6.824050098657608032e-02
6.821958720684051514e-02
6.819850951433181763e-02
6.817730516195297241e-02
6.815599650144577026e-02
6.813449412584304810e-02
6.811283528804779053e-02
6.809103488922119141e-02
6.806910037994384766e-02
6.804697215557098389e-02
6.802474707365036011e-02
6.800235807895660400e-02
6.797983497381210327e-02
6.795715540647506714e-02
6.793437153100967407e-02
6.791144609451293945e-02
6.788843870162963867e-02
6.786525994539260864e-02
6.784189492464065552e-02
6.781852245330810547e-02
6.779498606920242310e-02
6.777139753103256226e-02
6.774758547544479370e-02
6.772373616695404053e-02
6.769970804452896118e-02
6.767561286687850952e-02
6.765138357877731323e-02
6.762703508138656616e-02
6.760264933109283447e-02
6.757812947034835815e-02
6.755351275205612183e-02
6.752871721982955933e-02
6.750392913818359375e-02
6.747901439666748047e-02
6.745399534702301025e-02
6.742888689041137695e-02
6.740365922451019287e-02
6.737834215164184570e-02
6.735295057296752930e-02
6.732755899429321289e-02
6.730198115110397339e-02
6.727635860443115234e-02
6.725064665079116821e-02
6.722485274076461792e-02
6.719901412725448608e-02
6.717304885387420654e-02
6.714698672294616699e-02
6.712095439434051514e-02
6.709475815296173096e-02
6.706862151622772217e-02
6.704232096672058105e-02
6.701596081256866455e-02
6.698954850435256958e-02
6.696307659149169922e-02
6.693656742572784424e-02
6.690996140241622925e-02
6.688331812620162964e-02
6.685660034418106079e-02
6.682983785867691040e-02
6.680306047201156616e-02
6.677621603012084961e-02
6.674931198358535767e-02
6.672237068414688110e-02
6.669540703296661377e-02
6.666845828294754028e-02
6.664143502712249756e-02
6.661436706781387329e-02
6.658723205327987671e-02
6.656005978584289551e-02
6.653290241956710815e-02
6.650569289922714233e-02
6.647839397192001343e-02
6.645117700099945068e-02
6.642388552427291870e-02
6.639663130044937134e-02
6.636930257081985474e-02
6.634199619293212891e-02
6.631467491388320923e-02
6.628730148077011108e-02
6.625996530055999756e-02
6.623261421918869019e-02
6.620522588491439819e-02
6.617788970470428467e-02
6.615047901868820190e-02
6.612308323383331299e-02
6.609576195478439331e-02
6.606837362051010132e-02
6.604100763797760010e-02
6.601360440254211426e-02
6.598623842000961304e-02
6.595895439386367798e-02
6.593152135610580444e-02
6.590419262647628784e-02
6.587687134742736816e-02
6.584955006837844849e-02
6.582229584455490112e-02
6.579504907131195068e-02
6.576779484748840332e-02
6.574053317308425903e-02
6.571341305971145630e-02
6.568623334169387817e-02
6.565910577774047852e-02
6.563200056552886963e-02
6.560485810041427612e-02
6.557781994342803955e-02
6.555078923702239990e-02
6.552378088235855103e-02
6.549687683582305908e-02
6.546995043754577637e-02
6.544311344623565674e-02
6.541622430086135864e-02
6.538943946361541748e-02
6.536265462636947632e-02
6.533592939376831055e-02
6.530921161174774170e-02
6.528256833553314209e-02
6.525593996047973633e-02
6.522937864065170288e-02
6.520286947488784790e-02
6.517642736434936523e-02
6.515002250671386719e-02
6.512366235256195068e-02
6.509737670421600342e-02
6.507112830877304077e-02
6.504488736391067505e-02
6.501866132020950317e-02
6.499247997999191284e-02
6.496641784906387329e-02
6.494034081697463989e-02
6.491436064243316650e-02
6.488840281963348389e-02
6.486254930496215820e-02
6.483667343854904175e-02
6.481088697910308838e-02
6.478510797023773193e-02
6.475945562124252319e-02
6.473378837108612061e-02
6.470814347267150879e-02
6.468258798122406006e-02
6.465707719326019287e-02
6.463163346052169800e-02
6.460618227720260620e-02
6.458075344562530518e-02
6.455548107624053955e-02
6.453020125627517700e-02
6.450501829385757446e-02
6.447982043027877808e-02
6.445469707250595093e-02
6.442958116531372070e-02
6.440453231334686279e-02
6.437952071428298950e-02
6.435455381870269775e-02
6.432963162660598755e-02
6.430473178625106812e-02
6.427988409996032715e-02
6.425500661134719849e-02
6.423028558492660522e-02
6.420551240444183350e-02
6.418082863092422485e-02
6.415618956089019775e-02
6.413153558969497681e-02
6.410699337720870972e-02
6.408242136240005493e-02
6.405793875455856323e-02
6.403344124555587769e-02
6.400897353887557983e-02
6.398463994264602661e-02
6.396026164293289185e-02
6.393589824438095093e-02
6.391159445047378540e-02
6.388729810714721680e-02
6.386301666498184204e-02
6.383877247571945190e-02
6.381458789110183716e-02
6.379038095474243164e-02
6.376628577709197998e-02
6.374214589595794678e-02
6.371804326772689819e-02
6.369394809007644653e-02
6.366986036300659180e-02
6.364580243825912476e-02
6.362184137105941772e-02
6.359786540269851685e-02
6.357388198375701904e-02
6.354994326829910278e-02
6.352603435516357422e-02
6.350215524435043335e-02
6.347829848527908325e-02
6.345438957214355469e-02
6.343056261539459229e-02
6.340666860342025757e-02
6.338287144899368286e-02
6.335909664630889893e-02
6.333532929420471191e-02
6.331148743629455566e-02
6.328769028186798096e-02
6.326382607221603394e-02
6.324006617069244385e-02
6.321634352207183838e-02
6.319261342287063599e-02
6.316889077425003052e-02
6.314507871866226196e-02
6.312144547700881958e-02
6.309771537780761719e-02
6.307395547628402710e-02
6.305032968521118164e-02
6.302662938833236694e-02
6.300291419029235840e-02
6.297921389341354370e-02
6.295562535524368286e-02
6.293192505836486816e-02
6.290836632251739502e-02
6.288462132215499878e-02
6.286098808050155640e-02
6.283730268478393555e-02
6.281363964080810547e-02
6.279000639915466309e-02
6.276623904705047607e-02
6.274263560771942139e-02
6.271898001432418823e-02
6.269530206918716431e-02
6.267166137695312500e-02
6.264803558588027954e-02
6.262444704771041870e-02
