2.066127061843872070e-01
1.970942914485931396e-01
1.942686736583709717e-01
1.926671713590621948e-01
1.910190880298614502e-01
1.889147609472274780e-01
1.865770071744918823e-01
1.842415183782577515e-01
1.820735782384872437e-01
1.801898032426834106e-01
1.785543560981750488e-01
1.770924031734466553e-01
1.757870167493820190e-01
1.747982054948806763e-01
1.747833043336868286e-01
1.770399659872055054e-01
1.805026233196258545e-01
1.794699877500534058e-01
1.719890385866165161e-01
1.614059060811996460e-01
1.515222042798995972e-01
1.434382498264312744e-01
1.361336410045623779e-01
1.278298795223236084e-01
1.170778349041938782e-01
1.076170727610588074e-01
1.015937626361846924e-01
9.790346026420593262e-02
9.572070837020874023e-02
9.447129815816879272e-02
9.344206750392913818e-02
9.241079539060592651e-02
9.145206958055496216e-02
9.052757918834686279e-02
8.959168195724487305e-02
8.863183110952377319e-02
8.768045157194137573e-02
8.680180460214614868e-02
8.612208813428878784e-02
8.566325902938842773e-02
8.530184626579284668e-02
8.490297198295593262e-02
8.444724231958389282e-02
8.398576080799102783e-02
8.355008810758590698e-02
8.312744647264480591e-02
8.267387747764587402e-02
8.214547485113143921e-02
8.150944858789443970e-02
8.074893802404403687e-02
7.987034320831298828e-02
7.891118526458740234e-02
7.793975621461868286e-02
7.703209668397903442e-02
7.621831446886062622e-02
7.547420263290405273e-02
7.477920502424240112e-02
7.412388920783996582e-02
7.350292056798934937e-02
7.291930913925170898e-02
7.238484174013137817e-02
7.191345095634460449e-02
7.151225954294204712e-02
7.115381956100463867e-02
7.073073089122772217e-02
7.014530152082443237e-02
6.951738148927688599e-02
6.885295361280441284e-02
6.815517693758010864e-02
6.748323887586593628e-02
6.686416268348693848e-02
6.627062708139419556e-02
6.571613252162933350e-02
6.528555601835250854e-02
6.493981182575225830e-02
6.464302539825439453e-02
6.443040817975997925e-02
6.429435312747955322e-02
6.421834230422973633e-02
6.420017778873443604e-02
6.425182521343231201e-02
6.437405198812484741e-02
6.456406414508819580e-02
6.482454389333724976e-02
6.514427810907363892e-02
6.546834111213684082e-02
6.570150703191757202e-02
6.574029475450515747e-02
6.534896790981292725e-02
6.391236186027526855e-02
6.133900955319404602e-02
6.000110879540443420e-02
5.922983959317207336e-02
5.869098380208015442e-02
5.824676901102066040e-02
5.785218626260757446e-02
5.751577019691467285e-02
5.733324587345123291e-02
5.743761360645294189e-02
5.857960507273674011e-02
5.936353281140327454e-02
6.131093204021453857e-02
6.602420657873153687e-02
6.610465049743652344e-02
6.071868911385536194e-02
6.536237150430679321e-02
6.397581100463867188e-02
6.710642576217651367e-02
6.425584852695465088e-02
6.595389544963836670e-02
6.510443240404129028e-02
6.523113697767257690e-02
6.546736508607864380e-02
6.499325484037399292e-02
6.523078680038452148e-02
6.602466106414794922e-02
6.669681519269943237e-02
6.709605455398559570e-02
6.769158691167831421e-02
6.896615773439407349e-02
6.926034390926361084e-02
6.871533393859863281e-02
6.839508563280105591e-02
6.884897500276565552e-02
6.990295648574829102e-02
7.062423974275588989e-02
7.086654752492904663e-02
7.010371237993240356e-02
7.004044950008392334e-02
7.003976404666900635e-02
7.020591944456100464e-02
7.046071439981460571e-02
7.074850052595138550e-02
7.104524224996566772e-02
7.133904099464416504e-02
7.161566615104675293e-02
7.186686247587203979e-02
7.209526002407073975e-02
7.230829447507858276e-02
7.249996066093444824e-02
7.264602929353713989e-02
7.278438657522201538e-02
7.287156581878662109e-02
7.227546721696853638e-02
7.042995095252990723e-02
5.672925710678100586e-02
6.177948042750358582e-02
7.080461829900741577e-02
6.616140902042388916e-02
7.156817615032196045e-02
6.962668895721435547e-02
6.817549467086791992e-02
6.395961344242095947e-02
5.879393592476844788e-02
5.590080097317695618e-02
6.207365542650222778e-02
7.342275977134704590e-02
7.268789410591125488e-02
6.069016829133033752e-02
6.166883558034896851e-02
7.074570655822753906e-02
7.207469642162322998e-02
7.229705154895782471e-02
7.157969474792480469e-02
6.742835044860839844e-02
6.669978797435760498e-02
5.891614779829978943e-02
5.837878212332725525e-02
5.817482247948646545e-02
5.826430767774581909e-02
5.845915526151657104e-02
5.860224738717079163e-02
5.848067253828048706e-02
5.807472765445709229e-02
5.754774808883666992e-02
5.710757151246070862e-02
5.679294466972351074e-02
5.655090883374214172e-02
5.631772056221961975e-02
5.609120801091194153e-02
5.595759302377700806e-02
5.591425672173500061e-02
5.593105033040046692e-02
5.599981546401977539e-02
5.613281950354576111e-02
5.635317787528038025e-02
5.668644234538078308e-02
5.715131014585494995e-02
5.774864926934242249e-02
5.842017754912376404e-02
5.903467535972595215e-02
5.953387916088104248e-02
5.997125059366226196e-02
6.033599749207496643e-02
6.051479279994964600e-02
6.020211055874824524e-02
6.056097149848937988e-02
6.015270948410034180e-02
5.958540737628936768e-02
6.054487824440002441e-02
5.806561186909675598e-02
5.655244737863540649e-02
6.181576848030090332e-02
5.920682474970817566e-02
5.905594304203987122e-02
6.633280962705612183e-02
5.837173387408256531e-02
6.189322844147682190e-02
6.054740399122238159e-02
6.398311257362365723e-02
6.053711846470832825e-02
6.804779917001724243e-02
5.863405019044876099e-02
6.649041920900344849e-02
6.132535263895988464e-02
6.118091568350791931e-02
5.913079530000686646e-02
5.953443050384521484e-02
5.940425395965576172e-02
5.883442610502243042e-02
6.132202968001365662e-02
6.276363134384155273e-02
6.082805246114730835e-02
6.040975823998451233e-02
6.452938169240951538e-02
5.942203849554061890e-02
6.169500574469566345e-02
6.220710277557373047e-02
6.323421001434326172e-02
6.341248750686645508e-02
6.412321329116821289e-02
6.362296640872955322e-02
6.420414894819259644e-02
6.430725753307342529e-02
6.451734900474548340e-02
6.471113115549087524e-02
6.488469988107681274e-02
6.505218148231506348e-02
6.520064920186996460e-02
6.537603586912155151e-02
6.527293473482131958e-02
6.554479897022247314e-02
6.462243944406509399e-02
6.492227315902709961e-02
6.484240293502807617e-02
6.487952172756195068e-02
6.522690504789352417e-02
6.413178145885467529e-02
6.486224383115768433e-02
6.486140191555023193e-02
6.572694331407546997e-02
6.294414401054382324e-02
6.674043834209442139e-02
6.307405978441238403e-02
6.339465826749801636e-02
6.766735017299652100e-02
6.736768782138824463e-02
6.548596173524856567e-02
5.849246308207511902e-02
6.209173053503036499e-02
6.782479584217071533e-02
6.474244594573974609e-02
7.467036694288253784e-02
6.735678762197494507e-02
6.409970670938491821e-02
6.789074093103408813e-02
6.964858621358871460e-02
6.545224040746688843e-02
7.246900349855422974e-02
6.289025396108627319e-02
7.521729916334152222e-02
7.363650202751159668e-02
7.525883615016937256e-02
6.627823412418365479e-02
7.193033397197723389e-02
7.096809148788452148e-02
7.197953015565872192e-02
6.179588288068771362e-02
7.360208779573440552e-02
7.269380241632461548e-02
6.543180346488952637e-02
7.557278126478195190e-02
6.827108561992645264e-02
7.254397869110107422e-02
6.974827498197555542e-02
7.089126110076904297e-02
7.190562039613723755e-02
7.246357202529907227e-02
7.519534975290298462e-02
7.406427711248397827e-02
6.422401964664459229e-02
7.511645555496215820e-02
7.045383006334304810e-02
7.615684717893600464e-02
7.097728550434112549e-02
6.785776466131210327e-02
7.605519890785217285e-02
6.398374587297439575e-02
7.682736963033676147e-02
7.912568002939224243e-02
7.414859533309936523e-02
7.653240114450454712e-02
7.171443849802017212e-02
7.473791390657424927e-02
7.266617566347122192e-02
7.151249796152114868e-02
8.421139419078826904e-02
6.696370244026184082e-02
9.057279676198959351e-02
7.581485807895660400e-02
7.005199790000915527e-02
7.410444319248199463e-02
7.621746510267257690e-02
6.914122402667999268e-02
7.285517454147338867e-02
7.422384619712829590e-02
6.973163038492202759e-02
8.700504153966903687e-02
7.180666923522949219e-02
8.635450154542922974e-02
7.452266663312911987e-02
7.135619968175888062e-02
7.430336624383926392e-02
7.856091111898422241e-02
6.843172758817672729e-02
8.592683076858520508e-02
7.205139100551605225e-02
6.527636200189590454e-02
6.719499081373214722e-02
6.961697340011596680e-02
7.239519059658050537e-02
7.483350485563278198e-02
6.962147355079650879e-02
7.032734155654907227e-02
7.116615027189254761e-02
8.248957991600036621e-02
7.399106770753860474e-02
6.869554519653320312e-02
6.337238848209381104e-02
7.040007412433624268e-02
7.432097941637039185e-02
8.418842405080795288e-02
6.853767484426498413e-02
8.522266149520874023e-02
7.445228844881057739e-02
7.906661927700042725e-02
8.540607243776321411e-02
6.703563034534454346e-02
8.111729472875595093e-02
8.171273022890090942e-02
8.907923102378845215e-02
8.684507012367248535e-02
7.078845798969268799e-02
6.595403701066970825e-02
6.487402319908142090e-02
7.122904807329177856e-02
7.848782092332839966e-02
7.196744531393051147e-02
9.509965032339096069e-02
8.355028182268142700e-02
1.011176630854606628e-01
7.736001163721084595e-02
8.084034174680709839e-02
8.915550261735916138e-02
1.104393601417541504e-01
9.417960792779922485e-02
7.994621247053146362e-02
7.339475303888320923e-02
7.623406499624252319e-02
8.135022222995758057e-02
8.497709035873413086e-02
9.827583283185958862e-02
7.363203167915344238e-02
1.015229001641273499e-01
8.881548792123794556e-02
8.535206317901611328e-02
7.317332923412322998e-02
7.151137292385101318e-02
1.095716729760169983e-01
1.084388196468353271e-01
1.062265485525131226e-01
9.798569232225418091e-02
1.074914559721946716e-01
1.129910200834274292e-01
1.012195646762847900e-01
9.832613170146942139e-02
9.246188402175903320e-02
9.868743270635604858e-02
1.006345227360725403e-01
9.697391837835311890e-02
9.824442118406295776e-02
1.098068282008171082e-01
9.523053467273712158e-02
1.007337719202041626e-01
9.520625323057174683e-02
9.064681082963943481e-02
1.057758927345275879e-01
9.567710012197494507e-02
9.460008144378662109e-02
9.982357919216156006e-02
9.240984171628952026e-02
1.039036661386489868e-01
1.164763271808624268e-01
1.015750467777252197e-01
1.030623838305473328e-01
1.007612720131874084e-01
1.082628071308135986e-01
1.020640879869461060e-01
9.991808980703353882e-02
8.592545986175537109e-02
9.253140538930892944e-02
1.001775637269020081e-01
1.077360212802886963e-01
1.226611360907554626e-01
8.800443261861801147e-02
1.170116364955902100e-01
1.304387301206588745e-01
1.137815415859222412e-01
1.152860373258590698e-01
1.052196472883224487e-01
1.018443480134010315e-01
1.354956179857254028e-01
1.163990274071693420e-01
8.982073515653610229e-02
1.371100544929504395e-01
1.166035234928131104e-01
1.331427395343780518e-01
1.126567795872688293e-01
1.084201112389564514e-01
1.148925125598907471e-01
1.110731065273284912e-01
1.043820455670356750e-01
8.584791421890258789e-02
1.118748188018798828e-01
1.250757277011871338e-01
1.159973740577697754e-01
1.320635229349136353e-01
1.133968532085418701e-01
1.501665860414505005e-01
1.248714178800582886e-01
1.240914091467857361e-01
1.160098016262054443e-01
1.408836692571640015e-01
1.427795439958572388e-01
1.487470269203186035e-01
1.111689209938049316e-01
1.243681162595748901e-01
1.114580407738685608e-01
1.138286441564559937e-01
1.424566358327865601e-01
1.239540576934814453e-01
1.015114560723304749e-01
1.357054263353347778e-01
1.300604790449142456e-01
1.214691102504730225e-01
1.077897250652313232e-01
1.024255305528640747e-01
1.096035242080688477e-01
1.300274878740310669e-01
1.141889616847038269e-01
1.262297630310058594e-01
1.220230460166931152e-01
1.046473011374473572e-01
9.961532801389694214e-02
1.035358607769012451e-01
9.189197421073913574e-02
9.527855366468429565e-02
1.175087466835975647e-01
1.119344532489776611e-01
1.257271915674209595e-01
1.257278770208358765e-01
1.119750812649726868e-01
1.148480847477912903e-01
1.189368516206741333e-01
1.000786721706390381e-01
1.074298769235610962e-01
1.082428395748138428e-01
1.031000614166259766e-01
9.798412770032882690e-02
1.216086894273757935e-01
9.008344262838363647e-02
9.398674964904785156e-02
1.384032666683197021e-01
1.092581897974014282e-01
1.145952045917510986e-01
9.903513640165328979e-02
1.268565505743026733e-01
1.097293347120285034e-01
1.135650873184204102e-01
1.116578057408332825e-01
1.033927723765373230e-01
1.233421191573143005e-01
1.119015142321586609e-01
8.995498716831207275e-02
1.177304163575172424e-01
1.216501593589782715e-01
1.392484456300735474e-01
1.096202209591865540e-01
1.204243898391723633e-01
1.172094121575355530e-01
