1.911309808492660522e-01
1.910714954137802124e-01
1.909947991371154785e-01
1.909224987030029297e-01
1.908547431230545044e-01
1.907915323972702026e-01
1.907323151826858521e-01
1.906768679618835449e-01
1.906250268220901489e-01
1.905764639377593994e-01
1.905308663845062256e-01
1.904880553483963013e-01
1.904477626085281372e-01
1.904098689556121826e-01
1.903741508722305298e-01
1.903403252363204956e-01
1.903084814548492432e-01
1.902782320976257324e-01
1.902494728565216064e-01
1.902221143245697021e-01
1.901960074901580811e-01
1.901710480451583862e-01
1.901471465826034546e-01
1.901241242885589600e-01
1.901019215583801270e-01
1.900803893804550171e-01
1.900595873594284058e-01
1.900392621755599976e-01
1.900193691253662109e-01
1.899998188018798828e-01
1.899805665016174316e-01
1.899614185094833374e-01
1.899424046277999878e-01
1.899232119321823120e-01
1.899039745330810547e-01
1.898844391107559204e-01
1.898644715547561646e-01
1.898439973592758179e-01
1.898227781057357788e-01
1.898005306720733643e-01
1.897773444652557373e-01
1.897526681423187256e-01
1.897264122962951660e-01
1.896981000900268555e-01
1.896672248840332031e-01
1.896334737539291382e-01
1.895961910486221313e-01
1.895544379949569702e-01
1.895072460174560547e-01
1.894535273313522339e-01
1.893915385007858276e-01
1.893192380666732788e-01
1.892339438199996948e-01
1.891320496797561646e-01
1.890086382627487183e-01
1.888571828603744507e-01
1.886685788631439209e-01
1.884307414293289185e-01
1.881262809038162231e-01
1.877325177192687988e-01
1.872195452451705933e-01
1.865514963865280151e-01
1.856911033391952515e-01
1.846100986003875732e-01
1.833065897226333618e-01
1.818152219057083130e-01
1.802001446485519409e-01
1.785274296998977661e-01
1.768416017293930054e-01
1.751575022935867310e-01
1.734654903411865234e-01
1.717403680086135864e-01
1.699480414390563965e-01
1.680513024330139160e-01
1.660138815641403198e-01
1.638056039810180664e-01
1.614102125167846680e-01
1.588359773159027100e-01
1.561304628849029541e-01
1.533897519111633301e-01
1.507441401481628418e-01
1.483009159564971924e-01
1.460810601711273193e-01
1.440263390541076660e-01
1.420745998620986938e-01
1.402145922183990479e-01
1.384791880846023560e-01
1.369099766016006470e-01
1.355322301387786865e-01
1.343501061201095581e-01
1.333526074886322021e-01
1.325188875198364258e-01
1.318237185478210449e-01
1.312413960695266724e-01
1.307487040758132935e-01
1.303265690803527832e-01
1.299602687358856201e-01
1.296391785144805908e-01
1.293559670448303223e-01
1.291056722402572632e-01
1.288844048976898193e-01
1.286887228488922119e-01
1.285151094198226929e-01
1.283597052097320557e-01
1.282185167074203491e-01
1.280878186225891113e-01
1.279643625020980835e-01
1.278457939624786377e-01
1.277308315038681030e-01
1.276193261146545410e-01
1.275122910737991333e-01
1.274114698171615601e-01
1.273193806409835815e-01
1.272386014461517334e-01
1.271710991859436035e-01
1.271179616451263428e-01
1.270791143178939819e-01
1.270535439252853394e-01
1.270398050546646118e-01
1.270364671945571899e-01
1.270419508218765259e-01
1.270544826984405518e-01
1.270718574523925781e-01
1.270912736654281616e-01
1.271097064018249512e-01
1.271234899759292603e-01
1.271284371614456177e-01
1.271198242902755737e-01
1.270924657583236694e-01
1.270409673452377319e-01
1.269596368074417114e-01
1.268418282270431519e-01
1.266778856515884399e-01
1.264510452747344971e-01
1.261311769485473633e-01
1.256717741489410400e-01
1.250205039978027344e-01
1.241576746106147766e-01
1.231338605284690857e-01
1.220491006970405579e-01
1.209851056337356567e-01
1.199646741151809692e-01
1.189527511596679688e-01
1.178754195570945740e-01
1.166439205408096313e-01
1.151864826679229736e-01
1.134834885597229004e-01
1.115825250744819641e-01
1.095803752541542053e-01
1.075864732265472412e-01
1.056909039616584778e-01
1.039546951651573181e-01
1.024133786559104919e-01
1.010704413056373596e-01
9.988304227590560913e-02
9.876243770122528076e-02
9.759226441383361816e-02
9.627933055162429810e-02
9.479849040508270264e-02
9.318546205759048462e-02
9.150402247905731201e-02
8.982154726982116699e-02
8.819807320833206177e-02
8.667872101068496704e-02
8.527507632970809937e-02
8.397019654512405396e-02
8.274586498737335205e-02
8.159189671277999878e-02
8.050972223281860352e-02
7.951750606298446655e-02
7.864639908075332642e-02
7.790903747081756592e-02
7.726975530385971069e-02
7.667312771081924438e-02
7.607252895832061768e-02
7.545642554759979248e-02
7.484590262174606323e-02
7.426957041025161743e-02
7.374034076929092407e-02
7.325412333011627197e-02
7.280439883470535278e-02
7.238667458295822144e-02
7.199819386005401611e-02
7.163683325052261353e-02
7.129965722560882568e-02
7.098170369863510132e-02
7.067606598138809204e-02
7.037495076656341553e-02
7.007168978452682495e-02
6.976271420717239380e-02
6.945108622312545776e-02
6.914804875850677490e-02
6.886889785528182983e-02
6.862632185220718384e-02
6.842777132987976074e-02
6.827636063098907471e-02
6.817290931940078735e-02
6.811773777008056641e-02
6.810914725065231323e-02
6.814397871494293213e-02
6.821618229150772095e-02
6.831701844930648804e-02
6.843361258506774902e-02
6.854854524135589600e-02
6.864218413829803467e-02
6.869789958000183105e-02
6.870725750923156738e-02
6.867179274559020996e-02
6.859984248876571655e-02
6.850025802850723267e-02
6.837777048349380493e-02
6.824437528848648071e-02
6.813708692789077759e-02
6.799756735563278198e-02
6.773915886878967285e-02
6.729000806808471680e-02
6.660436093807220459e-02
6.575512140989303589e-02
6.489526480436325073e-02
6.413759291172027588e-02
6.355802714824676514e-02
6.324119865894317627e-02
6.318132579326629639e-02
6.324897706508636475e-02
6.337206810712814331e-02
6.353440135717391968e-02
6.371700763702392578e-02
6.395749002695083618e-02
6.425465643405914307e-02
6.450320035219192505e-02
6.466692686080932617e-02
6.465973705053329468e-02
6.459464877843856812e-02
6.447882950305938721e-02
6.429327279329299927e-02
6.415053457021713257e-02
6.411045044660568237e-02
6.412669271230697632e-02
6.412700563669204712e-02
6.414397060871124268e-02
6.422038376331329346e-02
6.431301683187484741e-02
6.438589841127395630e-02
6.442653387784957886e-02
6.443587690591812134e-02
6.442238390445709229e-02
6.439835578203201294e-02
6.437663733959197998e-02
6.436754018068313599e-02
6.437638401985168457e-02
6.440321356058120728e-02
6.444349884986877441e-02
6.449051201343536377e-02
6.453761458396911621e-02
6.457968801259994507e-02
6.461386382579803467e-02
6.463894993066787720e-02
6.465507298707962036e-02
6.466340273618698120e-02
6.466560065746307373e-02
6.466367840766906738e-02
6.465955078601837158e-02
6.465516239404678345e-02
6.465244293212890625e-02
6.465303152799606323e-02
6.465908139944076538e-02
6.467279046773910522e-02
6.469720602035522461e-02
6.473609805107116699e-02
6.479403376579284668e-02
6.487224996089935303e-02
6.494943797588348389e-02
6.506693363189697266e-02
6.537940353155136108e-02
6.545251607894897461e-02
6.553623080253601074e-02
6.550037860870361328e-02
6.527373939752578735e-02
6.513604521751403809e-02
6.506234407424926758e-02
6.501445174217224121e-02
6.496389955282211304e-02
6.493192166090011597e-02
6.496405601501464844e-02
6.498490273952484131e-02
6.497287005186080933e-02
6.503462046384811401e-02
6.503087282180786133e-02
6.495934724807739258e-02
6.497804075479507446e-02
6.520912796258926392e-02
6.548243016004562378e-02
6.553912162780761719e-02
6.554380059242248535e-02
6.544108688831329346e-02
6.530169397592544556e-02
6.512729823589324951e-02
6.491588801145553589e-02
6.468906998634338379e-02
6.449472159147262573e-02
6.438469886779785156e-02
6.437452882528305054e-02
6.443124264478683472e-02
6.447894126176834106e-02
6.451863050460815430e-02
6.456646323204040527e-02
6.462661921977996826e-02
6.469817459583282471e-02
6.478421390056610107e-02
6.489198654890060425e-02
6.503088027238845825e-02
6.521028280258178711e-02
6.543490290641784668e-02
6.569863855838775635e-02
6.596970558166503906e-02
6.613422185182571411e-02
6.601604819297790527e-02
6.567364931106567383e-02
6.527408957481384277e-02
6.490663439035415649e-02
6.455860286951065063e-02
6.416960060596466064e-02
6.397581100463867188e-02
6.377744674682617188e-02
6.359300762414932251e-02
6.353009492158889771e-02
6.352443248033523560e-02
6.350436061620712280e-02
6.346429884433746338e-02
6.341345608234405518e-02
6.335929036140441895e-02
6.330741196870803833e-02
6.326361745595932007e-02
6.323207914829254150e-02
6.321474164724349976e-02
6.321155279874801636e-02
6.322167068719863892e-02
6.324297934770584106e-02
6.327267736196517944e-02
6.330753117799758911e-02
6.334417313337326050e-02
6.338014453649520874e-02
6.341367959976196289e-02
6.344449520111083984e-02
6.347435712814331055e-02
6.350858509540557861e-02
6.355543434619903564e-02
6.361301988363265991e-02
6.368390470743179321e-02
6.382801383733749390e-02
6.413521617650985718e-02
6.499969214200973511e-02
6.520318984985351562e-02
6.514146178960800171e-02
6.730873137712478638e-02
6.945423036813735962e-02
7.349865138530731201e-02
7.400807738304138184e-02
7.194530218839645386e-02
6.612964719533920288e-02
6.463970243930816650e-02
6.375652551651000977e-02
6.378766149282455444e-02
7.060543447732925415e-02
7.748359441757202148e-02
7.471098005771636963e-02
7.741124927997589111e-02
7.195027917623519897e-02
6.657338887453079224e-02
6.891529262065887451e-02
7.142725586891174316e-02
7.125381380319595337e-02
7.159565389156341553e-02
6.953485310077667236e-02
6.658780574798583984e-02
6.735567748546600342e-02
6.877287477254867554e-02
6.790417432785034180e-02
6.955163925886154175e-02
7.592035084962844849e-02
7.167159020900726318e-02
7.087161391973495483e-02
6.947517395019531250e-02
6.820815056562423706e-02
6.900935620069503784e-02
7.013714313507080078e-02
7.239092141389846802e-02
6.962724775075912476e-02
6.855219602584838867e-02
6.921175122261047363e-02
6.987002491950988770e-02
7.042851299047470093e-02
6.952883303165435791e-02
7.064177840948104858e-02
6.868073344230651855e-02
7.204409688711166382e-02
6.944401562213897705e-02
7.384603470563888550e-02
7.238031923770904541e-02
7.117792218923568726e-02
7.253903895616531372e-02
7.487030327320098877e-02
7.167211174964904785e-02
6.974671036005020142e-02
7.078270614147186279e-02
7.089833170175552368e-02
7.099083811044692993e-02
7.075090706348419189e-02
7.040144503116607666e-02
7.073675096035003662e-02
7.151019573211669922e-02
7.320675253868103027e-02
7.288971543312072754e-02
7.542730867862701416e-02
7.319170981645584106e-02
7.692474126815795898e-02
7.412988692522048950e-02
7.776853442192077637e-02
7.386269420385360718e-02
7.359250634908676147e-02
7.667244970798492432e-02
7.080804556608200073e-02
7.612808793783187866e-02
7.587562501430511475e-02
7.428719848394393921e-02
7.370647788047790527e-02
7.810325920581817627e-02
7.576677203178405762e-02
7.683440297842025757e-02
7.758510112762451172e-02
7.710229605436325073e-02
7.958260923624038696e-02
8.002559095621109009e-02
7.003246247768402100e-02
7.056186348199844360e-02
8.604770153760910034e-02
6.798356771469116211e-02
7.733339816331863403e-02
8.098973333835601807e-02
6.915140151977539062e-02
6.866694241762161255e-02
8.255461603403091431e-02
7.249753922224044800e-02
7.573746889829635620e-02
7.849932461977005005e-02
8.243618905544281006e-02
6.808867305517196655e-02
7.380462437868118286e-02
7.694958150386810303e-02
7.635481655597686768e-02
7.499045878648757935e-02
7.992319017648696899e-02
8.403101563453674316e-02
7.299385219812393188e-02
7.629971206188201904e-02
8.220811933279037476e-02
7.394325733184814453e-02
7.668472081422805786e-02
6.997971981763839722e-02
7.487144321203231812e-02
7.632461190223693848e-02
7.838074862957000732e-02
7.508096098899841309e-02
7.901457697153091431e-02
7.915125787258148193e-02
7.902424782514572144e-02
8.881937712430953979e-02
7.215964794158935547e-02
7.991173863410949707e-02
8.071449398994445801e-02
8.542117476463317871e-02
8.057945221662521362e-02
8.087247610092163086e-02
7.114262878894805908e-02
8.702350407838821411e-02
8.093857020139694214e-02
8.527814596891403198e-02
7.204353809356689453e-02
8.452431857585906982e-02
7.350482791662216187e-02
6.561787426471710205e-02
7.341836392879486084e-02
9.642975777387619019e-02
7.639753818511962891e-02
9.217527508735656738e-02
7.510113716125488281e-02
8.501064777374267578e-02
9.648919105529785156e-02
8.730882406234741211e-02
6.727274507284164429e-02
8.433321118354797363e-02
7.175634801387786865e-02
6.413597613573074341e-02
7.452489435672760010e-02
6.641216576099395752e-02
7.739707827568054199e-02
6.676620990037918091e-02
6.503964960575103760e-02
8.452567458152770996e-02
7.608320564031600952e-02
