1.920766532421112061e-01
1.884780824184417725e-01
1.884448826313018799e-01
1.884139329195022583e-01
1.883851885795593262e-01
1.883581131696701050e-01
1.883328706026077271e-01
1.883091926574707031e-01
1.882869601249694824e-01
1.882661581039428711e-01
1.882463246583938599e-01
1.882278323173522949e-01
1.882102787494659424e-01
1.881936341524124146e-01
1.881775110960006714e-01
1.881624013185501099e-01
1.881477236747741699e-01
1.881338208913803101e-01
1.881202608346939087e-01
1.881072074174880981e-01
1.880944669246673584e-01
1.880821138620376587e-01
1.880698502063751221e-01
1.880579888820648193e-01
1.880460530519485474e-01
1.880343854427337646e-01
1.880226880311965942e-01
1.880111396312713623e-01
1.879990845918655396e-01
1.879872679710388184e-01
1.879750937223434448e-01
1.879625022411346436e-01
1.879497319459915161e-01
1.879363507032394409e-01
1.879224926233291626e-01
1.879080981016159058e-01
1.878928393125534058e-01
1.878765374422073364e-01
1.878593862056732178e-01
1.878409385681152344e-01
1.878209710121154785e-01
1.877994090318679810e-01
1.877756267786026001e-01
1.877495944499969482e-01
1.877205222845077515e-01
1.876881271600723267e-01
1.876518279314041138e-01
1.876105964183807373e-01
1.875633746385574341e-01
1.875090897083282471e-01
1.874457895755767822e-01
1.873717010021209717e-01
1.872837543487548828e-01
1.871786415576934814e-01
1.870513558387756348e-01
1.868959516286849976e-01
1.867044121026992798e-01
1.864657551050186157e-01
1.861657053232192993e-01
1.857858896255493164e-01
1.853039711713790894e-01
1.846928447484970093e-01
1.839252859354019165e-01
1.829807460308074951e-01
1.818575710058212280e-01
1.805826425552368164e-01
1.792108416557312012e-01
1.778053343296051025e-01
1.764129549264907837e-01
1.750533729791641235e-01
1.737212687730789185e-01
1.723961681127548218e-01
1.710512936115264893e-01
1.696575880050659180e-01
1.681883037090301514e-01
1.666214466094970703e-01
1.649435013532638550e-01
1.631550937891006470e-01
1.612724810838699341e-01
1.593280136585235596e-01
1.573606729507446289e-01
1.554080694913864136e-01
1.535121202468872070e-01
1.517236828804016113e-01
1.500870883464813232e-01
1.486250758171081543e-01
1.473391056060791016e-01
1.462201327085494995e-01
1.452575176954269409e-01
1.444384902715682983e-01
1.437467485666275024e-01
1.431627571582794189e-01
1.426662057638168335e-01
1.422393023967742920e-01
1.418680548667907715e-01
1.415422260761260986e-01
1.412535607814788818e-01
1.409960389137268066e-01
1.407647877931594849e-01
1.405557841062545776e-01
1.403656750917434692e-01
1.401918828487396240e-01
1.400317996740341187e-01
1.398832052946090698e-01
1.397438347339630127e-01
1.396118253469467163e-01
1.394855082035064697e-01
1.393635571002960205e-01
1.392449289560317993e-01
1.391287744045257568e-01
1.390144526958465576e-01
1.389006823301315308e-01
1.387853622436523438e-01
1.386655718088150024e-01
1.385373920202255249e-01
1.383972167968750000e-01
1.382422149181365967e-01
1.380710601806640625e-01
1.378836929798126221e-01
1.376816183328628540e-01
1.374677568674087524e-01
1.372457295656204224e-01
1.370168328285217285e-01
1.367799192667007446e-01
1.365298032760620117e-01
1.362600177526473999e-01
1.359619200229644775e-01
1.356257200241088867e-01
1.352395266294479370e-01
1.347885876893997192e-01
1.342551857233047485e-01
1.336161792278289795e-01
1.328431218862533569e-01
1.319013237953186035e-01
1.307521313428878784e-01
1.293620914220809937e-01
1.277223080396652222e-01
1.258731782436370850e-01
1.239103153347969055e-01
1.219545006752014160e-01
1.201040372252464294e-01
1.184035688638687134e-01
1.168400272727012634e-01
1.153572499752044678e-01
1.138755232095718384e-01
1.123153343796730042e-01
1.106242164969444275e-01
1.088019311428070068e-01
1.069036200642585754e-01
1.050044074654579163e-01
1.031569913029670715e-01
1.013824343681335449e-01
9.968374669551849365e-02
9.805775433778762817e-02
9.650188684463500977e-02
9.502254426479339600e-02
9.363505989313125610e-02
9.235021471977233887e-02
9.116852283477783203e-02
9.008949995040893555e-02
8.911133557558059692e-02
8.822133392095565796e-02
8.739422261714935303e-02
8.660402148962020874e-02
8.582828938961029053e-02
8.505772054195404053e-02
8.430831879377365112e-02
8.360135555267333984e-02
8.294019103050231934e-02
8.231922984123229980e-02
8.174327760934829712e-02
8.123636990785598755e-02
8.081390708684921265e-02
8.044278621673583984e-02
8.008724451065063477e-02
7.973803579807281494e-02
7.939947396516799927e-02
7.907240092754364014e-02
7.874847203493118286e-02
7.842358946800231934e-02
7.809843868017196655e-02
7.777381688356399536e-02
7.745020091533660889e-02
7.712876051664352417e-02
7.681091129779815674e-02
7.649835199117660522e-02
7.619208097457885742e-02
7.589203119277954102e-02
7.559678703546524048e-02
7.530453801155090332e-02
7.501331716775894165e-02
7.472260296344757080e-02
7.443353533744812012e-02
7.414837926626205444e-02
7.386987656354904175e-02
7.360096275806427002e-02
7.334431260824203491e-02
7.310208678245544434e-02
7.287537306547164917e-02
7.266384363174438477e-02
7.246591150760650635e-02
7.227875292301177979e-02
7.209927588701248169e-02
7.192470133304595947e-02
7.175335288047790527e-02
7.158492505550384521e-02
7.141964882612228394e-02
7.125742733478546143e-02
7.109683752059936523e-02
7.093453407287597656e-02
7.076583802700042725e-02
7.059064507484436035e-02
7.042299211025238037e-02
7.026642560958862305e-02
7.009802758693695068e-02
6.990525126457214355e-02
6.969183683395385742e-02
6.946971267461776733e-02
6.924612075090408325e-02
6.901477277278900146e-02
6.876225024461746216e-02
6.848733127117156982e-02
6.825893372297286987e-02
6.814038008451461792e-02
6.807892024517059326e-02
6.799684464931488037e-02
6.789188832044601440e-02
6.778206676244735718e-02
6.768298149108886719e-02
6.755080074071884155e-02
6.740301102399826050e-02
6.729806214570999146e-02
6.719175726175308228e-02
6.705315411090850830e-02
6.685873866081237793e-02
6.663273274898529053e-02
6.643445789813995361e-02
6.627840548753738403e-02
6.611652672290802002e-02
6.590997427701950073e-02
6.568077951669692993e-02
6.545647978782653809e-02
6.524498015642166138e-02
6.504839658737182617e-02
6.486574560403823853e-02
6.469397246837615967e-02
6.453017145395278931e-02
6.437226384878158569e-02
6.421887129545211792e-02
6.406890600919723511e-02
6.392089277505874634e-02
6.377334892749786377e-02
6.362507492303848267e-02
6.347620487213134766e-02
6.332761794328689575e-02
6.318112462759017944e-02
6.303808093070983887e-02
6.289988756179809570e-02
6.276736408472061157e-02
6.264106184244155884e-02
6.252108514308929443e-02
6.240781769156455994e-02
6.230132654309272766e-02
6.220188736915588379e-02
6.211002916097640991e-02
6.202663853764533997e-02
6.195327267050743103e-02
6.189275160431861877e-02
6.185086444020271301e-02
6.184013187885284424e-02
6.189401820302009583e-02
6.209472566843032837e-02
6.246611475944519043e-02
6.268139928579330444e-02
6.269451975822448730e-02
6.245888024568557739e-02
6.210803613066673279e-02
6.193852797150611877e-02
6.182514131069183350e-02
6.173646822571754456e-02
6.166524812579154968e-02
6.160453334450721741e-02
6.155296787619590759e-02
6.150316447019577026e-02
6.143376231193542480e-02
6.132939830422401428e-02
6.120523065328598022e-02
6.107101961970329285e-02
6.094153597950935364e-02
6.089253723621368408e-02
6.089772656559944153e-02
6.085177883505821228e-02
6.065759807825088501e-02
6.029509752988815308e-02
6.007296964526176453e-02
5.988136678934097290e-02
5.966649949550628662e-02
5.943049490451812744e-02
5.918489769101142883e-02
5.896021798253059387e-02
5.880579724907875061e-02
5.876879766583442688e-02
5.884259939193725586e-02
5.894457921385765076e-02
5.898153036832809448e-02
5.894521251320838928e-02
5.886855348944664001e-02
5.877504870295524597e-02
5.867483839392662048e-02
5.857104808092117310e-02
5.846428126096725464e-02
5.835391208529472351e-02
5.823744833469390869e-02
5.811168625950813293e-02
5.798820778727531433e-02
5.790712684392929077e-02
5.782487243413925171e-02
5.762513354420661926e-02
5.735228210687637329e-02
5.708593130111694336e-02
5.685994401574134827e-02
5.668022111058235168e-02
5.656718090176582336e-02
5.651883035898208618e-02
5.651173368096351624e-02
5.651561543345451355e-02
5.651633068919181824e-02
5.650443211197853088e-02
5.647553503513336182e-02
5.643346533179283142e-02
5.638522282242774963e-02
5.633710324764251709e-02
5.629378184676170349e-02
5.625757947564125061e-02
5.622848868370056152e-02
5.620477721095085144e-02
5.618352070450782776e-02
5.616144835948944092e-02
5.613492429256439209e-02
5.610038712620735168e-02
5.605484545230865479e-02
5.599592253565788269e-02
5.592210963368415833e-02
5.583338439464569092e-02
5.573166906833648682e-02
5.562285333871841431e-02
5.552269518375396729e-02
5.546970292925834656e-02
5.550759658217430115e-02
5.567733198404312134e-02
5.612459033727645874e-02
5.666691437363624573e-02
5.656220018863677979e-02
5.590156465768814087e-02
5.635898560285568237e-02
5.653794109821319580e-02
5.781650170683860779e-02
5.987412482500076294e-02
5.898975953459739685e-02
5.868383124470710754e-02
5.794394761323928833e-02
5.753400549292564392e-02
5.798714235424995422e-02
5.812700837850570679e-02
5.817298218607902527e-02
5.782832950353622437e-02
5.764133483171463013e-02
5.743356049060821533e-02
5.719396471977233887e-02
5.684219673275947571e-02
5.730267614126205444e-02
5.679216235876083374e-02
5.651213973760604858e-02
5.647705495357513428e-02
5.635312199592590332e-02
5.564401671290397644e-02
5.480868741869926453e-02
5.549168959259986877e-02
5.449765175580978394e-02
5.535003170371055603e-02
5.465567857027053833e-02
5.563937872648239136e-02
5.519990250468254089e-02
5.352404341101646423e-02
5.407453328371047974e-02
5.378655716776847839e-02
5.385075509548187256e-02
5.523743852972984314e-02
5.454869568347930908e-02
5.401045829057693481e-02
5.412404239177703857e-02
5.245725437998771667e-02
5.242214351892471313e-02
5.242566764354705811e-02
5.416517704725265503e-02
5.189098790287971497e-02
5.370844900608062744e-02
5.218815803527832031e-02
5.132161080837249756e-02
5.101100727915763855e-02
5.122650042176246643e-02
5.004854500293731689e-02
5.082352831959724426e-02
4.975137859582901001e-02
4.938368126749992371e-02
4.930822551250457764e-02
4.906959459185600281e-02
4.894212633371353149e-02
4.903000965714454651e-02
4.935123771429061890e-02
4.962112382054328918e-02
4.986034333705902100e-02
5.054843798279762268e-02
5.120106041431427002e-02
4.870551824569702148e-02
5.197256803512573242e-02
4.846878349781036377e-02
5.202538147568702698e-02
5.042526125907897949e-02
4.720652848482131958e-02
4.867460578680038452e-02
4.798220843076705933e-02
4.839680716395378113e-02
4.911145195364952087e-02
4.974941909313201904e-02
4.660825058817863464e-02
4.645010456442832947e-02
4.938172176480293274e-02
4.635042697191238403e-02
4.623902961611747742e-02
4.914761707186698914e-02
4.860076680779457092e-02
4.692909866571426392e-02
5.102929472923278809e-02
4.820289835333824158e-02
4.777064546942710876e-02
5.149192735552787781e-02
4.989818856120109558e-02
4.755441099405288696e-02
4.909397661685943604e-02
4.867172241210937500e-02
4.795918986201286316e-02
4.944980517029762268e-02
4.963217303156852722e-02
4.806831479072570801e-02
4.683840647339820862e-02
4.739579558372497559e-02
4.845601320266723633e-02
4.675430431962013245e-02
4.790904000401496887e-02
4.792883247137069702e-02
4.719090089201927185e-02
4.714870080351829529e-02
5.212045833468437195e-02
4.926272854208946228e-02
4.925714805722236633e-02
4.539069905877113342e-02
4.662824049592018127e-02
4.821013659238815308e-02
4.562046751379966736e-02
4.738605394959449768e-02
4.626133292913436890e-02
4.552334547042846680e-02
4.653688147664070129e-02
4.824193194508552551e-02
4.772426560521125793e-02
4.788542911410331726e-02
4.684503749012947083e-02
4.545085877180099487e-02
4.531924799084663391e-02
4.732052609324455261e-02
5.336311459541320801e-02
4.603911936283111572e-02
4.715061932802200317e-02
5.181054398417472839e-02
4.623462632298469543e-02
4.544918611645698547e-02
4.831643775105476379e-02
5.340140312910079956e-02
4.634048417210578918e-02
4.604509472846984863e-02
4.512601718306541443e-02
4.680715873837471008e-02
4.487465322017669678e-02
4.423217102885246277e-02
4.554541781544685364e-02
4.526365548372268677e-02
4.383550211787223816e-02
4.458682611584663391e-02
4.646233096718788147e-02
4.483025521039962769e-02
4.469552636146545410e-02
4.684896022081375122e-02
4.513287916779518127e-02
4.347111284732818604e-02
4.511952772736549377e-02
4.568533971905708313e-02
4.727205261588096619e-02
4.517666622996330261e-02
5.065223202109336853e-02
