2.305986732244491577e-01
2.505543231964111328e-01
2.483370304107666016e-01
2.483370304107666016e-01
2.483370304107666016e-01
2.483370304107666016e-01
2.483370304107666016e-01
2.483370304107666016e-01
2.483370304107666016e-01
2.461197376251220703e-01
2.461197376251220703e-01
2.461197376251220703e-01
2.439024448394775391e-01
2.439024448394775391e-01
2.439024448394775391e-01
2.439024448394775391e-01
2.439024448394775391e-01
2.416851371526718140e-01
2.439024448394775391e-01
2.439024448394775391e-01
2.439024448394775391e-01
2.439024448394775391e-01
2.439024448394775391e-01
2.461197376251220703e-01
2.483370304107666016e-01
2.505543231964111328e-01
2.505543231964111328e-01
2.483370304107666016e-01
2.483370304107666016e-01
2.505543231964111328e-01
2.505543231964111328e-01
2.461197376251220703e-01
2.439024448394775391e-01
2.439024448394775391e-01
2.439024448394775391e-01
2.439024448394775391e-01
2.439024448394775391e-01
2.461197376251220703e-01
2.461197376251220703e-01
2.461197376251220703e-01
2.439024448394775391e-01
2.439024448394775391e-01
2.416851371526718140e-01
2.416851371526718140e-01
2.394678443670272827e-01
2.416851371526718140e-01
2.416851371526718140e-01
2.416851371526718140e-01
2.416851371526718140e-01
2.439024448394775391e-01
2.483370304107666016e-01
2.483370304107666016e-01
2.549889087677001953e-01
2.527716159820556641e-01
2.439024448394775391e-01
2.461197376251220703e-01
2.461197376251220703e-01
2.416851371526718140e-01
2.461197376251220703e-01
2.616407871246337891e-01
2.638580799102783203e-01
2.660754024982452393e-01
2.749445736408233643e-01
2.904656231403350830e-01
3.104212880134582520e-01
3.126385807991027832e-01
3.325942456722259521e-01
3.414634168148040771e-01
3.525498807430267334e-01
3.658536672592163086e-01
3.614190816879272461e-01
3.725055456161499023e-01
3.835920095443725586e-01
4.013303816318511963e-01
4.146341383457183838e-01
4.146341383457183838e-01
4.257206320762634277e-01
4.323725104331970215e-01
4.456762671470642090e-01
4.523281455039978027e-01
4.478935599327087402e-01
4.589800536632537842e-01
4.611973464488983154e-01
4.678492248058319092e-01
4.745011031627655029e-01
4.855875968933105469e-01
4.922394752502441406e-01
5.099778175354003906e-01
5.121951103210449219e-01
5.121951103210449219e-01
5.099778175354003906e-01
5.099778175354003906e-01
5.055432319641113281e-01
5.099778175354003906e-01
5.121951103210449219e-01
5.188469886779785156e-01
5.210642814636230469e-01
5.232815742492675781e-01
5.232815742492675781e-01
5.232815742492675781e-01
5.232815742492675781e-01
5.232815742492675781e-01
5.254988670349121094e-01
5.277161598205566406e-01
5.277161598205566406e-01
5.277161598205566406e-01
5.254988670349121094e-01
5.277161598205566406e-01
5.299334526062011719e-01
5.321508049964904785e-01
5.321508049964904785e-01
5.321508049964904785e-01
5.321508049964904785e-01
5.321508049964904785e-01
5.299334526062011719e-01
5.299334526062011719e-01
5.277161598205566406e-01
5.277161598205566406e-01
5.299334526062011719e-01
5.299334526062011719e-01
5.343680977821350098e-01
5.343680977821350098e-01
5.343680977821350098e-01
5.365853905677795410e-01
5.388026833534240723e-01
5.365853905677795410e-01
5.410199761390686035e-01
5.388026833534240723e-01
5.454545617103576660e-01
5.432372689247131348e-01
5.454545617103576660e-01
5.454545617103576660e-01
5.609756112098693848e-01
5.720620751380920410e-01
5.764966607093811035e-01
5.898004174232482910e-01
5.898004174232482910e-01
5.964523553848266602e-01
5.920177102088928223e-01
6.053215265274047852e-01
6.119734048843383789e-01
6.119734048843383789e-01
6.230598688125610352e-01
6.230598688125610352e-01
6.274944543838500977e-01
6.363636255264282227e-01
6.407982110977172852e-01
6.518846750259399414e-01
6.585366129875183105e-01
6.629711985588073730e-01
6.651884913444519043e-01
6.740576624870300293e-01
6.740576624870300293e-01
6.829268336296081543e-01
6.873614192008972168e-01
6.917960047721862793e-01
6.940132975578308105e-01
7.028824687004089355e-01
7.117516398429870605e-01
7.206208705902099609e-01
7.250554561614990234e-01
7.361419200897216797e-01
7.427937984466552734e-01
7.361419200897216797e-01
7.339246273040771484e-01
7.317073345184326172e-01
7.383592128753662109e-01
7.472283840179443359e-01
7.450110912322998047e-01
7.427937984466552734e-01
7.450110912322998047e-01
7.472283840179443359e-01
7.472283840179443359e-01
7.494456768035888672e-01
7.494456768035888672e-01
7.538802623748779297e-01
7.538802623748779297e-01
7.538802623748779297e-01
7.538802623748779297e-01
7.516629695892333984e-01
7.516629695892333984e-01
7.516629695892333984e-01
7.516629695892333984e-01
7.516629695892333984e-01
7.494456768035888672e-01
7.516629695892333984e-01
7.560975551605224609e-01
7.605321407318115234e-01
7.583148479461669922e-01
7.605321407318115234e-01
7.627494335174560547e-01
7.583148479461669922e-01
7.627494335174560547e-01
7.627494335174560547e-01
7.649667263031005859e-01
7.649667263031005859e-01
7.627494335174560547e-01
7.671840190887451172e-01
7.649667263031005859e-01
7.649667263031005859e-01
7.627494335174560547e-01
7.649667263031005859e-01
7.627494335174560547e-01
7.649667263031005859e-01
7.649667263031005859e-01
7.649667263031005859e-01
7.627494335174560547e-01
7.627494335174560547e-01
7.627494335174560547e-01
7.649667263031005859e-01
7.649667263031005859e-01
7.671840190887451172e-01
7.627494335174560547e-01
7.605321407318115234e-01
7.605321407318115234e-01
7.605321407318115234e-01
7.649667263031005859e-01
7.649667263031005859e-01
7.671840190887451172e-01
7.694013118743896484e-01
7.716186046600341797e-01
7.738358974456787109e-01
7.716186046600341797e-01
7.782704830169677734e-01
7.804877758026123047e-01
7.782704830169677734e-01
7.804877758026123047e-01
7.782704830169677734e-01
7.782704830169677734e-01
7.782704830169677734e-01
7.716186046600341797e-01
7.716186046600341797e-01
7.760531902313232422e-01
7.804877758026123047e-01
7.827051281929016113e-01
7.849224209785461426e-01
7.827051281929016113e-01
7.827051281929016113e-01
7.827051281929016113e-01
7.827051281929016113e-01
7.871397137641906738e-01
7.871397137641906738e-01
7.871397137641906738e-01
7.871397137641906738e-01
7.893570065498352051e-01
7.893570065498352051e-01
7.893570065498352051e-01
7.871397137641906738e-01
7.893570065498352051e-01
7.915742993354797363e-01
7.937915921211242676e-01
7.937915921211242676e-01
7.982261776924133301e-01
7.982261776924133301e-01
7.960088849067687988e-01
7.982261776924133301e-01
7.982261776924133301e-01
7.982261776924133301e-01
7.960088849067687988e-01
8.004434704780578613e-01
8.004434704780578613e-01
8.004434704780578613e-01
7.982261776924133301e-01
7.982261776924133301e-01
8.004434704780578613e-01
8.004434704780578613e-01
8.026607632637023926e-01
8.026607632637023926e-01
8.026607632637023926e-01
8.026607632637023926e-01
8.070953488349914551e-01
8.070953488349914551e-01
8.048780560493469238e-01
8.070953488349914551e-01
8.093126416206359863e-01
8.093126416206359863e-01
8.115299344062805176e-01
8.159645199775695801e-01
8.159645199775695801e-01
8.137472271919250488e-01
8.181818127632141113e-01
8.181818127632141113e-01
8.181818127632141113e-01
8.181818127632141113e-01
8.181818127632141113e-01
8.203991055488586426e-01
8.203991055488586426e-01
8.181818127632141113e-01
8.203991055488586426e-01
8.203991055488586426e-01
8.203991055488586426e-01
8.226163983345031738e-01
8.292682766914367676e-01
8.292682766914367676e-01
8.292682766914367676e-01
8.270509839057922363e-01
8.292682766914367676e-01
8.314855694770812988e-01
8.337028622627258301e-01
8.314855694770812988e-01
8.314855694770812988e-01
8.314855694770812988e-01
8.314855694770812988e-01
8.314855694770812988e-01
8.292682766914367676e-01
8.314855694770812988e-01
8.337028622627258301e-01
8.337028622627258301e-01
8.337028622627258301e-01
8.314855694770812988e-01
8.314855694770812988e-01
8.314855694770812988e-01
8.359201550483703613e-01
8.359201550483703613e-01
8.381374478340148926e-01
8.359201550483703613e-01
8.359201550483703613e-01
8.403547406196594238e-01
8.403547406196594238e-01
8.447893857955932617e-01
8.470066785812377930e-01
8.447893857955932617e-01
8.403547406196594238e-01
8.403547406196594238e-01
8.425720334053039551e-01
8.381374478340148926e-01
8.381374478340148926e-01
8.381374478340148926e-01
8.359201550483703613e-01
8.359201550483703613e-01
8.381374478340148926e-01
8.381374478340148926e-01
8.381374478340148926e-01
8.425720334053039551e-01
8.425720334053039551e-01
8.470066785812377930e-01
8.492239713668823242e-01
8.492239713668823242e-01
8.470066785812377930e-01
8.470066785812377930e-01
8.492239713668823242e-01
8.492239713668823242e-01
8.558758497238159180e-01
8.580931425094604492e-01
8.536585569381713867e-01
8.536585569381713867e-01
8.558758497238159180e-01
8.580931425094604492e-01
8.536585569381713867e-01
8.558758497238159180e-01
8.514412641525268555e-01
8.536585569381713867e-01
8.514412641525268555e-01
8.536585569381713867e-01
8.492239713668823242e-01
8.470066785812377930e-01
8.314855694770812988e-01
8.359201550483703613e-01
8.381374478340148926e-01
8.314855694770812988e-01
8.470066785812377930e-01
8.470066785812377930e-01
8.470066785812377930e-01
8.425720334053039551e-01
8.403547406196594238e-01
8.381374478340148926e-01
8.425720334053039551e-01
8.447893857955932617e-01
8.470066785812377930e-01
8.470066785812377930e-01
8.359201550483703613e-01
8.403547406196594238e-01
8.492239713668823242e-01
8.403547406196594238e-01
8.425720334053039551e-01
8.447893857955932617e-01
8.447893857955932617e-01
8.492239713668823242e-01
8.447893857955932617e-01
8.447893857955932617e-01
8.470066785812377930e-01
8.470066785812377930e-01
8.536585569381713867e-01
8.514412641525268555e-01
8.514412641525268555e-01
8.470066785812377930e-01
8.470066785812377930e-01
8.403547406196594238e-01
8.447893857955932617e-01
8.536585569381713867e-01
8.580931425094604492e-01
8.647450208663940430e-01
8.603104352951049805e-01
8.625277280807495117e-01
8.381374478340148926e-01
8.647450208663940430e-01
8.381374478340148926e-01
8.625277280807495117e-01
8.669623136520385742e-01
8.669623136520385742e-01
8.736141920089721680e-01
8.713968992233276367e-01
8.691796064376831055e-01
8.758314847946166992e-01
8.669623136520385742e-01
8.691796064376831055e-01
8.669623136520385742e-01
8.669623136520385742e-01
8.669623136520385742e-01
8.625277280807495117e-01
8.713968992233276367e-01
8.691796064376831055e-01
8.691796064376831055e-01
8.603104352951049805e-01
8.736141920089721680e-01
8.603104352951049805e-01
8.713968992233276367e-01
8.625277280807495117e-01
8.625277280807495117e-01
8.713968992233276367e-01
8.713968992233276367e-01
8.736141920089721680e-01
8.780487775802612305e-01
8.691796064376831055e-01
8.691796064376831055e-01
8.713968992233276367e-01
8.780487775802612305e-01
8.758314847946166992e-01
8.736141920089721680e-01
8.713968992233276367e-01
8.669623136520385742e-01
8.647450208663940430e-01
8.758314847946166992e-01
8.625277280807495117e-01
8.691796064376831055e-01
8.691796064376831055e-01
8.558758497238159180e-01
8.691796064376831055e-01
8.691796064376831055e-01
8.713968992233276367e-01
8.647450208663940430e-01
8.713968992233276367e-01
8.713968992233276367e-01
8.647450208663940430e-01
8.625277280807495117e-01
8.691796064376831055e-01
8.736141920089721680e-01
8.647450208663940430e-01
8.780487775802612305e-01
8.558758497238159180e-01
8.558758497238159180e-01
8.647450208663940430e-01
8.669623136520385742e-01
8.558758497238159180e-01
8.558758497238159180e-01
8.580931425094604492e-01
8.824833631515502930e-01
8.802660703659057617e-01
8.736141920089721680e-01
8.824833631515502930e-01
8.625277280807495117e-01
8.691796064376831055e-01
8.891352415084838867e-01
8.758314847946166992e-01
8.647450208663940430e-01
8.625277280807495117e-01
8.470066785812377930e-01
8.713968992233276367e-01
8.869179487228393555e-01
8.758314847946166992e-01
8.669623136520385742e-01
8.536585569381713867e-01
8.691796064376831055e-01
8.847006559371948242e-01
8.669623136520385742e-01
8.758314847946166992e-01
8.758314847946166992e-01
8.758314847946166992e-01
8.558758497238159180e-01
8.780487775802612305e-01
8.780487775802612305e-01
8.780487775802612305e-01
8.780487775802612305e-01
8.824833631515502930e-01
8.869179487228393555e-01
8.847006559371948242e-01
8.824833631515502930e-01
8.824833631515502930e-01
8.824833631515502930e-01
8.758314847946166992e-01
8.869179487228393555e-01
8.824833631515502930e-01
8.780487775802612305e-01
8.891352415084838867e-01
8.847006559371948242e-01
8.713968992233276367e-01
8.780487775802612305e-01
8.691796064376831055e-01
8.780487775802612305e-01
8.514412641525268555e-01
