1.957824230194091797e-01
1.949254125356674194e-01
1.940583437681198120e-01
1.931605339050292969e-01
1.922040730714797974e-01
1.911537051200866699e-01
1.899673789739608765e-01
1.886013299226760864e-01
1.870220005512237549e-01
1.852289587259292603e-01
1.832820624113082886e-01
1.813034415245056152e-01
1.794249117374420166e-01
1.777159571647644043e-01
1.761648356914520264e-01
1.747138798236846924e-01
1.732972860336303711e-01
1.718592792749404907e-01
1.703585386276245117e-01
1.687687337398529053e-01
1.670785546302795410e-01
1.652878522872924805e-01
1.633991003036499023e-01
1.613965481519699097e-01
1.592071950435638428e-01
1.566556245088577271e-01
1.535049825906753540e-01
1.496706306934356689e-01
1.453941464424133301e-01
1.410849392414093018e-01
1.370398551225662231e-01
1.333668231964111328e-01
1.300514191389083862e-01
1.270199716091156006e-01
1.241811141371726990e-01
1.214629411697387695e-01
1.188261508941650391e-01
1.162499561905860901e-01
1.137266978621482849e-01
1.112679094076156616e-01
1.089031845331192017e-01
1.066665574908256531e-01
1.045842394232749939e-01
1.026687249541282654e-01
1.009195297956466675e-01
9.932647645473480225e-02
9.787388890981674194e-02
9.654402732849121094e-02
9.531994909048080444e-02
9.418720752000808716e-02
9.313489496707916260e-02
9.215533733367919922e-02
9.124320745468139648e-02
9.039423614740371704e-02
8.960425108671188354e-02
8.886819332838058472e-02
8.818048983812332153e-02
8.753498643636703491e-02
8.692562580108642578e-02
8.634689450263977051e-02
8.579358458518981934e-02
8.526098728179931641e-02
8.474457263946533203e-02
8.424013108015060425e-02
8.374413847923278809e-02
8.325362950563430786e-02
8.276642113924026489e-02
8.228125423192977905e-02
8.179751783609390259e-02
8.131509274244308472e-02
8.083432167768478394e-02
8.035569638013839722e-02
7.987994700670242310e-02
7.940786331892013550e-02
7.894033938646316528e-02
7.847829163074493408e-02
7.802259176969528198e-02
7.757402956485748291e-02
7.713298499584197998e-02
7.669981569051742554e-02
7.627454400062561035e-02
7.585711032152175903e-02
7.544732093811035156e-02
7.504482567310333252e-02
7.464936375617980957e-02
7.426062226295471191e-02
7.387828826904296875e-02
7.350214570760726929e-02
7.313201576471328735e-02
7.276771217584609985e-02
7.240929454565048218e-02
7.205668091773986816e-02
7.170993834733963013e-02
7.136912643909454346e-02
7.103443890810012817e-02
7.070606201887130737e-02
7.038428634405136108e-02
7.006955891847610474e-02
6.976244598627090454e-02
6.946392357349395752e-02
6.917524337768554688e-02
6.889787316322326660e-02
6.863337755203247070e-02
6.838298588991165161e-02
6.814780086278915405e-02
6.792858988046646118e-02
6.772577762603759766e-02
6.753938645124435425e-02
6.736918538808822632e-02
6.721466034650802612e-02
6.707501411437988281e-02
6.694941967725753784e-02
6.683689355850219727e-02
6.673637032508850098e-02
6.664688140153884888e-02
6.656727939844131470e-02
6.649680435657501221e-02
6.643434613943099976e-02
6.637926399707794189e-02
6.633060425519943237e-02
6.628778576850891113e-02
6.625014543533325195e-02
6.621708720922470093e-02
6.618804484605789185e-02
6.616264581680297852e-02
6.614036113023757935e-02
6.612081080675125122e-02
6.610371917486190796e-02
6.608866900205612183e-02
6.607552617788314819e-02
6.606388092041015625e-02
6.605353951454162598e-02
6.604442000389099121e-02
6.603620201349258423e-02
6.602884829044342041e-02
6.602206826210021973e-02
6.601586937904357910e-02
6.601005047559738159e-02
6.600457429885864258e-02
6.599929928779602051e-02
6.599415093660354614e-02
6.598903238773345947e-02
6.598398089408874512e-02
6.597886234521865845e-02
6.597360968589782715e-02
6.596821546554565430e-02
6.596265733242034912e-02
6.595686078071594238e-02
6.595084816217422485e-02
6.594459712505340576e-02
6.593799591064453125e-02
6.593108922243118286e-02
6.592386215925216675e-02
6.591624766588211060e-02
6.590822339057922363e-02
6.589982658624649048e-02
6.589096784591674805e-02
6.588160991668701172e-02
6.587173044681549072e-02
6.586124002933502197e-02
6.585020571947097778e-02
6.583842635154724121e-02
6.582593172788619995e-02
6.581254303455352783e-02
6.579820811748504639e-02
6.578278541564941406e-02
6.576613336801528931e-02
6.574813276529312134e-02
6.572862714529037476e-02
6.570742279291152954e-02
6.568424403667449951e-02
6.565894931554794312e-02
6.563142687082290649e-02
6.560135632753372192e-02
6.556856632232666016e-02
6.553293019533157349e-02
6.549426913261413574e-02
6.545248627662658691e-02
6.540744751691818237e-02
6.535925716161727905e-02
6.530779600143432617e-02
6.525324285030364990e-02
6.519577652215957642e-02
6.513552367687225342e-02
6.507281959056854248e-02
6.500789523124694824e-02
6.494110077619552612e-02
6.487281620502471924e-02
6.480333954095840454e-02
6.473318487405776978e-02
6.466262787580490112e-02
6.459187716245651245e-02
6.452132016420364380e-02
6.445103138685226440e-02
6.438096612691879272e-02
6.431108713150024414e-02
6.424129754304885864e-02
6.417122483253479004e-02
6.410054117441177368e-02
6.402876973152160645e-02
6.395573168992996216e-02
6.388094276189804077e-02
6.380436569452285767e-02
6.372594088315963745e-02
6.364559382200241089e-02
6.356368958950042725e-02
6.348038464784622192e-02
6.339599937200546265e-02
6.331086158752441406e-02
6.322511285543441772e-02
6.313902884721755981e-02
6.305257230997085571e-02
6.296585500240325928e-02
6.287863105535507202e-02
6.279106438159942627e-02
6.270343810319900513e-02
6.261605769395828247e-02
6.252969056367874146e-02
6.244513019919395447e-02
6.236368790268898010e-02
6.228637322783470154e-02
6.221435591578483582e-02
6.214850023388862610e-02
6.208918616175651550e-02
6.203657388687133789e-02
6.199029833078384399e-02
6.194955110549926758e-02
6.191338226199150085e-02
6.188046559691429138e-02
6.184949353337287903e-02
6.181910634040832520e-02
6.178801134228706360e-02
6.175510585308074951e-02
6.171926110982894897e-02
6.167971342802047729e-02
6.163568422198295593e-02
6.158676370978355408e-02
6.153264269232749939e-02
6.147323176264762878e-02
6.140871345996856689e-02
6.133911013603210449e-02
6.126493588089942932e-02
6.118655949831008911e-02
6.110459566116333008e-02
6.101952493190765381e-02
6.093189865350723267e-02
6.084254756569862366e-02
6.075193360447883606e-02
6.066083535552024841e-02
6.056980416178703308e-02
6.047938764095306396e-02
6.039020419120788574e-02
6.030286103487014771e-02
6.021783128380775452e-02
6.013562157750129700e-02
6.005664914846420288e-02
5.998132377862930298e-02
5.990996956825256348e-02
5.984286218881607056e-02
5.978031083941459656e-02
5.972234904766082764e-02
5.966925248503684998e-02
5.962101370096206665e-02
5.957761779427528381e-02
5.953893810510635376e-02
5.950486660003662109e-02
5.947516113519668579e-02
5.944954976439476013e-02
5.942760035395622253e-02
5.940896272659301758e-02
5.939310044050216675e-02
5.937949195504188538e-02
5.936763808131217957e-02
5.935683846473693848e-02
5.934666469693183899e-02
5.933631584048271179e-02
5.932549387216567993e-02
5.931367352604866028e-02
5.930055305361747742e-02
5.928597971796989441e-02
5.927013605833053589e-02
5.925325304269790649e-02
5.923568829894065857e-02
5.921792984008789062e-02
5.920028313994407654e-02
5.918318033218383789e-02
5.916677415370941162e-02
5.915101990103721619e-02
5.913565680384635925e-02
5.912047624588012695e-02
5.910514295101165771e-02
5.908935144543647766e-02
5.907263234257698059e-02
5.905477702617645264e-02
5.903533473610877991e-02
5.901414901018142700e-02
5.899079889059066772e-02
5.896528065204620361e-02
5.893741175532341003e-02
5.890711769461631775e-02
5.887431278824806213e-02
5.883907526731491089e-02
5.880128219723701477e-02
5.876109004020690918e-02
5.871840566396713257e-02
5.867334455251693726e-02
5.862597748637199402e-02
5.857649818062782288e-02
5.852492898702621460e-02
5.847144499421119690e-02
5.841602385044097900e-02
5.835912376642227173e-02
5.830067396163940430e-02
5.824124440550804138e-02
5.818062648177146912e-02
5.811929702758789062e-02
5.805740505456924438e-02
5.799529701471328735e-02
5.793290957808494568e-02
5.787063390016555786e-02
5.780848488211631775e-02
5.774646252393722534e-02
5.768461152911186218e-02
5.762290582060813904e-02
5.756102502346038818e-02
5.749900639057159424e-02
5.743657425045967102e-02
5.737338587641716003e-02
5.730925872921943665e-02
5.724370107054710388e-02
5.717653781175613403e-02
5.710748210549354553e-02
5.703671276569366455e-02
5.696602165699005127e-02
5.690050870180130005e-02
5.685118585824966431e-02
5.683515593409538269e-02
5.686702206730842590e-02
5.694884434342384338e-02
5.707479640841484070e-02
5.723535642027854919e-02
5.741013213992118835e-02
5.757394060492515564e-02
5.771396309137344360e-02
5.783180519938468933e-02
5.793558061122894287e-02
5.803439766168594360e-02
5.813438445329666138e-02
5.823770165443420410e-02
5.834344029426574707e-02
5.845057964324951172e-02
5.855859816074371338e-02
5.866581946611404419e-02
5.876888334751129150e-02
5.886494740843772888e-02
5.895441770553588867e-02
5.904053524136543274e-02
5.912628769874572754e-02
5.921333283185958862e-02
5.930259823799133301e-02
5.939461663365364075e-02
5.949002504348754883e-02
5.958945676684379578e-02
5.969295278191566467e-02
5.980013683438301086e-02
5.991023778915405273e-02
6.002246215939521790e-02
6.013622879981994629e-02
6.025112047791481018e-02
6.036677584052085876e-02
6.048289313912391663e-02
6.059921160340309143e-02
6.071560829877853394e-02
6.083178892731666565e-02
6.094762682914733887e-02
6.106301397085189819e-02
6.117773056030273438e-02
6.129175797104835510e-02
6.140487268567085266e-02
6.151699647307395935e-02
6.162792816758155823e-02
6.173776835203170776e-02
6.184630841016769409e-02
6.195331737399101257e-02
6.205887347459793091e-02
6.216284632682800293e-02
6.226510182023048401e-02
6.236576288938522339e-02
6.246457621455192566e-02
6.256151944398880005e-02
6.265686452388763428e-02
6.275036185979843140e-02
6.284216046333312988e-02
6.293247640132904053e-02
6.302142888307571411e-02
6.310917437076568604e-02
6.319591403007507324e-02
6.328205019235610962e-02
6.336773931980133057e-02
6.345341354608535767e-02
6.353945285081863403e-02
6.362572312355041504e-02
6.371293216943740845e-02
6.380087882280349731e-02
6.389023363590240479e-02
6.397970020771026611e-02
6.407096236944198608e-02
6.416105479001998901e-02
6.425236910581588745e-02
6.434058398008346558e-02
6.442937254905700684e-02
6.451097130775451660e-02
6.459354609251022339e-02
6.466269493103027344e-02
6.473555415868759155e-02
6.478568166494369507e-02
6.484790891408920288e-02
6.487134844064712524e-02
6.492698192596435547e-02
6.491102278232574463e-02
6.498000770807266235e-02
6.489183753728866577e-02
6.503073871135711670e-02
6.478104740381240845e-02
6.515608727931976318e-02
6.448401510715484619e-02
6.555610150098800659e-02
6.393357366323471069e-02
6.524173915386199951e-02
6.354702264070510864e-02
6.357553601264953613e-02
6.494903564453125000e-02
6.361234188079833984e-02
6.368126720190048218e-02
6.466250121593475342e-02
6.401130557060241699e-02
6.380320340394973755e-02
6.478293240070343018e-02
6.374732404947280884e-02
6.491127610206604004e-02
6.336664408445358276e-02
6.509667634963989258e-02
6.439908593893051147e-02
6.594420969486236572e-02
6.338518857955932617e-02
6.517901271581649780e-02
6.433615833520889282e-02
6.593777984380722046e-02
6.515987217426300049e-02
6.499118357896804810e-02
6.545929610729217529e-02
6.468442827463150024e-02
6.479089707136154175e-02
6.451379507780075073e-02
6.449542194604873657e-02
6.422431766986846924e-02
6.431461125612258911e-02
6.403658539056777954e-02
6.411547958850860596e-02
6.393864005804061890e-02
6.395591795444488525e-02
6.387785077095031738e-02
6.385557353496551514e-02
6.383174657821655273e-02
6.379983574151992798e-02
6.378387659788131714e-02
6.375548243522644043e-02
6.373621523380279541e-02
6.371209025382995605e-02
6.369170546531677246e-02
6.367045640945434570e-02
6.365132331848144531e-02
6.363272666931152344e-02
6.361570209264755249e-02
6.359934806823730469e-02
6.358397006988525391e-02
6.356898695230484009e-02
6.355452537536621094e-02
6.354050338268280029e-02
6.352680921554565430e-02
6.351357698440551758e-02
6.350140273571014404e-02
6.349038332700729370e-02
6.348097324371337891e-02
6.347332894802093506e-02
6.346757709980010986e-02
6.346374005079269409e-02
6.346202641725540161e-02
6.346214562654495239e-02
6.346434354782104492e-02
6.346866488456726074e-02
6.347499787807464600e-02
6.348316371440887451e-02
6.349286437034606934e-02
6.350348889827728271e-02
6.351444125175476074e-02
6.352517753839492798e-02
6.353466212749481201e-02
6.354212015867233276e-02
6.354679912328720093e-02
