1.897536516189575195e-01
1.893868148326873779e-01
1.889474689960479736e-01
1.884711831808090210e-01
1.879344284534454346e-01
1.873089671134948730e-01
1.865611076354980469e-01
1.856547743082046509e-01
1.845575869083404541e-01
1.832534521818161011e-01
1.817623674869537354e-01
1.801527887582778931e-01
1.785262078046798706e-01
1.769707351922988892e-01
1.755215823650360107e-01
1.741609722375869751e-01
1.728432625532150269e-01
1.715172976255416870e-01
1.701363325119018555e-01
1.686593145132064819e-01
1.670500189065933228e-01
1.652711182832717896e-01
1.632804572582244873e-01
1.610294133424758911e-01
1.584687829017639160e-01
1.555678695440292358e-01
1.523455828428268433e-01
1.488915383815765381e-01
1.453465521335601807e-01
1.418390870094299316e-01
1.384367197751998901e-01
1.351421624422073364e-01
1.319237798452377319e-01
1.287528574466705322e-01
1.256294995546340942e-01
1.225837841629981995e-01
1.196562126278877258e-01
1.168788745999336243e-01
1.142689883708953857e-01
1.118312180042266846e-01
1.095623373985290527e-01
1.074582561850547791e-01
1.055179461836814880e-01
1.037410572171211243e-01
1.021233052015304565e-01
1.006549596786499023e-01
9.931990504264831543e-02
9.809919446706771851e-02
9.697403758764266968e-02
9.592870622873306274e-02
9.495120495557785034e-02
9.403304010629653931e-02
9.316835552453994751e-02
9.235244989395141602e-02
9.158173203468322754e-02
9.085290879011154175e-02
9.016260504722595215e-02
8.950778096914291382e-02
8.888499438762664795e-02
8.829078823328018188e-02
8.772125095129013062e-02
8.717203140258789062e-02
8.663911372423171997e-02
8.611854165792465210e-02
8.560705184936523438e-02
8.510177582502365112e-02
8.460108935832977295e-02
8.410383015871047974e-02
8.360955864191055298e-02
8.311824500560760498e-02
8.262991160154342651e-02
8.214490115642547607e-02
8.166339248418807983e-02
8.118575811386108398e-02
8.071266859769821167e-02
8.024538308382034302e-02
7.978519052267074585e-02
7.933383435010910034e-02
7.889296859502792358e-02
7.846392691135406494e-02
7.804758101701736450e-02
7.764465361833572388e-02
7.725532352924346924e-02
7.687953859567642212e-02
7.651720941066741943e-02
7.616788893938064575e-02
7.583119720220565796e-02
7.550643384456634521e-02
7.519313693046569824e-02
7.489070296287536621e-02
7.459866255521774292e-02
7.431675493717193604e-02
7.404479384422302246e-02
7.378282397985458374e-02
7.353086024522781372e-02
7.328875362873077393e-02
7.305572926998138428e-02
7.282973825931549072e-02
7.260749489068984985e-02
7.238529622554779053e-02
7.215968519449234009e-02
7.192921638488769531e-02
7.169423997402191162e-02
7.145676016807556152e-02
7.121901959180831909e-02
7.098319381475448608e-02
7.075089216232299805e-02
7.052306830883026123e-02
7.030036300420761108e-02
7.008297741413116455e-02
6.987092643976211548e-02
6.966410577297210693e-02
6.946231424808502197e-02
6.926517933607101440e-02
6.907239556312561035e-02
6.888366490602493286e-02
6.869860738515853882e-02
6.851684302091598511e-02
6.833807379007339478e-02
6.816191226243972778e-02
6.798812747001647949e-02
6.781638413667678833e-02
6.764661520719528198e-02
6.747855991125106812e-02
6.731206923723220825e-02
6.714718788862228394e-02
6.698382645845413208e-02
6.682191789150238037e-02
6.666149199008941650e-02
6.650254130363464355e-02
6.634506583213806152e-02
6.618911772966384888e-02
6.603461503982543945e-02
6.588162481784820557e-02
6.573005765676498413e-02
6.557989120483398438e-02
6.543108820915222168e-02
6.528353691101074219e-02
6.513729691505432129e-02
6.499213725328445435e-02
6.484808772802352905e-02
6.470508128404617310e-02
6.456294655799865723e-02
6.442177295684814453e-02
6.428140401840209961e-02
6.414183229207992554e-02
6.400295346975326538e-02
6.386474519968032837e-02
6.372722238302230835e-02
6.359030306339263916e-02
6.345399469137191772e-02
6.331829726696014404e-02
6.318312883377075195e-02
6.304844468832015991e-02
6.291419267654418945e-02
6.278048455715179443e-02
6.264719367027282715e-02
6.251431256532669067e-02
6.238178536295890808e-02
6.224959716200828552e-02
6.211772561073303223e-02
6.198610365390777588e-02
6.185471639037132263e-02
6.172352656722068787e-02
6.159250810742378235e-02
6.146156787872314453e-02
6.133073195815086365e-02
6.119999289512634277e-02
6.106934323906898499e-02
6.093862280249595642e-02
6.080805510282516479e-02
6.067750230431556702e-02
6.054703518748283386e-02
6.041673570871353149e-02
6.028657779097557068e-02
6.015670299530029297e-02
6.002714484930038452e-02
5.989810451865196228e-02
5.976964533329010010e-02
5.964194983243942261e-02
5.951505526900291443e-02
5.938928201794624329e-02
5.926476046442985535e-02
5.914160609245300293e-02
5.902012065052986145e-02
5.890038982033729553e-02
5.878259614109992981e-02
5.866699293255805969e-02
5.855372920632362366e-02
5.844298377633094788e-02
5.833497270941734314e-02
5.822984129190444946e-02
5.812769755721092224e-02
5.802860856056213379e-02
5.793265625834465027e-02
5.783977732062339783e-02
5.774970725178718567e-02
5.766220018267631531e-02
5.757693946361541748e-02
5.749338492751121521e-02
5.741099640727043152e-02
5.732932314276695251e-02
5.724779516458511353e-02
5.716584250330924988e-02
5.708314105868339539e-02
5.699906870722770691e-02
5.691340193152427673e-02
5.682569369673728943e-02
5.673591792583465576e-02
5.664401128888130188e-02
5.655019357800483704e-02
5.645491555333137512e-02
5.635898560285568237e-02
5.626315996050834656e-02
5.616841465234756470e-02
5.607557296752929688e-02
5.598546937108039856e-02
5.589882284402847290e-02
5.581584945321083069e-02
5.573670566082000732e-02
5.566116422414779663e-02
5.558851361274719238e-02
5.551781877875328064e-02
5.544786900281906128e-02
5.537771061062812805e-02
5.530635267496109009e-02
5.523310601711273193e-02
5.515760183334350586e-02
5.507968366146087646e-02
5.499941110610961914e-02
5.491686984896659851e-02
5.483223125338554382e-02
5.474577471613883972e-02
5.465776845812797546e-02
5.456831678748130798e-02
5.447781085968017578e-02
5.438636988401412964e-02
5.429431423544883728e-02
5.420175567269325256e-02
5.410893633961677551e-02
5.401601642370223999e-02
5.392312258481979370e-02
5.383038520812988281e-02
5.373788625001907349e-02
5.364575609564781189e-02
5.355401337146759033e-02
5.346275120973587036e-02
5.337203294038772583e-02
5.328188464045524597e-02
5.319232866168022156e-02
5.310348793864250183e-02
5.301523208618164062e-02
5.292770266532897949e-02
5.284088104963302612e-02
5.275478214025497437e-02
5.266948044300079346e-02
5.258490890264511108e-02
5.250120535492897034e-02
5.241829156875610352e-02
5.233618244528770447e-02
5.225497484207153320e-02
5.217458680272102356e-02
5.209505930542945862e-02
5.201636254787445068e-02
5.193850025534629822e-02
5.186149477958679199e-02
5.178522318601608276e-02
5.170973390340805054e-02
5.163493379950523376e-02
5.156082659959793091e-02
5.148730427026748657e-02
5.141428858041763306e-02
5.134177207946777344e-02
5.126968771219253540e-02
5.119788274168968201e-02
5.112634599208831787e-02
5.105491727590560913e-02
5.098349228501319885e-02
5.091190710663795471e-02
5.083995312452316284e-02
5.076739937067031860e-02
5.069397389888763428e-02
5.061937496066093445e-02
5.054341256618499756e-02
5.046583712100982666e-02
5.038655921816825867e-02
5.030559003353118896e-02
5.022293329238891602e-02
5.013873055577278137e-02
5.005317181348800659e-02
4.996649548411369324e-02
4.987895488739013672e-02
4.979077354073524475e-02
4.970219358801841736e-02
4.961340129375457764e-02
4.952456802129745483e-02
4.943582788109779358e-02
4.934725910425186157e-02
4.925887286663055420e-02
4.917078465223312378e-02
4.908300936222076416e-02
4.899550974369049072e-02
4.890836402773857117e-02
4.882155358791351318e-02
4.873500391840934753e-02
4.864879325032234192e-02
4.856294393539428711e-02
4.847735166549682617e-02
4.839205369353294373e-02
4.830705001950263977e-02
4.822221398353576660e-02
4.813754931092262268e-02
4.805296659469604492e-02
4.796837642788887024e-02
4.788368567824363708e-02
4.779874533414840698e-02
4.771349579095840454e-02
4.762781038880348206e-02
4.754164069890975952e-02
4.745477810502052307e-02
4.736717045307159424e-02
4.727873206138610840e-02
4.718927666544914246e-02
4.709872230887413025e-02
4.700700193643569946e-02
4.691381379961967468e-02
4.681902751326560974e-02
4.672235250473022461e-02
4.662341624498367310e-02
4.652175307273864746e-02
4.641664028167724609e-02
4.630704224109649658e-02
4.619159922003746033e-02
4.606848582625389099e-02
4.593579098582267761e-02
4.579254239797592163e-02
4.564024880528450012e-02
4.548557475209236145e-02
4.533813521265983582e-02
4.520184546709060669e-02
4.507651552557945251e-02
4.496028274297714233e-02
4.484653100371360779e-02
4.472535476088523865e-02
4.459389671683311462e-02
4.446039348840713501e-02
4.433701187372207642e-02
4.422831162810325623e-02
4.413025826215744019e-02
4.403667151927947998e-02
4.394331574440002441e-02
4.384899511933326721e-02
4.375428333878517151e-02
4.366010800004005432e-02
4.356713220477104187e-02
4.347535222768783569e-02
4.338417947292327881e-02
4.329277575016021729e-02
4.320085793733596802e-02
4.310862347483634949e-02
4.301658272743225098e-02
4.292525351047515869e-02
4.283491522073745728e-02
4.274570569396018982e-02
4.265756532549858093e-02
4.257040843367576599e-02
4.248428717255592346e-02
4.239924624562263489e-02
4.231525957584381104e-02
4.223240911960601807e-02
4.215071722865104675e-02
4.207007586956024170e-02
4.199042543768882751e-02
4.191164672374725342e-02
4.183376207947731018e-02
4.175665229558944702e-02
4.168033972382545471e-02
4.160469025373458862e-02
4.152975231409072876e-02
4.145548120141029358e-02
4.138193279504776001e-02
4.130903258919715881e-02
4.123682156205177307e-02
4.116530343890190125e-02
4.109448939561843872e-02
4.102440178394317627e-02
4.095501452684402466e-02
4.088639840483665466e-02
4.081854224205017090e-02
4.075149074196815491e-02
4.068526998162269592e-02
4.061981663107872009e-02
4.055527970194816589e-02
4.049168899655342102e-02
4.042893648147583008e-02
4.036718606948852539e-02
4.030638560652732849e-02
4.024656116962432861e-02
4.018774628639221191e-02
4.012992605566978455e-02
4.007317498326301575e-02
4.001739993691444397e-02
3.996264562010765076e-02
3.990891948342323303e-02
3.985609486699104309e-02
3.980430960655212402e-02
3.975345194339752197e-02
3.970342129468917847e-02
3.965424001216888428e-02
3.960569202899932861e-02
3.955787420272827148e-02
3.951051458716392517e-02
3.946372866630554199e-02
3.941702097654342651e-02
3.937081620097160339e-02
3.932425379753112793e-02
3.927831724286079407e-02
3.923128917813301086e-02
3.918550908565521240e-02
3.913728147745132446e-02
3.909208253026008606e-02
3.904110565781593323e-02
3.899852186441421509e-02
3.894102200865745544e-02
3.890800476074218750e-02
3.883314132690429688e-02
3.883766010403633118e-02
3.871730715036392212e-02
3.887359797954559326e-02
3.881628811359405518e-02
3.852866590023040771e-02
3.868312388658523560e-02
3.870623186230659485e-02
3.851196542382240295e-02
3.830690681934356689e-02
3.825732693076133728e-02
3.817689046263694763e-02
3.828397020697593689e-02
3.815206885337829590e-02
3.824146464467048645e-02
3.831730782985687256e-02
3.869260475039482117e-02
3.802420571446418762e-02
3.803954645991325378e-02
3.837236389517784119e-02
3.820759057998657227e-02
3.774074465036392212e-02
3.767859563231468201e-02
3.803649172186851501e-02
3.747174516320228577e-02
3.745779022574424744e-02
3.770638257265090942e-02
3.725648671388626099e-02
3.720181435346603394e-02
3.726929053664207458e-02
3.706428036093711853e-02
3.704373911023139954e-02
3.694176673889160156e-02
3.690113127231597900e-02
3.680306673049926758e-02
3.675238788127899170e-02
3.666324540972709656e-02
3.660554811358451843e-02
3.652372211217880249e-02
3.646136447787284851e-02
3.638441860675811768e-02
3.631724417209625244e-02
3.624358400702476501e-02
3.617346286773681641e-02
3.610114008188247681e-02
3.603021800518035889e-02
3.595866262912750244e-02
3.588764742016792297e-02
3.581628203392028809e-02
3.574483096599578857e-02
3.567282855510711670e-02
3.560026735067367554e-02
3.552709519863128662e-02
3.545334562659263611e-02
3.537918627262115479e-02
3.530469164252281189e-02
3.522992879152297974e-02
3.515518829226493835e-02
3.508054837584495544e-02
3.500651940703392029e-02
3.493318706750869751e-02
3.486039489507675171e-02
3.478773310780525208e-02
3.471481800079345703e-02
3.464106470346450806e-02
3.456618264317512512e-02
3.449003025889396667e-02
3.441277146339416504e-02
3.433479368686676025e-02
3.425634652376174927e-02
3.417764231562614441e-02
3.409857302904129028e-02
3.401881083846092224e-02
3.393797948956489563e-02
3.385582938790321350e-02
