1.972603201866149902e-01
1.923821866512298584e-01
1.875994205474853516e-01
1.827314049005508423e-01
1.778250038623809814e-01
1.729627102613449097e-01
1.682898849248886108e-01
1.639509350061416626e-01
1.599910408258438110e-01
1.563530862331390381e-01
1.529356986284255981e-01
1.496432274580001831e-01
1.464083492755889893e-01
1.431962251663208008e-01
1.400012522935867310e-01
1.368369162082672119e-01
1.337245553731918335e-01
1.306860744953155518e-01
1.277422159910202026e-01
1.249129772186279297e-01
1.222174689173698425e-01
1.196710690855979919e-01
1.172839254140853882e-01
1.150592863559722900e-01
1.129952296614646912e-01
1.110848411917686462e-01
1.093186661601066589e-01
1.076852604746818542e-01
1.061728522181510925e-01
1.047696173191070557e-01
1.034647449851036072e-01
1.022481247782707214e-01
1.011105328798294067e-01
1.000436097383499146e-01
9.904008358716964722e-02
9.809331595897674561e-02
9.719729423522949219e-02
9.634719789028167725e-02
9.553842246532440186e-02
9.476727247238159180e-02
9.403089433908462524e-02
9.332667291164398193e-02
9.265262633562088013e-02
9.200686961412429810e-02
9.138763695955276489e-02
9.079331904649734497e-02
9.022225439548492432e-02
8.967267721891403198e-02
8.914323151111602783e-02
8.863254636526107788e-02
8.813916891813278198e-02
8.766194432973861694e-02
8.719987422227859497e-02
8.675190806388854980e-02
8.631709963083267212e-02
8.589467406272888184e-02
8.548393845558166504e-02
8.508419245481491089e-02
8.469465374946594238e-02
8.431489020586013794e-02
8.394442498683929443e-02
8.358263224363327026e-02
8.322928845882415771e-02
8.288376033306121826e-02
8.254588395357131958e-02
8.221520483493804932e-02
8.189143985509872437e-02
8.157432079315185547e-02
8.126360177993774414e-02
8.095894753932952881e-02
8.066025376319885254e-02
8.036723732948303223e-02
8.007964491844177246e-02
7.979744672775268555e-02
7.952035218477249146e-02
7.924818247556686401e-02
7.898089289665222168e-02
7.871823757886886597e-02
7.846015691757202148e-02
7.820655405521392822e-02
7.795721292495727539e-02
7.771208137273788452e-02
7.747102528810501099e-02
7.723394036293029785e-02
7.700079679489135742e-02
7.677140086889266968e-02
7.654570788145065308e-02
7.632369548082351685e-02
7.610521465539932251e-02
7.589021325111389160e-02
7.567857205867767334e-02
7.547029852867126465e-02
7.526523619890213013e-02
7.506337016820907593e-02
7.486467063426971436e-02
7.466893643140792847e-02
7.447621971368789673e-02
7.428633421659469604e-02
7.409929484128952026e-02
7.391493022441864014e-02
7.373322546482086182e-02
7.355400919914245605e-02
7.337713241577148438e-02
7.320251315832138062e-02
7.302988320589065552e-02
7.285904139280319214e-02
7.268963754177093506e-02
7.252148538827896118e-02
7.235395163297653198e-02
7.218678295612335205e-02
7.201930880546569824e-02
7.185095548629760742e-02
7.168123871088027954e-02
7.150958478450775146e-02
7.133550941944122314e-02
7.115888595581054688e-02
7.097966969013214111e-02
7.079795002937316895e-02
7.061430811882019043e-02
7.042917609214782715e-02
7.024325430393218994e-02
7.005718350410461426e-02
6.987173110246658325e-02
6.968744099140167236e-02
6.950476765632629395e-02
6.932420283555984497e-02
6.914605200290679932e-02
6.897044181823730469e-02
6.879746168851852417e-02
6.862726062536239624e-02
6.845978647470474243e-02
6.829493492841720581e-02
6.813259422779083252e-02
6.797267496585845947e-02
6.781508028507232666e-02
6.765962392091751099e-02
6.750625371932983398e-02
6.735475361347198486e-02
6.720507889986038208e-02
6.705716252326965332e-02
6.691095978021621704e-02
6.676636636257171631e-02
6.662333756685256958e-02
6.648187339305877686e-02
6.634188443422317505e-02
6.620338559150695801e-02
6.606639176607131958e-02
6.593081355094909668e-02
6.579676270484924316e-02
6.566418707370758057e-02
6.553301215171813965e-02
6.540339440107345581e-02
6.527516990900039673e-02
6.514847278594970703e-02
6.502327322959899902e-02
6.489953398704528809e-02
6.477730721235275269e-02
6.465657055377960205e-02
6.453728675842285156e-02
6.441953033208847046e-02
6.430320441722869873e-02
6.418836861848831177e-02
6.407495588064193726e-02
6.396304070949554443e-02
6.385245174169540405e-02
6.374332308769226074e-02
6.363561749458312988e-02
6.352925300598144531e-02
6.342424452304840088e-02
6.332059204578399658e-02
6.321822106838226318e-02
6.311720609664916992e-02
6.301748007535934448e-02
6.291900575160980225e-02
6.282173842191696167e-02
6.272567808628082275e-02
6.263083219528198242e-02
6.253714859485626221e-02
6.244462355971336365e-02
6.235320866107940674e-02
6.226293742656707764e-02
6.217369809746742249e-02
6.208555400371551514e-02
6.199845299124717712e-02
6.191231682896614075e-02
6.182717904448509216e-02
6.174303218722343445e-02
6.165981665253639221e-02
6.157753616571426392e-02
6.149611994624137878e-02
6.141559034585952759e-02
6.133595481514930725e-02
6.125715747475624084e-02
6.117912754416465759e-02
6.110199540853500366e-02
6.102554872632026672e-02
6.094989925622940063e-02
6.087493151426315308e-02
6.080074980854988098e-02
6.072724983096122742e-02
6.065442785620689392e-02
6.058223173022270203e-02
6.051069870591163635e-02
6.043984740972518921e-02
6.036953628063201904e-02
6.029982864856719971e-02
6.023069098591804504e-02
6.016212701797485352e-02
6.009411066770553589e-02
6.002659723162651062e-02
5.995962396264076233e-02
5.989310517907142639e-02
5.982705205678939819e-02
5.976152792572975159e-02
5.969639867544174194e-02
5.963174998760223389e-02
5.956745892763137817e-02
5.950364843010902405e-02
5.944020673632621765e-02
5.937713757157325745e-02
5.931444466114044189e-02
5.925213173031806946e-02
5.919016152620315552e-02
5.912851914763450623e-02
5.906718596816062927e-02
5.900618806481361389e-02
5.894551798701286316e-02
5.888506397604942322e-02
5.882494524121284485e-02
5.876511707901954651e-02
5.870549008250236511e-02
5.864612758159637451e-02
5.858705192804336548e-02
5.852821096777915955e-02
5.846955999732017517e-02
5.841116979718208313e-02
5.835295468568801880e-02
5.829497054219245911e-02
5.823719501495361328e-02
5.817957222461700439e-02
5.812210589647293091e-02
5.806487053632736206e-02
5.800779908895492554e-02
5.795088782906532288e-02
5.789412185549736023e-02
5.783751979470252991e-02
5.778106302022933960e-02
5.772477015852928162e-02
5.766858160495758057e-02
5.761252343654632568e-02
5.755659192800521851e-02
5.750080570578575134e-02
5.744510143995285034e-02
5.738949775695800781e-02
5.733404308557510376e-02
5.727861449122428894e-02
5.722336471080780029e-02
5.716818943619728088e-02
5.711313709616661072e-02
5.705815181136131287e-02
5.700321495532989502e-02
5.694837495684623718e-02
5.689363926649093628e-02
5.683894827961921692e-02
5.678433924913406372e-02
5.672976374626159668e-02
5.667527392506599426e-02
5.662082880735397339e-02
5.656646564602851868e-02
5.651212483644485474e-02
5.645788833498954773e-02
5.640368536114692688e-02
5.634950846433639526e-02
5.629539489746093750e-02
5.624134093523025513e-02
5.618724599480628967e-02
5.613324046134948730e-02
5.607927963137626648e-02
5.602529272437095642e-02
5.597140267491340637e-02
5.591746419668197632e-02
5.586361140012741089e-02
5.580972880125045776e-02
5.575586482882499695e-02
5.570206418633460999e-02
5.564826354384422302e-02
5.559444800019264221e-02
5.554065480828285217e-02
5.548684671521186829e-02
5.543306469917297363e-02
5.537929758429527283e-02
5.532551556825637817e-02
5.527168884873390198e-02
5.521791055798530579e-02
5.516411736607551575e-02
5.511030927300453186e-02
5.505644157528877258e-02
5.500264465808868408e-02
5.494877696037292480e-02
5.489493161439895630e-02
5.484104529023170471e-02
5.478713288903236389e-02
5.473319441080093384e-02
5.467920750379562378e-02
5.462524294853210449e-02
5.457124486565589905e-02
5.451717972755432129e-02
5.446308106184005737e-02
5.440899357199668884e-02
5.435486510396003723e-02
5.430070310831069946e-02
5.424647778272628784e-02
5.419221892952919006e-02
5.413794144988059998e-02
5.408361554145812988e-02
5.402927100658416748e-02
5.397486314177513123e-02
5.392042547464370728e-02
5.386595427989959717e-02
5.381140112876892090e-02
5.375681445002555847e-02
5.370218679308891296e-02
5.364752188324928284e-02
5.359280854463577271e-02
5.353801697492599487e-02
5.348324403166770935e-02
5.342842638492584229e-02
5.337351188063621521e-02
5.331855267286300659e-02
5.326361954212188721e-02
5.320858210325241089e-02
5.315352976322174072e-02
5.309839919209480286e-02
5.304329097270965576e-02
5.298810452222824097e-02
5.293285846710205078e-02
5.287759006023406982e-02
5.282233282923698425e-02
5.276700109243392944e-02
5.271163582801818848e-02
5.265621468424797058e-02
5.260078981518745422e-02
5.254536122083663940e-02
5.248983204364776611e-02
5.243436247110366821e-02
5.237883701920509338e-02
5.232330784201622009e-02
5.226772278547286987e-02
5.221211165189743042e-02
5.215650424361228943e-02
5.210088938474655151e-02
5.204529687762260437e-02
5.198966339230537415e-02
5.193400382995605469e-02
5.187837779521942139e-02
5.182276293635368347e-02
5.176708847284317017e-02
5.171148478984832764e-02
5.165587365627288818e-02
5.160027369856834412e-02
5.154471471905708313e-02
5.148910358548164368e-02
5.143358930945396423e-02
5.137803405523300171e-02
5.132254958152770996e-02
5.126707255840301514e-02
5.121162906289100647e-02
5.115620419383049011e-02
5.110085383057594299e-02
5.104549601674079895e-02
5.099018663167953491e-02
5.093499273061752319e-02
5.087976902723312378e-02
5.082464963197708130e-02
5.076956003904342651e-02
5.071450024843215942e-02
5.065952986478805542e-02
5.060459673404693604e-02
5.054974183440208435e-02
5.049495771527290344e-02
5.044020339846611023e-02
5.038554593920707703e-02
5.033094063401222229e-02
5.027645453810691833e-02
5.022200196981430054e-02
5.016765370965003967e-02
5.011333525180816650e-02
5.005915835499763489e-02
5.000501871109008789e-02
4.995100200176239014e-02
4.989703372120857239e-02
4.984316602349281311e-02
4.978940635919570923e-02
4.973573610186576843e-02
4.968215897679328918e-02
4.962864518165588379e-02
4.957528412342071533e-02
4.952193051576614380e-02
4.946876317262649536e-02
4.941564798355102539e-02
4.936265200376510620e-02
4.930967837572097778e-02
4.925690591335296631e-02
4.920417815446853638e-02
4.915158823132514954e-02
4.909905046224594116e-02
4.904666170477867126e-02
4.899436607956886292e-02
4.894218966364860535e-02
4.889005422592163086e-02
4.883809015154838562e-02
4.878623411059379578e-02
4.873446375131607056e-02
4.868277162313461304e-02
4.863120615482330322e-02
4.857974499464035034e-02
4.852842912077903748e-02
4.847717657685279846e-02
4.842608794569969177e-02
4.837506264448165894e-02
4.832414910197257996e-02
4.827334359288215637e-02
4.822266101837158203e-02
4.817207157611846924e-02
4.812161624431610107e-02
4.807128012180328369e-02
4.802102223038673401e-02
4.797089099884033203e-02
4.792084917426109314e-02
4.787094146013259888e-02
4.782116413116455078e-02
4.777145758271217346e-02
4.772189632058143616e-02
4.767242446541786194e-02
4.762304946780204773e-02
4.757380485534667969e-02
4.752467945218086243e-02
4.747565090656280518e-02
4.742676019668579102e-02
4.737797006964683533e-02
4.732928425073623657e-02
4.728072881698608398e-02
4.723228141665458679e-02
4.718392714858055115e-02
4.713573679327964783e-02
4.708760976791381836e-02
4.703961312770843506e-02
4.699172824621200562e-02
4.694399610161781311e-02
4.689633846282958984e-02
4.684885963797569275e-02
4.680145159363746643e-02
4.675417765974998474e-02
4.670701548457145691e-02
4.665997251868247986e-02
4.661305993795394897e-02
4.656625911593437195e-02
4.651956632733345032e-02
4.647301137447357178e-02
4.642659053206443787e-02
4.638030380010604858e-02
4.633410647511482239e-02
4.628803953528404236e-02
4.624212905764579773e-02
4.619630798697471619e-02
4.615067318081855774e-02
4.610511660575866699e-02
4.605969786643981934e-02
4.601442813873291016e-02
4.596925154328346252e-02
4.592426493763923645e-02
4.587938636541366577e-02
4.583461955189704895e-02
4.579000920057296753e-02
4.574550688266754150e-02
4.570116475224494934e-02
4.565694928169250488e-02
4.561287537217140198e-02
4.556892812252044678e-02
4.552512988448143005e-02
4.548146948218345642e-02
4.543795436620712280e-02
4.539460316300392151e-02
4.535137116909027100e-02
4.530825465917587280e-02
4.526529833674430847e-02
4.522249475121498108e-02
4.517984390258789062e-02
4.513733461499214172e-02
4.509492591023445129e-02
4.505269229412078857e-02
4.501062259078025818e-02
4.496869072318077087e-02
4.492690414190292358e-02
4.488522559404373169e-02
4.484374448657035828e-02
4.480235651135444641e-02
4.476118832826614380e-02
4.472013562917709351e-02
4.467919841408729553e-02
