2.324843853712081909e-01
2.254642546176910400e-01
2.182666808366775513e-01
2.106106728315353394e-01
2.025341987609863281e-01
1.943385750055313110e-01
1.862937510013580322e-01
1.785881370306015015e-01
1.714735627174377441e-01
1.651442945003509521e-01
1.595956087112426758e-01
1.546884775161743164e-01
1.502576619386672974e-01
1.461661010980606079e-01
1.423185765743255615e-01
1.386598050594329834e-01
1.351682394742965698e-01
1.318471133708953857e-01
1.287150532007217407e-01
1.257945746183395386e-01
1.231022402644157410e-01
1.206424608826637268e-01
1.184077858924865723e-01
1.163831278681755066e-01
1.145497784018516541e-01
1.128884255886077881e-01
1.113806590437889099e-01
1.100093275308609009e-01
1.087586507201194763e-01
1.076143905520439148e-01
1.065633818507194519e-01
1.055936142802238464e-01
1.046943068504333496e-01
1.038556322455406189e-01
1.030688434839248657e-01
1.023263484239578247e-01
1.016214415431022644e-01
1.009484454989433289e-01
1.003023684024810791e-01
9.967917203903198242e-02
9.907519072294235229e-02
9.848752617835998535e-02
9.791368991136550903e-02
9.735160320997238159e-02
9.679967164993286133e-02
9.625652432441711426e-02
9.572141617536544800e-02
9.519352763891220093e-02
9.467244893312454224e-02
9.415797889232635498e-02
9.364992380142211914e-02
9.314831346273422241e-02
9.265314787626266479e-02
9.216460585594177246e-02
9.168274700641632080e-02
9.120774269104003906e-02
9.073982387781143188e-02
9.027916193008422852e-02
8.982589095830917358e-02
8.938021957874298096e-02
8.894227445125579834e-02
8.851215988397598267e-02
8.809005469083786011e-02
8.767600357532501221e-02
8.727011829614639282e-02
8.687243610620498657e-02
8.648293465375900269e-02
8.610172569751739502e-02
8.572875708341598511e-02
8.536408841609954834e-02
8.500757813453674316e-02
8.465921878814697266e-02
8.431902527809143066e-02
8.398690074682235718e-02
8.366275578737258911e-02
8.334653079509735107e-02
8.303811401128768921e-02
8.273740857839584351e-02
8.244433254003524780e-02
8.215878158807754517e-02
8.188051730394363403e-02
8.160954713821411133e-02
8.134572952985763550e-02
8.108884096145629883e-02
8.083885163068771362e-02
8.059551566839218140e-02
8.035874366760253906e-02
8.012836426496505737e-02
7.990422844886779785e-02
7.968617975711822510e-02
7.947406172752380371e-02
7.926770299673080444e-02
7.906699180603027344e-02
7.887173444032669067e-02
7.868176698684692383e-02
7.849689573049545288e-02
7.831700146198272705e-02
7.814191281795501709e-02
7.797139883041381836e-02
7.780535519123077393e-02
7.764350622892379761e-02
7.748568058013916016e-02
7.733168452978134155e-02
7.718120515346527100e-02
7.703401893377304077e-02
7.688982039690017700e-02
7.674834132194519043e-02
7.660926878452301025e-02
7.647222280502319336e-02
7.633690536022186279e-02
7.620295137166976929e-02
7.607010006904602051e-02
7.593807578086853027e-02
7.580662518739700317e-02
7.567553222179412842e-02
7.554477453231811523e-02
7.541415095329284668e-02
7.528379559516906738e-02
7.515353709459304810e-02
7.502357661724090576e-02
7.489389926195144653e-02
7.476467639207839966e-02
7.463601976633071899e-02
7.450807094573974609e-02
7.438094913959503174e-02
7.425492256879806519e-02
7.413011789321899414e-02
7.400676608085632324e-02
7.388505339622497559e-02
7.376520335674285889e-02
7.364735752344131470e-02
7.353170216083526611e-02
7.341831922531127930e-02
7.330735772848129272e-02
7.319881021976470947e-02
7.309269160032272339e-02
7.298897951841354370e-02
7.288762927055358887e-02
7.278855890035629272e-02
7.269168645143508911e-02
7.259689271450042725e-02
7.250406593084335327e-02
7.241310179233551025e-02
7.232384383678436279e-02
7.223613560199737549e-02
7.214993983507156372e-02
7.206510752439498901e-02
7.198151201009750366e-02
7.189907133579254150e-02
7.181776314973831177e-02
7.173741608858108521e-02
7.165805250406265259e-02
7.157953828573226929e-02
7.150187343358993530e-02
7.142505794763565063e-02
7.134902477264404297e-02
7.127374410629272461e-02
7.119923830032348633e-02
7.112551480531692505e-02
7.105247676372528076e-02
7.098024338483810425e-02
7.090873271226882935e-02
7.083801925182342529e-02
7.076803594827651978e-02
7.069884240627288818e-02
7.063047587871551514e-02
7.056286185979843140e-02
7.049609720706939697e-02
7.043015956878662109e-02
7.036504149436950684e-02
7.030078023672103882e-02
7.023730874061584473e-02
7.017470896244049072e-02
7.011293619871139526e-02
7.005204260349273682e-02
6.999194622039794922e-02
6.993271410465240479e-02
6.987432390451431274e-02
6.981673091650009155e-02
6.975995004177093506e-02
6.970393657684326172e-02
6.964875757694244385e-02
6.959433108568191528e-02
6.954064965248107910e-02
6.948770582675933838e-02
6.943549215793609619e-02
6.938397884368896484e-02
6.933312118053436279e-02
6.928289681673049927e-02
6.923330575227737427e-02
6.918431818485260010e-02
6.913589686155319214e-02
6.908804923295974731e-02
6.904073804616928101e-02
6.899390369653701782e-02
6.894755363464355469e-02
6.890169531106948853e-02
6.885622441768646240e-02
6.881115585565567017e-02
6.876651197671890259e-02
6.872217357158660889e-02
6.867816299200057983e-02
6.863448768854141235e-02
6.859103590250015259e-02
6.854786723852157593e-02
6.850490719079971313e-02
6.846220791339874268e-02
6.841970235109329224e-02
6.837733089923858643e-02
6.833511590957641602e-02
6.829303503036499023e-02
6.825107336044311523e-02
6.820917874574661255e-02
6.816735118627548218e-02
6.812560558319091797e-02
6.808390468358993530e-02
6.804221868515014648e-02
6.800051033496856689e-02
6.795885413885116577e-02
6.791713088750839233e-02
6.787543743848800659e-02
6.783367693424224854e-02
6.779186427593231201e-02
6.774999201297760010e-02
6.770805269479751587e-02
6.766606867313385010e-02
6.762396544218063354e-02
6.758177280426025391e-02
6.753950566053390503e-02
6.749711930751800537e-02
6.745465844869613647e-02
6.741210073232650757e-02
6.736937165260314941e-02
6.732662767171859741e-02
6.728368252515792847e-02
6.724067032337188721e-02
6.719756126403808594e-02
6.715432554483413696e-02
6.711095571517944336e-02
6.706747412681579590e-02
6.702392548322677612e-02
6.698025017976760864e-02
6.693653017282485962e-02
6.689266860485076904e-02
6.684875488281250000e-02
6.680475175380706787e-02
6.676065921783447266e-02
6.671649962663650513e-02
6.667228043079376221e-02
6.662799417972564697e-02
6.658367812633514404e-02
6.653932482004165649e-02
6.649490445852279663e-02
6.645048409700393677e-02
6.640604883432388306e-02
6.636161357164382935e-02
6.631714850664138794e-02
6.627267599105834961e-02
6.622825562953948975e-02
6.618382781744003296e-02
6.613942980766296387e-02
6.609509140253067017e-02
6.605074554681777954e-02
6.600647419691085815e-02
6.596229225397109985e-02
6.591816246509552002e-02
6.587410718202590942e-02
6.583008170127868652e-02
6.578622013330459595e-02
6.574241816997528076e-02
6.569876521825790405e-02
6.565519422292709351e-02
6.561176478862762451e-02
6.556842476129531860e-02
6.552520394325256348e-02
6.548215448856353760e-02
6.543923914432525635e-02
6.539647281169891357e-02
6.535381823778152466e-02
6.531137228012084961e-02
6.526906043291091919e-02
6.522691994905471802e-02
6.518492847681045532e-02
6.514311581850051880e-02
6.510149687528610229e-02
6.506003439426422119e-02
6.501877307891845703e-02
6.497764587402343750e-02
6.493676453828811646e-02
6.489603221416473389e-02
6.485550105571746826e-02
6.481514126062393188e-02
6.477498263120651245e-02
6.473498791456222534e-02
6.469522416591644287e-02
6.465563923120498657e-02
6.461621820926666260e-02
6.457702070474624634e-02
6.453800201416015625e-02
6.449919939041137695e-02
6.446056067943572998e-02
6.442212313413619995e-02
6.438387185335159302e-02
6.434579938650131226e-02
6.430794298648834229e-02
6.427028030157089233e-02
6.423280388116836548e-02
6.419551372528076172e-02
6.415838003158569336e-02
6.412143260240554810e-02
6.408476084470748901e-02
6.404820829629898071e-02
6.401187181472778320e-02
6.397567689418792725e-02
6.393972784280776978e-02
6.390392035245895386e-02
6.386833637952804565e-02
6.383287906646728516e-02
6.379765272140502930e-02
6.376261264085769653e-02
6.372779607772827148e-02
6.369312107563018799e-02
6.365863978862762451e-02
6.362438201904296875e-02
6.359028816223144531e-02
6.355638056993484497e-02
6.352273374795913696e-02
6.348925083875656128e-02
6.345598399639129639e-02
6.342289596796035767e-02
6.339003890752792358e-02
6.335737556219100952e-02
6.332494318485260010e-02
6.329276412725448608e-02
6.326080113649368286e-02
6.322902441024780273e-02
6.319753080606460571e-02
6.316625326871871948e-02
6.313523650169372559e-02
6.310445070266723633e-02
6.307392567396163940e-02
6.304366141557693481e-02
6.301368772983551025e-02
6.298395991325378418e-02
6.295453757047653198e-02
6.292538344860076904e-02
6.289654970169067383e-02
6.286802887916564941e-02
6.283977627754211426e-02
6.281186640262603760e-02
6.278426945209503174e-02
6.275699287652969360e-02
6.273004412651062012e-02
6.270346790552139282e-02
6.267721951007843018e-02
6.265135854482650757e-02
6.262581795454025269e-02
6.260072439908981323e-02
6.257595866918563843e-02
6.255160272121429443e-02
6.252763420343399048e-02
6.250407546758651733e-02
6.248090788722038269e-02
6.245816126465797424e-02
6.243584305047988892e-02
6.241396069526672363e-02
6.239248067140579224e-02
6.237146630883216858e-02
6.235094740986824036e-02
6.233082339167594910e-02
6.231116130948066711e-02
6.229200214147567749e-02
6.227329000830650330e-02
6.225503981113433838e-02
6.223729252815246582e-02
6.221998855471611023e-02
6.220320612192153931e-02
6.218692660331726074e-02
6.217108294367790222e-02
6.215579807758331299e-02
6.214098632335662842e-02
6.212667375802993774e-02
6.211292743682861328e-02
6.209962442517280579e-02
6.208686530590057373e-02
6.207454577088356018e-02
6.206279620528221130e-02
6.205156072974205017e-02
6.204084679484367371e-02
6.203066557645797729e-02
6.202096492052078247e-02
6.201180815696716309e-02
6.200317293405532837e-02
6.199508905410766602e-02
6.198747083544731140e-02
6.198038533329963684e-02
6.197380647063255310e-02
6.196779012680053711e-02
6.196224316954612732e-02
6.195724382996559143e-02
6.195275112986564636e-02
6.194880604743957520e-02
6.194534152746200562e-02
6.194235384464263916e-02
6.193993240594863892e-02
6.193802505731582642e-02
6.193662807345390320e-02
6.193572282791137695e-02
6.193532049655914307e-02
6.193542480468750000e-02
6.193605810403823853e-02
6.193717569112777710e-02
6.193879991769790649e-02
6.194091588258743286e-02
6.194352358579635620e-02
6.194659322500228882e-02
6.195020675659179688e-02
6.195431202650070190e-02
6.195889040827751160e-02
6.196397542953491211e-02
6.196948140859603882e-02
6.197549775242805481e-02
6.198206171393394470e-02
6.198904663324356079e-02
6.199651956558227539e-02
6.200449541211128235e-02
6.201291829347610474e-02
6.202183663845062256e-02
6.203122437000274658e-02
6.204107403755187988e-02
6.205136701464653015e-02
6.206219643354415894e-02
6.207340955734252930e-02
6.208514049649238586e-02
6.209734827280044556e-02
6.210995465517044067e-02
6.212307885289192200e-02
6.213665381073951721e-02
6.215069442987442017e-02
6.216515600681304932e-02
6.218011304736137390e-02
6.219546124339103699e-02
6.221133470535278320e-02
6.222764030098915100e-02
6.224432960152626038e-02
6.226149573922157288e-02
6.227910891175270081e-02
6.229718774557113647e-02
6.231571361422538757e-02
6.233464181423187256e-02
6.235400214791297913e-02
6.237379088997840881e-02
6.239402666687965393e-02
6.241472065448760986e-02
6.243580579757690430e-02
6.245733797550201416e-02
6.247927993535995483e-02
6.250166147947311401e-02
6.252441555261611938e-02
6.254763156175613403e-02
6.257123500108718872e-02
6.259525567293167114e-02
6.261967867612838745e-02
6.264450401067733765e-02
6.266970932483673096e-02
6.269533187150955200e-02
6.272133439779281616e-02
6.274772435426712036e-02
6.277448683977127075e-02
6.280165910720825195e-02
6.282919645309448242e-02
6.285710632801055908e-02
6.288536638021469116e-02
6.291400641202926636e-02
6.294295191764831543e-02
6.297228485345840454e-02
6.300199776887893677e-02
6.303200125694274902e-02
6.306233257055282593e-02
6.309301406145095825e-02
6.312406063079833984e-02
6.315540522336959839e-02
6.318700313568115234e-02
6.321895122528076172e-02
6.325116008520126343e-02
6.328371912240982056e-02
6.331653147935867310e-02
6.334967166185379028e-02
6.338301301002502441e-02
6.341664493083953857e-02
6.345055252313613892e-02
6.348474323749542236e-02
6.351912021636962891e-02
6.355375796556472778e-02
6.358860433101654053e-02
6.362372636795043945e-02
6.365898996591567993e-02
6.369452178478240967e-02
6.373026221990585327e-02
6.376613676548004150e-02
