2.014270424842834473e-01
1.980580985546112061e-01
1.949137598276138306e-01
1.918854266405105591e-01
1.887966394424438477e-01
1.854011565446853638e-01
1.814663857221603394e-01
1.769191473722457886e-01
1.719502210617065430e-01
1.669180244207382202e-01
1.621276736259460449e-01
1.577165424823760986e-01
1.536864489316940308e-01
1.499769985675811768e-01
1.465136110782623291e-01
1.432287842035293579e-01
1.400699317455291748e-01
1.370036900043487549e-01
1.340181529521942139e-01
1.311207562685012817e-01
1.283350884914398193e-01
1.256948411464691162e-01
1.232336312532424927e-01
1.209698915481567383e-01
1.188986524939537048e-01
1.169994473457336426e-01
1.152494028210639954e-01
1.136290878057479858e-01
1.121231615543365479e-01
1.107193455100059509e-01
1.094071343541145325e-01
1.081777065992355347e-01
1.070228740572929382e-01
1.059351861476898193e-01
1.049079373478889465e-01
1.039347350597381592e-01
1.030098721385002136e-01
1.021280884742736816e-01
1.012846902012825012e-01
1.004755422472953796e-01
9.969689697027206421e-02
9.894555062055587769e-02
9.821861982345581055e-02
9.751370549201965332e-02
9.682869166135787964e-02
9.616177529096603394e-02
9.551148861646652222e-02
9.487655013799667358e-02
9.425600618124008179e-02
9.364897757768630981e-02
9.305477142333984375e-02
9.247285127639770508e-02
9.190285205841064453e-02
9.134434908628463745e-02
9.079704433679580688e-02
9.026082605123519897e-02
8.973540365695953369e-02
8.922071009874343872e-02
8.871659636497497559e-02
8.822300285100936890e-02
8.773980289697647095e-02
8.726700395345687866e-02
8.680444955825805664e-02
8.635213226079940796e-02
8.591011166572570801e-02
8.547813445329666138e-02
8.505621552467346191e-02
8.464432507753372192e-02
8.424232900142669678e-02
8.385016769170761108e-02
8.346775919198989868e-02
8.309496194124221802e-02
8.273168653249740601e-02
8.237777650356292725e-02
8.203308284282684326e-02
8.169747143983840942e-02
8.137069642543792725e-02
8.105264604091644287e-02
8.074306696653366089e-02
8.044181764125823975e-02
8.014865219593048096e-02
7.986330240964889526e-02
7.958555966615676880e-02
7.931511104106903076e-02
7.905174046754837036e-02
7.879515737295150757e-02
7.854512333869934082e-02
7.830124348402023315e-02
7.806333154439926147e-02
7.783091068267822266e-02
7.760380953550338745e-02
7.738166302442550659e-02
7.716409116983413696e-02
7.695068418979644775e-02
7.674120366573333740e-02
7.653515040874481201e-02
7.633221149444580078e-02
7.613201439380645752e-02
7.593417167663574219e-02
7.573835551738739014e-02
7.554430514574050903e-02
7.535172253847122192e-02
7.516045123338699341e-02
7.497031986713409424e-02
7.478122413158416748e-02
7.459316402673721313e-02
7.440608739852905273e-02
7.422000914812088013e-02
7.403488457202911377e-02
7.385081797838211060e-02
7.366780191659927368e-02
7.348599284887313843e-02
7.330539822578430176e-02
7.312621176242828369e-02
7.294856011867523193e-02
7.277257740497589111e-02
7.259839028120040894e-02
7.242623716592788696e-02
7.225619256496429443e-02
7.208854705095291138e-02
7.192330062389373779e-02
7.176072895526885986e-02
7.160082459449768066e-02
7.144372910261154175e-02
7.128963619470596313e-02
7.113853096961975098e-02
7.099051773548126221e-02
7.084568589925765991e-02
7.070406526327133179e-02
7.056564837694168091e-02
7.043051719665527344e-02
7.029869407415390015e-02
7.017015665769577026e-02
7.004497945308685303e-02
6.992308795452117920e-02
6.980449706315994263e-02
6.968926638364791870e-02
6.957726180553436279e-02
6.946852058172225952e-02
6.936302036046981812e-02
6.926072388887405396e-02
6.916160881519317627e-02
6.906559318304061890e-02
6.897262483835220337e-02
6.888268887996673584e-02
6.879577785730361938e-02
6.871175765991210938e-02
6.863061338663101196e-02
6.855229288339614868e-02
6.847666203975677490e-02
6.840376555919647217e-02
6.833341717720031738e-02
6.826566904783248901e-02
6.820040941238403320e-02
6.813749670982360840e-02
6.807691603899002075e-02
6.801864504814147949e-02
6.796250492334365845e-02
6.790852546691894531e-02
6.785654276609420776e-02
6.780656427145004272e-02
6.775844097137451172e-02
6.771209836006164551e-02
6.766752153635025024e-02
6.762463599443435669e-02
6.758331507444381714e-02
6.754355132579803467e-02
6.750525534152984619e-02
6.746830791234970093e-02
6.743273884057998657e-02
6.739839911460876465e-02
6.736528128385543823e-02
6.733327358961105347e-02
6.730235368013381958e-02
6.727241724729537964e-02
6.724348664283752441e-02
6.721540540456771851e-02
6.718821823596954346e-02
6.716182082891464233e-02
6.713616847991943359e-02
6.711123138666152954e-02
6.708690524101257324e-02
6.706322729587554932e-02
6.704008579254150391e-02
6.701748818159103394e-02
6.699540466070175171e-02
6.697373092174530029e-02
6.695254892110824585e-02
6.693168729543685913e-02
6.691119074821472168e-02
6.689099222421646118e-02
6.687109172344207764e-02
6.685145199298858643e-02
6.683204323053359985e-02
6.681283563375473022e-02
6.679383665323257446e-02
6.677496433258056641e-02
6.675624847412109375e-02
6.673765927553176880e-02
6.671915203332901001e-02
6.670071929693222046e-02
6.668235361576080322e-02
6.666401028633117676e-02
6.664566695690155029e-02
6.662736088037490845e-02
6.660903990268707275e-02
6.659068912267684937e-02
6.657233834266662598e-02
6.655394285917282104e-02
6.653547286987304688e-02
6.651692837476730347e-02
6.649827212095260620e-02
6.647957861423492432e-02
6.646072864532470703e-02
6.644180417060852051e-02
6.642275303602218628e-02
6.640359014272689819e-02
6.638427823781967163e-02
6.636482477188110352e-02
6.634519249200820923e-02
6.632541120052337646e-02
6.630548089742660522e-02
6.628539413213729858e-02
6.626510620117187500e-02
6.624463200569152832e-02
6.622401624917984009e-02
6.620316952466964722e-02
6.618212908506393433e-02
6.616090238094329834e-02
6.613951176404953003e-02
6.611783802509307861e-02
6.609600037336349487e-02
6.607391685247421265e-02
6.605166941881179810e-02
6.602918356657028198e-02
6.600645929574966431e-02
6.598351150751113892e-02
6.596042215824127197e-02
6.593704223632812500e-02
6.591344624757766724e-02
6.588966399431228638e-02
6.586562842130661011e-02
6.584137678146362305e-02
6.581693142652511597e-02
6.579228490591049194e-02
6.576740741729736328e-02
6.574235111474990845e-02
6.571704149246215820e-02
6.569155305624008179e-02
6.566584855318069458e-02
6.563997268676757812e-02
6.561393290758132935e-02
6.558769196271896362e-02
6.556121259927749634e-02
6.553462892770767212e-02
6.550785154104232788e-02
6.548093259334564209e-02
6.545381993055343628e-02
6.542655825614929199e-02
6.539917737245559692e-02
6.537165492773056030e-02
6.534399092197418213e-02
6.531621515750885010e-02
6.528831273317337036e-02
6.526033580303192139e-02
6.523217260837554932e-02
6.520397961139678955e-02
6.517565250396728516e-02
6.514726579189300537e-02
6.511874496936798096e-02
6.509014219045639038e-02
6.506156176328659058e-02
6.503289192914962769e-02
6.500419229269027710e-02
6.497538089752197266e-02
6.494654715061187744e-02
6.491772830486297607e-02
6.488884240388870239e-02
6.485994160175323486e-02
6.483101099729537964e-02
6.480211019515991211e-02
6.477316468954086304e-02
6.474427878856658936e-02
6.471537798643112183e-02
6.468641012907028198e-02
6.465748697519302368e-02
6.462855637073516846e-02
6.459969282150268555e-02
6.457082182168960571e-02
6.454198062419891357e-02
6.451316177845001221e-02
6.448435038328170776e-02
6.445559859275817871e-02
6.442689895629882812e-02
6.439822912216186523e-02
6.436955928802490234e-02
6.434095650911331177e-02
6.431237608194351196e-02
6.428385525941848755e-02
6.425540149211883545e-02
6.422695517539978027e-02
6.419856846332550049e-02
6.417024135589599609e-02
6.414192914962768555e-02
6.411372125148773193e-02
6.408555060625076294e-02
6.405745446681976318e-02
6.402944773435592651e-02
6.400143355131149292e-02
6.397353112697601318e-02
6.394565850496292114e-02
6.391788274049758911e-02
6.389012932777404785e-02
6.386247277259826660e-02
6.383491307497024536e-02
6.380734592676162720e-02
6.377990543842315674e-02
6.375256180763244629e-02
6.372530013322830200e-02
6.369806081056594849e-02
6.367097049951553345e-02
6.364394724369049072e-02
6.361699104309082031e-02
6.359015405178070068e-02
6.356342881917953491e-02
6.353680789470672607e-02
6.351032853126525879e-02
6.348392367362976074e-02
6.345764547586441040e-02
6.343152374029159546e-02
6.340548396110534668e-02
6.337962299585342407e-02
6.335377693176269531e-02
6.332817673683166504e-02
6.330272555351257324e-02
6.327746808528900146e-02
6.325233727693557739e-02
6.322742998600006104e-02
6.320265680551528931e-02
6.317806988954544067e-02
6.315368413925170898e-02
6.312947720289230347e-02
6.310553103685379028e-02
6.308173388242721558e-02
6.305819749832153320e-02
6.303489208221435547e-02
6.301184743642807007e-02
6.298902630805969238e-02
6.296651065349578857e-02
6.294421851634979248e-02
6.292218714952468872e-02
6.290050595998764038e-02
6.287912279367446899e-02
6.285797059535980225e-02
6.283719092607498169e-02
6.281673163175582886e-02
6.279659271240234375e-02
6.277675181627273560e-02
6.275735050439834595e-02
6.273825466632843018e-02
6.271952390670776367e-02
6.270126253366470337e-02
6.268327683210372925e-02
6.266576051712036133e-02
6.264863163232803345e-02
6.263193488121032715e-02
6.261562556028366089e-02
6.259977072477340698e-02
6.258440762758255005e-02
6.256948411464691162e-02
6.255502998828887939e-02
6.254106014966964722e-02
6.252752244472503662e-02
6.251447647809982300e-02
6.250195205211639404e-02
6.248994171619415283e-02
6.247851625084877014e-02
6.246748566627502441e-02
6.245704367756843567e-02
6.244719028472900391e-02
6.243778392672538757e-02
6.242897361516952515e-02
6.242068484425544739e-02
6.241298094391822815e-02
6.240588054060935974e-02
6.239936873316764832e-02
6.239343434572219849e-02
6.238809227943420410e-02
6.238332018256187439e-02
6.237918138504028320e-02
6.237563863396644592e-02
6.237274408340454102e-02
6.237036734819412231e-02
6.236873939633369446e-02
6.236767396330833435e-02
6.236722692847251892e-02
6.236749514937400818e-02
6.236826255917549133e-02
6.236977875232696533e-02
6.237192451953887939e-02
6.237469241023063660e-02
6.237808987498283386e-02
6.238212063908576965e-02
6.238683685660362244e-02
6.239220872521400452e-02
6.239820644259452820e-02
6.240491196513175964e-02
6.241220608353614807e-02
6.242020428180694580e-02
6.242879852652549744e-02
6.243814900517463684e-02
6.244804337620735168e-02
6.245855987071990967e-02
6.246982142329216003e-02
6.248174607753753662e-02
6.249424442648887634e-02
6.250744313001632690e-02
6.252125650644302368e-02
6.253572553396224976e-02
6.255078315734863281e-02
6.256651133298873901e-02
6.258289515972137451e-02
6.259992718696594238e-02
6.261754781007766724e-02
6.263574212789535522e-02
6.265460699796676636e-02
6.267404556274414062e-02
6.269408017396926880e-02
6.271476298570632935e-02
6.273604929447174072e-02
6.275783479213714600e-02
6.278020143508911133e-02
6.280320882797241211e-02
6.282672286033630371e-02
6.285084784030914307e-02
6.287551671266555786e-02
6.290081143379211426e-02
6.292657554149627686e-02
6.295292079448699951e-02
6.297970563173294067e-02
6.300708651542663574e-02
6.303492933511734009e-02
6.306331604719161987e-02
6.309217959642410278e-02
6.312154233455657959e-02
6.315139681100845337e-02
6.318170577287673950e-02
6.321245431900024414e-02
6.324373930692672729e-02
6.327541172504425049e-02
6.330753117799758911e-02
6.334011256694793701e-02
6.337312608957290649e-02
6.340645998716354370e-02
6.344031542539596558e-02
6.347453594207763672e-02
6.350906938314437866e-02
6.354399770498275757e-02
6.357938796281814575e-02
6.361506879329681396e-02
6.365110725164413452e-02
6.368748843669891357e-02
6.372424215078353882e-02
6.376134604215621948e-02
6.379870325326919556e-02
6.383638828992843628e-02
6.387436389923095703e-02
6.391268968582153320e-02
6.395120918750762939e-02
6.398998945951461792e-02
6.402907520532608032e-02
6.406845897436141968e-02
6.410803645849227905e-02
6.414790451526641846e-02
6.418794393539428711e-02
6.422825902700424194e-02
6.426879018545150757e-02
6.430951505899429321e-02
6.435045599937438965e-02
6.439153850078582764e-02
6.443288922309875488e-02
6.447429209947586060e-02
6.451594829559326172e-02
6.455782800912857056e-02
6.459978967905044556e-02
6.464198231697082520e-02
6.468424946069717407e-02
6.472666561603546143e-02
6.476919353008270264e-02
6.481193751096725464e-02
6.485467404127120972e-02
6.489755958318710327e-02
6.494059413671493530e-02
6.498377025127410889e-02
6.502694636583328247e-02
6.507027149200439453e-02
6.511369347572326660e-02
6.515716761350631714e-02
6.520081311464309692e-02
6.524443626403808594e-02
