1.931756585836410522e-01
1.864786446094512939e-01
1.832544505596160889e-01
1.800346523523330688e-01
1.767327636480331421e-01
1.732634603977203369e-01
1.695839613676071167e-01
1.657485514879226685e-01
1.619003713130950928e-01
1.581895798444747925e-01
1.546953767538070679e-01
1.514120995998382568e-01
1.482831984758377075e-01
1.452397853136062622e-01
1.422238945960998535e-01
1.392004489898681641e-01
1.361595243215560913e-01
1.331147253513336182e-01
1.300946623086929321e-01
1.271307766437530518e-01
1.242501288652420044e-01
1.214735284447669983e-01
1.188187375664710999e-01
1.163014471530914307e-01
1.139338538050651550e-01
1.117229163646697998e-01
1.096686124801635742e-01
1.077652648091316223e-01
1.060030162334442139e-01
1.043706536293029785e-01
1.028568595647811890e-01
1.014501452445983887e-01
1.001399755477905273e-01
9.891627728939056396e-02
9.776994585990905762e-02
9.669300913810729980e-02
9.567818790674209595e-02
9.471917152404785156e-02
9.381031990051269531e-02
9.294689446687698364e-02
9.212485700845718384e-02
9.134072810411453247e-02
9.059130400419235229e-02
8.987421542406082153e-02
8.918695896863937378e-02
8.852765709161758423e-02
8.789442479610443115e-02
8.728558570146560669e-02
8.669970929622650146e-02
8.613523840904235840e-02
8.559105545282363892e-02
8.506584912538528442e-02
8.455853909254074097e-02
8.406809717416763306e-02
8.359356224536895752e-02
8.313415199518203735e-02
8.268888294696807861e-02
8.225716650485992432e-02
8.183825016021728516e-02
8.143144845962524414e-02
8.103624731302261353e-02
8.065196126699447632e-02
8.027803897857666016e-02
7.991407811641693115e-02
7.955972850322723389e-02
7.921430468559265137e-02
7.887748628854751587e-02
7.854899019002914429e-02
7.822838425636291504e-02
7.791533321142196655e-02
7.760953903198242188e-02
7.731062918901443481e-02
7.701838016510009766e-02
7.673252373933792114e-02
7.645273953676223755e-02
7.617892324924468994e-02
7.591060549020767212e-02
7.564768195152282715e-02
7.539002597332000732e-02
7.513722777366638184e-02
7.488925009965896606e-02
7.464570552110671997e-02
7.440660148859024048e-02
7.417163997888565063e-02
7.394051551818847656e-02
7.371310144662857056e-02
7.348924130201339722e-02
7.326864451169967651e-02
7.305116206407546997e-02
7.283647358417510986e-02
7.262445986270904541e-02
7.241468876600265503e-02
7.220697402954101562e-02
7.200098037719726562e-02
7.179640233516693115e-02
7.159267365932464600e-02
7.138948142528533936e-02
7.118634134531021118e-02
7.098269462585449219e-02
7.077801227569580078e-02
7.057172805070877075e-02
7.036346197128295898e-02
7.015294581651687622e-02
6.993990391492843628e-02
6.972445547580718994e-02
6.950691342353820801e-02
6.928757578134536743e-02
6.906715035438537598e-02
6.884611397981643677e-02
6.862510740756988525e-02
6.840469688177108765e-02
6.818540394306182861e-02
6.796769797801971436e-02
6.775195896625518799e-02
6.753858923912048340e-02
6.732788681983947754e-02
6.711998581886291504e-02
6.691514700651168823e-02
6.671362370252609253e-02
6.651534885168075562e-02
6.632055342197418213e-02
6.612922251224517822e-02
6.594134867191314697e-02
6.575704365968704224e-02
6.557623296976089478e-02
6.539892405271530151e-02
6.522501260042190552e-02
6.505456566810607910e-02
6.488751620054244995e-02
6.472381204366683960e-02
6.456342339515686035e-02
6.440616399049758911e-02
6.425214558839797974e-02
6.410124152898788452e-02
6.395326554775238037e-02
6.380832940340042114e-02
6.366634368896484375e-02
6.352709978818893433e-02
6.339067220687866211e-02
6.325688213109970093e-02
6.312575936317443848e-02
6.299716979265213013e-02
6.287104636430740356e-02
6.274736672639846802e-02
6.262602657079696655e-02
6.250692158937454224e-02
6.239005923271179199e-02
6.227533891797065735e-02
6.216269358992576599e-02
6.205207854509353638e-02
6.194337829947471619e-02
6.183661893010139465e-02
6.173162162303924561e-02
6.162840500473976135e-02
6.152690574526786804e-02
6.142704188823699951e-02
6.132873147726058960e-02
6.123203039169311523e-02
6.113677099347114563e-02
6.104291975498199463e-02
6.095042824745178223e-02
6.085929647088050842e-02
6.076938658952713013e-02
6.068078428506851196e-02
6.059327721595764160e-02
6.050688028335571289e-02
6.042157858610153198e-02
6.033734232187271118e-02
6.025407463312149048e-02
6.017175316810607910e-02
6.009035184979438782e-02
6.000985205173492432e-02
5.993013828992843628e-02
5.985127761960029602e-02
5.977309122681617737e-02
5.969566106796264648e-02
5.961897596716880798e-02
5.954291298985481262e-02
5.946747958660125732e-02
5.939264968037605286e-02
5.931834131479263306e-02
5.924459174275398254e-02
5.917136371135711670e-02
5.909863114356994629e-02
5.902633443474769592e-02
5.895448103547096252e-02
5.888297408819198608e-02
5.881197378039360046e-02
5.874123796820640564e-02
5.867088586091995239e-02
5.860081315040588379e-02
5.853103473782539368e-02
5.846155807375907898e-02
5.839233472943305969e-02
5.832335352897644043e-02
5.825461819767951965e-02
5.818602442741394043e-02
5.811765789985656738e-02
5.804944410920143127e-02
5.798142403364181519e-02
5.791351944208145142e-02
5.784573405981063843e-02
5.777803435921669006e-02
5.771049112081527710e-02
5.764300748705863953e-02
5.757563561201095581e-02
5.750826746225357056e-02
5.744101107120513916e-02
5.737372487783432007e-02
5.730656534433364868e-02
5.723936483263969421e-02
5.717218294739723206e-02
5.710496753454208374e-02
5.703776702284812927e-02
5.697054043412208557e-02
5.690336599946022034e-02
5.683604627847671509e-02
5.676876753568649292e-02
5.670141056180000305e-02
5.663405731320381165e-02
5.656661465764045715e-02
5.649907141923904419e-02
5.643147230148315430e-02
5.636378005146980286e-02
5.629605427384376526e-02
5.622821301221847534e-02
5.616027861833572388e-02
5.609229952096939087e-02
5.602420866489410400e-02
5.595594644546508789e-02
5.588766187429428101e-02
5.581927672028541565e-02
5.575077980756759644e-02
5.568214505910873413e-02
5.561345815658569336e-02
5.554464831948280334e-02
5.547569319605827332e-02
5.540664494037628174e-02
5.533752217888832092e-02
5.526829138398170471e-02
5.519891530275344849e-02
5.512946471571922302e-02
5.505989119410514832e-02
5.499021336436271667e-02
5.492047965526580811e-02
5.485058948397636414e-02
5.478064715862274170e-02
5.471058562397956848e-02
5.464044213294982910e-02
5.457018688321113586e-02
5.449987202882766724e-02
5.442950874567031860e-02
5.435906723141670227e-02
5.428852885961532593e-02
5.421789363026618958e-02
5.414725840091705322e-02
5.407654866576194763e-02
5.400577560067176819e-02
5.393492057919502258e-02
5.386411771178245544e-02
5.379316210746765137e-02
5.372226983308792114e-02
5.365130305290222168e-02
5.358031764626502991e-02
5.350933969020843506e-02
5.343836173415184021e-02
5.336730182170867920e-02
5.329627916216850281e-02
5.322526022791862488e-02
5.315427109599113464e-02
5.308330059051513672e-02
5.301229655742645264e-02
5.294140055775642395e-02
5.287049338221549988e-02
5.279957503080368042e-02
5.272875353693962097e-02
5.265794694423675537e-02
5.258719250559806824e-02
5.251647531986236572e-02
5.244584009051322937e-02
5.237526074051856995e-02
5.230474099516868591e-02
5.223428457975387573e-02
5.216391384601593018e-02
5.209360644221305847e-02
5.202332139015197754e-02
5.195320770144462585e-02
5.188310518860816956e-02
5.181313678622245789e-02
5.174321681261062622e-02
5.167339742183685303e-02
5.160371586680412292e-02
5.153407901525497437e-02
5.146453157067298889e-02
5.139505863189697266e-02
5.132577195763587952e-02
5.125654861330986023e-02
5.118743330240249634e-02
5.111841112375259399e-02
5.104949697852134705e-02
5.098064616322517395e-02
5.091194063425064087e-02
5.084333941340446472e-02
5.077484250068664551e-02
5.070644617080688477e-02
5.063814669847488403e-02
5.056993290781974792e-02
5.050186812877655029e-02
5.043386667966842651e-02
5.036601424217224121e-02
5.029825121164321899e-02
5.023060739040374756e-02
5.016303062438964844e-02
5.009561777114868164e-02
5.002826079726219177e-02
4.996105656027793884e-02
4.989393427968025208e-02
4.982686042785644531e-02
4.975992441177368164e-02
4.969313368201255798e-02
4.962642118334770203e-02
4.955979064106941223e-02
4.949323460459709167e-02
4.942681640386581421e-02
4.936046898365020752e-02
4.929429665207862854e-02
4.922810196876525879e-02
4.916208982467651367e-02
4.909611120820045471e-02
4.903027787804603577e-02
4.896452650427818298e-02
4.889884218573570251e-02
4.883327335119247437e-02
4.876779764890670776e-02
4.870240017771720886e-02
4.863706603646278381e-02
4.857185482978820801e-02
4.850671812891960144e-02
4.844168573617935181e-02
4.837670549750328064e-02
4.831186681985855103e-02
4.824706912040710449e-02
4.818237200379371643e-02
4.811774939298629761e-02
4.805320873856544495e-02
4.798876121640205383e-02
4.792439937591552734e-02
4.786010459065437317e-02
4.779590666294097900e-02
4.773179814219474792e-02
4.766771942377090454e-02
4.760378226637840271e-02
4.753987491130828857e-02
4.747606441378593445e-02
4.741233587265014648e-02
4.734870046377182007e-02
4.728511348366737366e-02
4.722160100936889648e-02
4.715820401906967163e-02
4.709486290812492371e-02
4.703158512711524963e-02
4.696839302778244019e-02
4.690530151128768921e-02
4.684225097298622131e-02
4.677924513816833496e-02
4.671636968851089478e-02
4.665356874465942383e-02
4.659084230661392212e-02
4.652813822031021118e-02
4.646555706858634949e-02
4.640306532382965088e-02
4.634061828255653381e-02
4.627822339534759521e-02
4.621595889329910278e-02
4.615371674299240112e-02
4.609157890081405640e-02
4.602947458624839783e-02
4.596748575568199158e-02
4.590559005737304688e-02
4.584369063377380371e-02
4.578192904591560364e-02
4.572018235921859741e-02
4.565856978297233582e-02
4.559703171253204346e-02
4.553554207086563110e-02
4.547416418790817261e-02
4.541287198662757874e-02
4.535157233476638794e-02
4.529040679335594177e-02
4.522930458188056946e-02
4.516829550266265869e-02
4.510733112692832947e-02
4.504644498229026794e-02
4.498568922281265259e-02
4.492493346333503723e-02
4.486433789134025574e-02
4.480380564928054810e-02
4.474330320954322815e-02
4.468293488025665283e-02
4.462261497974395752e-02
4.456239193677902222e-02
4.450224712491035461e-02
4.444219172000885010e-02
4.438224807381629944e-02
4.432240501046180725e-02
4.426260665059089661e-02
4.420289769768714905e-02
4.414330050349235535e-02
4.408373311161994934e-02
4.402434453368186951e-02
4.396503046154975891e-02
4.390573129057884216e-02
4.384657740592956543e-02
4.378753900527954102e-02
4.372857511043548584e-02
4.366974532604217529e-02
4.361100867390632629e-02
4.355233907699584961e-02
4.349380731582641602e-02
4.343535006046295166e-02
4.337701573967933655e-02
4.331875219941139221e-02
4.326063022017478943e-02
4.320260509848594666e-02
4.314469173550605774e-02
4.308688640594482422e-02
4.302914813160896301e-02
4.297158867120742798e-02
4.291411861777305603e-02
4.285676032304763794e-02
4.279946535825729370e-02
4.274234548211097717e-02
4.268533363938331604e-02
4.262837767601013184e-02
4.257162660360336304e-02
4.251495748758316040e-02
4.245841503143310547e-02
4.240196198225021362e-02
4.234565049409866333e-02
4.228945821523666382e-02
4.223338142037391663e-02
4.217739403247833252e-02
4.212159663438796997e-02
4.206584393978118896e-02
4.201022535562515259e-02
4.195472598075866699e-02
4.189932346343994141e-02
4.184408113360404968e-02
4.178891703486442566e-02
4.173388704657554626e-02
4.167897626757621765e-02
4.162419214844703674e-02
4.156947135925292969e-02
4.151490330696105957e-02
4.146040603518486023e-02
4.140603542327880859e-02
4.135178029537200928e-02
4.129759222269058228e-02
4.124351590871810913e-02
4.118955135345458984e-02
4.113568365573883057e-02
4.108191654086112976e-02
4.102821648120880127e-02
4.097461327910423279e-02
4.092108085751533508e-02
4.086763411760330200e-02
4.081425070762634277e-02
4.076095670461654663e-02
4.070772230625152588e-02
4.065455496311187744e-02
4.060147702693939209e-02
4.054844379425048828e-02
4.049544781446456909e-02
4.044251516461372375e-02
4.038963839411735535e-02
4.033676907420158386e-02
4.028392955660820007e-02
4.023113846778869629e-02
4.017839953303337097e-02
4.012566804885864258e-02
4.007295891642570496e-02
4.002024233341217041e-02
3.996754437685012817e-02
3.991486877202987671e-02
3.986218199133872986e-02
3.980948030948638916e-02
3.975672274827957153e-02
3.970405459403991699e-02
3.965127095580101013e-02
3.959848731756210327e-02
3.954567760229110718e-02
3.949281200766563416e-02
3.943994268774986267e-02
3.938698023557662964e-02
3.933401033282279968e-02
3.928094357252120972e-02
3.922783583402633667e-02
3.917466104030609131e-02
3.912143036723136902e-02
3.906810283660888672e-02
