1.902049630880355835e-01
1.852608025074005127e-01
1.812679320573806763e-01
1.774407476186752319e-01
1.736101210117340088e-01
1.697265058755874634e-01
1.658669412136077881e-01
1.621571332216262817e-01
1.586757749319076538e-01
1.554251462221145630e-01
1.523568928241729736e-01
1.494075953960418701e-01
1.465194076299667358e-01
1.436501890420913696e-01
1.407755315303802490e-01
1.378879547119140625e-01
1.349926590919494629e-01
1.321035176515579224e-01
1.292382180690765381e-01
1.264175921678543091e-01
1.236663162708282471e-01
1.210109964013099670e-01
1.184754371643066406e-01
1.160766705870628357e-01
1.138241887092590332e-01
1.117204800248146057e-01
1.097629293799400330e-01
1.079453229904174805e-01
1.062588319182395935e-01
1.046936511993408203e-01
1.032392308115959167e-01
1.018852889537811279e-01
1.006219014525413513e-01
9.943996369838714600e-02
9.833113104104995728e-02
9.728791564702987671e-02
9.630366414785385132e-02
9.537249058485031128e-02
9.448899328708648682e-02
9.364874660968780518e-02
9.284777939319610596e-02
9.208280593156814575e-02
9.135066717863082886e-02
9.064918756484985352e-02
8.997583389282226562e-02
8.932877331972122192e-02
8.870603144168853760e-02
8.810603618621826172e-02
8.752718567848205566e-02
8.696808665990829468e-02
8.642730116844177246e-02
8.590372651815414429e-02
8.539623767137527466e-02
8.490376919507980347e-02
8.442537486553192139e-02
8.396046608686447144e-02
8.350802212953567505e-02
8.306752890348434448e-02
8.263840526342391968e-02
8.221996575593948364e-02
8.181186765432357788e-02
8.141360431909561157e-02
8.102473616600036621e-02
8.064495027065277100e-02
8.027386665344238281e-02
7.991108298301696777e-02
7.955639064311981201e-02
7.920943945646286011e-02
7.887002825736999512e-02
7.853783667087554932e-02
7.821256667375564575e-02
7.789406925439834595e-02
7.758191972970962524e-02
7.727598398923873901e-02
7.697582244873046875e-02
7.668131589889526367e-02
7.639207690954208374e-02
7.610778510570526123e-02
7.582806795835494995e-02
7.555262744426727295e-02
7.528096437454223633e-02
7.501284033060073853e-02
7.474784553050994873e-02
7.448545843362808228e-02
7.422553002834320068e-02
7.396774739027023315e-02
7.371188700199127197e-02
7.345789670944213867e-02
7.320570945739746094e-02
7.295529544353485107e-02
7.270685583353042603e-02
7.246048748493194580e-02
7.221633195877075195e-02
7.197450101375579834e-02
7.173521816730499268e-02
7.149858027696609497e-02
7.126466184854507446e-02
7.103352993726730347e-02
7.080527395009994507e-02
7.057984173297882080e-02
7.035731524229049683e-02
7.013760507106781006e-02
6.992084532976150513e-02
6.970684975385665894e-02
6.949561834335327148e-02
6.928716599941253662e-02
6.908138096332550049e-02
6.887835264205932617e-02
6.867790222167968750e-02
6.848014146089553833e-02
6.828501820564270020e-02
6.809248775243759155e-02
6.790256500244140625e-02
6.771527975797653198e-02
6.753048300743103027e-02
6.734833866357803345e-02
6.716881692409515381e-02
6.699192523956298828e-02
6.681762635707855225e-02
6.664597243070602417e-02
6.647694110870361328e-02
6.631053984165191650e-02
6.614674627780914307e-02
6.598557531833648682e-02
6.582693010568618774e-02
6.567095220088958740e-02
6.551749259233474731e-02
6.536651402711868286e-02
6.521807610988616943e-02
6.507211178541183472e-02
6.492853909730911255e-02
6.478733569383621216e-02
6.464853882789611816e-02
6.451201438903808594e-02
6.437772512435913086e-02
6.424567848443984985e-02
6.411569565534591675e-02
6.398789584636688232e-02
6.386217474937438965e-02
6.373838335275650024e-02
6.361658126115798950e-02
6.349669396877288818e-02
6.337862461805343628e-02
6.326236575841903687e-02
6.314788013696670532e-02
6.303507834672927856e-02
6.292388588190078735e-02
6.281432509422302246e-02
6.270631402730941772e-02
6.259976327419281006e-02
6.249469146132469177e-02
6.239105761051177979e-02
6.228874996304512024e-02
6.218777969479560852e-02
6.208810210227966309e-02
6.198965013027191162e-02
6.189237162470817566e-02
6.179630756378173828e-02
6.170125678181648254e-02
6.160737201571464539e-02
6.151444464921951294e-02
6.142261996865272522e-02
6.133172288537025452e-02
6.124179437756538391e-02
6.115274876356124878e-02
6.106457859277725220e-02
6.097719073295593262e-02
6.089072674512863159e-02
6.080495193600654602e-02
6.071996688842773438e-02
6.063569709658622742e-02
6.055213883519172668e-02
6.046927347779273987e-02
6.038706377148628235e-02
6.030547618865966797e-02
6.022446975111961365e-02
6.014402583241462708e-02
6.006416678428649902e-02
5.998487398028373718e-02
5.990607663989067078e-02
5.982779338955879211e-02
5.974998325109481812e-02
5.967261642217636108e-02
5.959567800164222717e-02
5.951924249529838562e-02
5.944314971566200256e-02
5.936745926737785339e-02
5.929214134812355042e-02
5.921725928783416748e-02
5.914266780018806458e-02
5.906843766570091248e-02
5.899452045559883118e-02
5.892094224691390991e-02
5.884763970971107483e-02
5.877465382218360901e-02
5.870189517736434937e-02
5.862943083047866821e-02
5.855724215507507324e-02
5.848526954650878906e-02
5.841355025768280029e-02
5.834206193685531616e-02
5.827077105641365051e-02
5.819970741868019104e-02
5.812887847423553467e-02
5.805820226669311523e-02
5.798770487308502197e-02
5.791741237044334412e-02
5.784726515412330627e-02
5.777727439999580383e-02
5.770749226212501526e-02
5.763782933354377747e-02
5.756832286715507507e-02
5.749887600541114807e-02
5.742967873811721802e-02
5.736052989959716797e-02
5.729152634739875793e-02
5.722260847687721252e-02
5.715383589267730713e-02
5.708514899015426636e-02
5.701653659343719482e-02
5.694811791181564331e-02
5.687965080142021179e-02
5.681135505437850952e-02
5.674309283494949341e-02
5.667489767074584961e-02
5.660682544112205505e-02
5.653877556324005127e-02
5.647081881761550903e-02
5.640288814902305603e-02
5.633501708507537842e-02
5.626716837286949158e-02
5.619939416646957397e-02
5.613164603710174561e-02
5.606390535831451416e-02
5.599626153707504272e-02
5.592862516641616821e-02
5.586096644401550293e-02
5.579337477684020996e-02
5.572577565908432007e-02
5.565819144248962402e-02
5.559062585234642029e-02
5.552307516336441040e-02
5.545547232031822205e-02
5.538796260952949524e-02
5.532041564583778381e-02
5.525281280279159546e-02
5.518524348735809326e-02
5.511762946844100952e-02
5.505005642771720886e-02
5.498245358467102051e-02
5.491482093930244446e-02
5.484714359045028687e-02
5.477946624159812927e-02
5.471175909042358398e-02
5.464403703808784485e-02
5.457625165581703186e-02
5.450849235057830811e-02
5.444063991308212280e-02
5.437275394797325134e-02
5.430488288402557373e-02
5.423694849014282227e-02
5.416894331574440002e-02
5.410092324018478394e-02
5.403286218643188477e-02
5.396472662687301636e-02
5.389658734202384949e-02
5.382837355136871338e-02
5.376012995839118958e-02
5.369182676076889038e-02
5.362349376082420349e-02
5.355510488152503967e-02
5.348669365048408508e-02
5.341818556189537048e-02
5.334965884685516357e-02
5.328107625246047974e-02
5.321246385574340820e-02
5.314379557967185974e-02
5.307509005069732666e-02
5.300637707114219666e-02
5.293760448694229126e-02
5.286876112222671509e-02
5.279990285634994507e-02
5.273102596402168274e-02
5.266209319233894348e-02
5.259314551949501038e-02
5.252419039607048035e-02
5.245520174503326416e-02
5.238619446754455566e-02
5.231717228889465332e-02
5.224811285734176636e-02
5.217908322811126709e-02
5.211003497242927551e-02
5.204096809029579163e-02
5.197193101048469543e-02
5.190286412835121155e-02
5.183386802673339844e-02
5.176481977105140686e-02
5.169577896595001221e-02
5.162684246897697449e-02
5.155787989497184753e-02
5.148896202445030212e-02
5.142009258270263672e-02
5.135129392147064209e-02
5.128248408436775208e-02
5.121378600597381592e-02
5.114510282874107361e-02
5.107647180557250977e-02
5.100793391466140747e-02
5.093943327665328979e-02
5.087104439735412598e-02
5.080271139740943909e-02
5.073449388146400452e-02
5.066631361842155457e-02
5.059826746582984924e-02
5.053031072020530701e-02
5.046245083212852478e-02
5.039465799927711487e-02
5.032699182629585266e-02
5.025943741202354431e-02
5.019200965762138367e-02
5.012468993663787842e-02
5.005748569965362549e-02
4.999035969376564026e-02
4.992342367768287659e-02
4.985658824443817139e-02
4.978987574577331543e-02
4.972330480813980103e-02
4.965684935450553894e-02
4.959050565958023071e-02
4.952430725097656250e-02
4.945828765630722046e-02
4.939239844679832458e-02
4.932660236954689026e-02
4.926094412803649902e-02
4.919548705220222473e-02
4.913010448217391968e-02
4.906488582491874695e-02
4.899984225630760193e-02
4.893489554524421692e-02
4.887007921934127808e-02
4.880547896027565002e-02
4.874095693230628967e-02
4.867662861943244934e-02
4.861239716410636902e-02
4.854833334684371948e-02
4.848438873887062073e-02
4.842060431838035583e-02
4.835694655776023865e-02
4.829344153404235840e-02
4.823008179664611816e-02
4.816684126853942871e-02
4.810376092791557312e-02
4.804079607129096985e-02
4.797794297337532043e-02
4.791529104113578796e-02
4.785272851586341858e-02
4.779032990336418152e-02
4.772800952196121216e-02
4.766585677862167358e-02
4.760383442044258118e-02
4.754194617271423340e-02
4.748014733195304871e-02
4.741852730512619019e-02
4.735700041055679321e-02
4.729558154940605164e-02
4.723433032631874084e-02
4.717317223548889160e-02
4.711211100220680237e-02
4.705120623111724854e-02
4.699043184518814087e-02
4.692972451448440552e-02
4.686920717358589172e-02
4.680875316262245178e-02
4.674842208623886108e-02
4.668823257088661194e-02
4.662813991308212280e-02
4.656816273927688599e-02
4.650826379656791687e-02
4.644851014018058777e-02
4.638889804482460022e-02
4.632936418056488037e-02
4.626991227269172668e-02
4.621059074997901917e-02
4.615134373307228088e-02
4.609226062893867493e-02
4.603325203061103821e-02
4.597435891628265381e-02
4.591555893421173096e-02
4.585690796375274658e-02
4.579832032322883606e-02
4.573984444141387939e-02
4.568149149417877197e-02
4.562319815158843994e-02
4.556506127119064331e-02
4.550699889659881592e-02
4.544902592897415161e-02
4.539115354418754578e-02
4.533340036869049072e-02
4.527574405074119568e-02
4.521820321679115295e-02
4.516074433922767639e-02
4.510336369276046753e-02
4.504610598087310791e-02
4.498896747827529907e-02
4.493188485503196716e-02
4.487493261694908142e-02
4.481805860996246338e-02
4.476128146052360535e-02
4.470463097095489502e-02
4.464804008603096008e-02
4.459155350923538208e-02
4.453517869114875793e-02
4.447888955473899841e-02
4.442267119884490967e-02
4.436658322811126709e-02
4.431053251028060913e-02
4.425461217761039734e-02
4.419877752661705017e-02
4.414298757910728455e-02
4.408736899495124817e-02
4.403181001543998718e-02
4.397632554173469543e-02
4.392091184854507446e-02
4.386562108993530273e-02
4.381038993597030640e-02
4.375522583723068237e-02
4.370018467307090759e-02
4.364518448710441589e-02
4.359030723571777344e-02
4.353543370962142944e-02
4.348068311810493469e-02
4.342601820826530457e-02
4.337142407894134521e-02
4.331688582897186279e-02
4.326241835951805115e-02
4.320806264877319336e-02
4.315372183918952942e-02
4.309946298599243164e-02
4.304529726505279541e-02
4.299115017056465149e-02
4.293707758188247681e-02
4.288309440016746521e-02
4.282914102077484131e-02
4.277522116899490356e-02
4.272142052650451660e-02
4.266760870814323425e-02
4.261384531855583191e-02
4.256013408303260803e-02
4.250650852918624878e-02
4.245288670063018799e-02
4.239929839968681335e-02
4.234578832983970642e-02
4.229230061173439026e-02
4.223882034420967102e-02
4.218538850545883179e-02
4.213197901844978333e-02
4.207858070731163025e-02
4.202520474791526794e-02
4.197188466787338257e-02
4.191856458783149719e-02
4.186525195837020874e-02
4.181192070245742798e-02
4.175864160060882568e-02
4.170533269643783569e-02
4.165204614400863647e-02
4.159875214099884033e-02
4.154546186327934265e-02
4.149216786026954651e-02
4.143884778022766113e-02
4.138550534844398499e-02
4.133217781782150269e-02
4.127879813313484192e-02
4.122534766793251038e-02
4.117196053266525269e-02
4.111853614449501038e-02
4.106503725051879883e-02
4.101149737834930420e-02
4.095795750617980957e-02
4.090433940291404724e-02
4.085066542029380798e-02
4.079695418477058411e-02
4.074318334460258484e-02
4.068935289978981018e-02
4.063544049859046936e-02
4.058149829506874084e-02
4.052744433283805847e-02
4.047334194183349609e-02
4.041915759444236755e-02
4.036489501595497131e-02
4.031053557991981506e-02
4.025606438517570496e-02
4.020150005817413330e-02
4.014686867594718933e-02
4.009209945797920227e-02
4.003724455833435059e-02
3.998227044939994812e-02
3.992717340588569641e-02
3.987193107604980469e-02
3.981660306453704834e-02
3.976114466786384583e-02
