2.078373134136199951e-01
2.033293545246124268e-01
1.991008371114730835e-01
1.947776079177856445e-01
1.900605410337448120e-01
1.847830265760421753e-01
1.790333092212677002e-01
1.731574088335037231e-01
1.675445288419723511e-01
1.624161899089813232e-01
1.578073054552078247e-01
1.536524891853332520e-01
1.498595476150512695e-01
1.463444083929061890e-01
1.430397927761077881e-01
1.398955583572387695e-01
1.368772983551025391e-01
1.339660882949829102e-01
1.311593055725097656e-01
1.284688860177993774e-01
1.259139627218246460e-01
1.235093846917152405e-01
1.212579682469367981e-01
1.191523671150207520e-01
1.171820163726806641e-01
1.153372973203659058e-01
1.136105060577392578e-01
1.119953691959381104e-01
1.104863956570625305e-01
1.090781688690185547e-01
1.077648103237152100e-01
1.065397784113883972e-01
1.053961887955665588e-01
1.043267846107482910e-01
1.033241301774978638e-01
1.023810654878616333e-01
1.014908328652381897e-01
1.006469950079917908e-01
9.984381496906280518e-02
9.907605499029159546e-02
9.833907335996627808e-02
9.762885421514511108e-02
9.694185853004455566e-02
9.627503156661987305e-02
9.562588483095169067e-02
9.499222040176391602e-02
9.437230229377746582e-02
9.376468509435653687e-02
9.316838532686233521e-02
9.258240461349487305e-02
9.200619906187057495e-02
9.143929183483123779e-02
9.088140726089477539e-02
9.033236652612686157e-02
8.979216217994689941e-02
8.926067501306533813e-02
8.873804658651351929e-02
8.822449296712875366e-02
8.772009611129760742e-02
8.722502738237380981e-02
8.673946559429168701e-02
8.626363426446914673e-02
8.579767495393753052e-02
8.534183353185653687e-02
8.489626646041870117e-02
8.446110039949417114e-02
8.403638005256652832e-02
8.362224698066711426e-02
8.321879059076309204e-02
8.282597362995147705e-02
8.244379609823226929e-02
8.207219094038009644e-02
8.171109110116958618e-02
8.136036247014999390e-02
8.101984858512878418e-02
8.068928122520446777e-02
8.036850392818450928e-02
8.005718886852264404e-02
7.975508272647857666e-02
7.946185767650604248e-02
7.917711883783340454e-02
7.890063524246215820e-02
7.863189280033111572e-02
7.837063074111938477e-02
7.811642438173294067e-02
7.786897569894790649e-02
7.762793451547622681e-02
7.739297300577163696e-02
7.716377824544906616e-02
7.694004476070404053e-02
7.672159373760223389e-02
7.650812715291976929e-02
7.629945874214172363e-02
7.609540224075317383e-02
7.589574903249740601e-02
7.570037245750427246e-02
7.550913840532302856e-02
7.532183825969696045e-02
7.513841986656188965e-02
7.495873421430587769e-02
7.478268444538116455e-02
7.461019605398178101e-02
7.444114983081817627e-02
7.427543401718139648e-02
7.411299645900726318e-02
7.395371049642562866e-02
7.379753142595291138e-02
7.364436239004135132e-02
7.349412888288497925e-02
7.334681600332260132e-02
7.320225238800048828e-02
7.306049019098281860e-02
7.292132824659347534e-02
7.278484106063842773e-02
7.265090942382812500e-02
7.251953333616256714e-02
7.239066064357757568e-02
7.226418703794479370e-02
7.214013487100601196e-02
7.201849669218063354e-02
7.189917564392089844e-02
7.178225368261337280e-02
7.166761159896850586e-02
7.155528664588928223e-02
7.144525647163391113e-02
7.133749127388000488e-02
7.123195379972457886e-02
7.112872600555419922e-02
7.102771103382110596e-02
7.092890143394470215e-02
7.083229720592498779e-02
7.073792815208435059e-02
7.064568251371383667e-02
7.055561244487762451e-02
7.046761363744735718e-02
7.038177549839019775e-02
7.029800117015838623e-02
7.021629065275192261e-02
7.013656944036483765e-02
7.005882263183593750e-02
6.998306512832641602e-02
6.990920752286911011e-02
6.983724981546401978e-02
6.976711004972457886e-02
6.969878822565078735e-02
6.963219493627548218e-02
6.956733763217926025e-02
6.950412690639495850e-02
6.944254040718078613e-02
6.938254833221435547e-02
6.932410597801208496e-02
6.926710903644561768e-02
6.921157240867614746e-02
6.915745139122009277e-02
6.910463422536849976e-02
6.905309855937957764e-02
6.900288909673690796e-02
6.895390897989273071e-02
6.890601664781570435e-02
6.885931640863418579e-02
6.881364434957504272e-02
6.876901537179946899e-02
6.872539967298507690e-02
6.868273764848709106e-02
6.864100694656372070e-02
6.860014051198959351e-02
6.856007128953933716e-02
6.852085143327713013e-02
6.848239153623580933e-02
6.844466924667358398e-02
6.840761750936508179e-02
6.837121397256851196e-02
6.833548098802566528e-02
6.830032914876937866e-02
6.826571375131607056e-02
6.823166459798812866e-02
6.819811463356018066e-02
6.816504150629043579e-02
6.813243031501770020e-02
6.810025870800018311e-02
6.806846708059310913e-02
6.803706288337707520e-02
6.800600141286849976e-02
6.797531247138977051e-02
6.794486194849014282e-02
6.791477650403976440e-02
6.788489222526550293e-02
6.785531342029571533e-02
6.782592833042144775e-02
6.779684871435165405e-02
6.776792556047439575e-02
6.773914396762847900e-02
6.771057844161987305e-02
6.768217682838439941e-02
6.765391677618026733e-02
6.762579828500747681e-02
6.759776175022125244e-02
6.756984442472457886e-02
6.754208356142044067e-02
6.751438230276107788e-02
6.748680770397186279e-02
6.745924800634384155e-02
6.743178516626358032e-02
6.740441918373107910e-02
6.737704575061798096e-02
6.734974682331085205e-02
6.732251495122909546e-02
6.729530543088912964e-02
6.726813316345214844e-02
6.724098324775695801e-02
6.721387058496475220e-02
6.718674302101135254e-02
6.715966761112213135e-02
6.713256239891052246e-02
6.710553169250488281e-02
6.707847118377685547e-02
6.705146282911300659e-02
6.702443212270736694e-02
6.699739396572113037e-02
6.697037070989608765e-02
6.694332510232925415e-02
6.691630929708480835e-02
6.688924133777618408e-02
6.686218827962875366e-02
6.683515757322311401e-02
6.680805981159210205e-02
6.678099185228347778e-02
6.675390899181365967e-02
6.672683358192443848e-02
6.669970601797103882e-02
6.667254120111465454e-02
6.664539128541946411e-02
6.661819666624069214e-02
6.659097224473953247e-02
6.656374037265777588e-02
6.653646379709243774e-02
6.650920212268829346e-02
6.648189574480056763e-02
6.645455956459045410e-02
6.642720848321914673e-02
6.639980524778366089e-02
6.637240201234817505e-02
6.634495407342910767e-02
6.631746888160705566e-02
6.628998368978500366e-02
6.626238673925399780e-02
6.623484939336776733e-02
6.620723754167556763e-02
6.617958843708038330e-02
6.615191698074340820e-02
6.612420827150344849e-02
6.609646975994110107e-02
6.606870144605636597e-02
6.604088097810745239e-02
6.601300090551376343e-02
6.598511338233947754e-02
6.595723330974578857e-02
6.592925637960433960e-02
6.590126454830169678e-02
6.587330996990203857e-02
6.584523618221282959e-02
6.581719964742660522e-02
6.578911840915679932e-02
6.576101481914520264e-02
6.573288142681121826e-02
6.570470333099365234e-02
6.567655503749847412e-02
6.564837694168090820e-02
6.562022119760513306e-02
6.559202075004577637e-02
6.556386500597000122e-02
6.553571671247482300e-02
6.550754606723785400e-02
6.547938287258148193e-02
6.545124202966690063e-02
6.542313098907470703e-02
6.539501249790191650e-02
6.536694616079330444e-02
6.533898413181304932e-02
6.531102955341339111e-02
6.528315693140029907e-02
6.525531411170959473e-02
6.522753089666366577e-02
6.519985944032669067e-02
6.517227739095687866e-02
6.514478474855422974e-02
6.511742621660232544e-02
6.509015709161758423e-02
6.506305187940597534e-02
6.503600627183914185e-02
6.500916928052902222e-02
6.498245894908905029e-02
6.495591998100280762e-02
6.492953747510910034e-02
6.490334868431091309e-02
6.487736105918884277e-02
6.485157459974288940e-02
6.482600420713424683e-02
6.480067968368530273e-02
6.477554142475128174e-02
6.475072354078292847e-02
6.472609192132949829e-02
6.470167636871337891e-02
6.467757374048233032e-02
6.465375423431396484e-02
6.463015079498291016e-02
6.460684537887573242e-02
6.458386033773422241e-02
6.456118077039718628e-02
6.453877687454223633e-02
6.451667845249176025e-02
6.449490040540695190e-02
6.447340548038482666e-02
6.445225328207015991e-02
6.443137675523757935e-02
6.441086530685424805e-02
6.439065188169479370e-02
6.437073647975921631e-02
6.435121595859527588e-02
6.433194875717163086e-02
6.431301683187484741e-02
6.429439038038253784e-02
6.427610665559768677e-02
6.425808370113372803e-02
6.424041092395782471e-02
6.422309577465057373e-02
6.420602649450302124e-02
6.418928503990173340e-02
6.417282670736312866e-02
6.415671855211257935e-02
6.414085626602172852e-02
6.412527710199356079e-02
6.410999596118927002e-02
6.409503519535064697e-02
6.408029794692993164e-02
6.406591832637786865e-02
6.405173242092132568e-02
6.403785198926925659e-02
6.402418762445449829e-02
6.401076912879943848e-02
6.399760395288467407e-02
6.398470699787139893e-02
6.397200375795364380e-02
6.395956873893737793e-02
6.394731998443603516e-02
6.393531709909439087e-02
6.392353773117065430e-02
6.391196697950363159e-02
6.390059739351272583e-02
6.388943642377853394e-02
6.387847661972045898e-02
6.386771798133850098e-02
6.385710835456848145e-02
6.384670734405517578e-02
6.383645534515380859e-02
6.382642686367034912e-02
6.381655484437942505e-02
6.380686163902282715e-02
6.379730254411697388e-02
6.378794461488723755e-02
6.377869844436645508e-02
6.376963853836059570e-02
6.376077979803085327e-02
6.375208497047424316e-02
6.374350935220718384e-02
6.373505294322967529e-02
6.372682005167007446e-02
6.371872127056121826e-02
6.371078640222549438e-02
6.370300054550170898e-02
6.369531899690628052e-02
6.368782371282577515e-02
6.368048489093780518e-02
6.367323547601699829e-02
6.366620212793350220e-02
6.365928798913955688e-02
6.365258991718292236e-02
6.364598870277404785e-02
6.363958120346069336e-02
6.363329291343688965e-02
6.362718343734741211e-02
6.362126022577285767e-02
6.361544132232666016e-02
6.360986828804016113e-02
6.360447406768798828e-02
6.359916180372238159e-02
6.359408050775527954e-02
6.358918547630310059e-02
6.358447670936584473e-02
6.357992440462112427e-02
6.357561796903610229e-02
6.357149034738540649e-02
6.356751918792724609e-02
6.356377154588699341e-02
6.356018036603927612e-02
6.355688720941543579e-02
6.355372071266174316e-02
6.355083733797073364e-02
6.354815512895584106e-02
6.354569643735885620e-02
6.354346126317977905e-02
6.354144215583801270e-02
6.353962421417236328e-02
6.353814154863357544e-02
6.353684514760971069e-02
6.353585422039031982e-02
6.353503465652465820e-02
6.353455781936645508e-02
6.353434175252914429e-02
6.353428959846496582e-02
6.353458017110824585e-02
6.353516131639480591e-02
6.353598833084106445e-02
6.353716552257537842e-02
6.353849172592163086e-02
6.354021281003952026e-02
6.354226917028427124e-02
6.354454159736633301e-02
6.354711949825286865e-02
6.355004757642745972e-02
6.355327367782592773e-02
6.355679780244827271e-02
6.356066465377807617e-02
6.356489658355712891e-02
6.356941908597946167e-02
6.357427686452865601e-02
6.357944756746292114e-02
6.358502060174942017e-02
6.359086185693740845e-02
6.359703838825225830e-02
6.360366195440292358e-02
6.361053884029388428e-02
6.361778825521469116e-02
6.362547725439071655e-02
6.363344192504882812e-02
6.364178657531738281e-02
6.365050375461578369e-02
6.365959346294403076e-02
6.366907060146331787e-02
6.367888301610946655e-02
6.368907541036605835e-02
6.369967013597488403e-02
6.371057778596878052e-02
6.372192502021789551e-02
6.373357027769088745e-02
6.374569237232208252e-02
6.375809013843536377e-02
6.377093493938446045e-02
6.378415971994400024e-02
6.379774212837219238e-02
6.381168961524963379e-02
6.382603198289871216e-02
6.384070217609405518e-02
6.385581940412521362e-02
6.387130171060562134e-02
6.388713419437408447e-02
6.390336900949478149e-02
6.391995400190353394e-02
6.393689662218093872e-02
6.395424157381057739e-02
6.397187709808349609e-02
6.398994475603103638e-02
6.400834023952484131e-02
6.402710825204849243e-02
6.404621154069900513e-02
6.406568735837936401e-02
6.408540904521942139e-02
6.410554796457290649e-02
6.412603706121444702e-02
6.414682418107986450e-02
6.416791677474975586e-02
6.418931484222412109e-02
6.421113014221191406e-02
6.423319131135940552e-02
6.425561010837554932e-02
6.427827477455139160e-02
6.430127471685409546e-02
6.432458013296127319e-02
6.434816867113113403e-02
6.437193602323532104e-02
6.439609825611114502e-02
6.442049890756607056e-02
6.444517523050308228e-02
6.447012722492218018e-02
6.449531018733978271e-02
6.452074646949768066e-02
6.454641371965408325e-02
6.457240879535675049e-02
6.459853798151016235e-02
6.462496519088745117e-02
6.465162336826324463e-02
6.467846035957336426e-02
6.470553576946258545e-02
6.473278999328613281e-02
6.476026773452758789e-02
6.478796899318695068e-02
6.481581181287765503e-02
6.484392285346984863e-02
6.487214565277099609e-02
6.490060687065124512e-02
