2.237998992204666138e-01
2.198911905288696289e-01
2.161990702152252197e-01
2.127757519483566284e-01
2.096642255783081055e-01
2.068917453289031982e-01
2.044661939144134521e-01
2.023773938417434692e-01
2.006010562181472778e-01
1.991046965122222900e-01
1.978517025709152222e-01
1.968057751655578613e-01
1.959330737590789795e-01
1.952034235000610352e-01
1.945909857749938965e-01
1.940742433071136475e-01
1.936354637145996094e-01
1.932601630687713623e-01
1.929367035627365112e-01
1.926559358835220337e-01
1.924101412296295166e-01
1.921934485435485840e-01
1.920010149478912354e-01
1.918290704488754272e-01
1.916742175817489624e-01
1.915339231491088867e-01
1.914060860872268677e-01
1.912888586521148682e-01
1.911805123090744019e-01
1.910799443721771240e-01
1.909858733415603638e-01
1.908973455429077148e-01
1.908133476972579956e-01
1.907331347465515137e-01
1.906559169292449951e-01
1.905808895826339722e-01
1.905073374509811401e-01
1.904344409704208374e-01
1.903614550828933716e-01
1.902874410152435303e-01
1.902114599943161011e-01
1.901323944330215454e-01
1.900487989187240601e-01
1.899591982364654541e-01
1.898613423109054565e-01
1.897528618574142456e-01
1.896301358938217163e-01
1.894888579845428467e-01
1.893228441476821899e-01
1.891239285469055176e-01
1.888806223869323730e-01
1.885773092508316040e-01
1.881925910711288452e-01
1.876984089612960815e-01
1.870615631341934204e-01
1.862500309944152832e-01
1.852478981018066406e-01
1.840748935937881470e-01
1.827926337718963623e-01
1.814847588539123535e-01
1.802173405885696411e-01
1.790183633565902710e-01
1.778922230005264282e-01
1.768404990434646606e-01
1.758683770895004272e-01
1.749805510044097900e-01
1.741796284914016724e-01
1.734661310911178589e-01
1.728392690420150757e-01
1.722980439662933350e-01
1.718419045209884644e-01
1.714712232351303101e-01
1.711873859167098999e-01
1.709935814142227173e-01
1.708948910236358643e-01
1.708977073431015015e-01
1.710086464881896973e-01
1.712304353713989258e-01
1.715540587902069092e-01
1.719444096088409424e-01
1.723180115222930908e-01
1.725208014249801636e-01
1.723337471485137939e-01
1.715593189001083374e-01
1.701820641756057739e-01
1.684279143810272217e-01
1.665673702955245972e-01
1.646959185600280762e-01
1.627524048089981079e-01
1.606360226869583130e-01
1.582215428352355957e-01
1.552985757589340210e-01
1.515384912490844727e-01
1.465705037117004395e-01
1.402015388011932373e-01
1.326617896556854248e-01
1.246032118797302246e-01
1.168370693922042847e-01
1.099517941474914551e-01
1.041177362203598022e-01
9.919527173042297363e-02
9.496432542800903320e-02
9.140525758266448975e-02
8.853509277105331421e-02
8.630101382732391357e-02
8.459534496068954468e-02
8.328890800476074219e-02
8.227026462554931641e-02
8.145444095134735107e-02
8.077250421047210693e-02
8.016765117645263672e-02
7.960501313209533691e-02
7.907488197088241577e-02
7.858413457870483398e-02
7.814694941043853760e-02
7.777225971221923828e-02
7.745219022035598755e-02
7.716433703899383545e-02
7.688263803720474243e-02
7.658524811267852783e-02
7.625658065080642700e-02
7.588689029216766357e-02
7.547166198492050171e-02
7.501386851072311401e-02
7.452861219644546509e-02
7.404421269893646240e-02
7.358787208795547485e-02
7.316762953996658325e-02
7.277802377939224243e-02
7.241451740264892578e-02
7.207261770963668823e-02
7.174598425626754761e-02
7.142677158117294312e-02
7.110743224620819092e-02
7.079108059406280518e-02
7.049645483493804932e-02
7.024554163217544556e-02
7.005108892917633057e-02
6.990557163953781128e-02
6.978407502174377441e-02
6.968594342470169067e-02
6.963191926479339600e-02
6.961100548505783081e-02
6.961282342672348022e-02
6.963946670293807983e-02
6.967597454786300659e-02
6.968214362859725952e-02
6.961246579885482788e-02
6.946223974227905273e-02
6.927150487899780273e-02
6.906603276729583740e-02
6.884978711605072021e-02
6.862352788448333740e-02
6.838703900575637817e-02
6.813804805278778076e-02
6.787277758121490479e-02
6.758694350719451904e-02
6.727683544158935547e-02
6.693831831216812134e-02
6.656813621520996094e-02
6.616534292697906494e-02
6.573969125747680664e-02
6.531262397766113281e-02
6.490977108478546143e-02
6.454714387655258179e-02
6.424709409475326538e-02
6.403759121894836426e-02
6.393529474735260010e-02
6.392952054738998413e-02
6.416059285402297974e-02
6.777250021696090698e-02
6.474135071039199829e-02
6.348491460084915161e-02
6.273517012596130371e-02
6.421530246734619141e-02
6.415075808763504028e-02
6.413329392671585083e-02
6.242456287145614624e-02
6.237297132611274719e-02
6.318029761314392090e-02
6.254314631223678589e-02
6.204745918512344360e-02
6.286548078060150146e-02
6.329821050167083740e-02
6.424009799957275391e-02
6.385292112827301025e-02
6.164626777172088623e-02
6.103587895631790161e-02
6.217917799949645996e-02
6.259705871343612671e-02
6.380704790353775024e-02
6.355948001146316528e-02
6.224785000085830688e-02
6.396950036287307739e-02
6.272643059492111206e-02
6.359440088272094727e-02
6.297749280929565430e-02
6.348404288291931152e-02
6.527745723724365234e-02
6.896745413541793823e-02
6.198548898100852966e-02
6.411325931549072266e-02
7.237754762172698975e-02
6.425050646066665649e-02
6.861618906259536743e-02
6.714242696762084961e-02
6.485629826784133911e-02
6.710006296634674072e-02
6.537593156099319458e-02
6.291066110134124756e-02
6.323885172605514526e-02
6.335482746362686157e-02
6.939607858657836914e-02
6.266757845878601074e-02
6.588526815176010132e-02
6.459244340658187866e-02
6.290508061647415161e-02
7.148996740579605103e-02
6.451623886823654175e-02
6.995331496000289917e-02
6.451687216758728027e-02
6.441617012023925781e-02
6.366579979658126831e-02
6.788273900747299194e-02
6.263864040374755859e-02
6.477596610784530640e-02
6.527145206928253174e-02
7.091997563838958740e-02
7.473070919513702393e-02
6.393567472696304321e-02
6.090177968144416809e-02
7.166930288076400757e-02
6.465037912130355835e-02
7.790208607912063599e-02
6.276222318410873413e-02
7.185283303260803223e-02
7.017677277326583862e-02
6.688727438449859619e-02
6.984260678291320801e-02
6.865840405225753784e-02
6.409654021263122559e-02
6.614278256893157959e-02
6.263385713100433350e-02
6.306027621030807495e-02
6.279826909303665161e-02
6.604278087615966797e-02
6.080738827586174011e-02
6.228302791714668274e-02
6.937105208635330200e-02
8.002409338951110840e-02
6.147255375981330872e-02
6.134946271777153015e-02
6.692548096179962158e-02
6.808918714523315430e-02
6.056867912411689758e-02
6.636897474527359009e-02
6.473053246736526489e-02
6.812828034162521362e-02
6.232519820332527161e-02
6.583538651466369629e-02
6.190454587340354919e-02
6.130427122116088867e-02
5.985676869750022888e-02
5.940389633178710938e-02
5.739644542336463928e-02
6.712222099304199219e-02
6.030857563018798828e-02
5.916196107864379883e-02
6.022904068231582642e-02
6.505908071994781494e-02
6.208358332514762878e-02
6.056026369333267212e-02
6.049425154924392700e-02
5.987937748432159424e-02
6.219812482595443726e-02
6.177688390016555786e-02
6.154350936412811279e-02
5.939951166510581970e-02
6.379628181457519531e-02
6.356022506952285767e-02
6.603291630744934082e-02
6.504108756780624390e-02
6.492854654788970947e-02
6.592339277267456055e-02
6.375289708375930786e-02
6.297363340854644775e-02
6.762105971574783325e-02
7.092392444610595703e-02
6.946662813425064087e-02
7.107288390398025513e-02
7.022901624441146851e-02
7.205848395824432373e-02
7.171549648046493530e-02
7.287330180406570435e-02
7.360828667879104614e-02
7.522201538085937500e-02
6.728710979223251343e-02
6.682997196912765503e-02
6.804352998733520508e-02
6.476770341396331787e-02
6.890454888343811035e-02
6.186523661017417908e-02
6.568735837936401367e-02
7.073435187339782715e-02
6.602175533771514893e-02
7.526805251836776733e-02
6.851919740438461304e-02
7.320907711982727051e-02
6.641489267349243164e-02
7.494025677442550659e-02
6.230353564023971558e-02
7.464168220758438110e-02
6.935647130012512207e-02
7.836636155843734741e-02
7.126735895872116089e-02
7.377368211746215820e-02
7.280163466930389404e-02
7.651744782924652100e-02
7.366120815277099609e-02
7.348844408988952637e-02
7.584566622972488403e-02
6.582459062337875366e-02
6.711894273757934570e-02
7.250769436359405518e-02
6.586246937513351440e-02
7.158335298299789429e-02
7.726129889488220215e-02
7.304660230875015259e-02
7.504314929246902466e-02
8.005043119192123413e-02
6.475172191858291626e-02
7.092960178852081299e-02
7.098748534917831421e-02
7.238744199275970459e-02
6.915904581546783447e-02
6.705607473850250244e-02
6.406427174806594849e-02
6.650900095701217651e-02
7.081234455108642578e-02
8.399482071399688721e-02
7.298228889703750610e-02
8.260503411293029785e-02
7.921583950519561768e-02
6.549976766109466553e-02
6.806460022926330566e-02
7.597904652357101440e-02
7.331827282905578613e-02
8.404915034770965576e-02
6.916826218366622925e-02
7.572236657142639160e-02
7.857333123683929443e-02
7.114956527948379517e-02
6.420033425092697144e-02
7.346174865961074829e-02
6.909846514463424683e-02
6.506250053644180298e-02
6.791774183511734009e-02
6.511653214693069458e-02
7.215446978807449341e-02
6.012281775474548340e-02
6.661380827426910400e-02
7.974624633789062500e-02
7.608853280544281006e-02
6.436965614557266235e-02
6.902147084474563599e-02
7.265714555978775024e-02
7.183066755533218384e-02
7.077745348215103149e-02
7.044191658496856689e-02
6.654436886310577393e-02
7.173144072294235229e-02
7.008102536201477051e-02
6.881960481405258179e-02
6.491131335496902466e-02
7.573972642421722412e-02
7.335529476404190063e-02
7.656903564929962158e-02
7.559539377689361572e-02
7.602759450674057007e-02
7.358555495738983154e-02
7.576067745685577393e-02
7.386412471532821655e-02
6.613980233669281006e-02
7.095962017774581909e-02
7.925320416688919067e-02
7.551591843366622925e-02
7.490228861570358276e-02
7.593726366758346558e-02
7.052178680896759033e-02
7.638040930032730103e-02
7.499963790178298950e-02
7.283144444227218628e-02
7.077731937170028687e-02
7.297776639461517334e-02
7.680518925189971924e-02
7.928364723920822144e-02
7.463659346103668213e-02
7.056211680173873901e-02
7.870835810899734497e-02
7.994866371154785156e-02
7.062537968158721924e-02
7.777757197618484497e-02
7.537798583507537842e-02
7.143627107143402100e-02
8.169978857040405273e-02
8.025379478931427002e-02
7.735349237918853760e-02
7.501882314682006836e-02
7.217933237552642822e-02
6.660116463899612427e-02
8.052086085081100464e-02
7.411187887191772461e-02
7.060879468917846680e-02
7.322385907173156738e-02
7.224024832248687744e-02
7.078994810581207275e-02
6.965232640504837036e-02
7.200516760349273682e-02
6.433039158582687378e-02
7.143914699554443359e-02
7.595306634902954102e-02
7.223640382289886475e-02
6.414435803890228271e-02
6.886057555675506592e-02
6.504277884960174561e-02
7.754749804735183716e-02
7.603282481431961060e-02
6.819361448287963867e-02
8.088408410549163818e-02
7.477967441082000732e-02
7.737120985984802246e-02
7.073070108890533447e-02
6.690645962953567505e-02
7.484266906976699829e-02
7.638439536094665527e-02
7.808928936719894409e-02
7.596307247877120972e-02
7.841335237026214600e-02
7.626725733280181885e-02
7.290846109390258789e-02
7.272044569253921509e-02
7.442044466733932495e-02
7.163255661725997925e-02
7.407300174236297607e-02
7.492864876985549927e-02
8.260894566774368286e-02
7.458218187093734741e-02
8.081429451704025269e-02
7.111608237028121948e-02
7.153963297605514526e-02
7.499522715806961060e-02
7.085965573787689209e-02
7.248675823211669922e-02
6.458953768014907837e-02
7.558494806289672852e-02
7.329093664884567261e-02
7.698906958103179932e-02
7.766406238079071045e-02
7.447425276041030884e-02
8.235000818967819214e-02
7.771707326173782349e-02
8.251383155584335327e-02
9.339200705289840698e-02
7.471034675836563110e-02
8.058115094900131226e-02
7.765042781829833984e-02
7.763648033142089844e-02
7.842551916837692261e-02
8.665307611227035522e-02
8.515216410160064697e-02
7.825082540512084961e-02
7.588715106248855591e-02
7.518297433853149414e-02
8.848362416028976440e-02
7.751927524805068970e-02
8.072111010551452637e-02
8.594864606857299805e-02
7.988128811120986938e-02
8.285532891750335693e-02
8.351919800043106079e-02
8.216235041618347168e-02
7.788967341184616089e-02
8.165500313043594360e-02
7.816328108310699463e-02
7.712402194738388062e-02
8.141745626926422119e-02
7.844273746013641357e-02
8.328080922365188599e-02
8.039963990449905396e-02
8.146809786558151245e-02
8.150424063205718994e-02
8.802706003189086914e-02
7.728791981935501099e-02
8.491688966751098633e-02
9.354510158300399780e-02
8.809135109186172485e-02
8.234554529190063477e-02
1.086945608258247375e-01
8.109669387340545654e-02
8.683408796787261963e-02
