2.705099880695343018e-01
2.594234943389892578e-01
2.549889087677001953e-01
2.572062015533447266e-01
2.594234943389892578e-01
2.572062015533447266e-01
2.572062015533447266e-01
2.549889087677001953e-01
2.572062015533447266e-01
2.572062015533447266e-01
2.594234943389892578e-01
2.572062015533447266e-01
2.594234943389892578e-01
2.616407871246337891e-01
2.616407871246337891e-01
2.638580799102783203e-01
2.638580799102783203e-01
2.638580799102783203e-01
2.682926952838897705e-01
2.705099880695343018e-01
2.705099880695343018e-01
2.682926952838897705e-01
2.682926952838897705e-01
2.727272808551788330e-01
2.660754024982452393e-01
2.660754024982452393e-01
2.660754024982452393e-01
2.660754024982452393e-01
2.660754024982452393e-01
2.660754024982452393e-01
2.638580799102783203e-01
2.616407871246337891e-01
2.572062015533447266e-01
2.594234943389892578e-01
2.616407871246337891e-01
2.616407871246337891e-01
2.616407871246337891e-01
2.594234943389892578e-01
2.572062015533447266e-01
2.572062015533447266e-01
2.616407871246337891e-01
2.705099880695343018e-01
2.771618664264678955e-01
2.727272808551788330e-01
2.771618664264678955e-01
2.793791592121124268e-01
2.926829159259796143e-01
2.971175312995910645e-01
3.148558735847473145e-01
3.237250447273254395e-01
3.281596601009368896e-01
3.481152951717376709e-01
3.614190816879272461e-01
3.680709600448608398e-01
3.791574239730834961e-01
3.880265951156616211e-01
3.880265951156616211e-01
3.946785032749176025e-01
3.968957960605621338e-01
4.101995527744293213e-01
4.146341383457183838e-01
4.146341383457183838e-01
4.257206320762634277e-01
4.434589743614196777e-01
4.501108527183532715e-01
4.501108527183532715e-01
4.567627608776092529e-01
4.523281455039978027e-01
4.523281455039978027e-01
4.611973464488983154e-01
4.722838103771209717e-01
4.722838103771209717e-01
4.811529815196990967e-01
4.922394752502441406e-01
4.944567680358886719e-01
4.944567680358886719e-01
4.922394752502441406e-01
4.988913536071777344e-01
5.210642814636230469e-01
5.254988670349121094e-01
5.277161598205566406e-01
5.343680977821350098e-01
5.343680977821350098e-01
5.299334526062011719e-01
5.254988670349121094e-01
5.299334526062011719e-01
5.299334526062011719e-01
5.321508049964904785e-01
5.299334526062011719e-01
5.299334526062011719e-01
5.277161598205566406e-01
5.254988670349121094e-01
5.277161598205566406e-01
5.299334526062011719e-01
5.277161598205566406e-01
5.299334526062011719e-01
5.299334526062011719e-01
5.321508049964904785e-01
5.254988670349121094e-01
5.365853905677795410e-01
5.454545617103576660e-01
5.476718544960021973e-01
5.609756112098693848e-01
5.676274895668029785e-01
5.853658318519592285e-01
5.875831246376037598e-01
5.942350625991821289e-01
5.986696481704711914e-01
5.986696481704711914e-01
6.008869409561157227e-01
6.075388193130493164e-01
6.164079904556274414e-01
6.164079904556274414e-01
6.252771615982055664e-01
6.274944543838500977e-01
6.297117471694946289e-01
6.274944543838500977e-01
6.341463327407836914e-01
6.407982110977172852e-01
6.541019678115844727e-01
6.474500894546508789e-01
6.563193202018737793e-01
6.629711985588073730e-01
6.718403697013854980e-01
6.784922480583190918e-01
6.829268336296081543e-01
6.807095408439636230e-01
6.784922480583190918e-01
6.851441264152526855e-01
6.917960047721862793e-01
6.984478831291198730e-01
7.050997614860534668e-01
7.139689326286315918e-01
7.206208705902099609e-01
7.250554561614990234e-01
7.339246273040771484e-01
7.383592128753662109e-01
7.383592128753662109e-01
7.427937984466552734e-01
7.472283840179443359e-01
7.605321407318115234e-01
7.627494335174560547e-01
7.627494335174560547e-01
7.694013118743896484e-01
7.738358974456787109e-01
7.760531902313232422e-01
7.782704830169677734e-01
7.804877758026123047e-01
7.827051281929016113e-01
7.827051281929016113e-01
7.827051281929016113e-01
7.760531902313232422e-01
7.760531902313232422e-01
7.760531902313232422e-01
7.804877758026123047e-01
7.760531902313232422e-01
7.716186046600341797e-01
7.738358974456787109e-01
7.760531902313232422e-01
7.782704830169677734e-01
7.738358974456787109e-01
7.738358974456787109e-01
7.694013118743896484e-01
7.782704830169677734e-01
7.782704830169677734e-01
7.782704830169677734e-01
7.827051281929016113e-01
7.849224209785461426e-01
7.871397137641906738e-01
7.893570065498352051e-01
7.937915921211242676e-01
7.960088849067687988e-01
7.893570065498352051e-01
7.893570065498352051e-01
7.871397137641906738e-01
7.782704830169677734e-01
7.827051281929016113e-01
7.760531902313232422e-01
7.827051281929016113e-01
7.827051281929016113e-01
7.804877758026123047e-01
7.760531902313232422e-01
7.782704830169677734e-01
7.782704830169677734e-01
7.849224209785461426e-01
7.827051281929016113e-01
7.827051281929016113e-01
7.827051281929016113e-01
7.849224209785461426e-01
7.827051281929016113e-01
7.827051281929016113e-01
7.827051281929016113e-01
7.782704830169677734e-01
7.804877758026123047e-01
7.804877758026123047e-01
7.782704830169677734e-01
7.782704830169677734e-01
7.893570065498352051e-01
7.849224209785461426e-01
7.871397137641906738e-01
7.871397137641906738e-01
7.893570065498352051e-01
7.915742993354797363e-01
7.937915921211242676e-01
7.893570065498352051e-01
7.960088849067687988e-01
8.004434704780578613e-01
8.026607632637023926e-01
8.026607632637023926e-01
8.070953488349914551e-01
8.070953488349914551e-01
8.115299344062805176e-01
8.115299344062805176e-01
8.115299344062805176e-01
8.115299344062805176e-01
8.137472271919250488e-01
8.115299344062805176e-01
8.115299344062805176e-01
8.137472271919250488e-01
8.159645199775695801e-01
8.181818127632141113e-01
8.181818127632141113e-01
8.159645199775695801e-01
8.203991055488586426e-01
8.181818127632141113e-01
8.115299344062805176e-01
8.203991055488586426e-01
8.248336911201477051e-01
8.203991055488586426e-01
8.203991055488586426e-01
8.270509839057922363e-01
8.159645199775695801e-01
8.115299344062805176e-01
8.159645199775695801e-01
8.115299344062805176e-01
8.181818127632141113e-01
8.159645199775695801e-01
8.093126416206359863e-01
8.181818127632141113e-01
8.181818127632141113e-01
8.159645199775695801e-01
8.137472271919250488e-01
8.203991055488586426e-01
8.203991055488586426e-01
8.115299344062805176e-01
8.159645199775695801e-01
8.159645199775695801e-01
8.137472271919250488e-01
8.137472271919250488e-01
8.115299344062805176e-01
8.137472271919250488e-01
8.226163983345031738e-01
8.070953488349914551e-01
8.115299344062805176e-01
8.292682766914367676e-01
8.248336911201477051e-01
8.248336911201477051e-01
8.226163983345031738e-01
8.159645199775695801e-01
8.159645199775695801e-01
8.181818127632141113e-01
8.226163983345031738e-01
8.226163983345031738e-01
8.270509839057922363e-01
8.159645199775695801e-01
8.248336911201477051e-01
8.270509839057922363e-01
8.226163983345031738e-01
8.337028622627258301e-01
8.203991055488586426e-01
8.248336911201477051e-01
8.270509839057922363e-01
8.403547406196594238e-01
8.403547406196594238e-01
8.337028622627258301e-01
8.314855694770812988e-01
8.292682766914367676e-01
8.359201550483703613e-01
8.337028622627258301e-01
8.270509839057922363e-01
8.337028622627258301e-01
8.337028622627258301e-01
8.337028622627258301e-01
8.337028622627258301e-01
8.403547406196594238e-01
8.359201550483703613e-01
8.226163983345031738e-01
8.270509839057922363e-01
8.337028622627258301e-01
8.314855694770812988e-01
8.403547406196594238e-01
8.425720334053039551e-01
8.314855694770812988e-01
8.314855694770812988e-01
8.292682766914367676e-01
8.314855694770812988e-01
8.314855694770812988e-01
8.337028622627258301e-01
8.314855694770812988e-01
8.292682766914367676e-01
8.403547406196594238e-01
8.381374478340148926e-01
8.359201550483703613e-01
8.314855694770812988e-01
8.403547406196594238e-01
8.337028622627258301e-01
8.359201550483703613e-01
8.270509839057922363e-01
8.359201550483703613e-01
8.359201550483703613e-01
8.292682766914367676e-01
8.314855694770812988e-01
8.359201550483703613e-01
8.381374478340148926e-01
8.314855694770812988e-01
8.359201550483703613e-01
8.337028622627258301e-01
8.359201550483703613e-01
8.381374478340148926e-01
8.337028622627258301e-01
8.403547406196594238e-01
8.403547406196594238e-01
8.270509839057922363e-01
8.470066785812377930e-01
8.359201550483703613e-01
8.381374478340148926e-01
8.403547406196594238e-01
8.359201550483703613e-01
8.359201550483703613e-01
8.381374478340148926e-01
8.403547406196594238e-01
8.337028622627258301e-01
8.359201550483703613e-01
8.425720334053039551e-01
8.425720334053039551e-01
8.447893857955932617e-01
8.514412641525268555e-01
8.603104352951049805e-01
8.470066785812377930e-01
8.314855694770812988e-01
8.514412641525268555e-01
8.292682766914367676e-01
8.470066785812377930e-01
8.425720334053039551e-01
8.514412641525268555e-01
8.425720334053039551e-01
8.314855694770812988e-01
8.447893857955932617e-01
8.359201550483703613e-01
8.447893857955932617e-01
8.514412641525268555e-01
8.447893857955932617e-01
8.447893857955932617e-01
8.492239713668823242e-01
8.514412641525268555e-01
8.470066785812377930e-01
8.470066785812377930e-01
8.492239713668823242e-01
8.492239713668823242e-01
8.470066785812377930e-01
8.403547406196594238e-01
8.403547406196594238e-01
8.470066785812377930e-01
8.514412641525268555e-01
8.514412641525268555e-01
8.381374478340148926e-01
8.492239713668823242e-01
8.403547406196594238e-01
8.492239713668823242e-01
8.403547406196594238e-01
8.447893857955932617e-01
8.470066785812377930e-01
8.447893857955932617e-01
8.425720334053039551e-01
8.447893857955932617e-01
8.470066785812377930e-01
8.447893857955932617e-01
8.492239713668823242e-01
8.558758497238159180e-01
8.514412641525268555e-01
8.558758497238159180e-01
8.558758497238159180e-01
8.381374478340148926e-01
8.292682766914367676e-01
8.514412641525268555e-01
8.514412641525268555e-01
8.425720334053039551e-01
8.492239713668823242e-01
8.470066785812377930e-01
8.470066785812377930e-01
8.514412641525268555e-01
8.536585569381713867e-01
8.470066785812377930e-01
8.492239713668823242e-01
8.447893857955932617e-01
8.580931425094604492e-01
8.492239713668823242e-01
8.492239713668823242e-01
8.514412641525268555e-01
8.470066785812377930e-01
8.492239713668823242e-01
8.470066785812377930e-01
8.514412641525268555e-01
8.492239713668823242e-01
8.447893857955932617e-01
8.536585569381713867e-01
8.403547406196594238e-01
8.536585569381713867e-01
8.270509839057922363e-01
8.536585569381713867e-01
8.492239713668823242e-01
8.470066785812377930e-01
8.536585569381713867e-01
8.580931425094604492e-01
8.558758497238159180e-01
8.514412641525268555e-01
8.558758497238159180e-01
8.580931425094604492e-01
8.447893857955932617e-01
8.536585569381713867e-01
8.580931425094604492e-01
8.536585569381713867e-01
8.470066785812377930e-01
8.359201550483703613e-01
8.536585569381713867e-01
8.514412641525268555e-01
8.470066785812377930e-01
8.580931425094604492e-01
8.403547406196594238e-01
8.536585569381713867e-01
8.492239713668823242e-01
8.425720334053039551e-01
8.470066785812377930e-01
8.603104352951049805e-01
8.603104352951049805e-01
8.536585569381713867e-01
8.647450208663940430e-01
8.514412641525268555e-01
8.536585569381713867e-01
8.603104352951049805e-01
8.447893857955932617e-01
8.625277280807495117e-01
8.514412641525268555e-01
8.691796064376831055e-01
8.669623136520385742e-01
8.625277280807495117e-01
8.558758497238159180e-01
8.669623136520385742e-01
8.647450208663940430e-01
8.691796064376831055e-01
8.514412641525268555e-01
8.647450208663940430e-01
8.536585569381713867e-01
8.669623136520385742e-01
8.691796064376831055e-01
8.447893857955932617e-01
8.691796064376831055e-01
8.736141920089721680e-01
8.580931425094604492e-01
8.736141920089721680e-01
8.713968992233276367e-01
8.713968992233276367e-01
8.758314847946166992e-01
8.603104352951049805e-01
8.669623136520385742e-01
8.647450208663940430e-01
8.736141920089721680e-01
8.691796064376831055e-01
8.758314847946166992e-01
8.780487775802612305e-01
8.758314847946166992e-01
8.713968992233276367e-01
8.736141920089721680e-01
8.758314847946166992e-01
8.780487775802612305e-01
8.713968992233276367e-01
8.691796064376831055e-01
8.824833631515502930e-01
8.780487775802612305e-01
8.780487775802612305e-01
8.758314847946166992e-01
8.802660703659057617e-01
8.780487775802612305e-01
8.802660703659057617e-01
8.824833631515502930e-01
8.802660703659057617e-01
8.891352415084838867e-01
8.824833631515502930e-01
8.802660703659057617e-01
8.558758497238159180e-01
8.625277280807495117e-01
8.869179487228393555e-01
8.847006559371948242e-01
8.691796064376831055e-01
8.824833631515502930e-01
8.647450208663940430e-01
8.824833631515502930e-01
8.847006559371948242e-01
8.780487775802612305e-01
8.802660703659057617e-01
