2.127353191375732422e+00
1.999833583831787109e+00
1.963208317756652832e+00
1.934675931930541992e+00
1.916960000991821289e+00
1.901816248893737793e+00
1.893913149833679199e+00
1.882184267044067383e+00
1.872195363044738770e+00
1.861079096794128418e+00
1.857156872749328613e+00
1.847179412841796875e+00
1.840561747550964355e+00
1.836484432220458984e+00
1.834535121917724609e+00
1.827816843986511230e+00
1.820398926734924316e+00
1.818594098091125488e+00
1.819653868675231934e+00
1.811305880546569824e+00
1.806914091110229492e+00
1.802927374839782715e+00
1.802392005920410156e+00
1.795567631721496582e+00
1.791908383369445801e+00
1.790337443351745605e+00
1.786172151565551758e+00
1.786076426506042480e+00
1.782301545143127441e+00
1.778356075286865234e+00
1.778721451759338379e+00
1.775228619575500488e+00
1.775819540023803711e+00
1.772484540939331055e+00
1.768241524696350098e+00
1.763671040534973145e+00
1.760660767555236816e+00
1.760793805122375488e+00
1.759786248207092285e+00
1.753341913223266602e+00
1.754124879837036133e+00
1.751814365386962891e+00
1.752331733703613281e+00
1.752172231674194336e+00
1.742307305335998535e+00
1.743704199790954590e+00
1.742321372032165527e+00
1.737590789794921875e+00
1.733207225799560547e+00
1.736586093902587891e+00
1.730302333831787109e+00
1.734395265579223633e+00
1.733581900596618652e+00
1.730240106582641602e+00
1.728351354598999023e+00
1.721155166625976562e+00
1.723624944686889648e+00
1.717082977294921875e+00
1.718700051307678223e+00
1.719733238220214844e+00
1.709341287612915039e+00
1.707408905029296875e+00
1.704061746597290039e+00
1.697077035903930664e+00
1.706254482269287109e+00
1.703777551651000977e+00
1.694703102111816406e+00
1.699093222618103027e+00
1.694221258163452148e+00
1.687534570693969727e+00
1.686240315437316895e+00
1.689530611038208008e+00
1.683091044425964355e+00
1.685761690139770508e+00
1.684151887893676758e+00
1.678361892700195312e+00
1.677563548088073730e+00
1.675014376640319824e+00
1.672152757644653320e+00
1.672760486602783203e+00
1.666734337806701660e+00
1.667088270187377930e+00
1.666173577308654785e+00
1.659734010696411133e+00
1.662167310714721680e+00
1.660532712936401367e+00
1.655236721038818359e+00
1.657606720924377441e+00
1.650267243385314941e+00
1.656342864036560059e+00
1.651707053184509277e+00
1.651839971542358398e+00
1.649801254272460938e+00
1.649134039878845215e+00
1.647222042083740234e+00
1.637729406356811523e+00
1.641322970390319824e+00
1.642322182655334473e+00
1.639940619468688965e+00
1.640763878822326660e+00
1.639168143272399902e+00
1.637798070907592773e+00
1.640364170074462891e+00
1.636800527572631836e+00
1.633703470230102539e+00
1.634758234024047852e+00
1.630672931671142578e+00
1.632333755493164062e+00
1.634248614311218262e+00
1.630840301513671875e+00
1.629047870635986328e+00
1.627007961273193359e+00
1.625842213630676270e+00
1.622760295867919922e+00
1.629341125488281250e+00
1.619333744049072266e+00
1.627200126647949219e+00
1.623523592948913574e+00
1.619564890861511230e+00
1.617585182189941406e+00
1.617024898529052734e+00
1.620905995368957520e+00
1.621958136558532715e+00
1.616305947303771973e+00
1.617743849754333496e+00
1.616614580154418945e+00
1.617086052894592285e+00
1.613448381423950195e+00
1.610958695411682129e+00
1.611054539680480957e+00
1.607198715209960938e+00
1.608728885650634766e+00
1.604146599769592285e+00
1.610178470611572266e+00
1.609152078628540039e+00
1.606692194938659668e+00
1.603038430213928223e+00
1.606882214546203613e+00
1.610729694366455078e+00
1.606803178787231445e+00
1.608445763587951660e+00
1.605142354965209961e+00
1.599874496459960938e+00
1.603979229927062988e+00
1.601741194725036621e+00
1.599861979484558105e+00
1.599178075790405273e+00
1.601890683174133301e+00
1.596152663230895996e+00
1.595342993736267090e+00
1.599742531776428223e+00
1.593704819679260254e+00
1.593919038772583008e+00
1.593932867050170898e+00
1.596810102462768555e+00
1.594138741493225098e+00
1.594758749008178711e+00
1.587683916091918945e+00
1.588986873626708984e+00
1.592126250267028809e+00
1.591930627822875977e+00
1.587111592292785645e+00
1.585708856582641602e+00
1.587994337081909180e+00
1.587481617927551270e+00
1.587587475776672363e+00
1.587419271469116211e+00
1.583622217178344727e+00
1.587414979934692383e+00
1.588968157768249512e+00
1.586521506309509277e+00
1.582233071327209473e+00
1.584559202194213867e+00
1.585320472717285156e+00
1.580412983894348145e+00
1.585314035415649414e+00
1.581657648086547852e+00
1.582308411598205566e+00
1.579005479812622070e+00
1.577878475189208984e+00
1.581310272216796875e+00
1.577367544174194336e+00
1.580781459808349609e+00
1.576715946197509766e+00
1.578740835189819336e+00
1.574180126190185547e+00
1.579572796821594238e+00
1.579923152923583984e+00
1.572614550590515137e+00
1.577597379684448242e+00
1.573723077774047852e+00
1.574622154235839844e+00
1.566855192184448242e+00
1.573907136917114258e+00
1.569522500038146973e+00
1.572001457214355469e+00
1.577546715736389160e+00
1.570559382438659668e+00
1.567966222763061523e+00
1.573059797286987305e+00
1.573165178298950195e+00
1.566510319709777832e+00
1.568810820579528809e+00
1.569169521331787109e+00
1.568353414535522461e+00
1.563660740852355957e+00
1.570019364356994629e+00
1.573128223419189453e+00
1.565638422966003418e+00
1.568294167518615723e+00
1.569309949874877930e+00
1.569043636322021484e+00
1.569671988487243652e+00
1.561761260032653809e+00
1.568850159645080566e+00
1.560561299324035645e+00
1.567208409309387207e+00
1.558508276939392090e+00
1.561344504356384277e+00
1.564027786254882812e+00
1.564467787742614746e+00
1.561091423034667969e+00
1.557492017745971680e+00
1.560864210128784180e+00
1.557318091392517090e+00
1.559157848358154297e+00
1.559057474136352539e+00
1.560016274452209473e+00
1.559792160987854004e+00
1.557163596153259277e+00
1.556719064712524414e+00
1.562008380889892578e+00
1.556828737258911133e+00
1.556738734245300293e+00
1.556586980819702148e+00
1.557275891304016113e+00
1.555629253387451172e+00
1.557780146598815918e+00
1.554532170295715332e+00
1.553135991096496582e+00
1.550747156143188477e+00
1.552963256835937500e+00
1.553662300109863281e+00
1.552135825157165527e+00
1.553424954414367676e+00
1.552139520645141602e+00
1.552581191062927246e+00
1.548022985458374023e+00
1.549937605857849121e+00
1.549984574317932129e+00
1.546561241149902344e+00
1.552155256271362305e+00
1.547171711921691895e+00
1.552136301994323730e+00
1.549949645996093750e+00
1.546207189559936523e+00
1.553521990776062012e+00
1.548568129539489746e+00
1.545337557792663574e+00
1.549447774887084961e+00
1.546218156814575195e+00
1.545860052108764648e+00
1.545615911483764648e+00
1.548436284065246582e+00
1.549334406852722168e+00
1.542605161666870117e+00
1.546520948410034180e+00
1.543560743331909180e+00
1.541033387184143066e+00
1.548385024070739746e+00
1.543753266334533691e+00
1.542751669883728027e+00
1.544098019599914551e+00
1.545670270919799805e+00
1.539694786071777344e+00
1.545333266258239746e+00
1.543555021286010742e+00
1.537819027900695801e+00
1.541263580322265625e+00
1.543534159660339355e+00
1.537430644035339355e+00
1.541743278503417969e+00
1.545364379882812500e+00
1.538414716720581055e+00
1.540738105773925781e+00
1.543176293373107910e+00
1.540054559707641602e+00
1.535629034042358398e+00
1.537154674530029297e+00
1.542529702186584473e+00
1.544307351112365723e+00
1.541701436042785645e+00
1.541406869888305664e+00
1.538453698158264160e+00
1.533723473548889160e+00
1.539232611656188965e+00
1.539277553558349609e+00
1.541932344436645508e+00
1.540478110313415527e+00
1.535824060440063477e+00
1.537377953529357910e+00
1.533329367637634277e+00
1.543042302131652832e+00
1.541735768318176270e+00
1.533670783042907715e+00
1.537988066673278809e+00
1.528673410415649414e+00
1.536428332328796387e+00
1.534345984458923340e+00
1.536408066749572754e+00
1.533247947692871094e+00
1.531545281410217285e+00
1.529641270637512207e+00
1.535895347595214844e+00
1.533619999885559082e+00
1.534780979156494141e+00
1.530874848365783691e+00
1.530466437339782715e+00
1.522753477096557617e+00
1.532059788703918457e+00
1.534949898719787598e+00
1.530150055885314941e+00
1.532442212104797363e+00
1.530433893203735352e+00
1.533295631408691406e+00
1.534809827804565430e+00
1.528182983398437500e+00
1.528314232826232910e+00
1.523608088493347168e+00
1.531414985656738281e+00
1.524500608444213867e+00
1.527338862419128418e+00
1.527874708175659180e+00
1.533473253250122070e+00
1.524895668029785156e+00
1.526366353034973145e+00
1.532339572906494141e+00
1.526987552642822266e+00
1.528374075889587402e+00
1.531004428863525391e+00
1.527240633964538574e+00
1.532006859779357910e+00
1.524425029754638672e+00
1.526281595230102539e+00
1.526839256286621094e+00
1.528530478477478027e+00
1.523272156715393066e+00
1.528818249702453613e+00
1.527909874916076660e+00
1.522975683212280273e+00
1.525046348571777344e+00
1.526294946670532227e+00
1.526912689208984375e+00
1.520151257514953613e+00
1.525845050811767578e+00
1.519781708717346191e+00
1.528454065322875977e+00
1.521619200706481934e+00
1.519322395324707031e+00
1.525114178657531738e+00
1.526147365570068359e+00
1.524200320243835449e+00
1.529015421867370605e+00
1.523314118385314941e+00
1.520496129989624023e+00
1.523944735527038574e+00
1.522830605506896973e+00
1.519833445549011230e+00
1.522644639015197754e+00
1.513804078102111816e+00
1.520619511604309082e+00
1.521766543388366699e+00
1.523438692092895508e+00
1.521626114845275879e+00
1.514150261878967285e+00
1.523890972137451172e+00
1.519080996513366699e+00
1.517516613006591797e+00
1.520335435867309570e+00
1.518111705780029297e+00
1.522553086280822754e+00
1.518189072608947754e+00
1.524218320846557617e+00
1.515661358833312988e+00
1.513612508773803711e+00
1.514518380165100098e+00
1.515869855880737305e+00
1.519382953643798828e+00
1.516933798789978027e+00
1.514643311500549316e+00
1.515422701835632324e+00
1.516715168952941895e+00
1.519962191581726074e+00
1.511972188949584961e+00
1.513771057128906250e+00
1.516167640686035156e+00
1.519790410995483398e+00
1.511188864707946777e+00
1.514528274536132812e+00
1.509642004966735840e+00
1.516061425209045410e+00
1.512912392616271973e+00
1.510761380195617676e+00
1.518238902091979980e+00
1.516996622085571289e+00
1.517866373062133789e+00
1.513705968856811523e+00
1.513973712921142578e+00
1.508459806442260742e+00
1.512755632400512695e+00
1.514860749244689941e+00
1.519419074058532715e+00
1.510061621665954590e+00
1.511455416679382324e+00
1.517775893211364746e+00
1.513571143150329590e+00
1.507550120353698730e+00
1.510062694549560547e+00
1.507965803146362305e+00
1.510130524635314941e+00
1.515479683876037598e+00
1.509182691574096680e+00
1.506090879440307617e+00
1.505198240280151367e+00
1.510314822196960449e+00
1.508458614349365234e+00
1.507799863815307617e+00
1.513417601585388184e+00
1.506858110427856445e+00
1.506648182868957520e+00
1.505869507789611816e+00
1.506325125694274902e+00
1.509307026863098145e+00
1.511619806289672852e+00
1.507389187812805176e+00
1.510540723800659180e+00
1.510040640830993652e+00
1.503234505653381348e+00
1.507144212722778320e+00
1.509212136268615723e+00
1.513311386108398438e+00
1.504326105117797852e+00
1.505555152893066406e+00
1.508591413497924805e+00
1.506323099136352539e+00
1.511104822158813477e+00
1.508095145225524902e+00
1.507124423980712891e+00
1.508649230003356934e+00
1.505512475967407227e+00
1.511953234672546387e+00
1.506444096565246582e+00
1.505574822425842285e+00
1.505571365356445312e+00
1.509552955627441406e+00
1.507905006408691406e+00
1.502495169639587402e+00
1.501940608024597168e+00
1.506904482841491699e+00
1.503541111946105957e+00
1.501586198806762695e+00
1.505035042762756348e+00
1.500667810440063477e+00
1.507296562194824219e+00
1.504980683326721191e+00
1.504711866378784180e+00
1.503538250923156738e+00
1.503222942352294922e+00
1.496907711029052734e+00
1.508025288581848145e+00
1.498986601829528809e+00
1.500178098678588867e+00
1.495897769927978516e+00
1.497362017631530762e+00
1.504914522171020508e+00
1.500968694686889648e+00
1.503871083259582520e+00
1.501309871673583984e+00
1.498048543930053711e+00
1.498846530914306641e+00
1.499444961547851562e+00
1.504590511322021484e+00
1.504832983016967773e+00
1.502905011177062988e+00
1.498022198677062988e+00
1.495663642883300781e+00
1.499485611915588379e+00
1.508339643478393555e+00
1.497248411178588867e+00
1.502085328102111816e+00
1.496863007545471191e+00
1.497633457183837891e+00
1.500209331512451172e+00
1.496924877166748047e+00
1.495891213417053223e+00
1.499121665954589844e+00
1.497471690177917480e+00
1.499509572982788086e+00
1.495463132858276367e+00
1.499627470970153809e+00
