11.406301799449398
28.94089627776149
35.990284009944304
25.60448248574214
23.432444241716972
48.313401689176956
25.150053856540545
67.0601647828221
39.115341816887366
32.911016106030715
22.696945375066143
62.29177931123073
26.657085084429198
25.151948666684703
26.713595056702133
25.22737157649035
26.530129269002565
41.180691801262896
15.61831808891503
40.90164115410252
39.14878888422072
33.59781733853491
25.094468475492405
23.298307507958945
35.20903620374952
22.243127557186313
30.935002714227792
34.45500239497392
31.75830189208127
24.910819759555586
48.739315609718574
59.63936633666229
27.850045740851115
34.84626457041063
36.58484882609267
34.548017052236
58.68030158099814
36.318275355315066
42.24911801946739
25.52156643922625
37.39044392411535
31.817256500370952
18.94643815213447
23.377393040069137
20.56284628654827
22.323607839983566
45.60654831910163
29.69405009256053
20.252131998550333
34.2622519222681
40.13940787600624
20.35230391086141
31.2983591708185
40.44525906905149
37.3921474763827
55.824503212025895
28.473738106658395
28.331563142500777
60.400531286384044
24.202315998257227
46.852301512833385
22.22661686548833
34.42293426619271
20.650262974216687
44.45215074625561
44.747785591481076
37.728335207649735
31.212601415074552
36.28153054304569
51.464217841601716
36.014556853962056
37.08624023210758
37.02943369366474
47.036703466262914
37.17990462685706
46.353335133522705
30.166741736393
44.31180123437977
24.660055316117734
20.92163058261525
22.583149256508804
36.20528123161318
49.17529996681988
31.951153165364317
31.57142359349107
46.289368249696466
28.18865989179414
22.45204082723636
44.4325672539161
44.63418805422581
32.40978005386827
34.84034699533505
54.838533748974115
53.13610781210339
30.033426323475645
18.534520257885113
59.63936633666229
50.247240686368286
33.68309095389496
26.621532865791814
22.61022483734108
29.41014611739834
30.328482697037394
18.278859000561155
38.58640325775237
36.66151062900632
28.975656447245235
35.345211769087655
21.02407674786633
31.82421011645814
17.72591001720466
46.793064636454424
43.513392281227624
30.089888792516653
21.518147796617484
43.59469246208801
36.90059489624864
41.27848956468012
55.425025686885206
31.060942766702375
29.550127830447977
39.043994568587905
37.207784401305844
18.534520257885113
21.6043499379631
26.220004770684355
31.7351340621925
31.00299462650701
46.83219076327756
18.927708404660486
32.02754694695435
45.11377761982314
34.99745610807059
53.50402808902138
11.102743531948647
22.90909936835247
44.37864787462369
27.1399036105499
28.64608483944596
20.294231381726966
33.26579389482803
22.088791536402823
33.63529863872391
27.833362852572314
30.574897207812484
53.17520785702275
23.264519984360412
33.01164786478593
19.630713576656383
29.356154632175667
24.832310367834673
50.69319696455931
57.823970291565644
40.18881963360513
