11.296758359711903
27.84708725851437
35.99495312407142
25.12062640180158
25.376042644221677
47.03878967020088
25.219451446137455
67.46889892128097
38.541626623528686
32.915314553221215
19.640649785524182
60.87414435456771
24.237543023684736
23.518790427928934
21.42576687062742
20.899659847927275
23.178551215990453
43.22849702076342
14.404136270965758
41.68862056231239
36.935772826697296
31.793384007330737
26.503430538815678
25.41793660208149
32.938148398063234
20.28374826685019
30.675467858648048
36.99748611577511
32.29809943209757
20.04829014404215
49.61719044479398
58.36748193181765
26.353870820994338
35.69867086902171
35.54637816207989
37.560549802181036
56.93824336933059
36.78286316911078
41.36039435236783
22.527820398115715
33.04348717211955
29.55286393619879
19.600253508503172
21.471735448317048
18.923436648360436
24.896440545196526
44.53915382891703
27.56815062309142
18.7611775079814
34.21882871103364
39.73904312515573
20.647340723562763
28.453583069122864
41.45746745828469
32.17659268210727
54.454242432095946
25.56641245653133
28.888876906472582
56.11969118061097
24.16270721970902
50.969316031104405
21.36235093796401
36.29647276411355
19.106608940123756
47.372254255906924
49.89623850102886
37.03422937699044
30.395713438621186
33.736648834316206
52.41236151602376
36.60208775160241
36.72201713775329
37.68351868032285
52.244182200861886
39.7926571870049
46.68497364831886
26.012969692001704
49.449011129632105
21.086085349739314
21.944043874841313
21.763179725477762
36.284974207915226
50.064417816190726
32.152198527878234
30.3987447080888
45.8991580166359
28.50694972553996
21.517242078481637
43.59647084722168
42.04702784367869
30.25824772755942
33.92510179797146
52.61477677701856
51.48236955523562
26.841433551456667
17.448738068015842
58.36748193181765
48.65619814964417
31.372852598174553
23.12532977569296
21.161151119394376
26.563088325322497
29.789992881103423
18.7040307559446
36.841798914719405
30.799083535351308
25.39452074609519
37.2006147174501
20.57353964132605
30.325813790734934
16.541431092427267
53.71607684947901
43.38969738086635
25.899079616451715
22.143113314555627
46.840517758663935
38.60107339989421
41.04442436938017
53.83031325506864
29.032272629958904
30.568380992781613
39.33529717468691
34.45405761021484
17.448738068015842
21.07340012963958
24.785624248636516
30.369559117896614
31.23532033275628
47.35641220781474
17.025361618614173
28.52511234587255
51.617671639541385
33.413041919216425
50.689095922693646
10.81803193420975
18.530263509682072
41.99717961264953
22.656584844284822
28.32752415881503
19.415236025644738
32.98872204376925
20.488732448249117
30.445185081065915
26.77928567170658
32.51004744257467
52.751057296471295
15.459455317145114
30.382443548840463
17.609071351472004
40.33627001434667
21.867200925656455
51.14178267639254
57.100752604522015
40.84387009730007
