11.812131282845176
30.124148974737444
37.850288161049384
25.69086394337794
24.67243471897251
49.48974580629311
25.063930617304486
67.63805220736594
38.039789005981746
33.76257050307194
22.12702539572473
62.72907517366979
26.038974123878965
25.133714685521547
23.203875020626548
24.35375726495574
23.35178234084332
43.421805828719336
14.933313416204559
43.67742183425177
38.942581482150544
31.546313791003996
24.99973010165838
24.632033946958963
35.22940822589102
21.2571956025726
29.875903616410362
36.096338112403224
32.43722258589956
23.084849974672863
49.6352412646633
60.31366113529912
26.413733064745053
35.64233338786328
36.755349952493894
36.25318605606059
58.94701771687746
36.57413393374518
42.62851903668329
24.191955200237572
35.873799292298386
31.06909537769551
19.451339030942485
23.02754493937882
19.745800207498938
23.383372736661187
44.59905962217377
28.776554631990713
18.359280334114317
34.56485953704699
38.845763974785164
21.237575471637427
30.221690698296207
40.87211697183897
36.19948815014721
56.331760334694366
28.156760893783357
29.160071734007893
60.303242257744685
24.21289891086252
50.21805789238214
21.88901827340616
36.36815298193377
20.277750303614752
46.8096691169035
48.12727183697642
38.33983660814081
30.597991189233696
36.31894130198215
52.47945612223812
36.95596595129167
36.35168877404288
37.95851880752439
50.51641231733927
38.94055296997804
47.54131663086851
27.293208994231946
47.67219745976445
24.576554921494157
21.518785799432237
22.105748063376033
36.09363338004884
50.09031564187527
32.21280706567191
31.33712814839322
46.01299457215919
28.62158194278217
22.013658360468952
44.94668874230939
44.8812673212448
32.23448509278203
33.40003112305479
53.705077844285164
53.17251325221838
28.916453461186215
17.663864642400533
60.31366113529912
50.80988086374642
33.63664790564913
23.37531670893815
22.032022376118476
28.882593220896524
29.29803592725731
18.349507053808345
38.297424482225466
35.10072093996194
28.052918579698655
36.11067969511224
20.80600545108787
30.001405705067263
16.238224471539198
48.591237332057105
43.76525931584018
27.217397180903156
21.40724167314366
45.695979383209014
37.83128111838346
40.99605635777892
55.56165373258123
30.04113260394164
30.460914768206507
39.2712768004084
35.985650679819315
17.663864642400533
21.66754545251777
25.175292379435305
32.460238145671575
30.99599591106758
47.20331269123855
17.71235576422726
31.23843922018247
51.04090769364391
34.365603205027114
53.931951211589634
11.577228314448275
21.51299692712876
44.07774168037152
26.36076315453277
27.486763136047514
19.71660758301318
33.522317377660634
21.33856052774084
31.613521353294672
26.23095565492666
31.625521940446347
55.71008518218558
18.9170697337971
32.90588347289236
17.14414307851411
34.90144363825473
24.104312260170822
52.0932587005765
57.70009649806812
41.986769999992056
