2.024680614471435547e+00
1.894188880920410156e+00
1.854085683822631836e+00
1.827719688415527344e+00
1.802268147468566895e+00
1.790198087692260742e+00
1.779045343399047852e+00
1.767127990722656250e+00
1.761477947235107422e+00
1.744681119918823242e+00
1.740893006324768066e+00
1.734676241874694824e+00
1.724959373474121094e+00
1.723262786865234375e+00
1.720462322235107422e+00
1.709073066711425781e+00
1.708194851875305176e+00
1.704637646675109863e+00
1.691625833511352539e+00
1.688413143157958984e+00
1.688152790069580078e+00
1.684948086738586426e+00
1.680828332901000977e+00
1.676589727401733398e+00
1.668486595153808594e+00
1.672844052314758301e+00
1.674313306808471680e+00
1.663242697715759277e+00
1.666265726089477539e+00
1.660430908203125000e+00
1.655114531517028809e+00
1.649161219596862793e+00
1.644379019737243652e+00
1.648257136344909668e+00
1.640728950500488281e+00
1.634723305702209473e+00
1.637789726257324219e+00
1.635616421699523926e+00
1.626887083053588867e+00
1.627525806427001953e+00
1.625884056091308594e+00
1.619631409645080566e+00
1.623301506042480469e+00
1.611859798431396484e+00
1.610743880271911621e+00
1.607713580131530762e+00
1.605296134948730469e+00
1.602531552314758301e+00
1.597110629081726074e+00
1.599839329719543457e+00
1.591869354248046875e+00
1.589438915252685547e+00
1.588025927543640137e+00
1.583851695060729980e+00
1.582299232482910156e+00
1.575921058654785156e+00
1.576722502708435059e+00
1.573272943496704102e+00
1.571539998054504395e+00
1.571055650711059570e+00
1.570055127143859863e+00
1.566010951995849609e+00
1.563016891479492188e+00
1.564782500267028809e+00
1.559477329254150391e+00
1.554790496826171875e+00
1.549406886100769043e+00
1.547467827796936035e+00
1.548017501831054688e+00
1.544173479080200195e+00
1.549358606338500977e+00
1.542470335960388184e+00
1.541988253593444824e+00
1.536817789077758789e+00
1.535719990730285645e+00
1.536211133003234863e+00
1.535634517669677734e+00
1.522785782814025879e+00
1.527660489082336426e+00
1.530404329299926758e+00
1.531290054321289062e+00
1.521261692047119141e+00
1.524327754974365234e+00
1.522805333137512207e+00
1.515148162841796875e+00
1.517161846160888672e+00
1.515957236289978027e+00
1.507581353187561035e+00
1.512775182723999023e+00
1.508419036865234375e+00
1.512090325355529785e+00
1.512018918991088867e+00
1.509799242019653320e+00
1.510830521583557129e+00
1.501109361648559570e+00
1.501265048980712891e+00
1.501331090927124023e+00
1.500560164451599121e+00
1.502010107040405273e+00
1.496922016143798828e+00
1.499032020568847656e+00
1.496797919273376465e+00
1.488448262214660645e+00
1.491459965705871582e+00
1.491131067276000977e+00
1.496258854866027832e+00
1.490583300590515137e+00
1.482994198799133301e+00
1.490440964698791504e+00
1.485115528106689453e+00
1.481630206108093262e+00
1.487594962120056152e+00
1.484182476997375488e+00
1.475211739540100098e+00
1.475618600845336914e+00
1.479518651962280273e+00
1.475481271743774414e+00
1.477943897247314453e+00
1.477926373481750488e+00
1.473341584205627441e+00
1.475715517997741699e+00
1.473093390464782715e+00
1.473843336105346680e+00
1.471178293228149414e+00
1.470778584480285645e+00
1.469596505165100098e+00
1.465953588485717773e+00
1.464288711547851562e+00
1.465470790863037109e+00
1.468024849891662598e+00
1.461431503295898438e+00
1.461123704910278320e+00
1.459665179252624512e+00
1.458584666252136230e+00
1.464599370956420898e+00
1.464726686477661133e+00
1.457492947578430176e+00
1.457504630088806152e+00
1.456568956375122070e+00
1.457300901412963867e+00
1.447434067726135254e+00
1.453432917594909668e+00
1.446697235107421875e+00
1.454201698303222656e+00
1.450576901435852051e+00
1.447484254837036133e+00
1.440503239631652832e+00
1.443724632263183594e+00
1.453093171119689941e+00
1.447930574417114258e+00
1.444671988487243652e+00
1.439611077308654785e+00
1.451124548912048340e+00
1.440366148948669434e+00
1.442525029182434082e+00
1.444182991981506348e+00
1.441051721572875977e+00
1.439602613449096680e+00
1.440699100494384766e+00
1.438306450843811035e+00
1.431992769241333008e+00
1.435662865638732910e+00
1.437948107719421387e+00
1.442834019660949707e+00
1.432511210441589355e+00
1.434174060821533203e+00
1.434541225433349609e+00
1.427349567413330078e+00
1.431123018264770508e+00
1.435692310333251953e+00
1.430287361145019531e+00
1.427297711372375488e+00
1.429280638694763184e+00
1.427172541618347168e+00
1.425296902656555176e+00
1.426765680313110352e+00
1.427191734313964844e+00
1.423812031745910645e+00
1.431159853935241699e+00
1.422833919525146484e+00
1.421979188919067383e+00
1.424923896789550781e+00
1.420702815055847168e+00
1.422489881515502930e+00
1.420946598052978516e+00
1.418829202651977539e+00
1.415425777435302734e+00
1.419377923011779785e+00
1.421831130981445312e+00
1.417125940322875977e+00
1.415276408195495605e+00
1.411648631095886230e+00
1.409314036369323730e+00
1.414667844772338867e+00
1.410495281219482422e+00
1.414856195449829102e+00
1.411949515342712402e+00
1.413367509841918945e+00
1.417992234230041504e+00
1.408272981643676758e+00
1.405426859855651855e+00
1.407115340232849121e+00
1.397031068801879883e+00
1.406798481941223145e+00
1.408201456069946289e+00
1.409494161605834961e+00
1.401637077331542969e+00
1.405568242073059082e+00
1.409703254699707031e+00
1.409131884574890137e+00
1.399429202079772949e+00
1.403064012527465820e+00
1.406861662864685059e+00
1.408127188682556152e+00
1.403029561042785645e+00
1.400789737701416016e+00
1.402884006500244141e+00
1.402832865715026855e+00
1.404009699821472168e+00
1.402729868888854980e+00
1.409121394157409668e+00
1.403867483139038086e+00
1.396629333496093750e+00
1.396463632583618164e+00
1.391321539878845215e+00
1.396618962287902832e+00
1.400048136711120605e+00
1.398846745491027832e+00
1.399672865867614746e+00
1.399672627449035645e+00
1.389926075935363770e+00
1.394323468208312988e+00
1.397897601127624512e+00
1.390484094619750977e+00
1.392328143119812012e+00
1.392868399620056152e+00
1.388801455497741699e+00
1.394439101219177246e+00
1.395376443862915039e+00
1.390798807144165039e+00
1.391006231307983398e+00
1.393581986427307129e+00
1.391202926635742188e+00
1.399294495582580566e+00
1.384079098701477051e+00
1.383212685585021973e+00
1.388510584831237793e+00
1.387789845466613770e+00
1.382572293281555176e+00
1.381624698638916016e+00
1.379919171333312988e+00
1.384697198867797852e+00
1.384240031242370605e+00
1.383754849433898926e+00
1.382138729095458984e+00
1.381500482559204102e+00
1.384485840797424316e+00
1.379265427589416504e+00
1.376235127449035645e+00
1.378813624382019043e+00
1.376350760459899902e+00
1.380713939666748047e+00
1.383388757705688477e+00
1.379925608634948730e+00
1.384803295135498047e+00
1.380109071731567383e+00
1.376417636871337891e+00
1.377923488616943359e+00
1.375767707824707031e+00
1.377366423606872559e+00
1.380043387413024902e+00
1.379187822341918945e+00
1.373224258422851562e+00
1.380542397499084473e+00
1.379195809364318848e+00
1.376831412315368652e+00
1.375711441040039062e+00
1.377578735351562500e+00
1.381023406982421875e+00
1.373324275016784668e+00
1.375734686851501465e+00
1.373468875885009766e+00
1.377252697944641113e+00
1.371954798698425293e+00
1.372995138168334961e+00
1.376098155975341797e+00
1.370174050331115723e+00
1.378334879875183105e+00
1.366302132606506348e+00
1.367566823959350586e+00
1.369254112243652344e+00
1.364799857139587402e+00
1.370663642883300781e+00
1.367217302322387695e+00
1.367898225784301758e+00
1.368400812149047852e+00
1.364537954330444336e+00
1.369302511215209961e+00
1.364251852035522461e+00
1.366937518119812012e+00
1.366303086280822754e+00
1.370438456535339355e+00
1.367666602134704590e+00
1.359612703323364258e+00
1.365460634231567383e+00
1.365023016929626465e+00
1.359341979026794434e+00
1.364165902137756348e+00
1.369336724281311035e+00
1.359630107879638672e+00
1.363562226295471191e+00
1.361471772193908691e+00
1.364264726638793945e+00
1.365361452102661133e+00
1.366680741310119629e+00
1.358493924140930176e+00
1.366298913955688477e+00
1.359299421310424805e+00
1.357118487358093262e+00
1.356713175773620605e+00
1.352914810180664062e+00
1.362657070159912109e+00
1.358217358589172363e+00
1.361878752708435059e+00
1.359097957611083984e+00
1.358079791069030762e+00
1.356867313385009766e+00
1.357317447662353516e+00
1.354714393615722656e+00
1.356623291969299316e+00
1.352968573570251465e+00
1.358829855918884277e+00
1.354292631149291992e+00
1.357415199279785156e+00
1.358767986297607422e+00
1.349359273910522461e+00
1.357422947883605957e+00
1.344860911369323730e+00
1.345607995986938477e+00
1.347238183021545410e+00
1.359540581703186035e+00
1.349318742752075195e+00
1.352330207824707031e+00
1.349990963935852051e+00
1.346338391304016113e+00
1.349494338035583496e+00
1.354139208793640137e+00
1.349036455154418945e+00
1.344246506690979004e+00
1.343844175338745117e+00
1.347528934478759766e+00
1.349099516868591309e+00
1.341313600540161133e+00
1.348716735839843750e+00
1.347106933593750000e+00
1.346651196479797363e+00
1.348395943641662598e+00
1.344296693801879883e+00
1.347544670104980469e+00
1.345018744468688965e+00
1.342711448669433594e+00
1.352560639381408691e+00
1.344479680061340332e+00
1.340620160102844238e+00
1.345540761947631836e+00
1.345486283302307129e+00
1.349901080131530762e+00
1.347328543663024902e+00
1.340169787406921387e+00
1.348132848739624023e+00
1.345769524574279785e+00
1.345162868499755859e+00
1.337265133857727051e+00
1.342615604400634766e+00
1.340833067893981934e+00
1.344156146049499512e+00
1.338813900947570801e+00
1.347285032272338867e+00
1.341464996337890625e+00
1.337703108787536621e+00
1.335760116577148438e+00
1.338347673416137695e+00
1.335472464561462402e+00
1.334585309028625488e+00
1.339676260948181152e+00
1.336506247520446777e+00
1.341092348098754883e+00
1.337202548980712891e+00
1.333636522293090820e+00
1.332340002059936523e+00
1.342075109481811523e+00
1.335407018661499023e+00
1.338960886001586914e+00
1.334448695182800293e+00
1.337221384048461914e+00
1.337451219558715820e+00
1.339795827865600586e+00
1.336314678192138672e+00
1.337870478630065918e+00
1.336759090423583984e+00
1.328026056289672852e+00
1.333505749702453613e+00
1.340621590614318848e+00
1.332131743431091309e+00
1.340407133102416992e+00
1.337711453437805176e+00
1.335324883460998535e+00
1.337713599205017090e+00
1.337630987167358398e+00
1.333049893379211426e+00
1.332494497299194336e+00
1.332999110221862793e+00
1.332338690757751465e+00
1.330986738204956055e+00
1.338406085968017578e+00
1.324384212493896484e+00
1.332269072532653809e+00
1.325656533241271973e+00
1.331348419189453125e+00
1.324649095535278320e+00
1.326701045036315918e+00
1.330831050872802734e+00
1.327315568923950195e+00
1.329292058944702148e+00
1.335415124893188477e+00
1.328352212905883789e+00
1.330317378044128418e+00
1.322661519050598145e+00
1.330014228820800781e+00
1.327856659889221191e+00
1.326885938644409180e+00
1.330800175666809082e+00
1.327700972557067871e+00
1.329953432083129883e+00
1.325990796089172363e+00
1.331604003906250000e+00
1.328907012939453125e+00
1.327396273612976074e+00
1.327473759651184082e+00
1.331961512565612793e+00
1.326702833175659180e+00
1.323202490806579590e+00
1.325755119323730469e+00
1.326907038688659668e+00
1.326078891754150391e+00
1.324862241744995117e+00
1.325038075447082520e+00
1.326186776161193848e+00
1.325231075286865234e+00
1.326555371284484863e+00
1.321336865425109863e+00
1.326826691627502441e+00
1.323633551597595215e+00
1.324240446090698242e+00
1.320097684860229492e+00
1.321802496910095215e+00
1.328983068466186523e+00
1.319549083709716797e+00
1.322243452072143555e+00
1.324259519577026367e+00
1.318729877471923828e+00
1.325372219085693359e+00
1.328284859657287598e+00
1.323893427848815918e+00
1.323079943656921387e+00
1.311427354812622070e+00
1.322322130203247070e+00
1.319859504699707031e+00
1.319390296936035156e+00
1.316385626792907715e+00
1.318497776985168457e+00
1.327564239501953125e+00
1.318845629692077637e+00
1.319295763969421387e+00
1.314605474472045898e+00
1.324791431427001953e+00
1.319717645645141602e+00
1.315497517585754395e+00
1.317303180694580078e+00
1.314902186393737793e+00
1.315159320831298828e+00
1.312027931213378906e+00
1.313624739646911621e+00
1.312369942665100098e+00
1.315058112144470215e+00
1.320190310478210449e+00
1.313798785209655762e+00
1.317721724510192871e+00
1.313915371894836426e+00
1.318696856498718262e+00
1.316197156906127930e+00
1.317989945411682129e+00
1.313109159469604492e+00
1.324024677276611328e+00
1.313352942466735840e+00
1.305932760238647461e+00
1.316860437393188477e+00
1.313093543052673340e+00
1.311804413795471191e+00
1.317934393882751465e+00
