1.905829459428787231e-01
1.892773061990737915e-01
1.890496462583541870e-01
1.888255625963211060e-01
1.886010468006134033e-01
1.883708238601684570e-01
1.881277412176132202e-01
1.878627389669418335e-01
1.875640153884887695e-01
1.872151196002960205e-01
1.867935657501220703e-01
1.862695813179016113e-01
1.856031566858291626e-01
1.847463101148605347e-01
1.836506277322769165e-01
1.822879612445831299e-01
1.806801259517669678e-01
1.789114326238632202e-01
1.770943552255630493e-01
1.753060519695281982e-01
1.735599637031555176e-01
1.718203872442245483e-01
1.700276732444763184e-01
1.681100875139236450e-01
1.659881621599197388e-01
1.635758131742477417e-01
1.607905328273773193e-01
1.575845628976821899e-01
1.539951860904693604e-01
1.501719802618026733e-01
1.463157981634140015e-01
1.425652056932449341e-01
1.389461457729339600e-01
1.354049146175384521e-01
1.318744719028472900e-01
1.283536702394485474e-01
1.249326691031455994e-01
1.216974332928657532e-01
1.186997815966606140e-01
1.159608066082000732e-01
1.134767234325408936e-01
1.112266778945922852e-01
1.091845035552978516e-01
1.073254048824310303e-01
1.056282818317413330e-01
1.040742620825767517e-01
1.026463136076927185e-01
1.013294830918312073e-01
1.001102700829505920e-01
9.897555410861968994e-02
9.791290760040283203e-02
9.691196680068969727e-02
9.596463292837142944e-02
9.506540000438690186e-02
9.421039372682571411e-02
9.339685738086700439e-02
9.262253344058990479e-02
9.188582748174667358e-02
9.118495881557464600e-02
9.051880985498428345e-02
8.988579362630844116e-02
8.928431570529937744e-02
8.871214091777801514e-02
8.816683292388916016e-02
8.764593303203582764e-02
8.714646100997924805e-02
8.666577190160751343e-02
8.620109409093856812e-02
8.574984967708587646e-02
8.530965447425842285e-02
8.487867563962936401e-02
8.445502817630767822e-02
8.403758704662322998e-02
8.362531661987304688e-02
8.321779221296310425e-02
8.281469345092773438e-02
8.241605758666992188e-02
8.202204108238220215e-02
8.163269609212875366e-02
8.124817162752151489e-02
8.086878806352615356e-02
8.049444109201431274e-02
8.012533932924270630e-02
7.976131141185760498e-02
7.940234988927841187e-02
7.904817163944244385e-02
7.869853079319000244e-02
7.835317403078079224e-02
7.801178842782974243e-02
7.767394185066223145e-02
7.733932137489318848e-02
7.700750231742858887e-02
7.667829841375350952e-02
7.635144144296646118e-02
7.602708041667938232e-02
7.570520788431167603e-02
7.538629323244094849e-02
7.507061213254928589e-02
7.475830614566802979e-02
7.444934546947479248e-02
7.414340227842330933e-02
7.384002953767776489e-02
7.353883981704711914e-02
7.323958724737167358e-02
7.294228672981262207e-02
7.264743000268936157e-02
7.235547155141830444e-02
7.206752151250839233e-02
7.178446650505065918e-02
7.150732725858688354e-02
7.123687118291854858e-02
7.097377628087997437e-02
7.071857899427413940e-02
7.047145068645477295e-02
7.023256272077560425e-02
7.000168412923812866e-02
6.977874785661697388e-02
6.956322491168975830e-02
6.935480237007141113e-02
6.915285438299179077e-02
6.895687431097030640e-02
6.876625120639801025e-02
6.858054548501968384e-02
6.839907169342041016e-02
6.822143495082855225e-02
6.804715842008590698e-02
6.787582486867904663e-02
6.770709902048110962e-02
6.754069030284881592e-02
6.737633049488067627e-02
6.721384078264236450e-02
6.705300509929656982e-02
6.689365953207015991e-02
6.673572957515716553e-02
6.657919287681579590e-02
6.642387062311172485e-02
6.626981496810913086e-02
6.611695140600204468e-02
6.596514582633972168e-02
6.581450998783111572e-02
6.566494703292846680e-02
6.551642715930938721e-02
6.536895036697387695e-02
6.522242724895477295e-02
6.507681310176849365e-02
6.493210792541503906e-02
6.478819996118545532e-02
6.464507430791854858e-02
6.450259685516357422e-02
6.436070054769515991e-02
6.421933323144912720e-02
6.407827883958816528e-02
6.393761932849884033e-02
6.379717588424682617e-02
6.365675479173660278e-02
6.351638585329055786e-02
6.337600201368331909e-02
6.323545426130294800e-02
6.309474259614944458e-02
6.295380741357803345e-02
6.281264126300811768e-02
6.267122179269790649e-02
6.252950429916381836e-02
6.238756328821182251e-02
6.224529072642326355e-02
6.210272014141082764e-02
6.195983663201332092e-02
6.181655451655387878e-02
6.167274713516235352e-02
6.152842938899993896e-02
6.138321384787559509e-02
6.123720481991767883e-02
6.109006702899932861e-02
6.094159185886383057e-02
6.079163029789924622e-02
6.063993647694587708e-02
6.048638373613357544e-02
6.033072620630264282e-02
6.017281860113143921e-02
6.001250445842742920e-02
5.984966829419136047e-02
5.968416109681129456e-02
5.951612442731857300e-02
5.934555828571319580e-02
5.917265266180038452e-02
5.899770557880401611e-02
5.882096290588378906e-02
5.864283815026283264e-02
5.846371874213218689e-02
5.828411504626274109e-02
5.810447037220001221e-02
5.792524293065071106e-02
5.774698033928871155e-02
5.757008865475654602e-02
5.739493295550346375e-02
5.722187459468841553e-02
5.705116316676139832e-02
5.688285082578659058e-02
5.671703070402145386e-02
5.655361339449882507e-02
5.639253556728363037e-02
5.623354390263557434e-02
5.607648193836212158e-02
5.592119693756103516e-02
5.576753988862037659e-02
5.561553314328193665e-02
5.546516925096511841e-02
5.531670153141021729e-02
5.517029017210006714e-02
5.502640083432197571e-02
5.488532036542892456e-02
5.474748089909553528e-02
5.461319535970687866e-02
5.448248609900474548e-02
5.435546487569808960e-02
5.423195660114288330e-02
5.411174893379211426e-02
5.399457365274429321e-02
5.388014763593673706e-02
5.376810207962989807e-02
5.365829169750213623e-02
5.355036631226539612e-02
5.344419553875923157e-02
5.333961918950080872e-02
5.323643609881401062e-02
5.313460156321525574e-02
5.303396657109260559e-02
5.293454974889755249e-02
5.283613875508308411e-02
5.273874849081039429e-02
5.264220014214515686e-02
5.254651233553886414e-02
5.245149880647659302e-02
5.235721170902252197e-02
5.226349085569381714e-02
5.217035114765167236e-02
5.207768827676773071e-02
5.198542401194572449e-02
5.189367011189460754e-02
5.180223658680915833e-02
5.171120166778564453e-02
5.162043124437332153e-02
5.153001844882965088e-02
5.143991485238075256e-02
5.135004594922065735e-02
5.126053094863891602e-02
5.117119848728179932e-02
5.108216777443885803e-02
5.099339038133621216e-02
5.090486258268356323e-02
5.081669613718986511e-02
5.072877183556556702e-02
5.064116790890693665e-02
5.055385828018188477e-02
5.046694353222846985e-02
5.038048699498176575e-02
5.029447004199028015e-02
5.020897835493087769e-02
5.012411624193191528e-02
5.004005134105682373e-02
4.995694383978843689e-02
4.987492412328720093e-02
4.979330301284790039e-02
4.970826208591461182e-02
4.961347207427024841e-02
4.952213913202285767e-02
4.944385215640068054e-02
4.936875775456428528e-02
4.929321631789207458e-02
4.921698197722434998e-02
4.914012923836708069e-02
4.906293749809265137e-02
4.898547381162643433e-02
4.890775308012962341e-02
4.882964491844177246e-02
4.875099658966064453e-02
4.867161065340042114e-02
4.859107732772827148e-02
4.850905761122703552e-02
4.842544719576835632e-02
4.834016412496566772e-02
4.825313016772270203e-02
4.816439375281333923e-02
4.807412251830101013e-02
4.798261448740959167e-02
4.789015650749206543e-02
4.779709130525588989e-02
4.770353063941001892e-02
4.760958999395370483e-02
4.751537367701530457e-02
4.742087423801422119e-02
4.732619598507881165e-02
4.723138734698295593e-02
4.713646695017814636e-02
4.704150557518005371e-02
4.694668576121330261e-02
4.685196653008460999e-02
4.675745964050292969e-02
4.666329175233840942e-02
4.656950011849403381e-02
4.647611081600189209e-02
4.638315364718437195e-02
4.629072546958923340e-02
4.619868099689483643e-02
4.610693827271461487e-02
4.601547122001647949e-02
4.592417180538177490e-02
4.583289846777915955e-02
4.574171826243400574e-02
4.565051570534706116e-02
4.555927217006683350e-02
4.546809941530227661e-02
4.537696763873100281e-02
4.528591781854629517e-02
4.519491642713546753e-02
4.510399326682090759e-02
4.501317441463470459e-02
4.492241889238357544e-02
4.483170434832572937e-02
4.474101588129997253e-02
4.465032368898391724e-02
4.455960169434547424e-02
4.446876049041748047e-02
4.437771067023277283e-02
4.428642615675926208e-02
4.419486224651336670e-02
4.410287365317344666e-02
4.401046410202980042e-02
4.391753673553466797e-02
4.382409527897834778e-02
4.373003169894218445e-02
4.363533481955528259e-02
4.354008287191390991e-02
4.344418644905090332e-02
4.334776848554611206e-02
4.325078055262565613e-02
4.315343871712684631e-02
4.305559396743774414e-02
4.295749589800834656e-02
4.285913705825805664e-02
4.276064038276672363e-02
4.266201704740524292e-02
4.256348311901092529e-02
4.246499389410018921e-02
4.236675053834915161e-02
4.226901009678840637e-02
4.217201843857765198e-02
4.207631945610046387e-02
4.198271781206130981e-02
4.189212247729301453e-02
4.180559888482093811e-02
4.172362759709358215e-02
4.164556041359901428e-02
4.156874865293502808e-02
4.149101302027702332e-02
4.141409695148468018e-02
4.133934900164604187e-02
4.127064347267150879e-02
4.120801016688346863e-02
4.115976020693778992e-02
4.112697020173072815e-02
4.110769554972648621e-02
4.106422513723373413e-02
4.095859825611114502e-02
4.085399210453033447e-02
4.078657925128936768e-02
4.098755493760108948e-02
4.087461158633232117e-02
4.294649884104728699e-02
4.132562130689620972e-02
4.066876322031021118e-02
4.252962023019790649e-02
4.067996516823768616e-02
4.019534587860107422e-02
4.008926823735237122e-02
4.002762958407402039e-02
3.990044072270393372e-02
4.128805175423622131e-02
4.019643366336822510e-02
3.957029804587364197e-02
4.106410965323448181e-02
3.929838910698890686e-02
4.087313264608383179e-02
4.003764688968658447e-02
3.921886533498764038e-02
4.146261140704154968e-02
3.997568413615226746e-02
3.924104198813438416e-02
4.092466458678245544e-02
3.910634666681289673e-02
3.992042690515518188e-02
3.918038308620452881e-02
3.872105479240417480e-02
3.985652327537536621e-02
4.024970158934593201e-02
3.838826343417167664e-02
3.985013812780380249e-02
3.970780223608016968e-02
4.162422940135002136e-02
3.991298004984855652e-02
4.102873802185058594e-02
3.945291414856910706e-02
3.869085013866424561e-02
3.765567019581794739e-02
3.861653059720993042e-02
3.873325884342193604e-02
3.772761672735214233e-02
3.842334449291229248e-02
3.754494711756706238e-02
3.860447928309440613e-02
3.739909082651138306e-02
3.837138041853904724e-02
3.722463548183441162e-02
3.813902288675308228e-02
3.715841472148895264e-02
3.927730023860931396e-02
3.925300389528274536e-02
3.782420605421066284e-02
3.751984238624572754e-02
3.699177503585815430e-02
3.711982816457748413e-02
3.682078421115875244e-02
3.697409108281135559e-02
3.977111726999282837e-02
3.933873027563095093e-02
3.908912092447280884e-02
3.728822991251945496e-02
3.674761578440666199e-02
3.643748536705970764e-02
3.627575188875198364e-02
3.698289394378662109e-02
3.584568575024604797e-02
3.666142374277114868e-02
3.659705445170402527e-02
3.624782711267471313e-02
3.595161810517311096e-02
3.598894178867340088e-02
3.666440397500991821e-02
3.545306622982025146e-02
3.625205904245376587e-02
3.628484159708023071e-02
3.596676886081695557e-02
3.525837510824203491e-02
3.516418486833572388e-02
3.578270599246025085e-02
3.512986749410629272e-02
3.458866477012634277e-02
3.579718992114067078e-02
3.556667268276214600e-02
3.454080596566200256e-02
3.454180806875228882e-02
3.530903533101081848e-02
3.443049639463424683e-02
3.468139469623565674e-02
3.577722236514091492e-02
3.447017818689346313e-02
3.515907749533653259e-02
3.411814570426940918e-02
3.414320573210716248e-02
3.388573601841926575e-02
3.394218906760215759e-02
3.423790633678436279e-02
3.399004042148590088e-02
3.358430042862892151e-02
3.468188643455505371e-02
3.358741104602813721e-02
3.455850109457969666e-02
3.359967470169067383e-02
3.400928899645805359e-02
3.346418589353561401e-02
3.394743427634239197e-02
3.337494656443595886e-02
3.384954854846000671e-02
3.325815126299858093e-02
3.356016427278518677e-02
3.306217864155769348e-02
3.330201283097267151e-02
3.266303613781929016e-02
3.291609138250350952e-02
3.302068635821342468e-02
3.277472034096717834e-02
3.300875797867774963e-02
3.305559977889060974e-02
3.304184228181838989e-02
3.299033641815185547e-02
3.285121545195579529e-02
3.264850378036499023e-02
3.248906135559082031e-02
3.238772973418235779e-02
3.228387236595153809e-02
3.217966854572296143e-02
3.210600465536117554e-02
3.204088285565376282e-02
3.202594071626663208e-02
3.216673806309700012e-02
3.211760148406028748e-02
3.307376056909561157e-02
3.240634128451347351e-02
3.417133167386054993e-02
3.151618316769599915e-02
