1.928030848503112793e-01
1.877956837415695190e-01
1.876303702592849731e-01
1.875688731670379639e-01
1.874964088201522827e-01
1.874227225780487061e-01
1.873483210802078247e-01
1.872730106115341187e-01
1.871968656778335571e-01
1.871196031570434570e-01
1.870411038398742676e-01
1.869611144065856934e-01
1.868796944618225098e-01
1.867965012788772583e-01
1.867115944623947144e-01
1.866244971752166748e-01
1.865353584289550781e-01
1.864436715841293335e-01
1.863495409488677979e-01
1.862526684999465942e-01
1.861528158187866211e-01
1.860499978065490723e-01
1.859437525272369385e-01
1.858339905738830566e-01
1.857205480337142944e-01
1.856031268835067749e-01
1.854815930128097534e-01
1.853555887937545776e-01
1.852253228425979614e-01
1.850900202989578247e-01
1.849499195814132690e-01
1.848045587539672852e-01
1.846537292003631592e-01
1.844973415136337280e-01
1.843350380659103394e-01
1.841667294502258301e-01
1.839920580387115479e-01
1.838112473487854004e-01
1.836238205432891846e-01
1.834297031164169312e-01
1.832287609577178955e-01
1.830210387706756592e-01
1.828064918518066406e-01
1.825848668813705444e-01
1.823563277721405029e-01
1.821211129426956177e-01
1.818790137767791748e-01
1.816303431987762451e-01
1.813753247261047363e-01
1.811142414808273315e-01
1.808471530675888062e-01
1.805745363235473633e-01
1.802967190742492676e-01
1.800143420696258545e-01
1.797278821468353271e-01
1.794375777244567871e-01
1.791439503431320190e-01
1.788475215435028076e-01
1.785487979650497437e-01
1.782485693693161011e-01
1.779469549655914307e-01
1.776448041200637817e-01
1.773420423269271851e-01
1.770393699407577515e-01
1.767370402812957764e-01
1.764354109764099121e-01
1.761342883110046387e-01
1.758342534303665161e-01
1.755350083112716675e-01
1.752367168664932251e-01
1.749391108751296997e-01
1.746420413255691528e-01
1.743455827236175537e-01
1.740490049123764038e-01
1.737522184848785400e-01
1.734548211097717285e-01
1.731562912464141846e-01
1.728560626506805420e-01
1.725537329912185669e-01
1.722488850355148315e-01
1.719406843185424805e-01
1.716289073228836060e-01
1.713127046823501587e-01
1.709913760423660278e-01
1.706645488739013672e-01
1.703317016363143921e-01
1.699918657541275024e-01
1.696447581052780151e-01
1.692899763584136963e-01
1.689266860485076904e-01
1.685544997453689575e-01
1.681732386350631714e-01
1.677821427583694458e-01
1.673811525106430054e-01
1.669700294733047485e-01
1.665485501289367676e-01
1.661167293787002563e-01
1.656744033098220825e-01
1.652220636606216431e-01
1.647597700357437134e-01
1.642877161502838135e-01
1.638068556785583496e-01
1.633174270391464233e-01
1.628202497959136963e-01
1.623160690069198608e-01
1.618058532476425171e-01
1.612903028726577759e-01
1.607706099748611450e-01
1.602475643157958984e-01
1.597221195697784424e-01
1.591953039169311523e-01
1.586678773164749146e-01
1.581408083438873291e-01
1.576146334409713745e-01
1.570899933576583862e-01
1.565675288438796997e-01
1.560477167367935181e-01
1.555308550596237183e-01
1.550172716379165649e-01
1.545071005821228027e-01
1.540003716945648193e-01
1.534970104694366455e-01
1.529970914125442505e-01
1.525003015995025635e-01
1.520063579082489014e-01
1.515152752399444580e-01
1.510265171527862549e-01
1.505397409200668335e-01
1.500545293092727661e-01
1.495706140995025635e-01
1.490872353315353394e-01
1.486042141914367676e-01
1.481209397315979004e-01
1.476368159055709839e-01
1.471514999866485596e-01
1.466643661260604858e-01
1.461749672889709473e-01
1.456829011440277100e-01
1.451875418424606323e-01
1.446884125471115112e-01
1.441850066184997559e-01
1.436768919229507446e-01
1.431635171175003052e-01
1.426446884870529175e-01
1.421197205781936646e-01
1.415883451700210571e-01
1.410501003265380859e-01
1.405047029256820679e-01
1.399517208337783813e-01
1.393909901380538940e-01
1.388222724199295044e-01
1.382451653480529785e-01
1.376595497131347656e-01
1.370653361082077026e-01
1.364624649286270142e-01
1.358507871627807617e-01
1.352302581071853638e-01
1.346011757850646973e-01
1.339634358882904053e-01
1.333173513412475586e-01
1.326630413532257080e-01
1.320007741451263428e-01
1.313309818506240845e-01
1.306539028882980347e-01
1.299699395895004272e-01
1.292795687913894653e-01
1.285831779241561890e-01
1.278816163539886475e-01
1.271751075983047485e-01
1.264643222093582153e-01
1.257498264312744141e-01
1.250323802232742310e-01
1.243125051259994507e-01
1.235910579562187195e-01
1.228684186935424805e-01
1.221457123756408691e-01
1.214234158396720886e-01
1.207023411989212036e-01
1.199831888079643250e-01
1.192667037248611450e-01
1.185538545250892639e-01
1.178451105952262878e-01
1.171413585543632507e-01
1.164432838559150696e-01
1.157514601945877075e-01
1.150667369365692139e-01
1.143897175788879395e-01
1.137208640575408936e-01
1.130608543753623962e-01
1.124100983142852783e-01
1.117690131068229675e-01
1.111382171511650085e-01
1.105180829763412476e-01
1.099087968468666077e-01
1.093106344342231750e-01
1.087239831686019897e-01
1.081489846110343933e-01
1.075855940580368042e-01
1.070342212915420532e-01
1.064946278929710388e-01
1.059669554233551025e-01
1.054510474205017090e-01
1.049469485878944397e-01
1.044545620679855347e-01
1.039735972881317139e-01
1.035040393471717834e-01
1.030455008149147034e-01
1.025979742407798767e-01
1.021610572934150696e-01
1.017345488071441650e-01
1.013182997703552246e-01
1.009118705987930298e-01
1.005149856209754944e-01
1.001276075839996338e-01
9.974916279315948486e-02
9.937953203916549683e-02
9.901839494705200195e-02
9.866548329591751099e-02
9.832059592008590698e-02
9.798330068588256836e-02
9.765347838401794434e-02
9.733078628778457642e-02
9.701504558324813843e-02
9.670596569776535034e-02
9.640342742204666138e-02
9.610704332590103149e-02
9.581667184829711914e-02
9.553216397762298584e-02
9.525322169065475464e-02
9.497969597578048706e-02
9.471138566732406616e-02
9.444816410541534424e-02
9.418975561857223511e-02
9.393610805273056030e-02
9.368702024221420288e-02
9.344235807657241821e-02
9.320185333490371704e-02
9.296559542417526245e-02
9.273321181535720825e-02
9.250473976135253906e-02
9.227995574474334717e-02
9.205879271030426025e-02
9.184107184410095215e-02
9.162680059671401978e-02
9.141572564840316772e-02
9.120793640613555908e-02
9.100319445133209229e-02
9.080131351947784424e-02
9.060245752334594727e-02
9.040633589029312134e-02
9.021295607089996338e-02
9.002221375703811646e-02
8.983406424522399902e-02
8.964836597442626953e-02
8.946509659290313721e-02
8.928418904542922974e-02
8.910550177097320557e-02
8.892899006605148315e-02
8.875472843647003174e-02
8.858251571655273438e-02
8.841231465339660645e-02
8.824409544467926025e-02
8.807780593633651733e-02
8.791330456733703613e-02
8.775066584348678589e-02
8.758981525897979736e-02
8.743061870336532593e-02
8.727312088012695312e-02
8.711723238229751587e-02
8.696290105581283569e-02
8.681014180183410645e-02
8.665888011455535889e-02
8.650899678468704224e-02
8.636061102151870728e-02
8.621351420879364014e-02
8.606781065464019775e-02
8.592340350151062012e-02
8.578027784824371338e-02
8.563831448554992676e-02
8.549762517213821411e-02
8.535811305046081543e-02
8.521972596645355225e-02
8.508242666721343994e-02
8.494626730680465698e-02
8.481112867593765259e-02
8.467701077461242676e-02
8.454387634992599487e-02
8.441170305013656616e-02
8.428053557872772217e-02
8.415027707815170288e-02
8.402091264724731445e-02
8.389240503311157227e-02
8.376479893922805786e-02
8.363806456327438354e-02
8.351203799247741699e-02
8.338692784309387207e-02
8.326263725757598877e-02
8.313899487257003784e-02
8.301612734794616699e-02
8.289407938718795776e-02
8.277262002229690552e-02
8.265189826488494873e-02
8.253189921379089355e-02
8.241254091262817383e-02
8.229392021894454956e-02
8.217582851648330688e-02
8.205848932266235352e-02
8.194170147180557251e-02
8.182560652494430542e-02
8.171002566814422607e-02
8.159513026475906372e-02
8.148074150085449219e-02
8.136703073978424072e-02
8.125381171703338623e-02
8.114118129014968872e-02
8.102917671203613281e-02
8.091766387224197388e-02
8.080671727657318115e-02
8.069635927677154541e-02
8.058644086122512817e-02
8.047718554735183716e-02
8.036842197179794312e-02
8.026015013456344604e-02
8.015247434377670288e-02
8.004529029130935669e-02
7.993867248296737671e-02
7.983259856700897217e-02
7.972703129053115845e-02
7.962191104888916016e-02
7.951743155717849731e-02
7.941338419914245605e-02
7.930989563465118408e-02
7.920698076486587524e-02
7.910457253456115723e-02
7.900261878967285156e-02
7.890120148658752441e-02
7.880038768053054810e-02
7.870005816221237183e-02
7.860019803047180176e-02
7.850099354982376099e-02
7.840220630168914795e-02
7.830401510000228882e-02
7.820629328489303589e-02
7.810911536216735840e-02
7.801253348588943481e-02
7.791637629270553589e-02
7.782080769538879395e-02
7.772577553987503052e-02
7.763131707906723022e-02
7.753729820251464844e-02
7.744386047124862671e-02
7.735098898410797119e-02
7.725869119167327881e-02
7.716684788465499878e-02
7.707552611827850342e-02
7.698480039834976196e-02
7.689458131790161133e-02
7.680496573448181152e-02
7.671580463647842407e-02
7.662723958492279053e-02
7.653913646936416626e-02
7.645169645547866821e-02
7.636467367410659790e-02
7.627823948860168457e-02
7.619233429431915283e-02
7.610703259706497192e-02
7.602220028638839722e-02
7.593797892332077026e-02
7.585421949625015259e-02
7.577102631330490112e-02
7.568836957216262817e-02
7.560626417398452759e-02
7.552467286586761475e-02
7.544368505477905273e-02
7.536312192678451538e-02
7.528317719697952271e-02
7.520373910665512085e-02
7.512480765581130981e-02
7.504648715257644653e-02
7.496863603591918945e-02
7.489129900932312012e-02
7.481455057859420776e-02
7.473824918270111084e-02
7.466252893209457397e-02
7.458733022212982178e-02
7.451265305280685425e-02
7.443847507238388062e-02
7.436481118202209473e-02
7.429165393114089966e-02
7.421906292438507080e-02
7.414694130420684814e-02
7.407531142234802246e-02
7.400424033403396606e-02
7.393366098403930664e-02
7.386352121829986572e-02
7.379396259784698486e-02
7.372485846281051636e-02
7.365629822015762329e-02
7.358814775943756104e-02
7.352058589458465576e-02
7.345341891050338745e-02
7.338681071996688843e-02
7.332066446542739868e-02
7.325498014688491821e-02
7.318974286317825317e-02
7.312501221895217896e-02
7.306074351072311401e-02
7.299692183732986450e-02
7.293363660573959351e-02
7.287074625492095947e-02
7.280827313661575317e-02
7.274635136127471924e-02
7.268486171960830688e-02
7.262381911277770996e-02
7.256317138671875000e-02
7.250302284955978394e-02
7.244323939085006714e-02
7.238393276929855347e-02
7.232499867677688599e-02
7.226655632257461548e-02
7.220855355262756348e-02
7.215089350938796997e-02
7.209372520446777344e-02
7.203690707683563232e-02
7.198049873113632202e-02
7.192451506853103638e-02
7.186894863843917847e-02
7.181373983621597290e-02
7.175894081592559814e-02
7.170455157756805420e-02
7.165048271417617798e-02
7.159683853387832642e-02
7.154356688261032104e-02
7.149066776037216187e-02
7.143807411193847656e-02
7.138594985008239746e-02
7.133414596319198608e-02
7.128266245126724243e-02
7.123157382011413574e-02
7.118079811334609985e-02
7.113041728734970093e-02
7.108026742935180664e-02
7.103054970502853394e-02
7.098118215799331665e-02
7.093206048011779785e-02
7.088330388069152832e-02
7.083485275506973267e-02
7.078673690557479858e-02
7.073892652988433838e-02
7.069136202335357666e-02
7.064424455165863037e-02
7.059727609157562256e-02
7.055065780878067017e-02
7.050431519746780396e-02
7.045830786228179932e-02
7.041254639625549316e-02
7.036704570055007935e-02
7.032183557748794556e-02
7.027690112590789795e-02
7.023220509290695190e-02
7.018784433603286743e-02
7.014367729425430298e-02
7.009977847337722778e-02
7.005605846643447876e-02
7.001269608736038208e-02
6.996952742338180542e-02
6.992658227682113647e-02
6.988386809825897217e-02
6.984139978885650635e-02
6.979917734861373901e-02
6.975712627172470093e-02
6.971529126167297363e-02
6.967373937368392944e-02
6.963234394788742065e-02
6.959114223718643188e-02
6.955017894506454468e-02
6.950936466455459595e-02
6.946878880262374878e-02
6.942836195230484009e-02
6.938814371824264526e-02
6.934803724288940430e-02
6.930822879076004028e-02
6.926850974559783936e-02
6.922900676727294922e-02
6.918960809707641602e-02
6.915041059255599976e-02
6.911134719848632812e-02
6.907244771718978882e-02
6.903368234634399414e-02
6.899509578943252563e-02
6.895663589239120483e-02
6.891828775405883789e-02
6.888009607791900635e-02
6.884201616048812866e-02
6.880404800176620483e-02
6.876624375581741333e-02
6.872854381799697876e-02
6.869093328714370728e-02
6.865347176790237427e-02
6.861609965562820435e-02
6.857880204916000366e-02
6.854163855314254761e-02
6.850456446409225464e-02
6.846755743026733398e-02
6.843065470457077026e-02
6.839390099048614502e-02
6.835715472698211670e-02
6.832049041986465454e-02
6.828392297029495239e-02
6.824742257595062256e-02
6.821097433567047119e-02
6.817463785409927368e-02
6.813828647136688232e-02
6.810207664966583252e-02
6.806591153144836426e-02
6.802976131439208984e-02
6.799371540546417236e-02
6.795765459537506104e-02
6.792168319225311279e-02
6.788576394319534302e-02
6.784987449645996094e-02
6.781405210494995117e-02
6.777824461460113525e-02
6.774242967367172241e-02
6.770674139261245728e-02
6.767099350690841675e-02
6.763532757759094238e-02
6.759963929653167725e-02
6.756403297185897827e-02
6.752842664718627930e-02
6.749282777309417725e-02
6.745724380016326904e-02
6.742174178361892700e-02
6.738622486591339111e-02
6.735070794820785522e-02
6.731519848108291626e-02
6.727970391511917114e-02
6.724424660205841064e-02
6.720875948667526245e-02
6.717333197593688965e-02
6.713788211345672607e-02
6.710246950387954712e-02
6.706702709197998047e-02
6.703161448240280151e-02
6.699617207050323486e-02
6.696081161499023438e-02
6.692536920309066772e-02
6.688999384641647339e-02
6.685455888509750366e-02
6.681919097900390625e-02
6.678379327058792114e-02
6.674837321043014526e-02
6.671298295259475708e-02
6.667758524417877197e-02
6.664215028285980225e-02
6.660681217908859253e-02
6.657140702009201050e-02
6.653603911399841309e-02
6.650066375732421875e-02
6.646527349948883057e-02
6.642986834049224854e-02
6.639447808265686035e-02
6.635907292366027832e-02
6.632371246814727783e-02
6.628829985857009888e-02
6.625293195247650146e-02
6.621753424406051636e-02
6.618215143680572510e-02
6.614675372838973999e-02
6.611139327287673950e-02
6.607598066329956055e-02
6.604059785604476929e-02
6.600525230169296265e-02
6.596981734037399292e-02
6.593445688486099243e-02
6.589906662702560425e-02
6.586372852325439453e-02
6.582836061716079712e-02
6.579302251338958740e-02
6.575766205787658691e-02
6.572225689888000488e-02
6.568691134452819824e-02
6.565160304307937622e-02
6.561623513698577881e-02
6.558094173669815063e-02
6.554557383060455322e-02
6.551027297973632812e-02
6.547497957944869995e-02
6.543964892625808716e-02
6.540437787771224976e-02
6.536906957626342773e-02
6.533382833003997803e-02
6.529856473207473755e-02
6.526333093643188477e-02
6.522806733846664429e-02
6.519281119108200073e-02
6.515756994485855103e-02
6.512236595153808594e-02
6.508716940879821777e-02
6.505196541547775269e-02
6.501681357622146606e-02
6.498162448406219482e-02
6.494649499654769897e-02
6.491135060787200928e-02
6.487624347209930420e-02
6.484113633632659912e-02
6.480605900287628174e-02
6.477098166942596436e-02
6.473591923713684082e-02
6.470087915658950806e-02
6.466584652662277222e-02
6.463082134723663330e-02
6.459588557481765747e-02
6.456091254949569702e-02
6.452599167823791504e-02
6.449106335639953613e-02
6.445614993572235107e-02
6.442127376794815063e-02
6.438640505075454712e-02
6.435152888298034668e-02
6.431676447391510010e-02
6.428194046020507812e-02
6.424717605113983154e-02
6.421243399381637573e-02
6.417767703533172607e-02
6.414300203323364258e-02
6.410833448171615601e-02
6.407363712787628174e-02
6.403902918100357056e-02
6.400444358587265015e-02
6.396984308958053589e-02
6.393530964851379395e-02
6.390080600976943970e-02
6.386628001928329468e-02
6.383182108402252197e-02
6.379736214876174927e-02
6.376294791698455811e-02
6.372857093811035156e-02
6.369419395923614502e-02
6.365980207920074463e-02
6.362555176019668579e-02
6.359127163887023926e-02
6.355702877044677734e-02
6.352282315492630005e-02
6.348863989114761353e-02
6.345448642969131470e-02
6.342034041881561279e-02
6.338625401258468628e-02
6.335218995809555054e-02
6.331813335418701172e-02
6.328415125608444214e-02
6.325016915798187256e-02
6.321622431278228760e-02
6.318234652280807495e-02
6.314847618341445923e-02
6.311460584402084351e-02
6.308081001043319702e-02
6.304701417684555054e-02
6.301324069499969482e-02
6.297953426837921143e-02
6.294585764408111572e-02
6.291221827268600464e-02
6.287855654954910278e-02
6.284496188163757324e-02
6.281141936779022217e-02
6.277789920568466187e-02
6.274441629648208618e-02
6.271092593669891357e-02
6.267751753330230713e-02
6.264407187700271606e-02
6.261073797941207886e-02
6.257740408182144165e-02
6.254410743713378906e-02
6.251082569360733032e-02
6.247755140066146851e-02
6.244436651468276978e-02
6.241117417812347412e-02
6.237801909446716309e-02
6.234491989016532898e-02
6.231179460883140564e-02
6.227877363562583923e-02
6.224578991532325745e-02
6.221275031566619873e-02
6.217982620000839233e-02
6.214685365557670593e-02
6.211395561695098877e-02
6.208111345767974854e-02
6.204821169376373291e-02
6.201541051268577576e-02
6.198266148567199707e-02
6.194989755749702454e-02
6.191713362932205200e-02
6.188444420695304871e-02
6.185179203748703003e-02
6.181913614273071289e-02
6.178653985261917114e-02
6.175395101308822632e-02
6.172140315175056458e-02
6.168888881802558899e-02
6.165633350610733032e-02
6.162387877702713013e-02
6.159145012497901917e-02
6.155902147293090820e-02
6.152657046914100647e-02
6.149423122406005859e-02
6.146189197897911072e-02
6.142959371209144592e-02
6.139725819230079651e-02
6.136500835418701172e-02
6.133278459310531616e-02
6.130054593086242676e-02
6.126838549971580505e-02
6.123618036508560181e-02
6.120405718684196472e-02
6.117196008563041687e-02
6.113989278674125671e-02
6.110781431198120117e-02
6.107570976018905640e-02
6.104373186826705933e-02
6.101172789931297302e-02
6.097977608442306519e-02
6.094779446721076965e-02
6.091587990522384644e-02
6.088400259613990784e-02
6.085211411118507385e-02
6.082024797797203064e-02
6.078842282295227051e-02
6.075661629438400269e-02
6.072484701871871948e-02
6.069304794073104858e-02
6.066135689616203308e-02
6.062963232398033142e-02
6.059792265295982361e-02
6.056625396013259888e-02
6.053464114665985107e-02
6.050301715731620789e-02
6.047143414616584778e-02
6.043982133269309998e-02
6.040828302502632141e-02
6.037675589323043823e-02
6.034526601433753967e-02
6.031376868486404419e-02
6.028229743242263794e-02
6.025085970759391785e-02
6.021946668624877930e-02
6.018810346722602844e-02
6.015672534704208374e-02
6.012532860040664673e-02
6.009405478835105896e-02
6.006272882223129272e-02
6.003145501017570496e-02
6.000024825334548950e-02
5.996900796890258789e-02
5.993777513504028320e-02
5.990659445524215698e-02
5.987548455595970154e-02
5.984434857964515686e-02
5.981325358152389526e-02
5.978218093514442444e-02
5.975114554166793823e-02
5.972009152173995972e-02
5.968910083174705505e-02
5.965807288885116577e-02
5.962715297937393188e-02
5.959621071815490723e-02
5.956531688570976257e-02
5.953441560268402100e-02
5.950354784727096558e-02
5.947272107005119324e-02
5.944189801812171936e-02
5.941109359264373779e-02
5.938035622239112854e-02
5.934959277510643005e-02
5.931888893246650696e-02
5.928819999098777771e-02
5.925750359892845154e-02
5.922684073448181152e-02
5.919623002409934998e-02
5.916562303900718689e-02
5.913507193326950073e-02
5.910450965166091919e-02
5.907402560114860535e-02
5.904350429773330688e-02
5.901307240128517151e-02
5.898260697722434998e-02
5.895217508077621460e-02
5.892172828316688538e-02
5.889135971665382385e-02
5.886103212833404541e-02
5.883070081472396851e-02
5.880038812756538391e-02
5.877010151743888855e-02
5.873986333608627319e-02
5.870961770415306091e-02
5.867942422628402710e-02
5.864918604493141174e-02
5.861899256706237793e-02
5.858886241912841797e-02
5.855878442525863647e-02
5.852865427732467651e-02
5.849860981106758118e-02
5.846854671835899353e-02
5.843848362565040588e-02
5.840848758816719055e-02
5.837850645184516907e-02
5.834852531552314758e-02
5.831855908036231995e-02
5.828862637281417847e-02
5.825872346758842468e-02
5.822885036468505859e-02
5.819896981120109558e-02
5.816911906003952026e-02
5.813927203416824341e-02
5.810951068997383118e-02
5.807972699403762817e-02
5.804991722106933594e-02
5.802016705274581909e-02
5.799042060971260071e-02
5.796075612306594849e-02
5.793105065822601318e-02
5.790136381983757019e-02
5.787170678377151489e-02
5.784207209944725037e-02
5.781245231628417969e-02
5.778288096189498901e-02
5.775329098105430603e-02
5.772371590137481689e-02
5.769412592053413391e-02
5.766461044549942017e-02
5.763508006930351257e-02
5.760562792420387268e-02
5.757610872387886047e-02
5.754664167761802673e-02
5.751717090606689453e-02
5.748775601387023926e-02
5.745831876993179321e-02
5.742889642715454102e-02
5.739950761198997498e-02
5.737015232443809509e-02
5.734081193804740906e-02
5.731144174933433533e-02
5.728216841816902161e-02
5.725280195474624634e-02
5.722350999712944031e-02
5.719424411654472351e-02
5.716500803828239441e-02
5.713571235537528992e-02
5.710645765066146851e-02
5.707722529768943787e-02
5.704801902174949646e-02
5.701884254813194275e-02
5.698961764574050903e-02
5.696046724915504456e-02
5.693129077553749084e-02
5.690218508243560791e-02
5.687301233410835266e-02
5.684389546513557434e-02
5.681479349732398987e-02
5.678569525480270386e-02
5.675660073757171631e-02
5.672755464911460876e-02
5.669850483536720276e-02
5.666946619749069214e-02
5.664043873548507690e-02
5.661143362522125244e-02
5.658241733908653259e-02
5.655338242650032043e-02
5.652446299791336060e-02
5.649550259113311768e-02
5.646654590964317322e-02
5.643765255808830261e-02
5.640870705246925354e-02
5.637976527214050293e-02
5.635088309645652771e-02
5.632201209664344788e-02
5.629313737154006958e-02
5.626427382230758667e-02
5.623546615242958069e-02
5.620658770203590393e-02
5.617781355977058411e-02
5.614902079105377197e-02
5.612022802233695984e-02
5.609144642949104309e-02
5.606269836425781250e-02
5.603398755192756653e-02
5.600525066256523132e-02
5.597655847668647766e-02
5.594786256551742554e-02
5.591915175318717957e-02
5.589048191905021667e-02
5.586186423897743225e-02
5.583321303129196167e-02
5.580462142825126648e-02
5.577597394585609436e-02
5.574741587042808533e-02
5.571881681680679321e-02
5.569028481841087341e-02
5.566175654530525208e-02
5.563318729400634766e-02
5.560471490025520325e-02
5.557623878121376038e-02
5.554775893688201904e-02
5.551930516958236694e-02
5.549089238047599792e-02
5.546244233846664429e-02
5.543408542871475220e-02
5.540569499135017395e-02
5.537733063101768494e-02
5.534898489713668823e-02
5.532063543796539307e-02
5.529233813285827637e-02
5.526404455304145813e-02
5.523583665490150452e-02
5.520757660269737244e-02
5.517939478158950806e-02
5.515122786164283752e-02
5.512303486466407776e-02
5.509489402174949646e-02
5.506674572825431824e-02
5.503864586353302002e-02
5.501056089997291565e-02
5.498251691460609436e-02
5.495447292923927307e-02
5.492645874619483948e-02
5.489844456315040588e-02
5.487050488591194153e-02
5.484255403280258179e-02
5.481467023491859436e-02
5.478676408529281616e-02
5.475891754031181335e-02
5.473108589649200439e-02
5.470328032970428467e-02
5.467545986175537109e-02
5.464769527316093445e-02
5.461998656392097473e-02
5.459228530526161194e-02
5.456463620066642761e-02
5.453697592020034790e-02
5.450935289263725281e-02
5.448173731565475464e-02
5.445421114563941956e-02
5.442664399743080139e-02
5.439918115735054016e-02
5.437168106436729431e-02
5.434423685073852539e-02
5.431681498885154724e-02
5.428943783044815063e-02
5.426210910081863403e-02
5.423476547002792358e-02
5.420750379562377930e-02
5.418025702238082886e-02
5.415305867791175842e-02
5.412585660815238953e-02
5.409869924187660217e-02
5.407156422734260559e-02
5.404451489448547363e-02
5.401741340756416321e-02
5.399040505290031433e-02
5.396345257759094238e-02
5.393651500344276428e-02
5.390960723161697388e-02
5.388272926211357117e-02
5.385588854551315308e-02
5.382910743355751038e-02
5.380230769515037537e-02
5.377558618783950806e-02
5.374889075756072998e-02
5.372223258018493652e-02
5.369562283158302307e-02
5.366908013820648193e-02
5.364250391721725464e-02
5.361600592732429504e-02
5.358952656388282776e-02
5.356311053037643433e-02
5.353667587041854858e-02
5.351034924387931824e-02
5.348405987024307251e-02
5.345777794718742371e-02
5.343155190348625183e-02
5.340538173913955688e-02
5.337926000356674194e-02
5.335310101509094238e-02
5.332702770829200745e-02
5.330101773142814636e-02
5.327500030398368835e-02
5.324905738234519958e-02
5.322315916419029236e-02
5.319726094603538513e-02
5.317147821187973022e-02
5.314569547772407532e-02
5.311997607350349426e-02
5.309426039457321167e-02
5.306860432028770447e-02
5.304302275180816650e-02
5.301744118332862854e-02
5.299190431833267212e-02
5.296638980507850647e-02
5.294097587466239929e-02
5.291557312011718750e-02
5.289022251963615417e-02
5.286487564444541931e-02
5.283964797854423523e-02
5.281442776322364807e-02
5.278920009732246399e-02
5.276409909129142761e-02
5.273897945880889893e-02
5.271390080451965332e-02
5.268894135951995850e-02
5.266391858458518982e-02
5.263899639248847961e-02
5.261412262916564941e-02
5.258928239345550537e-02
5.256444215774536133e-02
5.253975838422775269e-02
5.251503735780715942e-02
5.249033495783805847e-02
5.246568843722343445e-02
5.244116485118865967e-02
5.241660773754119873e-02
5.239209160208702087e-02
5.236764252185821533e-02
5.234324187040328979e-02
5.231887474656105042e-02
5.229455605149269104e-02
5.227028205990791321e-02
5.224601924419403076e-02
5.222182348370552063e-02
5.219767987728118896e-02
5.217355489730834961e-02
5.214950814843177795e-02
5.212548375129699707e-02
5.210150778293609619e-02
5.207756534218788147e-02
5.205366760492324829e-02
5.202979221940040588e-02
5.200598388910293579e-02
5.198219791054725647e-02
5.195846036076545715e-02
5.193476751446723938e-02
5.191112682223320007e-02
5.188754573464393616e-02
5.186397209763526917e-02
5.184043198823928833e-02
5.181697383522987366e-02
5.179351568222045898e-02
5.177010223269462585e-02
5.174677446484565735e-02
5.172341316938400269e-02
5.170014500617980957e-02
5.167688801884651184e-02
5.165369808673858643e-02
5.163054168224334717e-02
5.160741508007049561e-02
5.158433690667152405e-02
5.156131833791732788e-02
5.153829231858253479e-02
5.151534080505371094e-02
5.149241909384727478e-02
5.146951600909233093e-02
5.144666880369186401e-02
5.142385885119438171e-02
5.140110850334167480e-02
5.137835443019866943e-02
5.135567113757133484e-02
5.133300647139549255e-02
5.131040513515472412e-02
5.128781870007514954e-02
5.126524716615676880e-02
5.124276503920555115e-02
5.122031643986701965e-02
5.119786038994789124e-02
5.117547884583473206e-02
5.115310102701187134e-02
5.113078653812408447e-02
5.110849067568778992e-02
5.108626559376716614e-02
5.106399953365325928e-02
5.104184150695800781e-02
5.101972073316574097e-02
5.099757015705108643e-02
5.097549781203269958e-02
5.095347389578819275e-02
5.093148350715637207e-02
5.090950801968574524e-02
5.088756605982780457e-02
5.086567997932434082e-02
5.084378644824028015e-02
5.082193762063980103e-02
5.080020055174827576e-02
5.077837780117988586e-02
5.075668171048164368e-02
5.073497444391250610e-02
5.071332305669784546e-02
5.069167166948318481e-02
5.067010596394538879e-02
5.064857751131057739e-02
5.062705650925636292e-02
5.060551688075065613e-02
5.058403313159942627e-02
5.056262388825416565e-02
5.054119974374771118e-02
5.051985383033752441e-02
5.049853399395942688e-02
5.047721788287162781e-02
5.045593157410621643e-02
5.043469741940498352e-02
5.041348189115524292e-02
5.039227381348609924e-02
5.037114024162292480e-02
5.035000294446945190e-02
5.032890662550926208e-02
5.030787736177444458e-02
5.028686299920082092e-02
5.026585981249809265e-02
5.024485290050506592e-02
5.022392794489860535e-02
5.020304769277572632e-02
5.018216371536254883e-02
5.016127973794937134e-02
5.014044791460037231e-02
5.011967569589614868e-02
5.009893700480461121e-02
5.007820948958396912e-02
5.005745589733123779e-02
5.003676936030387878e-02
5.001614615321159363e-02
4.999557137489318848e-02
4.997494444251060486e-02
4.995437711477279663e-02
4.993383213877677917e-02
4.991333186626434326e-02
4.989286512136459351e-02
4.987240955233573914e-02
4.985199868679046631e-02
4.983161389827728271e-02
4.981122538447380066e-02
4.979087784886360168e-02
4.977053776383399963e-02
4.975025728344917297e-02
4.973002523183822632e-02
4.970980808138847351e-02
4.968962073326110840e-02
4.966941103339195251e-02
4.964927211403846741e-02
4.962909594178199768e-02
4.960903525352478027e-02
4.958894848823547363e-02
4.956886917352676392e-02
4.954885318875312805e-02
4.952885955572128296e-02
4.950892180204391479e-02
4.948896542191505432e-02
4.946903884410858154e-02
4.944914951920509338e-02
4.942928627133369446e-02
4.940944164991378784e-02
4.938961192965507507e-02
4.936980456113815308e-02
4.935005679726600647e-02
4.933033883571624756e-02
4.931058734655380249e-02
4.929088801145553589e-02
4.927119985222816467e-02
4.925156757235527039e-02
4.923194646835327148e-02
4.921232163906097412e-02
4.919277504086494446e-02
4.917322844266891479e-02
4.915369674563407898e-02
4.913420975208282471e-02
4.911473765969276428e-02
4.909527674317359924e-02
4.907586053013801575e-02
4.905645549297332764e-02
4.903707653284072876e-02
4.901772364974021912e-02
4.899840801954269409e-02
4.897910729050636292e-02
4.895979911088943481e-02
4.894052818417549133e-02
4.892127215862274170e-02
4.890207573771476746e-02
4.888283833861351013e-02
4.886365681886672974e-02
4.884453117847442627e-02
4.882540926337242126e-02
4.880626872181892395e-02
4.878716543316841125e-02
4.876812547445297241e-02
4.874905571341514587e-02
4.873003810644149780e-02
4.871106147766113281e-02
4.869208484888076782e-02
4.867313429713249207e-02
4.865421354770660400e-02
4.863530397415161133e-02
4.861639067530632019e-02
4.859749227762222290e-02
4.857869818806648254e-02
4.855985194444656372e-02
4.854105412960052490e-02
4.852228611707687378e-02
4.850350320339202881e-02
4.848474264144897461e-02
4.846601933240890503e-02
4.844735562801361084e-02
4.842863604426383972e-02
4.840999841690063477e-02
4.839137196540832520e-02
4.837276041507720947e-02
4.835416004061698914e-02
4.833558574318885803e-02
4.831699654459953308e-02
4.829846322536468506e-02
4.827994108200073242e-02
4.826144874095916748e-02
4.824297875165939331e-02
4.822452738881111145e-02
4.820608347654342651e-02
4.818765446543693542e-02
4.816924408078193665e-02
4.815085977315902710e-02
4.813252389430999756e-02
4.811415448784828186e-02
4.809585958719253540e-02
4.807754978537559509e-02
4.805926233530044556e-02
4.804098978638648987e-02
4.802273586392402649e-02
4.800448566675186157e-02
4.798627272248268127e-02
4.796806722879409790e-02
4.794990643858909607e-02
4.793171584606170654e-02
4.791358858346939087e-02
4.789549112319946289e-02
4.787737876176834106e-02
4.785928875207901001e-02
4.784121736884117126e-02
4.782311245799064636e-02
4.780510067939758301e-02
4.778708517551422119e-02
4.776909947395324707e-02
4.775111749768257141e-02
4.773312434554100037e-02
4.771518334746360779e-02
4.769724979996681213e-02
4.767933487892150879e-02
4.766142368316650391e-02
4.764356091618537903e-02
4.762567207217216492e-02
4.760783165693283081e-02
4.759000241756439209e-02
4.757217317819595337e-02
4.755439236760139465e-02
4.753660038113594055e-02
4.751884564757347107e-02
4.750105738639831543e-02
4.748332872986793518e-02
4.746561124920845032e-02
4.744793102145195007e-02
4.743022099137306213e-02
4.741252958774566650e-02
4.739486798644065857e-02
4.737723246216773987e-02
4.735964164137840271e-02
4.734199866652488708e-02
4.732438176870346069e-02
4.730680212378501892e-02
4.728927090764045715e-02
4.727169498801231384e-02
4.725412279367446899e-02
4.723665490746498108e-02
4.721915349364280701e-02
4.720163345336914062e-02
4.718412458896636963e-02
4.716670513153076172e-02
4.714923352003097534e-02
4.713176935911178589e-02
4.711436852812767029e-02
4.709697142243385315e-02
4.707955196499824524e-02
4.706215113401412964e-02
4.704478010535240173e-02
4.702745378017425537e-02
4.701008647680282593e-02
4.699278995394706726e-02
4.697545990347862244e-02
4.695815965533256531e-02
4.694084450602531433e-02
4.692358151078224182e-02
4.690630733966827393e-02
4.688904434442520142e-02
4.687186330556869507e-02
4.685457795858383179e-02
4.683734849095344543e-02
4.682016000151634216e-02
4.680298641324043274e-02
4.678580164909362793e-02
4.676862061023712158e-02
4.675148427486419678e-02
4.673437401652336121e-02
4.671721532940864563e-02
4.670010879635810852e-02
4.668301716446876526e-02
4.666592180728912354e-02
4.664886370301246643e-02
4.663177579641342163e-02
4.661472141742706299e-02
4.659765958786010742e-02
4.658066481351852417e-02
4.656365141272544861e-02
4.654659330844879150e-02
4.652960970997810364e-02
4.651262611150741577e-02
4.649565368890762329e-02
4.647870734333992004e-02
4.646170884370803833e-02
4.644479230046272278e-02
4.642788693308830261e-02
4.641095176339149475e-02
4.639403894543647766e-02
4.637714102864265442e-02
4.636023566126823425e-02
4.634339362382888794e-02
4.632652178406715393e-02
4.630968347191810608e-02
4.629283025860786438e-02
4.627599194645881653e-02
4.625914990901947021e-02
4.624235257506370544e-02
4.622558504343032837e-02
4.620877653360366821e-02
4.619198292493820190e-02
4.617518559098243713e-02
4.615842923521995544e-02
4.614169895648956299e-02
4.612492397427558899e-02
4.610824584960937500e-02
4.609150812029838562e-02
4.607478529214859009e-02
4.605806618928909302e-02
4.604136571288108826e-02
4.602469503879547119e-02
4.600800201296806335e-02
4.599133878946304321e-02
4.597466439008712769e-02
4.595804587006568909e-02
4.594141989946365356e-02
4.592475295066833496e-02
4.590813443064689636e-02
4.589152708649635315e-02
4.587494581937789917e-02
4.585832357406616211e-02
4.584176093339920044e-02
4.582519829273223877e-02
4.580862447619438171e-02
4.579205065965652466e-02
4.577550292015075684e-02
4.575896263122558594e-02
4.574242979288101196e-02
4.572592303156852722e-02
4.570941627025604248e-02
4.569288715720176697e-02
4.567639902234077454e-02
4.565989598631858826e-02
4.564343765377998352e-02
4.562693089246749878e-02
4.561049118638038635e-02
4.559404775500297546e-02
4.557760432362556458e-02
4.556114971637725830e-02
4.554470628499984741e-02
4.552831128239631653e-02
4.551190882921218872e-02
4.549548774957656860e-02
4.547908902168273926e-02
4.546268284320831299e-02
4.544633626937866211e-02
4.542995989322662354e-02
4.541358724236488342e-02
4.539720341563224792e-02
4.538086056709289551e-02
4.536452889442443848e-02
4.534818232059478760e-02
4.533185809850692749e-02
4.531553760170936584e-02
4.529924318194389343e-02
4.528295621275901794e-02
4.526666551828384399e-02
4.525037482380867004e-02
4.523405060172080994e-02
4.521780833601951599e-02
4.520153999328613281e-02
4.518529027700424194e-02
4.516904056072235107e-02
4.515278711915016174e-02
4.513657465577125549e-02
4.512034356594085693e-02
4.510411620140075684e-02
4.508794099092483521e-02
4.507170617580413818e-02
4.505553841590881348e-02
4.503931850194931030e-02
4.502314701676368713e-02
4.500697553157806396e-02
4.499077051877975464e-02
4.497465863823890686e-02
4.495849087834358215e-02
4.494235664606094360e-02
4.492621123790740967e-02
4.491008818149566650e-02
4.489396512508392334e-02
4.487783089280128479e-02
4.486172646284103394e-02
4.484562203288078308e-02
4.482951015233993530e-02
4.481343552470207214e-02
4.479736089706420898e-02
4.478129372000694275e-02
4.476521536707878113e-02
4.474915191531181335e-02
4.473309963941574097e-02
4.471705108880996704e-02
4.470102116465568542e-02
4.468498006463050842e-02
4.466895759105682373e-02
4.465291276574134827e-02
4.463696107268333435e-02
4.462091252207756042e-02
4.460491985082626343e-02
4.458892345428466797e-02
4.457294568419456482e-02
4.455697908997535706e-02
4.454100504517555237e-02
4.452505707740783691e-02
4.450906813144683838e-02
4.449315369129180908e-02
4.447718709707260132e-02
4.446124657988548279e-02
4.444532096385955811e-02
4.442942142486572266e-02
4.441348835825920105e-02
4.439757764339447021e-02
4.438167810440063477e-02
4.436577111482620239e-02
4.434989392757415771e-02
4.433401674032211304e-02
4.431812837719917297e-02
4.430226981639862061e-02
4.428641498088836670e-02
4.427053406834602356e-02
4.425469040870666504e-02
4.423889145255088806e-02
4.422302916646003723e-02
4.420723766088485718e-02
4.419139772653579712e-02
4.417556896805763245e-02
4.415977001190185547e-02
4.414395987987518311e-02
4.412818700075149536e-02
4.411238059401512146e-02
4.409659653902053833e-02
4.408083111047744751e-02
4.406505823135375977e-02
4.404930397868156433e-02
4.403356835246086121e-02
4.401779919862747192e-02
4.400203377008438110e-02
4.398630931973457336e-02
4.397060722112655640e-02
4.395486786961555481e-02
4.393914341926574707e-02
4.392346367239952087e-02
4.390772432088851929e-02
4.389207065105438232e-02
4.387639090418815613e-02
4.386065900325775146e-02
4.384503886103630066e-02
4.382931068539619446e-02
4.381369799375534058e-02
4.379799962043762207e-02
4.378238320350646973e-02
4.376671835780143738e-02
4.375110939145088196e-02
4.373546689748764038e-02
4.371983930468559265e-02
4.370423406362533569e-02
4.368862137198448181e-02
4.367302730679512024e-02
4.365740716457366943e-02
4.364179819822311401e-02
4.362621158361434937e-02
4.361065477132797241e-02
4.359512031078338623e-02
4.357950761914253235e-02
4.356398805975914001e-02
4.354843869805335999e-02
4.353285208344459534e-02
4.351730272173881531e-02
4.350177571177482605e-02
4.348624497652053833e-02
4.347073659300804138e-02
4.345520585775375366e-02
4.343970119953155518e-02
4.342419281601905823e-02
4.340874776244163513e-02
4.339325055480003357e-02
4.337778687477111816e-02
4.336228221654891968e-02
4.334683343768119812e-02
4.333137720823287964e-02
4.331589117646217346e-02
4.330047219991683960e-02
4.328503087162971497e-02
4.326957836747169495e-02
4.325416311621665955e-02
4.323874041438102722e-02
4.322334378957748413e-02
4.320791736245155334e-02
4.319252446293830872e-02
4.317713156342506409e-02
4.316173493862152100e-02
4.314634948968887329e-02
4.313097521662712097e-02
4.311561584472656250e-02
4.310023412108421326e-02
4.308488965034484863e-02
4.306954517960548401e-02
4.305419325828552246e-02
4.303884133696556091e-02
4.302353784441947937e-02
4.300821572542190552e-02
4.299293085932731628e-02
4.297757893800735474e-02
4.296231642365455627e-02
4.294698685407638550e-02
4.293170571327209473e-02
4.291640594601631165e-02
4.290115088224411011e-02
4.288585111498832703e-02
4.287060350179672241e-02
4.285532236099243164e-02
4.284008964896202087e-02
4.282484948635101318e-02
4.280963540077209473e-02
4.279436543583869934e-02
4.277915880084037781e-02
4.276392236351966858e-02
4.274875298142433167e-02
4.273351654410362244e-02
4.271832853555679321e-02
4.270312190055847168e-02
4.268794134259223938e-02
4.267277941107749939e-02
4.265761002898216248e-02
4.264244064688682556e-02
4.262726008892059326e-02
4.261212050914764404e-02
4.259697720408439636e-02
4.258182644844055176e-02
4.256667941808700562e-02
4.255156964063644409e-02
4.253647103905677795e-02
4.252132400870323181e-02
4.250621050596237183e-02
4.249110817909240723e-02
4.247602075338363647e-02
4.246094450354576111e-02
4.244584962725639343e-02
4.243078455328941345e-02
4.241570830345153809e-02
4.240068048238754272e-02
4.238561913371086121e-02
4.237058386206626892e-02
4.235553368926048279e-02
4.234049096703529358e-02
4.232547432184219360e-02
4.231044650077819824e-02
4.229545965790748596e-02
4.228044301271438599e-02
4.226545616984367371e-02
4.225044324994087219e-02
4.223544523119926453e-02
4.222051054239273071e-02
4.220550879836082458e-02
4.219055548310279846e-02
4.217560589313507080e-02
4.216066002845764160e-02
4.214572533965110779e-02
4.213076829910278320e-02
4.211585968732833862e-02
4.210090637207031250e-02
4.208600148558616638e-02
4.207110032439231873e-02
4.205618426203727722e-02
4.204126819968223572e-02
4.202637448906898499e-02
4.201148822903633118e-02
4.199662059545516968e-02
4.198175296187400818e-02
4.196690022945404053e-02
4.195204004645347595e-02
4.193719476461410522e-02
4.192232713103294373e-02
4.190751165151596069e-02
4.189269617199897766e-02
4.187787696719169617e-02
4.186308383941650391e-02
4.184822738170623779e-02
4.183341562747955322e-02
4.181862622499465942e-02
4.180385544896125793e-02
4.178906977176666260e-02
4.177427664399147034e-02
4.175950959324836731e-02
4.174473509192466736e-02
4.173001274466514587e-02
4.171525314450263977e-02
4.170049726963043213e-02
4.168580472469329834e-02
4.167106002569198608e-02
4.165633767843246460e-02
4.164161533117294312e-02
4.162689670920372009e-02
4.161221161484718323e-02
4.159750044345855713e-02
4.158282279968261719e-02
4.156813770532608032e-02
4.155347496271133423e-02
4.153880849480628967e-02
4.152413457632064819e-02
4.150949791073799133e-02
4.149486497044563293e-02
4.148020595312118530e-02
4.146558418869972229e-02
4.145096614956855774e-02
4.143632575869560242e-02
4.142173379659652710e-02
4.140713438391685486e-02
4.139253124594688416e-02
4.137795045971870422e-02
4.136336967349052429e-02
4.134875908493995667e-02
4.133422300219535828e-02
4.131963849067687988e-02
4.130508378148078918e-02
4.129055142402648926e-02
4.127598926424980164e-02
4.126148670911788940e-02
4.124692454934120178e-02
4.123242571949958801e-02
4.121790826320648193e-02
4.120341315865516663e-02
4.118889942765235901e-02
4.117439687252044678e-02
4.115992411971092224e-02
4.114542901515960693e-02
4.113097488880157471e-02
4.111653566360473633e-02
4.110205918550491333e-02
4.108762368559837341e-02
4.107316210865974426e-02
4.105873405933380127e-02
4.104430973529815674e-02
4.102988913655281067e-02
4.101546853780746460e-02
4.100105911493301392e-02
4.098667576909065247e-02
4.097226262092590332e-02
4.095787182450294495e-02
4.094348102807998657e-02
4.092911630868911743e-02
4.091475903987884521e-02
4.090040922164916992e-02
4.088601842522621155e-02
4.087169095873832703e-02
4.085735231637954712e-02
4.084303602576255798e-02
4.082868248224258423e-02
4.081435501575469971e-02
4.080006480216979980e-02
4.078574478626251221e-02
4.077145457267761230e-02
4.075715318322181702e-02
4.074290022253990173e-02
4.072861000895500183e-02
4.071431979537010193e-02
4.070009291172027588e-02
4.068582132458686829e-02
4.067157208919525146e-02
4.065733775496482849e-02
4.064309969544410706e-02
4.062888026237487793e-02
4.061463847756385803e-02
4.060043767094612122e-02
4.058622568845748901e-02
4.057203233242034912e-02
4.055782780051231384e-02
4.054364189505577087e-02
4.052949696779251099e-02
4.051531851291656494e-02
4.050115868449211121e-02
4.048700258135795593e-02
4.047284647822380066e-02
4.045869037508964539e-02
4.044456779956817627e-02
4.043043777346611023e-02
4.041631892323493958e-02
4.040220007300376892e-02
4.038810357451438904e-02
4.037400707602500916e-02
4.035989940166473389e-02
4.034581407904624939e-02
4.033171758055686951e-02
4.031765088438987732e-02
4.030358418822288513e-02
4.028951376676559448e-02
4.027548059821128845e-02
4.026143252849578857e-02
4.024738073348999023e-02
4.023335501551628113e-02
4.021931812167167664e-02
4.020532593131065369e-02
4.019131138920783997e-02
4.017730802297592163e-02
4.016327857971191406e-02
4.014934599399566650e-02
4.013532772660255432e-02
4.012134671211242676e-02
4.010737314820289612e-02
4.009341821074485779e-02
4.007945209741592407e-02
4.006551578640937805e-02
4.005157947540283203e-02
4.003763198852539062e-02
4.002370312809944153e-02
4.000980779528617859e-02
3.999587520956993103e-02
3.998196497559547424e-02
3.996806591749191284e-02
3.995417058467864990e-02
3.994029387831687927e-02
3.992640599608421326e-02
3.991252928972244263e-02
3.989868238568305969e-02
3.988480567932128906e-02
3.987096995115280151e-02
3.985711187124252319e-02
3.984329104423522949e-02
3.982943668961524963e-02
3.981561586260795593e-02
3.980178758502006531e-02
3.978798910975456238e-02
3.977419808506965637e-02
3.976037725806236267e-02
3.974658995866775513e-02
3.973280265927314758e-02
3.971902281045913696e-02
3.970525786280632019e-02
3.969146683812141418e-02
3.967771679162979126e-02
3.966399282217025757e-02
3.965023532509803772e-02
3.963647410273551941e-02
3.962278366088867188e-02
3.960902988910675049e-02
3.959531709551811218e-02
3.958162292838096619e-02
3.956790640950202942e-02
3.955421596765518188e-02
3.954050689935684204e-02
3.952683135867118835e-02
3.951317816972732544e-02
3.949947655200958252e-02
3.948583453893661499e-02
3.947215527296066284e-02
3.945853561162948608e-02
3.944487124681472778e-02
3.943121805787086487e-02
3.941762447357177734e-02
3.940398991107940674e-02
3.939036652445793152e-02
3.937678039073944092e-02
3.936314955353736877e-02
3.934956714510917664e-02
3.933597356081008911e-02
3.932239860296249390e-02
3.930880129337310791e-02
3.929524868726730347e-02
3.928166255354881287e-02
3.926810994744300842e-02
3.925457969307899475e-02
3.924102708697319031e-02
3.922747820615768433e-02
3.921395167708396912e-02
3.920042887330055237e-02
3.918691724538803101e-02
3.917341306805610657e-02
3.915989026427268982e-02
3.914638236165046692e-02
3.913291171193122864e-02
3.911943361163139343e-02
3.910597041249275208e-02
3.909246623516082764e-02
3.907901421189308167e-02
3.906554356217384338e-02
3.905210644006729126e-02
3.903865441679954529e-02
3.902522101998329163e-02
3.901178389787673950e-02
3.899834677577018738e-02
3.898495808243751526e-02
3.897154331207275391e-02
3.895812481641769409e-02
3.894471749663352966e-02
3.893131762742996216e-02
3.891796618700027466e-02
3.890454396605491638e-02
3.889118134975433350e-02
3.887782618403434753e-02
3.886442631483078003e-02
3.885110467672348022e-02
3.883773833513259888e-02
3.882442787289619446e-02
3.881109878420829773e-02
3.879774734377861023e-02
3.878442570567131042e-02
3.877109289169311523e-02
3.875779733061790466e-02
3.874449431896209717e-02
3.873121738433837891e-02
3.871789947152137756e-02
3.870461508631706238e-02
3.869131579995155334e-02
3.867804631590843201e-02
3.866479918360710144e-02
3.865153715014457703e-02
3.863829746842384338e-02
3.862503170967102051e-02
3.861180692911148071e-02
3.859856352210044861e-02
3.858534619212150574e-02
3.857214748859405518e-02
3.855890780687332153e-02
3.854569047689437866e-02
3.853249922394752502e-02
3.851928561925888062e-02
3.850612044334411621e-02
3.849292546510696411e-02
3.847976028919219971e-02
3.846656903624534607e-02
3.845342993736267090e-02
3.844026103615760803e-02
3.842708468437194824e-02
3.841395676136016846e-02
3.840081393718719482e-02
3.838768601417541504e-02
3.837455064058303833e-02
3.836145251989364624e-02
3.834833949804306030e-02
3.833521902561187744e-02
3.832212463021278381e-02
3.830903023481369019e-02
3.829595819115638733e-02
3.828285634517669678e-02
3.826980292797088623e-02
3.825670480728149414e-02
3.824364393949508667e-02
3.823060542345046997e-02
3.821757063269615173e-02
3.820449858903884888e-02
3.819148615002632141e-02
3.817845880985260010e-02
3.816543892025947571e-02
3.815239295363426208e-02
3.813938051462173462e-02
3.812634944915771484e-02
3.811338543891906738e-02
3.810038045048713684e-02
3.808737546205520630e-02
3.807443007826805115e-02
3.806144744157791138e-02
3.804847225546836853e-02
3.803550079464912415e-02
3.802252933382987976e-02
3.800960630178451538e-02
3.799665719270706177e-02
3.798372298479080200e-02
3.797081112861633301e-02
3.795791417360305786e-02
3.794497624039649963e-02
3.793204948306083679e-02
3.791914880275726318e-02
3.790625929832458496e-02
3.789337724447250366e-02
3.788047656416893005e-02
3.786759823560714722e-02
3.785471618175506592e-02
3.784186393022537231e-02
3.782898932695388794e-02
3.781613335013389587e-02
3.780328109860420227e-02
3.779043629765510559e-02
3.777763247489929199e-02
3.776479139924049377e-02
3.775197267532348633e-02
3.773913532495498657e-02
3.772635012865066528e-02
3.771354258060455322e-02
3.770074248313903809e-02
3.768794983625411987e-02
3.767514228820800781e-02
3.766238689422607422e-02
3.764960542321205139e-02
3.763682767748832703e-02
3.762409090995788574e-02
3.761131688952445984e-02
3.759857639670372009e-02
3.758580610156059265e-02
3.757308423519134521e-02
3.756038844585418701e-02
3.754766285419464111e-02
3.753490373492240906e-02
3.752221167087554932e-02
3.750951588153839111e-02
3.749682381749153137e-02
3.748411312699317932e-02
3.747141733765602112e-02
3.745875135064125061e-02
3.744608163833618164e-02
3.743342682719230652e-02
3.742073476314544678e-02
3.740808367729187012e-02
3.739545494318008423e-02
3.738282248377799988e-02
3.737017512321472168e-02
3.735753893852233887e-02
3.734491765499114990e-02
3.733230382204055786e-02
3.731968998908996582e-02
3.730707615613937378e-02
3.729448840022087097e-02
3.728189319372177124e-02
3.726928308606147766e-02
3.725671023130416870e-02
3.724414110183715820e-02
3.723155707120895386e-02
3.721901029348373413e-02
3.720644861459732056e-02
3.719391301274299622e-02
3.718134760856628418e-02
3.716881573200225830e-02
3.715626895427703857e-02
3.714375197887420654e-02
3.713122382760047913e-02
3.711871057748794556e-02
3.710621222853660583e-02
3.709371387958526611e-02
3.708120435476303101e-02
3.706870600581169128e-02
3.705625608563423157e-02
3.704378381371498108e-02
3.703128919005393982e-02
3.701881319284439087e-02
3.700637072324752808e-02
3.699394688010215759e-02
3.698148950934410095e-02
3.696903213858604431e-02
3.695659711956977844e-02
3.694417700171470642e-02
3.693175315856933594e-02
3.691932559013366699e-02
3.690690919756889343e-02
3.689450025558471680e-02
3.688210994005203247e-02
3.686972707509994507e-02
3.685731068253517151e-02
3.684493899345397949e-02
3.683256357908248901e-02
3.682018816471099854e-02
3.680782020092010498e-02
3.679546341300010681e-02
3.678310662508010864e-02
3.677077963948249817e-02
3.675843402743339539e-02
3.674608096480369568e-02
3.673375397920608521e-02
3.672143444418907166e-02
3.670912235975265503e-02
3.669681400060653687e-02
3.668449446558952332e-02
3.667220845818519592e-02
3.665991500020027161e-02
3.664763644337654114e-02
3.663533180952072144e-02
3.662305325269699097e-02
3.661077842116355896e-02
3.659851104021072388e-02
3.658626973628997803e-02
3.657401353120803833e-02
3.656176477670669556e-02
3.654951602220535278e-02
3.653726354241371155e-02
3.652505204081535339e-02
3.651283681392669678e-02
3.650061786174774170e-02
3.648838028311729431e-02
3.647615760564804077e-02
3.646397218108177185e-02
3.645177930593490601e-02
3.643956035375595093e-02
3.642738983035087585e-02
3.641521930694580078e-02
3.640303760766983032e-02
3.639089316129684448e-02
3.637872263789176941e-02
3.636654093861579895e-02
3.635440394282341003e-02
3.634225204586982727e-02
3.633011132478713989e-02
3.631798177957534790e-02
3.630582988262176514e-02
3.629369661211967468e-02
3.628158196806907654e-02
3.626948222517967224e-02
3.625736385583877563e-02
3.624526038765907288e-02
3.623317927122116089e-02
3.622107580304145813e-02
3.620898723602294922e-02
3.619690611958503723e-02
3.618482872843742371e-02
3.617277368903160095e-02
3.616069629788398743e-02
3.614864125847816467e-02
3.613657504320144653e-02
3.612453490495681763e-02
3.611248359084129333e-02
3.610043972730636597e-02
3.608838841319084167e-02
3.607638552784919739e-02
3.606435656547546387e-02
3.605233505368232727e-02
3.604032099246978760e-02
3.602830693125724792e-02
3.601630777120590210e-02
3.600429370999336243e-02
3.599230200052261353e-02
3.598029166460037231e-02
3.596833348274230957e-02
3.595634922385215759e-02
3.594438359141349792e-02
3.593241050839424133e-02
3.592043370008468628e-02
3.590846434235572815e-02
3.589650243520736694e-02
3.588457778096199036e-02
3.587263077497482300e-02
3.586069867014884949e-02
3.584876284003257751e-02
3.583682328462600708e-02
3.582491725683212280e-02
3.581296652555465698e-02
3.580106049776077271e-02
3.578913584351539612e-02
3.577724099159240723e-02
3.576535731554031372e-02
3.575343638658523560e-02
3.574154898524284363e-02
3.572967275977134705e-02
3.571778908371925354e-02
3.570590540766716003e-02
3.569403290748596191e-02
3.568215668201446533e-02
3.567031398415565491e-02
3.565842285752296448e-02
3.564657270908355713e-02
3.563472256064414978e-02
3.562288358807563782e-02
3.561102971434593201e-02
3.559918329119682312e-02
3.558735549449920654e-02
3.557554259896278381e-02
3.556372597813606262e-02
3.555188328027725220e-02
3.554007783532142639e-02
3.552825003862380981e-02
3.551645949482917786e-02
3.550465777516365051e-02
3.549284860491752625e-02
3.548105061054229736e-02
3.546927124261856079e-02
3.545747697353363037e-02
3.544570505619049072e-02
3.543391823768615723e-02
3.542212769389152527e-02
3.541037067770957947e-02
3.539859130978584290e-02
3.538683056831359863e-02
3.537507355213165283e-02
3.536331653594970703e-02
3.535156324505805969e-02
3.533983230590820312e-02
3.532809019088745117e-02
3.531633689999580383e-02
3.530460223555564880e-02
3.529288619756698608e-02
3.528114408254623413e-02
3.526943176984786987e-02
3.525770083069801331e-02
3.524600714445114136e-02
3.523428738117218018e-02
3.522258251905441284e-02
3.521088138222694397e-02
3.519917279481887817e-02
3.518747910857200623e-02
3.517576679587364197e-02
3.516409546136856079e-02
3.515239804983139038e-02
3.514072299003601074e-02
3.512904047966003418e-02
3.511737659573554993e-02
3.510569408535957336e-02
3.509400412440299988e-02
3.508235886693000793e-02
3.507070988416671753e-02
3.505904972553253174e-02
3.504738211631774902e-02
3.503575176000595093e-02
3.502408415079116821e-02
3.501245751976966858e-02
3.500078991055488586e-02
3.498917818069458008e-02
3.497753292322158813e-02
3.496592491865158081e-02
3.495428711175918579e-02
3.494266048073768616e-02
3.493103757500648499e-02
3.491941466927528381e-02
3.490778431296348572e-02
3.489617630839347839e-02
3.488457575440406799e-02
3.487294912338256836e-02
3.486136347055435181e-02
3.484973311424255371e-02
3.483816608786582947e-02
3.482656925916671753e-02
3.481498733162879944e-02
3.480340167880058289e-02
3.479180857539176941e-02
3.478022664785385132e-02
3.476864472031593323e-02
3.475708141922950745e-02
3.474550694227218628e-02
3.473391756415367126e-02
3.472235798835754395e-02
3.471080213785171509e-02
3.469922393560409546e-02
3.468766435980796814e-02
3.467611968517303467e-02
3.466456755995750427e-02
3.465300798416137695e-02
3.464145958423614502e-02
3.462990745902061462e-02
3.461837023496627808e-02
3.460681065917015076e-02
3.459526598453521729e-02
3.458374738693237305e-02
3.457220643758773804e-02
3.456068038940429688e-02
3.454913571476936340e-02
3.453761711716651917e-02
3.452608734369277954e-02
3.451456129550933838e-02
3.450305014848709106e-02
3.449152782559394836e-02
3.448000922799110413e-02
3.446850180625915527e-02
3.445699438452720642e-02
3.444547206163406372e-02
3.443397209048271179e-02
3.442246839404106140e-02
3.441095724701881409e-02
3.439947217702865601e-02
3.438794612884521484e-02
3.437647596001625061e-02
3.436496481299400330e-02
3.435347229242324829e-02
3.434197232127189636e-02
3.433046489953994751e-02
3.431895747780799866e-02
3.430749103426933289e-02
3.429601341485977173e-02
3.428453579545021057e-02
3.427306562662124634e-02
3.426158055663108826e-02
3.425009176135063171e-02
3.423860669136047363e-02
3.422714024782180786e-02
3.421568125486373901e-02
3.420419618487358093e-02
3.419272229075431824e-02
3.418124467134475708e-02
3.416980057954788208e-02
3.415831550955772400e-02
3.414686769247055054e-02
3.413539752364158630e-02
3.412393108010292053e-02
3.411247953772544861e-02
3.410102427005767822e-02
3.408956527709960938e-02
3.407809510827064514e-02
3.406665846705436707e-02
3.405520319938659668e-02
3.404376283288002014e-02
3.403231129050254822e-02
3.402085229754447937e-02
3.400940820574760437e-02
3.399796783924102783e-02
3.398651629686355591e-02
3.397507220506668091e-02
3.396362066268920898e-02
3.395218029618263245e-02
3.394072875380516052e-02
3.392930328845977783e-02
3.391785547137260437e-02
3.390643000602722168e-02
3.389498591423034668e-02
3.388355672359466553e-02
3.387212008237838745e-02
3.386068716645240784e-02
3.384925052523612976e-02
3.383781015872955322e-02
3.382638096809387207e-02
3.381494805216789246e-02
3.380351513624191284e-02
3.379208594560623169e-02
3.378063440322875977e-02
3.376922756433486938e-02
3.375778347253799438e-02
3.374637663364410400e-02
3.373494371771812439e-02
3.372354060411453247e-02
3.371211513876914978e-02
3.370068222284317017e-02
3.368925675749778748e-02
3.367783129215240479e-02
3.366639092564582825e-02
3.365497291088104248e-02
3.364353999495506287e-02
3.363212570548057556e-02
3.362066671252250671e-02
3.360928967595100403e-02
3.359785676002502441e-02
3.358642756938934326e-02
3.357500582933425903e-02
3.356358781456947327e-02
3.355216979980468750e-02
3.354074060916900635e-02
3.352931886911392212e-02
3.351788222789764404e-02
3.350646793842315674e-02
3.349505364894866943e-02
3.348361700773239136e-02
3.347219154238700867e-02
3.346076980233192444e-02
3.344937413930892944e-02
3.343793377280235291e-02
3.342648595571517944e-02
3.341508284211158752e-02
3.340367227792739868e-02
3.339224681258201599e-02
3.338081389665603638e-02
3.336939588189125061e-02
3.335797786712646484e-02
3.334657475352287292e-02
3.333512693643569946e-02
3.332369774580001831e-02
3.331227228045463562e-02
3.330085054039955139e-02
3.328943625092506409e-02
3.327799960970878601e-02
3.326657786965370178e-02
3.325515612959861755e-02
3.324372693896293640e-02
3.323227912187576294e-02
3.322086110711097717e-02
3.320943191647529602e-02
3.319800645112991333e-02
3.318657353520393372e-02
3.317515179514884949e-02
3.316370770335197449e-02
3.315227851271629333e-02
3.314084187150001526e-02
3.312941640615463257e-02
3.311799094080924988e-02
3.310653567314147949e-02
3.309510648250579834e-02
3.308366984128952026e-02
3.307224065065383911e-02
3.306078165769577026e-02
3.304935619235038757e-02
3.303790092468261719e-02
3.302647173404693604e-02
3.301502391695976257e-02
3.300356864929199219e-02
3.299213200807571411e-02
3.298068046569824219e-02
3.296922147274017334e-02
3.295778855681419373e-02
3.294631466269493103e-02
3.293488174676895142e-02
3.292341902852058411e-02
3.291197493672370911e-02
3.290052339434623718e-02
3.288904577493667603e-02
3.287759050726890564e-02
3.286616131663322449e-02
3.285465389490127563e-02
3.284320235252380371e-02
3.283172845840454102e-02
3.282025456428527832e-02
3.280879557132720947e-02
3.279735147953033447e-02
3.278588503599166870e-02
3.277440741658210754e-02
3.276294097304344177e-02
3.275145962834358215e-02
3.273998200893402100e-02
3.272851184010505676e-02
3.271702677011489868e-02
3.270553797483444214e-02
3.269406780600547791e-02
3.268258273601531982e-02
3.267109394073486328e-02
3.265960142016410828e-02
3.264811262488365173e-02
3.263662010431289673e-02
3.262513875961303711e-02
3.261362388730049133e-02
3.260213509202003479e-02
3.259063884615898132e-02
3.257915005087852478e-02
3.256763145327568054e-02
3.255612775683403015e-02
3.254460915923118591e-02
3.253311663866043091e-02
3.252160549163818359e-02
3.251009434461593628e-02
3.249860182404518127e-02
3.248708695173263550e-02
3.247555345296859741e-02
3.246401995420455933e-02
3.245250508189201355e-02
3.244098648428916931e-02
3.242944926023483276e-02
3.241794183850288391e-02
3.240640088915824890e-02
3.239485621452331543e-02
3.238331899046897888e-02
3.237178921699523926e-02
3.236025944352149963e-02
3.234871476888656616e-02
3.233714774250984192e-02
3.232560679316520691e-02
3.231407701969146729e-02
3.230252489447593689e-02
3.229096159338951111e-02
3.227940201759338379e-02
3.226785361766815186e-02
3.225629404187202454e-02
3.224472701549530029e-02
3.223318234086036682e-02
3.222160786390304565e-02
3.221002221107482910e-02
3.219845890998840332e-02
3.218688070774078369e-02
3.217531740665435791e-02
3.216372430324554443e-02
3.215214610099792480e-02
3.214056044816970825e-02
3.212898224592208862e-02
3.211737796664237976e-02
3.210578486323356628e-02
3.209419921040534973e-02
3.208260238170623779e-02
3.207099810242652893e-02
3.205940127372741699e-02
3.204780817031860352e-02
3.203620016574859619e-02
3.202458843588829041e-02
3.201297670602798462e-02
3.200133517384529114e-02
3.198973834514617920e-02
3.197813779115676880e-02
3.196651861071586609e-02
3.195489570498466492e-02
3.194325044751167297e-02
3.193163871765136719e-02
3.191998973488807678e-02
3.190836682915687561e-02
3.189672157168388367e-02
3.188507631421089172e-02
3.187344223260879517e-02
3.186180815100669861e-02
3.185017779469490051e-02
3.183851391077041626e-02
3.182686865329742432e-02
3.181519731879234314e-02
3.180354088544845581e-02
3.179188817739486694e-02
3.178021684288978577e-02
3.176855668425559998e-02
3.175688162446022034e-02
3.174521401524543762e-02
3.173353523015975952e-02
3.172186017036437988e-02
3.171017765998840332e-02
3.169849514961242676e-02
3.168681636452674866e-02
3.167513385415077209e-02
3.166346251964569092e-02
3.165175393223762512e-02
3.164005652070045471e-02
3.162836283445358276e-02
3.161665797233581543e-02
3.160495311021804810e-02
3.159325197339057922e-02
3.158155456185340881e-02
3.156986832618713379e-02
3.155815228819847107e-02
3.154643252491950989e-02
3.153470903635025024e-02
3.152300044894218445e-02
3.151127323508262634e-02
3.149954602122306824e-02
3.148781880736351013e-02
3.147611394524574280e-02
3.146436810493469238e-02
3.145263344049453735e-02
3.144090250134468079e-02
3.142917156219482422e-02
3.141743317246437073e-02
3.140568733215332031e-02
3.139396384358406067e-02
3.138221055269241333e-02
3.137046843767166138e-02
3.135871514678001404e-02
3.134696930646896362e-02
3.133521601557731628e-02
3.132345899939537048e-02
3.131170198321342468e-02
3.129994869232177734e-02
3.128819912672042847e-02
3.127641603350639343e-02
3.126466274261474609e-02
3.125287964940071106e-02
3.124112077057361603e-02
3.122934699058532715e-02
3.121756203472614288e-02
3.120579756796360016e-02
3.119401074945926666e-02
3.118222951889038086e-02
3.117044456303119659e-02
3.115865960717201233e-02
3.114687837660312653e-02
3.113509342074394226e-02
3.112328983843326569e-02
3.111149743199348450e-02
3.109970688819885254e-02
3.108790703117847443e-02
3.107612393796443939e-02
3.106431663036346436e-02
3.105250746011734009e-02
3.104071132838726044e-02
3.102890029549598694e-02
3.101710230112075806e-02
3.100530989468097687e-02
3.099348209798336029e-02
3.098167479038238525e-02
3.096986562013626099e-02
3.095803596079349518e-02
3.094623610377311707e-02
3.093443065881729126e-02
3.092261403799057007e-02
3.091078437864780426e-02
3.089896030724048615e-02
3.088715299963951111e-02
3.087531961500644684e-02
3.086350113153457642e-02
3.085167706012725830e-02
3.083982504904270172e-02
3.082802332937717438e-02
3.081618435680866241e-02
3.080436959862709045e-02
3.079253621399402618e-02
3.078070469200611115e-02
3.076887317001819611e-02
3.075702302157878876e-02
3.074518963694572449e-02
3.073333948850631714e-02
3.072152845561504364e-02
3.070968762040138245e-02
3.069784305989742279e-02
3.068600222468376160e-02
3.067416697740554810e-02
3.066233359277248383e-02
3.065048716962337494e-02
3.063864633440971375e-02
3.062680177390575409e-02
3.061494044959545135e-02
3.060309216380119324e-02
3.059125505387783051e-02
3.057940118014812469e-02
3.056755475699901581e-02
3.055569529533386230e-02
3.054386004805564880e-02
3.053202107548713684e-02
3.052016347646713257e-02
3.050831146538257599e-02
3.049646131694316864e-02
3.048460558056831360e-02
3.047275543212890625e-02
3.046089224517345428e-02
3.044904768466949463e-02
3.043718263506889343e-02
3.042531758546829224e-02
3.041347302496433258e-02
3.040163218975067139e-02
3.038973361253738403e-02
3.037789091467857361e-02
3.036605566740036011e-02
3.035420924425125122e-02
3.034233488142490387e-02
3.033048473298549652e-02
3.031861595809459686e-02
3.030675277113914490e-02
3.029491752386093140e-02
3.028303571045398712e-02
3.027119301259517670e-02
3.025933355093002319e-02
3.024748153984546661e-02
3.023561649024486542e-02
3.022375889122486115e-02
3.021190315485000610e-02
3.020003624260425568e-02
3.018816560506820679e-02
3.017629310488700867e-02
3.016445413231849670e-02
3.015260584652423859e-02
3.014073893427848816e-02
3.012888878583908081e-02
3.011704608798027039e-02
3.010517172515392303e-02
3.009331598877906799e-02
3.008146397769451141e-02
3.006960637867450714e-02
3.005775995552539825e-02
3.004589490592479706e-02
3.003404662013053894e-02
3.002219460904598236e-02
3.001033887267112732e-02
2.999848313629627228e-02
2.998662181198596954e-02
2.997479028999805450e-02
2.996291965246200562e-02
2.995106577873229980e-02
2.993922494351863861e-02
2.992735244333744049e-02
2.991550788283348083e-02
2.990364842116832733e-02
2.989181131124496460e-02
2.987994812428951263e-02
2.986811101436614990e-02
2.985628508031368256e-02
2.984442375600337982e-02
2.983256243169307709e-02
2.982071228325366974e-02
2.980886772274971008e-02
2.979705668985843658e-02
2.978520654141902924e-02
2.977335080504417419e-02
2.976150810718536377e-02
2.974965237081050873e-02
2.973783761262893677e-02
2.972600236535072327e-02
2.971415780484676361e-02
2.970232814550399780e-02
2.969047985970973969e-02
2.967866323888301849e-02
2.966683357954025269e-02
2.965498343110084534e-02
2.964314259588718414e-02
2.963132411241531372e-02
2.961949631571769714e-02
2.960767224431037903e-02
2.959584817290306091e-02
2.958401106297969818e-02
2.957218512892723083e-02
2.956037223339080811e-02
2.954854443669319153e-02
2.953671105206012726e-02
2.952490188181400299e-02
2.951309271156787872e-02
2.950126864016056061e-02
2.948945201933383942e-02
2.947763912379741669e-02
2.946584299206733704e-02
2.945401892066001892e-02
2.944222278892993927e-02
2.943042293190956116e-02
2.941859699785709381e-02
2.940678223967552185e-02
2.939498983323574066e-02
2.938319556415081024e-02
2.937142178416252136e-02
2.935961447656154633e-02
2.934781461954116821e-02
2.933602407574653625e-02
2.932424098253250122e-02
2.931247092783451080e-02
2.930066734552383423e-02
2.928888425230979919e-02
2.927710860967636108e-02
2.926533482968807220e-02
2.925355732440948486e-02
2.924177050590515137e-02
2.923001907765865326e-02
2.921825461089611053e-02
2.920643612742424011e-02
2.919470705091953278e-02
2.918294817209243774e-02
2.917117439210414886e-02
2.915943413972854614e-02
2.914765477180480957e-02
2.913591638207435608e-02
2.912416309118270874e-02
2.911240048706531525e-02
2.910066582262516022e-02
2.908892743289470673e-02
2.907718345522880554e-02
2.906545810401439667e-02
2.905371971428394318e-02
2.904196642339229584e-02
2.903025783598423004e-02
2.901852689683437347e-02
2.900679968297481537e-02
2.899508923292160034e-02
2.898337133228778839e-02
2.897164225578308105e-02
2.895993366837501526e-02
2.894824557006359100e-02
2.893652953207492828e-02
2.892483584582805634e-02
2.891313284635543823e-02
2.890143357217311859e-02
2.888975292444229126e-02
2.887808158993721008e-02
2.886638045310974121e-02
2.885471843183040619e-02
2.884303592145442963e-02
2.883135527372360229e-02
2.881970442831516266e-02
2.880804426968097687e-02
2.879638597369194031e-02
2.878473699092864990e-02
2.877308614552021027e-02
2.876142971217632294e-02
2.874979190528392792e-02
2.873815223574638367e-02
2.872650139033794403e-02
2.871487848460674286e-02
2.870326302945613861e-02
2.869163826107978821e-02
2.868003770709037781e-02
2.866841293871402740e-02
2.865681797266006470e-02
2.864521555602550507e-02
2.863362245261669159e-02
2.862205542623996735e-02
2.861044183373451233e-02
2.859886735677719116e-02
2.858728170394897461e-02
2.857569791376590729e-02
2.856413647532463074e-02
2.855258248746395111e-02
2.854104898869991302e-02
2.852950058877468109e-02
2.851794101297855377e-02
2.850642055273056030e-02
2.849488146603107452e-02
2.848336100578308105e-02
2.847182378172874451e-02
2.846030890941619873e-02
2.844878286123275757e-02
2.843728847801685333e-02
2.842580527067184448e-02
2.841431088745594025e-02
2.840279974043369293e-02
2.839133329689502716e-02
2.837985567748546600e-02
2.836839668452739716e-02
2.835694327950477600e-02
2.834546752274036407e-02
2.833401225507259369e-02
2.832257002592086792e-02
2.831113338470458984e-02
2.829969674348831177e-02
2.828826755285263062e-02
2.827686630189418793e-02
2.826545014977455139e-02
2.825405076146125793e-02
2.824266068637371063e-02
2.823127061128616333e-02
2.821987494826316833e-02
2.820850349962711334e-02
2.819712646305561066e-02
2.818576619029045105e-02
2.817439660429954529e-02
2.816305309534072876e-02
2.815172821283340454e-02
2.814036421477794647e-02
2.812907099723815918e-02
2.811775729060173035e-02
2.810642495751380920e-02
2.809512056410312653e-02
2.808381989598274231e-02
2.807253599166870117e-02
2.806125208735466003e-02
2.804997563362121582e-02
2.803871780633926392e-02
2.802745811641216278e-02
2.801618352532386780e-02
2.800495363771915436e-02
2.799369767308235168e-02
2.798247151076793671e-02
2.797124162316322327e-02
2.796003594994544983e-02
2.794880419969558716e-02
2.793761156499385834e-02
2.792641520500183105e-02
2.791523374617099762e-02
2.790405973792076111e-02
2.789289318025112152e-02
2.788172662258148193e-02
2.787057496607303619e-02
2.785943821072578430e-02
2.784831263124942780e-02
2.783718146383762360e-02
2.782606147229671478e-02
2.781494893133640289e-02
2.780383825302124023e-02
2.779273875057697296e-02
2.778164297342300415e-02
2.777056209743022919e-02
2.775949425995349884e-02
2.774843201041221619e-02
2.773739397525787354e-02
2.772633172571659088e-02
2.771529182791709900e-02
2.770425193011760712e-02
2.769323624670505524e-02
2.768219821155071259e-02
2.767120301723480225e-02
2.766021527349948883e-02
2.764921076595783234e-02
2.763823047280311584e-02
2.762724272906780243e-02
2.761629596352577209e-02
2.760533988475799561e-02
2.759438753128051758e-02
2.758344449102878571e-02
2.757252752780914307e-02
2.756158448755741119e-02
2.755068615078926086e-02
2.753976359963417053e-02
2.752884104847908020e-02
2.751795575022697449e-02
2.750707417726516724e-02
2.749621309340000153e-02
2.748532779514789581e-02
2.747446857392787933e-02
2.746360562741756439e-02
2.745275013148784637e-02
2.744191698729991913e-02
2.743109874427318573e-02
2.742028422653675079e-02
2.740945667028427124e-02
2.739865891635417938e-02
2.738785184919834137e-02
2.737707644701004028e-02
2.736628428101539612e-02
2.735551632940769196e-02
2.734475210309028625e-02
2.733397483825683594e-02
2.732323482632637024e-02
2.731247805058956146e-02
2.730173990130424500e-02
2.729103714227676392e-02
2.728029340505599976e-02
2.726956643164157867e-02
2.725887857377529144e-02
2.724817395210266113e-02
2.723749168217182159e-02
2.722678147256374359e-02
2.721611596643924713e-02
2.720545791089534760e-02
2.719477191567420959e-02
2.718413807451725006e-02
2.717348188161849976e-02
2.716282941401004791e-02
2.715220488607883453e-02
2.714156545698642731e-02
2.713095396757125854e-02
2.712033689022064209e-02
2.710972726345062256e-02
2.709911391139030457e-02
2.708851546049118042e-02
2.707793936133384705e-02
2.706735767424106598e-02
2.705678716301918030e-02
2.704621851444244385e-02
2.703565545380115509e-02
2.702509611845016479e-02
2.701454050838947296e-02
2.700401097536087036e-02
2.699345536530017853e-02
2.698292955756187439e-02
2.697242051362991333e-02
2.696187235414981842e-02
2.695137821137905121e-02
2.694087289273738861e-02
2.693036571145057678e-02
2.691986970603466034e-02
2.690940350294113159e-02
2.689891122281551361e-02
2.688842080533504486e-02
2.687796205282211304e-02
2.686749212443828583e-02
2.685701102018356323e-02
2.684656158089637756e-02
2.683611772954463959e-02
2.682566829025745392e-02
2.681521512567996979e-02
2.680480852723121643e-02
2.679437398910522461e-02
2.678394131362438202e-02
2.677351608872413635e-02
2.676310576498508453e-02
2.675267681479454041e-02
2.674227952957153320e-02
2.673189155757427216e-02
2.672147378325462341e-02
2.671110816299915314e-02
2.670070715248584747e-02
2.669031545519828796e-02
2.667991816997528076e-02
2.666956000030040741e-02
2.665918879210948944e-02
2.664881199598312378e-02
2.663844265043735504e-02
2.662810496985912323e-02
2.661773748695850372e-02
2.660739235579967499e-02
2.659702673554420471e-02
2.658668905496597290e-02
2.657636441290378571e-02
2.656602300703525543e-02
2.655568346381187439e-02
2.654534764587879181e-02
2.653504535555839539e-02
2.652471326291561127e-02
2.651439607143402100e-02
2.650408446788787842e-02
2.649375610053539276e-02
2.648345939815044403e-02
2.647313289344310760e-02
2.646281756460666656e-02
2.645253762602806091e-02
2.644224092364311218e-02
2.643193863332271576e-02
2.642162702977657318e-02
2.641134895384311676e-02
2.640105038881301880e-02
2.639076113700866699e-02
2.638047561049461365e-02
2.637017704546451569e-02
2.635989710688591003e-02
2.634963020682334900e-02
2.633935399353504181e-02
2.632908523082733154e-02
2.631880529224872589e-02
2.630852535367012024e-02
2.629824168980121613e-02
2.628798782825469971e-02
2.627770043909549713e-02
2.626745775341987610e-02
2.625719644129276276e-02
2.624692954123020172e-02
2.623665705323219299e-02
2.622641250491142273e-02
2.621613070368766785e-02
2.620589174330234528e-02
2.619563043117523193e-02
2.618536911904811859e-02
2.617511339485645294e-02
2.616486698389053345e-02
2.615459822118282318e-02
2.614435926079750061e-02
2.613409608602523804e-02
2.612386271357536316e-02
2.611361443996429443e-02
2.610337361693382263e-02
2.609311416745185852e-02
2.608285844326019287e-02
2.607262320816516876e-02
2.606237307190895081e-02
2.605213411152362823e-02
2.604186907410621643e-02
2.603163011372089386e-02
2.602139487862586975e-02
2.601113729178905487e-02
2.600089460611343384e-02
2.599064819514751434e-02
2.598041296005249023e-02
2.597015723586082458e-02
2.595991641283035278e-02
2.594966441392898560e-02
2.593942545354366302e-02
2.592917531728744507e-02
2.591892704367637634e-02
2.590867504477500916e-02
2.589843794703483582e-02
2.588819526135921478e-02
2.587793394923210144e-02
2.586769498884677887e-02
2.585745602846145630e-02
2.584719471633434296e-02
2.583695761859416962e-02
2.582669444382190704e-02
2.581645362079143524e-02
2.580620907247066498e-02
2.579595334827899933e-02
2.578570879995822906e-02
2.577545121312141418e-02
2.576518803834915161e-02
2.575494349002838135e-02
2.574468590319156647e-02
2.573443576693534851e-02
2.572417445480823517e-02
2.571392059326171875e-02
2.570366486907005310e-02
2.569339610636234283e-02
2.568313479423522949e-02
2.567288279533386230e-02
2.566260844469070435e-02
2.565235830843448639e-02
2.564208395779132843e-02
2.563182450830936432e-02
2.562154456973075867e-02
2.561127953231334686e-02
2.560102194547653198e-02
2.559074200689792633e-02
2.558049559593200684e-02
2.557019703090190887e-02
2.555994316935539246e-02
2.554965950548648834e-02
2.553938701748847961e-02
2.552912384271621704e-02
2.551883272826671600e-02
2.550856396555900574e-02
2.549828030169010162e-02
2.548800408840179443e-02
2.547772228717803955e-02
2.546745166182518005e-02
2.545717358589172363e-02
2.544687315821647644e-02
2.543659880757331848e-02
2.542629837989807129e-02
2.541603520512580872e-02
2.540574595332145691e-02
2.539545483887195587e-02
2.538516558706760406e-02
2.537486329674720764e-02
2.536457404494285583e-02
2.535429410636425018e-02
2.534398995339870453e-02
2.533371374011039734e-02
2.532340027391910553e-02
2.531311474740505219e-02
2.530280873179435730e-02
2.529250457882881165e-02
2.528220228850841522e-02
2.527191489934921265e-02
2.526160143315792084e-02
2.525131218135356903e-02
2.524101734161376953e-02
2.523070015013217926e-02
2.522040344774723053e-02
