2.300885021686553955e-01
2.300885021686553955e-01
2.300885021686553955e-01
2.300885021686553955e-01
2.300885021686553955e-01
2.300885021686553955e-01
2.300885021686553955e-01
2.300885021686553955e-01
2.300885021686553955e-01
2.477876096963882446e-01
2.477876096963882446e-01
2.477876096963882446e-01
2.743362784385681152e-01
2.831858396530151367e-01
2.920354008674621582e-01
3.539822995662689209e-01
4.159291982650756836e-01
4.336283206939697266e-01
4.778760969638824463e-01
5.221238732337951660e-01
5.663716793060302734e-01
6.283186078071594238e-01
6.371681690216064453e-01
6.637167930603027344e-01
6.814159154891967773e-01
6.902654767036437988e-01
6.991150379180908203e-01
7.079645991325378418e-01
7.079645991325378418e-01
7.168141603469848633e-01
6.991150379180908203e-01
7.079645991325378418e-01
7.168141603469848633e-01
7.168141603469848633e-01
7.168141603469848633e-01
7.168141603469848633e-01
7.256637215614318848e-01
7.256637215614318848e-01
7.522124052047729492e-01
7.522124052047729492e-01
7.433628439903259277e-01
7.433628439903259277e-01
7.699115276336669922e-01
7.699115276336669922e-01
7.699115276336669922e-01
7.699115276336669922e-01
7.699115276336669922e-01
7.699115276336669922e-01
7.787610888481140137e-01
7.787610888481140137e-01
7.787610888481140137e-01
7.787610888481140137e-01
7.787610888481140137e-01
7.787610888481140137e-01
7.787610888481140137e-01
7.787610888481140137e-01
7.699115276336669922e-01
7.699115276336669922e-01
7.699115276336669922e-01
7.699115276336669922e-01
7.787610888481140137e-01
7.787610888481140137e-01
7.787610888481140137e-01
7.876105904579162598e-01
7.787610888481140137e-01
7.787610888481140137e-01
7.787610888481140137e-01
7.787610888481140137e-01
7.787610888481140137e-01
7.787610888481140137e-01
7.876105904579162598e-01
7.876105904579162598e-01
7.876105904579162598e-01
7.876105904579162598e-01
7.787610888481140137e-01
7.787610888481140137e-01
7.787610888481140137e-01
7.787610888481140137e-01
7.964601516723632812e-01
7.964601516723632812e-01
7.876105904579162598e-01
7.876105904579162598e-01
7.876105904579162598e-01
7.876105904579162598e-01
7.787610888481140137e-01
7.787610888481140137e-01
7.876105904579162598e-01
7.876105904579162598e-01
7.876105904579162598e-01
7.876105904579162598e-01
7.787610888481140137e-01
7.787610888481140137e-01
7.787610888481140137e-01
7.787610888481140137e-01
7.787610888481140137e-01
7.787610888481140137e-01
7.787610888481140137e-01
7.787610888481140137e-01
7.787610888481140137e-01
7.787610888481140137e-01
7.787610888481140137e-01
7.787610888481140137e-01
7.787610888481140137e-01
7.787610888481140137e-01
7.699115276336669922e-01
7.787610888481140137e-01
7.787610888481140137e-01
7.876105904579162598e-01
7.876105904579162598e-01
8.053097128868103027e-01
8.053097128868103027e-01
8.053097128868103027e-01
7.964601516723632812e-01
7.964601516723632812e-01
7.876105904579162598e-01
7.876105904579162598e-01
7.876105904579162598e-01
7.964601516723632812e-01
7.787610888481140137e-01
7.522124052047729492e-01
8.318583965301513672e-01
8.141592741012573242e-01
8.318583965301513672e-01
8.407079577445983887e-01
8.318583965301513672e-01
8.141592741012573242e-01
8.230088353157043457e-01
8.141592741012573242e-01
8.318583965301513672e-01
8.141592741012573242e-01
8.407079577445983887e-01
8.318583965301513672e-01
7.964601516723632812e-01
7.787610888481140137e-01
7.964601516723632812e-01
8.230088353157043457e-01
7.876105904579162598e-01
7.964601516723632812e-01
8.053097128868103027e-01
7.964601516723632812e-01
7.876105904579162598e-01
7.876105904579162598e-01
8.053097128868103027e-01
7.876105904579162598e-01
8.141592741012573242e-01
8.141592741012573242e-01
8.230088353157043457e-01
8.141592741012573242e-01
8.230088353157043457e-01
8.141592741012573242e-01
8.053097128868103027e-01
8.230088353157043457e-01
8.141592741012573242e-01
8.230088353157043457e-01
8.318583965301513672e-01
8.053097128868103027e-01
7.876105904579162598e-01
8.141592741012573242e-01
8.053097128868103027e-01
8.141592741012573242e-01
8.141592741012573242e-01
8.141592741012573242e-01
8.407079577445983887e-01
8.230088353157043457e-01
8.141592741012573242e-01
8.407079577445983887e-01
8.318583965301513672e-01
8.495575189590454102e-01
8.053097128868103027e-01
8.141592741012573242e-01
7.964601516723632812e-01
8.053097128868103027e-01
8.230088353157043457e-01
8.141592741012573242e-01
7.876105904579162598e-01
8.318583965301513672e-01
8.318583965301513672e-01
8.230088353157043457e-01
8.318583965301513672e-01
8.230088353157043457e-01
8.141592741012573242e-01
8.141592741012573242e-01
8.053097128868103027e-01
8.141592741012573242e-01
8.053097128868103027e-01
8.141592741012573242e-01
8.053097128868103027e-01
8.053097128868103027e-01
8.053097128868103027e-01
8.141592741012573242e-01
8.053097128868103027e-01
7.964601516723632812e-01
7.787610888481140137e-01
8.141592741012573242e-01
8.053097128868103027e-01
7.256637215614318848e-01
8.318583965301513672e-01
8.053097128868103027e-01
8.053097128868103027e-01
7.787610888481140137e-01
7.964601516723632812e-01
7.876105904579162598e-01
8.141592741012573242e-01
8.053097128868103027e-01
7.964601516723632812e-01
7.876105904579162598e-01
7.787610888481140137e-01
8.141592741012573242e-01
8.053097128868103027e-01
7.964601516723632812e-01
7.964601516723632812e-01
8.053097128868103027e-01
8.053097128868103027e-01
8.053097128868103027e-01
7.256637215614318848e-01
8.053097128868103027e-01
7.876105904579162598e-01
8.141592741012573242e-01
8.053097128868103027e-01
8.230088353157043457e-01
8.053097128868103027e-01
8.053097128868103027e-01
8.141592741012573242e-01
8.053097128868103027e-01
8.053097128868103027e-01
8.053097128868103027e-01
7.964601516723632812e-01
7.964601516723632812e-01
7.964601516723632812e-01
7.964601516723632812e-01
7.876105904579162598e-01
7.610619664192199707e-01
7.610619664192199707e-01
7.964601516723632812e-01
7.787610888481140137e-01
7.876105904579162598e-01
7.787610888481140137e-01
7.787610888481140137e-01
7.522124052047729492e-01
7.876105904579162598e-01
7.699115276336669922e-01
7.256637215614318848e-01
7.433628439903259277e-01
7.964601516723632812e-01
7.699115276336669922e-01
7.699115276336669922e-01
7.522124052047729492e-01
7.787610888481140137e-01
7.345132827758789062e-01
7.433628439903259277e-01
7.787610888481140137e-01
7.522124052047729492e-01
7.522124052047729492e-01
7.787610888481140137e-01
7.787610888481140137e-01
7.699115276336669922e-01
7.876105904579162598e-01
7.699115276336669922e-01
7.433628439903259277e-01
7.964601516723632812e-01
7.876105904579162598e-01
7.876105904579162598e-01
7.787610888481140137e-01
7.522124052047729492e-01
7.964601516723632812e-01
7.964601516723632812e-01
8.053097128868103027e-01
8.053097128868103027e-01
7.522124052047729492e-01
7.964601516723632812e-01
7.699115276336669922e-01
7.787610888481140137e-01
7.787610888481140137e-01
7.787610888481140137e-01
8.053097128868103027e-01
7.876105904579162598e-01
7.876105904579162598e-01
8.053097128868103027e-01
7.964601516723632812e-01
7.522124052047729492e-01
7.699115276336669922e-01
8.053097128868103027e-01
8.141592741012573242e-01
7.964601516723632812e-01
7.787610888481140137e-01
7.787610888481140137e-01
7.699115276336669922e-01
7.433628439903259277e-01
7.699115276336669922e-01
7.876105904579162598e-01
7.876105904579162598e-01
7.699115276336669922e-01
7.699115276336669922e-01
7.787610888481140137e-01
7.876105904579162598e-01
7.876105904579162598e-01
8.053097128868103027e-01
7.964601516723632812e-01
7.964601516723632812e-01
7.610619664192199707e-01
7.699115276336669922e-01
7.964601516723632812e-01
8.053097128868103027e-01
8.141592741012573242e-01
7.699115276336669922e-01
7.256637215614318848e-01
7.079645991325378418e-01
7.964601516723632812e-01
7.522124052047729492e-01
7.256637215614318848e-01
7.787610888481140137e-01
8.053097128868103027e-01
7.699115276336669922e-01
7.345132827758789062e-01
7.610619664192199707e-01
8.053097128868103027e-01
7.876105904579162598e-01
7.522124052047729492e-01
8.141592741012573242e-01
8.053097128868103027e-01
7.522124052047729492e-01
7.699115276336669922e-01
7.256637215614318848e-01
7.964601516723632812e-01
7.876105904579162598e-01
7.345132827758789062e-01
7.787610888481140137e-01
7.876105904579162598e-01
7.610619664192199707e-01
7.699115276336669922e-01
7.256637215614318848e-01
7.876105904579162598e-01
7.256637215614318848e-01
7.787610888481140137e-01
7.433628439903259277e-01
7.964601516723632812e-01
7.433628439903259277e-01
7.433628439903259277e-01
7.168141603469848633e-01
7.345132827758789062e-01
7.699115276336669922e-01
7.787610888481140137e-01
7.168141603469848633e-01
7.345132827758789062e-01
6.902654767036437988e-01
6.902654767036437988e-01
7.876105904579162598e-01
7.610619664192199707e-01
7.345132827758789062e-01
6.991150379180908203e-01
7.168141603469848633e-01
7.256637215614318848e-01
7.699115276336669922e-01
8.141592741012573242e-01
7.699115276336669922e-01
7.433628439903259277e-01
7.522124052047729492e-01
7.345132827758789062e-01
7.876105904579162598e-01
7.699115276336669922e-01
7.433628439903259277e-01
7.964601516723632812e-01
7.610619664192199707e-01
7.964601516723632812e-01
6.991150379180908203e-01
7.610619664192199707e-01
8.141592741012573242e-01
7.787610888481140137e-01
7.610619664192199707e-01
7.345132827758789062e-01
8.141592741012573242e-01
7.610619664192199707e-01
7.699115276336669922e-01
8.141592741012573242e-01
7.699115276336669922e-01
8.053097128868103027e-01
7.345132827758789062e-01
7.522124052047729492e-01
7.610619664192199707e-01
7.522124052047729492e-01
7.256637215614318848e-01
7.699115276336669922e-01
7.787610888481140137e-01
8.141592741012573242e-01
7.699115276336669922e-01
7.876105904579162598e-01
7.876105904579162598e-01
7.787610888481140137e-01
6.371681690216064453e-01
7.876105904579162598e-01
7.787610888481140137e-01
7.876105904579162598e-01
7.168141603469848633e-01
8.141592741012573242e-01
8.053097128868103027e-01
7.876105904579162598e-01
7.787610888481140137e-01
7.168141603469848633e-01
7.699115276336669922e-01
7.699115276336669922e-01
8.318583965301513672e-01
7.964601516723632812e-01
7.876105904579162598e-01
7.256637215614318848e-01
7.699115276336669922e-01
7.610619664192199707e-01
7.256637215614318848e-01
8.141592741012573242e-01
7.256637215614318848e-01
8.053097128868103027e-01
7.256637215614318848e-01
7.079645991325378418e-01
7.964601516723632812e-01
7.699115276336669922e-01
7.522124052047729492e-01
6.902654767036437988e-01
8.141592741012573242e-01
8.053097128868103027e-01
7.345132827758789062e-01
7.964601516723632812e-01
7.699115276336669922e-01
7.876105904579162598e-01
7.610619664192199707e-01
7.522124052047729492e-01
7.964601516723632812e-01
7.876105904579162598e-01
7.345132827758789062e-01
7.522124052047729492e-01
7.522124052047729492e-01
7.610619664192199707e-01
7.787610888481140137e-01
7.522124052047729492e-01
8.141592741012573242e-01
8.141592741012573242e-01
7.699115276336669922e-01
8.053097128868103027e-01
7.964601516723632812e-01
6.902654767036437988e-01
7.964601516723632812e-01
7.522124052047729492e-01
7.522124052047729492e-01
7.610619664192199707e-01
7.433628439903259277e-01
7.610619664192199707e-01
7.876105904579162598e-01
7.522124052047729492e-01
7.787610888481140137e-01
7.876105904579162598e-01
7.787610888481140137e-01
8.053097128868103027e-01
8.053097128868103027e-01
7.876105904579162598e-01
8.141592741012573242e-01
7.168141603469848633e-01
8.053097128868103027e-01
8.141592741012573242e-01
7.699115276336669922e-01
8.230088353157043457e-01
7.787610888481140137e-01
7.345132827758789062e-01
7.876105904579162598e-01
8.053097128868103027e-01
8.318583965301513672e-01
7.610619664192199707e-01
8.053097128868103027e-01
7.433628439903259277e-01
7.964601516723632812e-01
7.699115276336669922e-01
8.053097128868103027e-01
7.787610888481140137e-01
7.522124052047729492e-01
7.522124052047729492e-01
7.876105904579162598e-01
7.964601516723632812e-01
7.522124052047729492e-01
8.318583965301513672e-01
7.787610888481140137e-01
7.610619664192199707e-01
7.522124052047729492e-01
8.141592741012573242e-01
7.964601516723632812e-01
8.053097128868103027e-01
7.610619664192199707e-01
7.433628439903259277e-01
7.964601516723632812e-01
8.053097128868103027e-01
8.053097128868103027e-01
7.787610888481140137e-01
7.787610888481140137e-01
7.345132827758789062e-01
7.433628439903259277e-01
8.141592741012573242e-01
7.522124052047729492e-01
8.230088353157043457e-01
7.345132827758789062e-01
8.230088353157043457e-01
8.230088353157043457e-01
8.318583965301513672e-01
8.407079577445983887e-01
7.699115276336669922e-01
