2.084701806306838989e-01
1.986087262630462646e-01
1.955196857452392578e-01
1.940715014934539795e-01
1.929653584957122803e-01
1.915241628885269165e-01
1.893781125545501709e-01
1.869926899671554565e-01
1.848239898681640625e-01
1.829318851232528687e-01
1.814043968915939331e-01
1.803286671638488770e-01
1.798599511384963989e-01
1.803727895021438599e-01
1.817385554313659668e-01
1.797391772270202637e-01
1.705809533596038818e-01
1.586451977491378784e-01
1.485570073127746582e-01
1.405358314514160156e-01
1.327833831310272217e-01
1.224527508020401001e-01
1.108112111687660217e-01
1.031548976898193359e-01
9.869839996099472046e-02
9.614212810993194580e-02
9.467761963605880737e-02
9.373855590820312500e-02
9.295087307691574097e-02
9.222980588674545288e-02
9.150844812393188477e-02
9.074289351701736450e-02
8.993879705667495728e-02
8.910822123289108276e-02
8.826336264610290527e-02
8.739997446537017822e-02
8.649714291095733643e-02
8.560856431722640991e-02
8.479322493076324463e-02
8.406351506710052490e-02
8.342011272907257080e-02
8.289331197738647461e-02
8.247544616460800171e-02
8.209545910358428955e-02
8.168027549982070923e-02
8.118370175361633301e-02
8.057548850774765015e-02
7.983937859535217285e-02
7.898310571908950806e-02
7.804061472415924072e-02
7.706906646490097046e-02
7.613857835531234741e-02
7.530842721462249756e-02
7.461733371019363403e-02
7.408662885427474976e-02
7.371293753385543823e-02
7.344939559698104858e-02
7.324009388685226440e-02
7.305816560983657837e-02
7.289154082536697388e-02
7.272899150848388672e-02
7.255426049232482910e-02
7.234708964824676514e-02
7.208932191133499146e-02
7.176710665225982666e-02
7.136383652687072754e-02
7.085379958152770996e-02
7.021051645278930664e-02
6.942927837371826172e-02
6.852237135171890259e-02
6.759432703256607056e-02
6.684572994709014893e-02
6.617427617311477661e-02
6.549227237701416016e-02
6.487061828374862671e-02
6.433872133493423462e-02
6.390874087810516357e-02
6.372737139463424683e-02
6.406462937593460083e-02
6.388758122920989990e-02
6.367480754852294922e-02
6.356658786535263062e-02
6.353959441184997559e-02
6.358247995376586914e-02
6.369090080261230469e-02
6.386017054319381714e-02
6.408080458641052246e-02
6.433523446321487427e-02
6.460016965866088867e-02
6.485749781131744385e-02
6.511940062046051025e-02
6.548453122377395630e-02
6.618288904428482056e-02
6.718304753303527832e-02
6.753383576869964600e-02
6.757014244794845581e-02
6.754650920629501343e-02
6.743723154067993164e-02
6.725595146417617798e-02
6.702119857072830200e-02
6.677643209695816040e-02
6.655994057655334473e-02
6.638675928115844727e-02
6.621359288692474365e-02
6.591644138097763062e-02
6.524255126714706421e-02
6.427540630102157593e-02
6.363239884376525879e-02
6.332134455442428589e-02
6.352850049734115601e-02
6.366733461618423462e-02
6.339345127344131470e-02
6.362766027450561523e-02
6.415998190641403198e-02
6.438259780406951904e-02
6.488675624132156372e-02
6.734028458595275879e-02
6.293555349111557007e-02
6.285157054662704468e-02
7.485283166170120239e-02
6.030315905809402466e-02
6.292790919542312622e-02
6.000494584441184998e-02
5.896421149373054504e-02
5.915784463286399841e-02
6.410178542137145996e-02
6.051715463399887085e-02
5.997116863727569580e-02
6.145707517862319946e-02
7.166603952646255493e-02
5.738870799541473389e-02
5.910511314868927002e-02
7.112374901771545410e-02
7.604127377271652222e-02
6.373739242553710938e-02
6.146120652556419373e-02
7.123762369155883789e-02
6.262987107038497925e-02
6.252376735210418701e-02
6.294609606266021729e-02
6.394395232200622559e-02
6.245189532637596130e-02
5.971817299723625183e-02
6.017162278294563293e-02
6.013422459363937378e-02
5.987132713198661804e-02
5.939434841275215149e-02
6.005048751831054688e-02
5.993497371673583984e-02
5.990697816014289856e-02
6.276072561740875244e-02
6.258109211921691895e-02
6.160442531108856201e-02
6.046025082468986511e-02
5.866941437125205994e-02
7.287966459989547729e-02
6.633884459733963013e-02
6.207337975502014160e-02
6.321045011281967163e-02
6.306035816669464111e-02
6.207161396741867065e-02
6.250064820051193237e-02
5.942080914974212646e-02
6.139119341969490051e-02
6.644330173730850220e-02
6.167542934417724609e-02
6.143683195114135742e-02
5.981935188174247742e-02
6.258291006088256836e-02
6.282982975244522095e-02
6.521728634834289551e-02
6.301360577344894409e-02
6.013997644186019897e-02
6.210280209779739380e-02
7.332451641559600830e-02
6.120261177420616150e-02
6.188037618994712830e-02
6.135953962802886963e-02
6.181443110108375549e-02
6.101185828447341919e-02
6.131848320364952087e-02
6.184418499469757080e-02
6.351657211780548096e-02
6.197670847177505493e-02
6.381857395172119141e-02
6.107646971940994263e-02
6.256066262722015381e-02
6.332200765609741211e-02
6.329948455095291138e-02
6.429004669189453125e-02
6.328080594539642334e-02
7.479547709226608276e-02
6.998286396265029907e-02
6.145941093564033508e-02
6.209882348775863647e-02
9.629708528518676758e-02
6.064603105187416077e-02
6.140194088220596313e-02
6.298814713954925537e-02
7.502541691064834595e-02
6.578116863965988159e-02
6.378318369388580322e-02
6.430901587009429932e-02
6.634967774152755737e-02
6.744960695505142212e-02
7.101515680551528931e-02
6.844270974397659302e-02
6.245832145214080811e-02
7.028377056121826172e-02
6.642066687345504761e-02
6.720828264951705933e-02
6.817692518234252930e-02
6.890365481376647949e-02
6.815175712108612061e-02
9.193079173564910889e-02
6.546971946954727173e-02
6.751509755849838257e-02
6.674906611442565918e-02
6.877569109201431274e-02
6.450934708118438721e-02
6.787306815385818481e-02
6.743563711643218994e-02
7.323775440454483032e-02
6.873999536037445068e-02
6.904987245798110962e-02
6.879094243049621582e-02
6.957665830850601196e-02
7.197273522615432739e-02
7.072842866182327271e-02
7.132854312658309937e-02
7.465776801109313965e-02
8.941166847944259644e-02
8.880843222141265869e-02
7.256330549716949463e-02
7.790372520685195923e-02
7.398443669080734253e-02
7.392030209302902222e-02
7.847847044467926025e-02
9.006725251674652100e-02
8.315004408359527588e-02
8.600762486457824707e-02
1.015349030494689941e-01
1.003596410155296326e-01
7.939385622739791870e-02
7.943815737962722778e-02
8.294786512851715088e-02
9.555728733539581299e-02
7.712553441524505615e-02
9.747903048992156982e-02
9.532987326383590698e-02
8.196208626031875610e-02
9.319711476564407349e-02
9.757564961910247803e-02
8.609221130609512329e-02
8.886737376451492310e-02
8.310398459434509277e-02
7.802331447601318359e-02
9.579072892665863037e-02
1.047012582421302795e-01
7.863552123308181763e-02
7.938694208860397339e-02
8.186334371566772461e-02
8.139558881521224976e-02
9.042694419622421265e-02
8.174118399620056152e-02
7.814259082078933716e-02
7.449042052030563354e-02
7.048430293798446655e-02
1.047971248626708984e-01
7.019304484128952026e-02
8.508549630641937256e-02
8.100124448537826538e-02
8.180185407400131226e-02
8.431363850831985474e-02
7.758536934852600098e-02
7.866769284009933472e-02
8.795285224914550781e-02
7.491723448038101196e-02
7.973998785018920898e-02
9.884825348854064941e-02
7.873418927192687988e-02
7.200592011213302612e-02
7.331094145774841309e-02
7.221933454275131226e-02
8.171170204877853394e-02
7.668729871511459351e-02
7.841980457305908203e-02
9.726639091968536377e-02
9.079359471797943115e-02
7.986254990100860596e-02
7.978826016187667847e-02
7.835374772548675537e-02
9.000182151794433594e-02
8.196241408586502075e-02
7.696723192930221558e-02
7.958876341581344604e-02
7.255221903324127197e-02
8.450955152511596680e-02
8.105178922414779663e-02
9.450195729732513428e-02
8.253201097249984741e-02
8.598681539297103882e-02
7.447510957717895508e-02
7.614862173795700073e-02
9.266813844442367554e-02
1.020440608263015747e-01
1.195133775472640991e-01
8.713451027870178223e-02
9.376167505979537964e-02
1.078289598226547241e-01
8.244998008012771606e-02
8.906194567680358887e-02
9.099296480417251587e-02
8.986708521842956543e-02
9.103520214557647705e-02
8.602426946163177490e-02
8.050166070461273193e-02
1.004958674311637878e-01
8.124054968357086182e-02
7.531149685382843018e-02
8.890233188867568970e-02
7.968062907457351685e-02
1.039425954222679138e-01
8.600798249244689941e-02
7.450620085000991821e-02
9.605747461318969727e-02
7.465767115354537964e-02
9.414096176624298096e-02
9.023012965917587280e-02
7.578729838132858276e-02
1.135408282279968262e-01
7.751844823360443115e-02
1.016764566302299500e-01
8.366073668003082275e-02
7.950664311647415161e-02
7.379841059446334839e-02
1.075991317629814148e-01
9.938716143369674683e-02
9.727807343006134033e-02
9.036218374967575073e-02
8.993478119373321533e-02
8.641865104436874390e-02
1.035280674695968628e-01
1.130234450101852417e-01
1.236042678356170654e-01
1.093740686774253845e-01
8.919177949428558350e-02
9.533366560935974121e-02
1.043860688805580139e-01
1.217390596866607666e-01
9.874318540096282959e-02
1.145199015736579895e-01
8.569651842117309570e-02
6.863825023174285889e-02
9.348233789205551147e-02
9.707753360271453857e-02
9.122107177972793579e-02
9.938359260559082031e-02
8.395916223526000977e-02
8.997280150651931763e-02
9.909676760435104370e-02
7.631530612707138062e-02
8.807574957609176636e-02
8.381774276494979858e-02
1.176506504416465759e-01
9.411019086837768555e-02
7.719142735004425049e-02
8.654786646366119385e-02
9.165401756763458252e-02
9.751740097999572754e-02
6.993227452039718628e-02
8.993802219629287720e-02
9.034500271081924438e-02
8.212964236736297607e-02
9.097214788198471069e-02
7.571322470903396606e-02
1.076364070177078247e-01
9.747715294361114502e-02
9.584128856658935547e-02
9.082444757223129272e-02
1.064926311373710632e-01
8.533802628517150879e-02
9.254711121320724487e-02
8.115015923976898193e-02
9.661938995122909546e-02
8.196552842855453491e-02
8.164823800325393677e-02
9.156326949596405029e-02
1.547873467206954956e-01
7.899442315101623535e-02
8.776853233575820923e-02
7.937643676996231079e-02
1.069862246513366699e-01
6.740386039018630981e-02
7.720481604337692261e-02
8.871002495288848877e-02
9.120334684848785400e-02
1.106165423989295959e-01
8.720845729112625122e-02
9.221767634153366089e-02
7.312661409378051758e-02
8.601489663124084473e-02
8.812285214662551880e-02
1.038173586130142212e-01
9.785065054893493652e-02
1.041729226708412170e-01
1.047976538538932800e-01
7.859655469655990601e-02
1.026365980505943298e-01
8.661376684904098511e-02
1.104938238859176636e-01
1.102077364921569824e-01
8.635762333869934082e-02
9.560099244117736816e-02
1.059010326862335205e-01
1.247346773743629456e-01
7.976648211479187012e-02
7.762113958597183228e-02
1.022207513451576233e-01
7.815550267696380615e-02
9.284998476505279541e-02
8.705514669418334961e-02
9.832534193992614746e-02
8.811262995004653931e-02
8.219695836305618286e-02
7.806789875030517578e-02
1.007942035794258118e-01
9.664633125066757202e-02
8.809431642293930054e-02
9.735063463449478149e-02
8.051662147045135498e-02
8.976624906063079834e-02
7.220293581485748291e-02
7.891598343849182129e-02
9.511771798133850098e-02
7.494303584098815918e-02
8.279270678758621216e-02
1.235613003373146057e-01
8.841164410114288330e-02
1.042873635888099670e-01
1.022325754165649414e-01
9.840182960033416748e-02
1.003364548087120056e-01
9.175740182399749756e-02
7.861532270908355713e-02
1.022035181522369385e-01
8.896728605031967163e-02
8.324404805898666382e-02
8.430645614862442017e-02
7.551970332860946655e-02
8.329205960035324097e-02
8.645196259021759033e-02
8.431044220924377441e-02
1.122041866183280945e-01
8.122033625841140747e-02
7.811462134122848511e-02
9.132473170757293701e-02
7.602541148662567139e-02
9.029698371887207031e-02
1.086535081267356873e-01
9.089177846908569336e-02
7.671930640935897827e-02
7.235585898160934448e-02
8.913995325565338135e-02
7.736729085445404053e-02
1.096068322658538818e-01
7.795880734920501709e-02
9.064196050167083740e-02
8.023232221603393555e-02
9.249861538410186768e-02
1.032662689685821533e-01
9.662760049104690552e-02
8.623152226209640503e-02
8.847725391387939453e-02
9.678258001804351807e-02
7.724400609731674194e-02
9.489066153764724731e-02
1.010918095707893372e-01
1.076256707310676575e-01
7.746718078851699829e-02
9.057350456714630127e-02
7.927254587411880493e-02
1.016210168600082397e-01
1.064345762133598328e-01
8.356828242540359497e-02
7.689394801855087280e-02
8.326888084411621094e-02
8.995610475540161133e-02
9.164313971996307373e-02
1.147518977522850037e-01
1.141501888632774353e-01
7.945039123296737671e-02
9.398668259382247925e-02
7.778039574623107910e-02
1.098051071166992188e-01
8.101033419370651245e-02
8.421092480421066284e-02
7.950229942798614502e-02
7.554650306701660156e-02
1.046025454998016357e-01
