2.483370304107666016e-01
2.461197376251220703e-01
2.527716159820556641e-01
2.594234943389892578e-01
2.616407871246337891e-01
2.705099880695343018e-01
2.815964519977569580e-01
2.904656231403350830e-01
2.904656231403350830e-01
2.904656231403350830e-01
2.882483303546905518e-01
2.926829159259796143e-01
2.860310375690460205e-01
2.904656231403350830e-01
2.926829159259796143e-01
2.993348240852355957e-01
3.082039952278137207e-01
3.348115384578704834e-01
3.281596601009368896e-01
3.414634168148040771e-01
3.481152951717376709e-01
3.525498807430267334e-01
3.569844663143157959e-01
3.614190816879272461e-01
3.725055456161499023e-01
3.702882528305053711e-01
3.791574239730834961e-01
3.858093023300170898e-01
3.968957960605621338e-01
3.991130888462066650e-01
4.124168455600738525e-01
4.323725104331970215e-01
4.323725104331970215e-01
4.501108527183532715e-01
4.656319320201873779e-01
4.789356887340545654e-01
4.811529815196990967e-01
4.944567680358886719e-01
4.966740608215332031e-01
5.011086463928222656e-01
5.011086463928222656e-01
5.121951103210449219e-01
5.166296958923339844e-01
5.210642814636230469e-01
5.210642814636230469e-01
5.277161598205566406e-01
5.321508049964904785e-01
5.321508049964904785e-01
5.476718544960021973e-01
5.609756112098693848e-01
5.631929039955139160e-01
5.698447823524475098e-01
5.764966607093811035e-01
5.831485390663146973e-01
5.942350625991821289e-01
5.964523553848266602e-01
6.008869409561157227e-01
6.097561120986938477e-01
6.119734048843383789e-01
6.186252832412719727e-01
6.230598688125610352e-01
6.341463327407836914e-01
6.385809183120727539e-01
6.430155038833618164e-01
6.563193202018737793e-01
6.607539057731628418e-01
6.585366129875183105e-01
6.696230769157409668e-01
6.762749552726745605e-01
6.784922480583190918e-01
6.851441264152526855e-01
6.895787119865417480e-01
6.895787119865417480e-01
6.873614192008972168e-01
6.851441264152526855e-01
6.895787119865417480e-01
6.962305903434753418e-01
7.073170542716979980e-01
7.117516398429870605e-01
7.161862254142761230e-01
7.250554561614990234e-01
7.317073345184326172e-01
7.339246273040771484e-01
7.339246273040771484e-01
7.272727489471435547e-01
7.294900417327880859e-01
7.361419200897216797e-01
7.383592128753662109e-01
7.383592128753662109e-01
7.405765056610107422e-01
7.427937984466552734e-01
7.472283840179443359e-01
7.494456768035888672e-01
7.450110912322998047e-01
7.427937984466552734e-01
7.450110912322998047e-01
7.450110912322998047e-01
7.472283840179443359e-01
7.494456768035888672e-01
7.538802623748779297e-01
7.538802623748779297e-01
7.538802623748779297e-01
7.560975551605224609e-01
7.583148479461669922e-01
7.583148479461669922e-01
7.583148479461669922e-01
7.583148479461669922e-01
7.583148479461669922e-01
7.583148479461669922e-01
7.583148479461669922e-01
7.560975551605224609e-01
7.583148479461669922e-01
7.560975551605224609e-01
7.583148479461669922e-01
7.605321407318115234e-01
7.605321407318115234e-01
7.605321407318115234e-01
7.627494335174560547e-01
7.605321407318115234e-01
7.583148479461669922e-01
7.605321407318115234e-01
7.605321407318115234e-01
7.605321407318115234e-01
7.605321407318115234e-01
7.605321407318115234e-01
7.605321407318115234e-01
7.627494335174560547e-01
7.605321407318115234e-01
7.627494335174560547e-01
7.649667263031005859e-01
7.649667263031005859e-01
7.671840190887451172e-01
7.738358974456787109e-01
7.738358974456787109e-01
7.760531902313232422e-01
7.738358974456787109e-01
7.738358974456787109e-01
7.782704830169677734e-01
7.782704830169677734e-01
7.782704830169677734e-01
7.760531902313232422e-01
7.760531902313232422e-01
7.760531902313232422e-01
7.760531902313232422e-01
7.760531902313232422e-01
7.738358974456787109e-01
7.738358974456787109e-01
7.760531902313232422e-01
7.782704830169677734e-01
7.782704830169677734e-01
7.782704830169677734e-01
7.782704830169677734e-01
7.804877758026123047e-01
7.827051281929016113e-01
7.827051281929016113e-01
7.827051281929016113e-01
7.827051281929016113e-01
7.827051281929016113e-01
7.849224209785461426e-01
7.849224209785461426e-01
7.871397137641906738e-01
7.871397137641906738e-01
7.893570065498352051e-01
7.915742993354797363e-01
7.915742993354797363e-01
7.960088849067687988e-01
7.960088849067687988e-01
7.960088849067687988e-01
7.960088849067687988e-01
7.960088849067687988e-01
7.960088849067687988e-01
7.960088849067687988e-01
7.982261776924133301e-01
7.982261776924133301e-01
7.982261776924133301e-01
8.026607632637023926e-01
7.982261776924133301e-01
7.982261776924133301e-01
7.982261776924133301e-01
7.960088849067687988e-01
7.982261776924133301e-01
7.982261776924133301e-01
7.982261776924133301e-01
7.982261776924133301e-01
7.982261776924133301e-01
7.982261776924133301e-01
7.982261776924133301e-01
7.982261776924133301e-01
7.982261776924133301e-01
7.982261776924133301e-01
7.960088849067687988e-01
7.937915921211242676e-01
7.937915921211242676e-01
7.937915921211242676e-01
7.937915921211242676e-01
7.937915921211242676e-01
7.893570065498352051e-01
7.893570065498352051e-01
7.893570065498352051e-01
7.893570065498352051e-01
7.893570065498352051e-01
7.893570065498352051e-01
7.915742993354797363e-01
7.915742993354797363e-01
7.915742993354797363e-01
7.915742993354797363e-01
7.915742993354797363e-01
7.915742993354797363e-01
7.893570065498352051e-01
7.915742993354797363e-01
7.915742993354797363e-01
7.915742993354797363e-01
7.915742993354797363e-01
7.915742993354797363e-01
7.915742993354797363e-01
7.915742993354797363e-01
7.937915921211242676e-01
7.937915921211242676e-01
7.937915921211242676e-01
7.960088849067687988e-01
7.960088849067687988e-01
7.982261776924133301e-01
7.982261776924133301e-01
8.004434704780578613e-01
8.004434704780578613e-01
8.004434704780578613e-01
8.026607632637023926e-01
8.026607632637023926e-01
8.026607632637023926e-01
8.026607632637023926e-01
8.026607632637023926e-01
8.026607632637023926e-01
8.026607632637023926e-01
8.048780560493469238e-01
8.048780560493469238e-01
8.026607632637023926e-01
8.048780560493469238e-01
8.048780560493469238e-01
8.070953488349914551e-01
8.070953488349914551e-01
8.070953488349914551e-01
8.070953488349914551e-01
8.093126416206359863e-01
8.093126416206359863e-01
8.093126416206359863e-01
8.093126416206359863e-01
8.093126416206359863e-01
8.093126416206359863e-01
8.093126416206359863e-01
8.093126416206359863e-01
8.115299344062805176e-01
8.115299344062805176e-01
8.137472271919250488e-01
8.159645199775695801e-01
8.159645199775695801e-01
8.159645199775695801e-01
8.137472271919250488e-01
8.137472271919250488e-01
8.159645199775695801e-01
8.137472271919250488e-01
8.137472271919250488e-01
8.137472271919250488e-01
8.137472271919250488e-01
8.137472271919250488e-01
8.137472271919250488e-01
8.159645199775695801e-01
8.137472271919250488e-01
8.137472271919250488e-01
8.137472271919250488e-01
8.137472271919250488e-01
8.137472271919250488e-01
8.137472271919250488e-01
8.159645199775695801e-01
8.181818127632141113e-01
8.181818127632141113e-01
8.203991055488586426e-01
8.226163983345031738e-01
8.226163983345031738e-01
8.248336911201477051e-01
8.248336911201477051e-01
8.270509839057922363e-01
8.270509839057922363e-01
8.270509839057922363e-01
8.292682766914367676e-01
8.292682766914367676e-01
8.314855694770812988e-01
8.314855694770812988e-01
8.314855694770812988e-01
8.314855694770812988e-01
8.314855694770812988e-01
8.292682766914367676e-01
8.314855694770812988e-01
8.314855694770812988e-01
8.314855694770812988e-01
8.292682766914367676e-01
8.292682766914367676e-01
8.292682766914367676e-01
8.314855694770812988e-01
8.314855694770812988e-01
8.314855694770812988e-01
8.314855694770812988e-01
8.314855694770812988e-01
8.314855694770812988e-01
8.314855694770812988e-01
8.314855694770812988e-01
8.314855694770812988e-01
8.314855694770812988e-01
8.314855694770812988e-01
8.314855694770812988e-01
8.314855694770812988e-01
8.337028622627258301e-01
8.337028622627258301e-01
8.337028622627258301e-01
8.337028622627258301e-01
8.337028622627258301e-01
8.337028622627258301e-01
8.337028622627258301e-01
8.359201550483703613e-01
8.381374478340148926e-01
8.403547406196594238e-01
8.381374478340148926e-01
8.381374478340148926e-01
8.381374478340148926e-01
8.359201550483703613e-01
8.359201550483703613e-01
8.359201550483703613e-01
8.359201550483703613e-01
8.359201550483703613e-01
8.359201550483703613e-01
8.359201550483703613e-01
8.381374478340148926e-01
8.359201550483703613e-01
8.359201550483703613e-01
8.359201550483703613e-01
8.359201550483703613e-01
8.381374478340148926e-01
8.381374478340148926e-01
8.381374478340148926e-01
8.381374478340148926e-01
8.381374478340148926e-01
8.381374478340148926e-01
8.403547406196594238e-01
8.381374478340148926e-01
8.381374478340148926e-01
8.381374478340148926e-01
8.381374478340148926e-01
8.381374478340148926e-01
8.403547406196594238e-01
8.403547406196594238e-01
8.403547406196594238e-01
8.403547406196594238e-01
8.403547406196594238e-01
8.403547406196594238e-01
8.403547406196594238e-01
8.381374478340148926e-01
8.381374478340148926e-01
8.381374478340148926e-01
8.381374478340148926e-01
8.403547406196594238e-01
8.403547406196594238e-01
8.403547406196594238e-01
8.425720334053039551e-01
8.447893857955932617e-01
8.447893857955932617e-01
8.447893857955932617e-01
8.447893857955932617e-01
8.447893857955932617e-01
8.447893857955932617e-01
8.447893857955932617e-01
8.447893857955932617e-01
8.447893857955932617e-01
8.447893857955932617e-01
8.447893857955932617e-01
8.447893857955932617e-01
8.447893857955932617e-01
8.470066785812377930e-01
8.470066785812377930e-01
8.470066785812377930e-01
8.470066785812377930e-01
8.447893857955932617e-01
8.447893857955932617e-01
8.447893857955932617e-01
8.447893857955932617e-01
8.447893857955932617e-01
8.447893857955932617e-01
8.447893857955932617e-01
8.447893857955932617e-01
8.492239713668823242e-01
8.492239713668823242e-01
8.492239713668823242e-01
8.492239713668823242e-01
8.492239713668823242e-01
8.492239713668823242e-01
8.492239713668823242e-01
8.492239713668823242e-01
8.492239713668823242e-01
8.492239713668823242e-01
8.492239713668823242e-01
8.492239713668823242e-01
8.492239713668823242e-01
8.536585569381713867e-01
8.536585569381713867e-01
8.536585569381713867e-01
8.536585569381713867e-01
8.536585569381713867e-01
8.536585569381713867e-01
8.536585569381713867e-01
8.536585569381713867e-01
8.536585569381713867e-01
8.536585569381713867e-01
8.536585569381713867e-01
8.536585569381713867e-01
8.536585569381713867e-01
8.536585569381713867e-01
8.536585569381713867e-01
8.536585569381713867e-01
8.536585569381713867e-01
8.536585569381713867e-01
8.536585569381713867e-01
8.536585569381713867e-01
8.536585569381713867e-01
8.536585569381713867e-01
8.536585569381713867e-01
8.536585569381713867e-01
8.536585569381713867e-01
8.536585569381713867e-01
8.558758497238159180e-01
8.580931425094604492e-01
8.580931425094604492e-01
8.580931425094604492e-01
8.580931425094604492e-01
8.580931425094604492e-01
8.580931425094604492e-01
8.580931425094604492e-01
8.603104352951049805e-01
8.603104352951049805e-01
8.603104352951049805e-01
8.603104352951049805e-01
8.603104352951049805e-01
8.603104352951049805e-01
8.603104352951049805e-01
8.603104352951049805e-01
8.625277280807495117e-01
8.625277280807495117e-01
8.625277280807495117e-01
8.647450208663940430e-01
8.669623136520385742e-01
8.669623136520385742e-01
8.669623136520385742e-01
8.669623136520385742e-01
8.669623136520385742e-01
8.669623136520385742e-01
8.669623136520385742e-01
8.691796064376831055e-01
8.691796064376831055e-01
8.691796064376831055e-01
8.691796064376831055e-01
8.691796064376831055e-01
8.691796064376831055e-01
8.691796064376831055e-01
8.691796064376831055e-01
8.691796064376831055e-01
8.691796064376831055e-01
8.669623136520385742e-01
8.669623136520385742e-01
8.669623136520385742e-01
8.691796064376831055e-01
8.691796064376831055e-01
8.691796064376831055e-01
8.691796064376831055e-01
8.691796064376831055e-01
8.691796064376831055e-01
8.691796064376831055e-01
8.736141920089721680e-01
8.736141920089721680e-01
8.736141920089721680e-01
8.736141920089721680e-01
8.736141920089721680e-01
8.736141920089721680e-01
8.736141920089721680e-01
8.736141920089721680e-01
8.736141920089721680e-01
8.736141920089721680e-01
8.736141920089721680e-01
8.736141920089721680e-01
8.736141920089721680e-01
8.736141920089721680e-01
8.713968992233276367e-01
8.713968992233276367e-01
8.713968992233276367e-01
8.713968992233276367e-01
8.713968992233276367e-01
8.713968992233276367e-01
8.713968992233276367e-01
8.713968992233276367e-01
8.713968992233276367e-01
8.713968992233276367e-01
8.713968992233276367e-01
8.736141920089721680e-01
8.736141920089721680e-01
8.736141920089721680e-01
8.736141920089721680e-01
8.758314847946166992e-01
8.758314847946166992e-01
8.758314847946166992e-01
8.758314847946166992e-01
8.758314847946166992e-01
8.758314847946166992e-01
8.758314847946166992e-01
8.758314847946166992e-01
8.758314847946166992e-01
8.758314847946166992e-01
8.758314847946166992e-01
8.758314847946166992e-01
8.758314847946166992e-01
8.780487775802612305e-01
8.780487775802612305e-01
8.780487775802612305e-01
8.780487775802612305e-01
8.780487775802612305e-01
8.780487775802612305e-01
8.780487775802612305e-01
8.780487775802612305e-01
8.780487775802612305e-01
8.780487775802612305e-01
8.780487775802612305e-01
8.780487775802612305e-01
8.780487775802612305e-01
8.780487775802612305e-01
8.780487775802612305e-01
8.780487775802612305e-01
8.780487775802612305e-01
8.780487775802612305e-01
8.780487775802612305e-01
8.758314847946166992e-01
8.758314847946166992e-01
8.758314847946166992e-01
8.758314847946166992e-01
8.780487775802612305e-01
8.780487775802612305e-01
8.780487775802612305e-01
8.780487775802612305e-01
8.780487775802612305e-01
8.780487775802612305e-01
8.780487775802612305e-01
8.802660703659057617e-01
8.802660703659057617e-01
8.824833631515502930e-01
8.824833631515502930e-01
8.824833631515502930e-01
8.824833631515502930e-01
8.824833631515502930e-01
8.824833631515502930e-01
8.847006559371948242e-01
8.847006559371948242e-01
8.847006559371948242e-01
8.847006559371948242e-01
8.847006559371948242e-01
8.847006559371948242e-01
8.847006559371948242e-01
8.847006559371948242e-01
8.847006559371948242e-01
8.869179487228393555e-01
8.869179487228393555e-01
8.869179487228393555e-01
8.869179487228393555e-01
8.869179487228393555e-01
8.869179487228393555e-01
8.869179487228393555e-01
8.869179487228393555e-01
8.869179487228393555e-01
8.869179487228393555e-01
8.869179487228393555e-01
8.869179487228393555e-01
8.891352415084838867e-01
8.891352415084838867e-01
8.891352415084838867e-01
8.913525342941284180e-01
8.913525342941284180e-01
8.913525342941284180e-01
8.913525342941284180e-01
8.913525342941284180e-01
8.913525342941284180e-01
8.935698270797729492e-01
8.935698270797729492e-01
8.935698270797729492e-01
8.957871198654174805e-01
8.957871198654174805e-01
8.957871198654174805e-01
8.957871198654174805e-01
8.957871198654174805e-01
8.980044126510620117e-01
8.980044126510620117e-01
8.980044126510620117e-01
8.980044126510620117e-01
8.980044126510620117e-01
8.980044126510620117e-01
8.980044126510620117e-01
8.980044126510620117e-01
9.002217054367065430e-01
9.002217054367065430e-01
9.002217054367065430e-01
9.002217054367065430e-01
9.002217054367065430e-01
9.024389982223510742e-01
9.024389982223510742e-01
9.024389982223510742e-01
9.024389982223510742e-01
9.024389982223510742e-01
9.024389982223510742e-01
9.024389982223510742e-01
9.024389982223510742e-01
9.002217054367065430e-01
9.002217054367065430e-01
9.002217054367065430e-01
9.002217054367065430e-01
9.002217054367065430e-01
9.002217054367065430e-01
9.002217054367065430e-01
9.002217054367065430e-01
9.002217054367065430e-01
9.002217054367065430e-01
9.002217054367065430e-01
9.002217054367065430e-01
9.002217054367065430e-01
9.002217054367065430e-01
9.002217054367065430e-01
9.002217054367065430e-01
9.002217054367065430e-01
9.002217054367065430e-01
9.024389982223510742e-01
9.002217054367065430e-01
9.002217054367065430e-01
9.002217054367065430e-01
9.002217054367065430e-01
9.002217054367065430e-01
9.002217054367065430e-01
9.024389982223510742e-01
9.024389982223510742e-01
9.024389982223510742e-01
9.024389982223510742e-01
9.024389982223510742e-01
9.024389982223510742e-01
9.024389982223510742e-01
9.024389982223510742e-01
9.024389982223510742e-01
9.024389982223510742e-01
9.024389982223510742e-01
9.024389982223510742e-01
9.024389982223510742e-01
9.024389982223510742e-01
9.024389982223510742e-01
9.024389982223510742e-01
9.024389982223510742e-01
9.024389982223510742e-01
9.024389982223510742e-01
9.024389982223510742e-01
9.024389982223510742e-01
9.024389982223510742e-01
9.046562910079956055e-01
9.046562910079956055e-01
9.046562910079956055e-01
9.046562910079956055e-01
9.046562910079956055e-01
9.046562910079956055e-01
9.046562910079956055e-01
9.046562910079956055e-01
9.046562910079956055e-01
9.046562910079956055e-01
9.046562910079956055e-01
9.046562910079956055e-01
9.046562910079956055e-01
9.046562910079956055e-01
9.046562910079956055e-01
9.046562910079956055e-01
9.046562910079956055e-01
9.046562910079956055e-01
9.046562910079956055e-01
9.046562910079956055e-01
9.046562910079956055e-01
9.046562910079956055e-01
9.046562910079956055e-01
9.046562910079956055e-01
9.068736433982849121e-01
9.068736433982849121e-01
9.068736433982849121e-01
9.068736433982849121e-01
9.068736433982849121e-01
9.068736433982849121e-01
9.068736433982849121e-01
9.068736433982849121e-01
9.068736433982849121e-01
9.068736433982849121e-01
9.068736433982849121e-01
9.068736433982849121e-01
9.068736433982849121e-01
9.068736433982849121e-01
9.068736433982849121e-01
9.068736433982849121e-01
9.068736433982849121e-01
9.090909361839294434e-01
9.090909361839294434e-01
9.090909361839294434e-01
9.090909361839294434e-01
9.090909361839294434e-01
9.090909361839294434e-01
9.090909361839294434e-01
9.090909361839294434e-01
9.090909361839294434e-01
9.090909361839294434e-01
9.090909361839294434e-01
9.090909361839294434e-01
9.090909361839294434e-01
9.090909361839294434e-01
9.090909361839294434e-01
9.090909361839294434e-01
9.090909361839294434e-01
9.090909361839294434e-01
9.090909361839294434e-01
9.090909361839294434e-01
9.090909361839294434e-01
9.090909361839294434e-01
9.090909361839294434e-01
9.090909361839294434e-01
9.090909361839294434e-01
9.090909361839294434e-01
9.090909361839294434e-01
9.090909361839294434e-01
9.068736433982849121e-01
9.068736433982849121e-01
9.068736433982849121e-01
9.068736433982849121e-01
9.068736433982849121e-01
9.068736433982849121e-01
9.068736433982849121e-01
9.068736433982849121e-01
9.068736433982849121e-01
9.068736433982849121e-01
9.068736433982849121e-01
9.068736433982849121e-01
9.068736433982849121e-01
9.068736433982849121e-01
9.068736433982849121e-01
9.068736433982849121e-01
9.068736433982849121e-01
9.068736433982849121e-01
9.024389982223510742e-01
9.024389982223510742e-01
9.046562910079956055e-01
9.046562910079956055e-01
9.046562910079956055e-01
9.046562910079956055e-01
9.046562910079956055e-01
9.046562910079956055e-01
9.046562910079956055e-01
9.046562910079956055e-01
9.046562910079956055e-01
9.046562910079956055e-01
9.024389982223510742e-01
9.024389982223510742e-01
9.024389982223510742e-01
9.024389982223510742e-01
9.024389982223510742e-01
9.024389982223510742e-01
9.024389982223510742e-01
9.024389982223510742e-01
9.024389982223510742e-01
9.046562910079956055e-01
9.046562910079956055e-01
9.046562910079956055e-01
9.046562910079956055e-01
9.046562910079956055e-01
9.024389982223510742e-01
9.024389982223510742e-01
9.024389982223510742e-01
9.024389982223510742e-01
9.024389982223510742e-01
9.024389982223510742e-01
9.046562910079956055e-01
9.046562910079956055e-01
9.046562910079956055e-01
9.046562910079956055e-01
9.046562910079956055e-01
9.046562910079956055e-01
9.046562910079956055e-01
9.046562910079956055e-01
9.046562910079956055e-01
9.046562910079956055e-01
9.046562910079956055e-01
9.046562910079956055e-01
9.046562910079956055e-01
9.046562910079956055e-01
9.046562910079956055e-01
9.068736433982849121e-01
9.068736433982849121e-01
9.068736433982849121e-01
9.068736433982849121e-01
9.068736433982849121e-01
9.068736433982849121e-01
9.068736433982849121e-01
9.090909361839294434e-01
9.090909361839294434e-01
9.090909361839294434e-01
9.090909361839294434e-01
9.090909361839294434e-01
9.090909361839294434e-01
9.090909361839294434e-01
9.090909361839294434e-01
9.090909361839294434e-01
9.090909361839294434e-01
9.090909361839294434e-01
9.090909361839294434e-01
9.090909361839294434e-01
9.090909361839294434e-01
9.090909361839294434e-01
9.090909361839294434e-01
9.090909361839294434e-01
9.090909361839294434e-01
9.090909361839294434e-01
9.090909361839294434e-01
9.090909361839294434e-01
9.090909361839294434e-01
9.090909361839294434e-01
9.090909361839294434e-01
9.090909361839294434e-01
9.090909361839294434e-01
9.090909361839294434e-01
9.090909361839294434e-01
9.090909361839294434e-01
9.090909361839294434e-01
9.113082289695739746e-01
9.113082289695739746e-01
9.113082289695739746e-01
9.113082289695739746e-01
9.113082289695739746e-01
9.113082289695739746e-01
9.113082289695739746e-01
9.113082289695739746e-01
9.113082289695739746e-01
9.135255217552185059e-01
9.157428145408630371e-01
9.157428145408630371e-01
9.157428145408630371e-01
9.157428145408630371e-01
9.157428145408630371e-01
9.157428145408630371e-01
9.157428145408630371e-01
9.157428145408630371e-01
9.157428145408630371e-01
9.157428145408630371e-01
9.157428145408630371e-01
9.157428145408630371e-01
9.157428145408630371e-01
9.157428145408630371e-01
9.157428145408630371e-01
9.157428145408630371e-01
9.157428145408630371e-01
9.157428145408630371e-01
9.157428145408630371e-01
9.157428145408630371e-01
9.179601073265075684e-01
9.179601073265075684e-01
9.179601073265075684e-01
9.179601073265075684e-01
9.179601073265075684e-01
9.179601073265075684e-01
9.179601073265075684e-01
9.179601073265075684e-01
9.179601073265075684e-01
9.179601073265075684e-01
9.179601073265075684e-01
9.179601073265075684e-01
9.179601073265075684e-01
9.179601073265075684e-01
9.179601073265075684e-01
9.179601073265075684e-01
9.179601073265075684e-01
9.179601073265075684e-01
9.179601073265075684e-01
9.179601073265075684e-01
9.179601073265075684e-01
9.179601073265075684e-01
9.179601073265075684e-01
9.179601073265075684e-01
9.179601073265075684e-01
9.179601073265075684e-01
9.179601073265075684e-01
9.179601073265075684e-01
9.179601073265075684e-01
9.179601073265075684e-01
9.179601073265075684e-01
9.179601073265075684e-01
9.179601073265075684e-01
9.179601073265075684e-01
9.201774001121520996e-01
9.201774001121520996e-01
9.201774001121520996e-01
9.201774001121520996e-01
9.201774001121520996e-01
9.201774001121520996e-01
9.201774001121520996e-01
9.201774001121520996e-01
9.201774001121520996e-01
9.201774001121520996e-01
9.201774001121520996e-01
9.201774001121520996e-01
9.201774001121520996e-01
9.201774001121520996e-01
9.201774001121520996e-01
9.201774001121520996e-01
9.201774001121520996e-01
9.201774001121520996e-01
9.179601073265075684e-01
9.179601073265075684e-01
9.179601073265075684e-01
9.179601073265075684e-01
9.179601073265075684e-01
9.179601073265075684e-01
9.179601073265075684e-01
9.179601073265075684e-01
9.179601073265075684e-01
9.179601073265075684e-01
9.201774001121520996e-01
9.201774001121520996e-01
9.201774001121520996e-01
9.201774001121520996e-01
9.201774001121520996e-01
9.201774001121520996e-01
9.179601073265075684e-01
9.179601073265075684e-01
9.179601073265075684e-01
9.179601073265075684e-01
9.179601073265075684e-01
9.179601073265075684e-01
9.179601073265075684e-01
9.201774001121520996e-01
9.201774001121520996e-01
9.201774001121520996e-01
9.201774001121520996e-01
9.201774001121520996e-01
9.201774001121520996e-01
9.201774001121520996e-01
9.201774001121520996e-01
9.201774001121520996e-01
9.223946928977966309e-01
9.223946928977966309e-01
9.223946928977966309e-01
9.246119856834411621e-01
9.246119856834411621e-01
9.246119856834411621e-01
9.246119856834411621e-01
9.246119856834411621e-01
9.246119856834411621e-01
9.246119856834411621e-01
9.246119856834411621e-01
9.246119856834411621e-01
9.246119856834411621e-01
9.246119856834411621e-01
9.246119856834411621e-01
9.246119856834411621e-01
9.246119856834411621e-01
9.246119856834411621e-01
9.246119856834411621e-01
9.246119856834411621e-01
9.246119856834411621e-01
9.246119856834411621e-01
9.246119856834411621e-01
9.246119856834411621e-01
9.246119856834411621e-01
9.246119856834411621e-01
9.246119856834411621e-01
9.246119856834411621e-01
9.246119856834411621e-01
9.246119856834411621e-01
9.246119856834411621e-01
9.246119856834411621e-01
9.246119856834411621e-01
9.246119856834411621e-01
9.246119856834411621e-01
9.246119856834411621e-01
9.246119856834411621e-01
9.246119856834411621e-01
9.246119856834411621e-01
9.246119856834411621e-01
9.246119856834411621e-01
9.246119856834411621e-01
9.246119856834411621e-01
9.246119856834411621e-01
9.246119856834411621e-01
9.246119856834411621e-01
9.246119856834411621e-01
9.246119856834411621e-01
9.246119856834411621e-01
9.246119856834411621e-01
9.246119856834411621e-01
9.246119856834411621e-01
9.246119856834411621e-01
9.246119856834411621e-01
9.246119856834411621e-01
9.246119856834411621e-01
