1.913278698921203613e-01
1.893030852079391479e-01
1.890389919281005859e-01
1.887768059968948364e-01
1.885140389204025269e-01
1.882472187280654907e-01
1.879730969667434692e-01
1.876879632472991943e-01
1.873875409364700317e-01
1.870674937963485718e-01
1.867222636938095093e-01
1.863458752632141113e-01
1.859319508075714111e-01
1.854736357927322388e-01
1.849635243415832520e-01
1.843947321176528931e-01
1.837608963251113892e-01
1.830575615167617798e-01
1.822836250066757202e-01
1.814407110214233398e-01
1.805350035429000854e-01
1.795765310525894165e-01
1.785777211189270020e-01
1.775504648685455322e-01
1.765045672655105591e-01
1.754445135593414307e-01
1.743689775466918945e-01
1.732711941003799438e-01
1.721397340297698975e-01
1.709603667259216309e-01
1.697181016206741333e-01
1.683992445468902588e-01
1.669935286045074463e-01
1.654970943927764893e-01
1.639143675565719604e-01
1.622587293386459351e-01
1.605521440505981445e-01
1.588199585676193237e-01
1.570873111486434937e-01
1.553730815649032593e-01
1.536887735128402710e-01
1.520368456840515137e-01
1.504132449626922607e-01
1.488083600997924805e-01
1.472100317478179932e-01
1.456044912338256836e-01
1.439784467220306396e-01
1.423195153474807739e-01
1.406175196170806885e-01
1.388649940490722656e-01
1.370581537485122681e-01
1.351973861455917358e-01
1.332866698503494263e-01
1.313333064317703247e-01
1.293466687202453613e-01
1.273376643657684326e-01
1.253185719251632690e-01
1.233030259609222412e-01
1.213066801428794861e-01
1.193460449576377869e-01
1.174372434616088867e-01
1.155945435166358948e-01
1.138294339179992676e-01
1.121504530310630798e-01
1.105629801750183105e-01
1.090696603059768677e-01
1.076701432466506958e-01
1.063613370060920715e-01
1.051382645964622498e-01
1.039943546056747437e-01
1.029224246740341187e-01
1.019155234098434448e-01
1.009663492441177368e-01
1.000688150525093079e-01
9.921739995479583740e-02
9.840729087591171265e-02
9.763497114181518555e-02
9.689746052026748657e-02
9.619273245334625244e-02
9.551909565925598145e-02
9.487526118755340576e-02
9.425965696573257446e-02
9.367095679044723511e-02
9.310778230428695679e-02
9.256843477487564087e-02
9.205166250467300415e-02
9.155578166246414185e-02
9.107945114374160767e-02
9.062121808528900146e-02
9.017989784479141235e-02
8.975411951541900635e-02
8.934275060892105103e-02
8.894451707601547241e-02
8.855843544006347656e-02
8.818332105875015259e-02
8.781848102807998657e-02
8.746276795864105225e-02
8.711542189121246338e-02
8.677574247121810913e-02
8.644291758537292480e-02
8.611664175987243652e-02
8.579599112272262573e-02
8.548074960708618164e-02
8.517041802406311035e-02
8.486465364694595337e-02
8.456315100193023682e-02
8.426562696695327759e-02
8.397192507982254028e-02
8.368179947137832642e-02
8.339518308639526367e-02
8.311198651790618896e-02
8.283210545778274536e-02
8.255548030138015747e-02
8.228205889463424683e-02
8.201184868812561035e-02
8.174482733011245728e-02
8.148097246885299683e-02
8.122020214796066284e-02
8.096257597208023071e-02
8.070811629295349121e-02
8.045666664838790894e-02
8.020833879709243774e-02
7.996303588151931763e-02
7.972074300050735474e-02
7.948135584592819214e-02
7.924499362707138062e-02
7.901142537593841553e-02
7.878060638904571533e-02
7.855258136987686157e-02
7.832720130681991577e-02
7.810438424348831177e-02
7.788415253162384033e-02
7.766631245613098145e-02
7.745085656642913818e-02
7.723767310380935669e-02
7.702651619911193848e-02
7.681740820407867432e-02
7.661023736000061035e-02
7.640479505062103271e-02
7.620104402303695679e-02
7.599876821041107178e-02
7.579784095287322998e-02
7.559815049171447754e-02
7.539962232112884521e-02
7.520210742950439453e-02
7.500574737787246704e-02
7.481040805578231812e-02
7.461615651845932007e-02
7.442312687635421753e-02
7.423135638236999512e-02
7.404113560914993286e-02
7.385247200727462769e-02
7.366570085287094116e-02
7.348088175058364868e-02
7.329820841550827026e-02
7.311788201332092285e-02
7.293988019227981567e-02
7.276437431573867798e-02
7.259141653776168823e-02
7.242097705602645874e-02
7.225310802459716797e-02
7.208780944347381592e-02
7.192503660917282104e-02
7.176470756530761719e-02
7.160676270723342896e-02
7.145111262798309326e-02
7.129765301942825317e-02
7.114624977111816406e-02
7.099678367376327515e-02
7.084927707910537720e-02
7.070341706275939941e-02
7.055919617414474487e-02
7.041639089584350586e-02
7.027508318424224854e-02
7.013490051031112671e-02
6.999595463275909424e-02
6.985800713300704956e-02
6.972113996744155884e-02
6.958516687154769897e-02
6.945001333951950073e-02
6.931570172309875488e-02
6.918215006589889526e-02
6.904934346675872803e-02
6.891722232103347778e-02
6.878584623336791992e-02
6.865514814853668213e-02
6.852500140666961670e-02
6.839557737112045288e-02
6.826677918434143066e-02
6.813865154981613159e-02
6.801106780767440796e-02
6.788416951894760132e-02
6.775791943073272705e-02
6.763227283954620361e-02
6.750719249248504639e-02
6.738270074129104614e-02
6.725885719060897827e-02
6.713552027940750122e-02
6.701278686523437500e-02
6.689050793647766113e-02
6.676886975765228271e-02
6.664764881134033203e-02
6.652694940567016602e-02
6.640676409006118774e-02
6.628698855638504028e-02
6.616763025522232056e-02
6.604867428541183472e-02
6.593016535043716431e-02
6.581195443868637085e-02
6.569411605596542358e-02
6.557668000459671021e-02
6.545948237180709839e-02
6.534259021282196045e-02
6.522606313228607178e-02
6.510976701974868774e-02
6.499374657869338989e-02
6.487800180912017822e-02
6.476256251335144043e-02
6.464733183383941650e-02
6.453238427639007568e-02
6.441765278577804565e-02
6.430324167013168335e-02
6.418900936841964722e-02
6.407503783702850342e-02
6.396136432886123657e-02
6.384795904159545898e-02
6.373485922813415527e-02
6.362202763557434082e-02
6.350953131914138794e-02
6.339728832244873047e-02
6.328535079956054688e-02
6.317377835512161255e-02
6.306254118680953979e-02
6.295165419578552246e-02
6.284110993146896362e-02
6.273094564676284790e-02
6.262115389108657837e-02
6.251173466444015503e-02
6.240272894501686096e-02
6.229413673281669617e-02
6.218598783016204834e-02
6.207818910479545593e-02
6.197082251310348511e-02
6.186394020915031433e-02
6.175740808248519897e-02
6.165133416652679443e-02
6.154575943946838379e-02
6.144059821963310242e-02
6.133593246340751648e-02
6.123165786266326904e-02
6.112788617610931396e-02
6.102458015084266663e-02
6.092173978686332703e-02
6.081935018301010132e-02
6.071742251515388489e-02
6.061597540974617004e-02
6.051502004265785217e-02
6.041457131505012512e-02
6.031457334756851196e-02
6.021502986550331116e-02
6.011603772640228271e-02
6.001755967736244202e-02
5.991961061954498291e-02
5.982208251953125000e-02
5.972517281770706177e-02
5.962874740362167358e-02
5.953290686011314392e-02
5.943753570318222046e-02
5.934279412031173706e-02
5.924860388040542603e-02
5.915494263172149658e-02
5.906185880303382874e-02
5.896937847137451172e-02
5.887747555971145630e-02
5.878619104623794556e-02
5.869544669985771179e-02
5.860536918044090271e-02
5.851582437753677368e-02
5.842690542340278625e-02
5.833861604332923889e-02
5.825091898441314697e-02
5.816385895013809204e-02
5.807735398411750793e-02
5.799145624041557312e-02
5.790613219141960144e-02
5.782143026590347290e-02
5.773727595806121826e-02
5.765366926789283752e-02
5.757061764597892761e-02
5.748810246586799622e-02
5.740610882639884949e-02
5.732461437582969666e-02
5.724362283945083618e-02
5.716307833790779114e-02
5.708298459649085999e-02
5.700336769223213196e-02
5.692413076758384705e-02
5.684537068009376526e-02
5.676694214344024658e-02
5.668887868523597717e-02
5.661120638251304626e-02
5.653381347656250000e-02
5.645679309964179993e-02
5.638004839420318604e-02
5.630361661314964294e-02
5.622739344835281372e-02
5.615150555968284607e-02
5.607583746314048767e-02
5.600045621395111084e-02
5.592524260282516479e-02
5.585026741027832031e-02
5.577550455927848816e-02
5.570101737976074219e-02
5.562666431069374084e-02
5.555247515439987183e-02
5.547856166958808899e-02
5.540482699871063232e-02
5.533125624060630798e-02
5.525785312056541443e-02
5.518463253974914551e-02
5.511160567402839661e-02
5.503875389695167542e-02
5.496603995561599731e-02
5.489358305931091309e-02
5.482124537229537964e-02
5.474912375211715698e-02
5.467711389064788818e-02
5.460532754659652710e-02
5.453369766473770142e-02
5.446225032210350037e-02
5.439098179340362549e-02
5.431987717747688293e-02
5.424893274903297424e-02
5.417817458510398865e-02
5.410758033394813538e-02
5.403718724846839905e-02
5.396695062518119812e-02
5.389689654111862183e-02
5.382703617215156555e-02
5.375725030899047852e-02
5.368776246905326843e-02
5.361836031079292297e-02
5.354915559291839600e-02
5.348013713955879211e-02
5.341127514839172363e-02
5.334259569644927979e-02
5.327408760786056519e-02
5.320571362972259521e-02
5.313758924603462219e-02
5.306959897279739380e-02
5.300173535943031311e-02
5.293409153819084167e-02
5.286661162972450256e-02
5.279934778809547424e-02
5.273219570517539978e-02
5.266527086496353149e-02
5.259849131107330322e-02
5.253192037343978882e-02
5.246550589799880981e-02
5.239928141236305237e-02
5.233322829008102417e-02
5.226733162999153137e-02
5.220165103673934937e-02
5.213614925742149353e-02
5.207083001732826233e-02
5.200570076704025269e-02
5.194076523184776306e-02
5.187602341175079346e-02
5.181148648262023926e-02
5.174708738923072815e-02
5.168299004435539246e-02
5.161897093057632446e-02
5.155522376298904419e-02
5.149162933230400085e-02
5.142828449606895447e-02
5.136513710021972656e-02
5.130217596888542175e-02
5.123941972851753235e-02
5.117685347795486450e-02
5.111451447010040283e-02
5.105242505669593811e-02
5.099049955606460571e-02
5.092877522110939026e-02
5.086726322770118713e-02
5.080597475171089172e-02
5.074490606784820557e-02
5.068404600024223328e-02
5.062339082360267639e-02
5.056292563676834106e-02
5.050271749496459961e-02
5.044268816709518433e-02
5.038288980722427368e-02
5.032325908541679382e-02
5.026386678218841553e-02
5.020464956760406494e-02
5.014570057392120361e-02
5.008692294359207153e-02
5.002831667661666870e-02
4.996990785002708435e-02
4.991169646382331848e-02
4.985367506742477417e-02
4.979583993554115295e-02
4.973824694752693176e-02
4.968074709177017212e-02
4.962348937988281250e-02
4.956640303134918213e-02
4.950948059558868408e-02
4.945270717144012451e-02
4.939612746238708496e-02
4.933972284197807312e-02
4.928347840905189514e-02
4.922739043831825256e-02
4.917144030332565308e-02
4.911565408110618591e-02
4.906002804636955261e-02
4.900453612208366394e-02
4.894920438528060913e-02
4.889400675892829895e-02
4.883898794651031494e-02
4.878399521112442017e-02
4.872919991612434387e-02
4.867456480860710144e-02
4.862000793218612671e-02
4.856560379266738892e-02
4.851135611534118652e-02
4.845718294382095337e-02
4.840313270688056946e-02
4.834923520684242249e-02
4.829543828964233398e-02
4.824179038405418396e-02
4.818822816014289856e-02
4.813481494784355164e-02
4.808148741722106934e-02
4.802828282117843628e-02
4.797522723674774170e-02
4.792230203747749329e-02
4.786946997046470642e-02
4.781673848628997803e-02
4.776416346430778503e-02
4.771167039871215820e-02
4.765934869647026062e-02
4.760719463229179382e-02
4.755513370037078857e-02
4.750316217541694641e-02
4.745137691497802734e-02
4.739968851208686829e-02
4.734816774725914001e-02
4.729680344462394714e-02
4.724555090069770813e-02
4.719442501664161682e-02
4.714348539710044861e-02
4.709273204207420349e-02
4.704208299517631531e-02
4.699156060814857483e-02
4.694120213389396667e-02
4.689107090234756470e-02
4.684105142951011658e-02
4.679119214415550232e-02
4.674148932099342346e-02
4.669199883937835693e-02
4.664267972111701965e-02
4.659351706504821777e-02
4.654452204704284668e-02
4.649570584297180176e-02
4.644706472754478455e-02
4.639858752489089966e-02
4.635033011436462402e-02
4.630224034190177917e-02
4.625431075692176819e-02
4.620659723877906799e-02
4.615905880928039551e-02
4.611168801784515381e-02
4.606452211737632751e-02
4.601755738258361816e-02
4.597077146172523499e-02
4.592419415712356567e-02
4.587777704000473022e-02
4.583157598972320557e-02
4.578558355569839478e-02
4.573977738618850708e-02
4.569415003061294556e-02
4.564877226948738098e-02
4.560358077287673950e-02
4.555855691432952881e-02
4.551378265023231506e-02
4.546924680471420288e-02
4.542487859725952148e-02
4.538074135780334473e-02
4.533676803112030029e-02
4.529309272766113281e-02
4.524958133697509766e-02
4.520634934306144714e-02
4.516328498721122742e-02
4.512050002813339233e-02
4.507790878415107727e-02
4.503553733229637146e-02
4.499344527721405029e-02
4.495152086019515991e-02
4.490983486175537109e-02
4.486839845776557922e-02
4.482716321945190430e-02
4.478611797094345093e-02
4.474534839391708374e-02
4.470475763082504272e-02
4.466438665986061096e-02
4.462419077754020691e-02
4.458418115973472595e-02
4.454438015818595886e-02
4.450472816824913025e-02
4.446523636579513550e-02
4.442586749792098999e-02
4.438663646578788757e-02
4.434754699468612671e-02
4.430854693055152893e-02
4.426962509751319885e-02
4.423079639673233032e-02
4.419207945466041565e-02
4.415337368845939636e-02
4.411476105451583862e-02
4.407617449760437012e-02
4.403761774301528931e-02
4.399910569190979004e-02
4.396057501435279846e-02
4.392206668853759766e-02
4.388355463743209839e-02
4.384503513574600220e-02
4.380654171109199524e-02
4.376801103353500366e-02
4.372947663068771362e-02
4.369092360138893127e-02
4.365237429738044739e-02
4.361380636692047119e-02
4.357519745826721191e-02
4.353658109903335571e-02
4.349792748689651489e-02
4.345927387475967407e-02
4.342057183384895325e-02
4.338189586997032166e-02
4.334314540028572083e-02
4.330435767769813538e-02
4.326558858156204224e-02
4.322679713368415833e-02
4.318799823522567749e-02
4.314916580915451050e-02
4.311034083366394043e-02
4.307147115468978882e-02
4.303259029984474182e-02
4.299372807145118713e-02
4.295481741428375244e-02
4.291593283414840698e-02
4.287700355052947998e-02
4.283808544278144836e-02
4.279919713735580444e-02
4.276028275489807129e-02
4.272134974598884583e-02
4.268242791295051575e-02
4.264353215694427490e-02
4.260465502738952637e-02
4.256578162312507629e-02
4.252690821886062622e-02
4.248806089162826538e-02
4.244923964142799377e-02
4.241047054529190063e-02
4.237172380089759827e-02
4.233295843005180359e-02
4.229430481791496277e-02
4.225566983222961426e-02
4.221706837415695190e-02
4.217855632305145264e-02
4.214006662368774414e-02
4.210165515542030334e-02
4.206327721476554871e-02
4.202498123049736023e-02
4.198675230145454407e-02
4.194856062531471252e-02
4.191046580672264099e-02
4.187247529625892639e-02
4.183455184102058411e-02
4.179671034216880798e-02
4.175893589854240417e-02
4.172123223543167114e-02
4.168365895748138428e-02
4.164616391062736511e-02
4.160872101783752441e-02
4.157142713665962219e-02
4.153417050838470459e-02
4.149702563881874084e-02
4.146001487970352173e-02
4.142308980226516724e-02
4.138623178005218506e-02
4.134948179125785828e-02
4.131282493472099304e-02
4.127626493573188782e-02
4.123982414603233337e-02
4.120345786213874817e-02
4.116722568869590759e-02
4.113102704286575317e-02
4.109497740864753723e-02
4.105903580784797668e-02
4.102313518524169922e-02
4.098737239837646484e-02
4.095169156789779663e-02
4.091609641909599304e-02
4.088061302900314331e-02
4.084524512290954590e-02
4.080992192029953003e-02
4.077471420168876648e-02
4.073959961533546448e-02
4.070460051298141479e-02
4.066969826817512512e-02
4.063485562801361084e-02
4.060010612010955811e-02
4.056545719504356384e-02
4.053090512752532959e-02
4.049645736813545227e-02
4.046204686164855957e-02
4.042774438858032227e-02
4.039355367422103882e-02
4.035944119095802307e-02
4.032539203763008118e-02
4.029148072004318237e-02
4.025762900710105896e-02
4.022385552525520325e-02
4.019017517566680908e-02
4.015658795833587646e-02
4.012307897210121155e-02
4.008965939283370972e-02
4.005634039640426636e-02
4.002309590578079224e-02
3.998991101980209351e-02
3.995686396956443787e-02
3.992386162281036377e-02
3.989091888070106506e-02
3.985811024904251099e-02
3.982534632086753845e-02
3.979266807436943054e-02
3.976009413599967957e-02
3.972759097814559937e-02
3.969514369964599609e-02
3.966279700398445129e-02
3.963055834174156189e-02
3.959833458065986633e-02
3.956626728177070618e-02
3.953422978520393372e-02
3.950223326683044434e-02
3.947039321064949036e-02
3.943858668208122253e-02
3.940687701106071472e-02
3.937520831823348999e-02
3.934364020824432373e-02
3.931212425231933594e-02
3.928072378039360046e-02
3.924935311079025269e-02
3.921807929873466492e-02
3.918687254190444946e-02
3.915573656558990479e-02
3.912471234798431396e-02
3.909373283386230469e-02
3.906280919909477234e-02
3.903197869658470154e-02
3.900120407342910767e-02
3.897048905491828918e-02
3.893986716866493225e-02
3.890931978821754456e-02
3.887880966067314148e-02
3.884841874241828918e-02
3.881806507706642151e-02
3.878778219223022461e-02
3.875759243965148926e-02
3.872746601700782776e-02
3.869739174842834473e-02
3.866741806268692017e-02
3.863747045397758484e-02
3.860764205455780029e-02
3.857785835862159729e-02
3.854817152023315430e-02
3.851853683590888977e-02
3.848895430564880371e-02
3.845949470996856689e-02
3.843006864190101624e-02
3.840074315667152405e-02
3.837148100137710571e-02
3.834227472543716431e-02
3.831317275762557983e-02
3.828412666916847229e-02
3.825516626238822937e-02
3.822625055909156799e-02
3.819743916392326355e-02
3.816871345043182373e-02
3.814003244042396545e-02
3.811143338680267334e-02
3.808293119072914124e-02
3.805449232459068298e-02
3.802614659070968628e-02
3.799785673618316650e-02
3.796964511275291443e-02
3.794154897332191467e-02
3.791348636150360107e-02
3.788555040955543518e-02
3.785765543580055237e-02
3.782984986901283264e-02
3.780212998390197754e-02
3.777449950575828552e-02
3.774693235754966736e-02
3.771941736340522766e-02
3.769204765558242798e-02
3.766471520066261292e-02
3.763746842741966248e-02
3.761034086346626282e-02
3.758324310183525085e-02
3.755624592304229736e-02
3.752928599715232849e-02
3.750243410468101501e-02
3.747566044330596924e-02
3.744895011186599731e-02
3.742232546210289001e-02
3.739578649401664734e-02
3.736931830644607544e-02
3.734288737177848816e-02
3.731654584407806396e-02
3.729028254747390747e-02
3.726409375667572021e-02
3.723793104290962219e-02
3.721184283494949341e-02
3.718584775924682617e-02
3.715990856289863586e-02
3.713401779532432556e-02
3.710816428065299988e-02
3.708237782120704651e-02
3.705666586756706238e-02
3.703099116683006287e-02
3.700536489486694336e-02
3.697979077696800232e-02
3.695423528552055359e-02
3.692875802516937256e-02
3.690330684185028076e-02
3.687788546085357666e-02
3.685251995921134949e-02
3.682717680931091309e-02
3.680186718702316284e-02
3.677659481763839722e-02
3.675131872296333313e-02
3.672610223293304443e-02
3.670090064406394958e-02
3.667573258280754089e-02
3.665054589509963989e-02
3.662541136145591736e-02
3.660026565194129944e-02
3.657514229416847229e-02
3.655002266168594360e-02
3.652492165565490723e-02
3.649984672665596008e-02
3.647472336888313293e-02
3.644962608814239502e-02
3.642456233501434326e-02
3.639946505427360535e-02
3.637436032295227051e-02
3.634928166866302490e-02
3.632417693734169006e-02
3.629905730485916138e-02
3.627393767237663269e-02
3.624882176518440247e-02
3.622367233037948608e-02
3.619854524731636047e-02
3.617335855960845947e-02
3.614818304777145386e-02
3.612301498651504517e-02
3.609780594706535339e-02
3.607256338000297546e-02
3.604732081294059753e-02
3.602206707000732422e-02
3.599674627184867859e-02
3.597144037485122681e-02
3.594610467553138733e-02
3.592076152563095093e-02
3.589541465044021606e-02
3.587000444531440735e-02
3.584458306431770325e-02
3.581914305686950684e-02
3.579366952180862427e-02
3.576816618442535400e-02
3.574263677000999451e-02
3.571710735559463501e-02
3.569155186414718628e-02
3.566594794392585754e-02
3.564031422138214111e-02
3.561468049883842468e-02
3.558899462223052979e-02
3.556331992149353027e-02
3.553758934140205383e-02
3.551184758543968201e-02
3.548606112599372864e-02
3.546027094125747681e-02
3.543443605303764343e-02
3.540857136249542236e-02
3.538266569375991821e-02
3.535676747560501099e-02
3.533082827925682068e-02
3.530487045645713806e-02
3.527885302901268005e-02
3.525285050272941589e-02
3.522678837180137634e-02
3.520070388913154602e-02
3.517463058233261108e-02
3.514849022030830383e-02
3.512236103415489197e-02
3.509616479277610779e-02
3.506995365023612976e-02
3.504374250769615173e-02
3.501748293638229370e-02
3.499121963977813721e-02
3.496489673852920532e-02
3.493857756257057190e-02
3.491222113370895386e-02
3.488585352897644043e-02
3.485943377017974854e-02
3.483300283551216125e-02
3.480653464794158936e-02
3.478004038333892822e-02
3.475352749228477478e-02
3.472701460123062134e-02
3.470044955611228943e-02
3.467386215925216675e-02
3.464725613594055176e-02
3.462062031030654907e-02
3.459396213293075562e-02
3.456727787852287292e-02
3.454055264592170715e-02
3.451380878686904907e-02
3.448705375194549561e-02
3.446026891469955444e-02
3.443346545100212097e-02
3.440663591027259827e-02
3.437977656722068787e-02
3.435288369655609131e-02
3.432594984769821167e-02
3.429903835058212280e-02
3.427209332585334778e-02
3.424510732293128967e-02
3.421810641884803772e-02
3.419106081128120422e-02
3.416400402784347534e-02
3.413692489266395569e-02
3.410983085632324219e-02
3.408267349004745483e-02
3.405551984906196594e-02
3.402835503220558167e-02
3.400114923715591431e-02
3.397388756275177002e-02
3.394667431712150574e-02
3.391937166452407837e-02
3.389208391308784485e-02
3.386474773287773132e-02
3.383740782737731934e-02
3.381003439426422119e-02
3.378264978528022766e-02
3.375520557165145874e-02
3.372776135802268982e-02
3.370030596852302551e-02
3.367278724908828735e-02
3.364526107907295227e-02
3.361771255731582642e-02
3.359014913439750671e-02
3.356253728270530701e-02
3.353491425514221191e-02
3.350726142525672913e-02
3.347960487008094788e-02
3.345192223787307739e-02
3.342418745160102844e-02
3.339643403887748718e-02
3.336865454912185669e-02
3.334088996052742004e-02
3.331304341554641724e-02
3.328521549701690674e-02
3.325733169913291931e-02
3.322946652770042419e-02
3.320153057575225830e-02
3.317357972264289856e-02
3.314561396837234497e-02
3.311761841177940369e-02
3.308960050344467163e-02
3.306152671575546265e-02
3.303345665335655212e-02
3.300537541508674622e-02
3.297722712159156799e-02
3.294907882809638977e-02
3.292088583111763000e-02
3.289267793297767639e-02
3.286445140838623047e-02
3.283619135618209839e-02
3.280790895223617554e-02
3.277957439422607422e-02
3.275126591324806213e-02
3.272287920117378235e-02
3.269451111555099487e-02
3.266606107354164124e-02
3.263760730624198914e-02
3.260913491249084473e-02
3.258062154054641724e-02
3.255208954215049744e-02
3.252351656556129456e-02
3.249492496252059937e-02
3.246631473302841187e-02
3.243764862418174744e-02
3.240897133946418762e-02
3.238025680184364319e-02
3.235151618719100952e-02
3.232274204492568970e-02
3.229394182562828064e-02
3.226509690284729004e-02
3.223623335361480713e-02
3.220736235380172729e-02
3.217840194702148438e-02
3.214946389198303223e-02
3.212046250700950623e-02
3.209143504500389099e-02
3.206236660480499268e-02
3.203331306576728821e-02
3.200419619679450989e-02
3.197504580020904541e-02
3.194587305188179016e-02
3.191665932536125183e-02
3.188739344477653503e-02
3.185813128948211670e-02
3.182880580425262451e-02
3.179946169257164001e-02
3.177011385560035706e-02
3.174070641398429871e-02
3.171125426888465881e-02
3.168179839849472046e-02
3.165228664875030518e-02
3.162275254726409912e-02
3.159319236874580383e-02
3.156358003616333008e-02
3.153395280241966248e-02
3.150429949164390564e-02
3.147460147738456726e-02
3.144489601254463196e-02
3.141513094305992126e-02
3.138533234596252441e-02
3.135550394654273987e-02
3.132566437125205994e-02
3.129579126834869385e-02
3.126588091254234314e-02
3.123592957854270935e-02
3.120595961809158325e-02
3.117595054209232330e-02
3.114591166377067566e-02
3.111583925783634186e-02
3.108575567603111267e-02
3.105563297867774963e-02
3.102548234164714813e-02
3.099529258906841278e-02
3.096508793532848358e-02
3.093485161662101746e-02
3.090458549559116364e-02
3.087428957223892212e-02
3.084397874772548676e-02
3.081363812088966370e-02
3.078326024115085602e-02
3.075286559760570526e-02
3.072243556380271912e-02
3.069197945296764374e-02
3.066152334213256836e-02
3.063103184103965759e-02
3.060050122439861298e-02
3.056995198130607605e-02
3.053940460085868835e-02
3.050878085196018219e-02
3.047818690538406372e-02
3.044755384325981140e-02
3.041691333055496216e-02
3.038624860346317291e-02
3.035555034875869751e-02
3.032485209405422211e-02
3.029412217438220978e-02
3.026336617767810822e-02
3.023261390626430511e-02
3.020183369517326355e-02
3.017102368175983429e-02
3.014022111892700195e-02
3.010938316583633423e-02
3.007854707539081573e-02
3.004769422113895416e-02
3.001681528985500336e-02
2.998591400682926178e-02
2.995503135025501251e-02
2.992410026490688324e-02
2.989318408071994781e-02
2.986224740743637085e-02
2.983128838241100311e-02
2.980033494532108307e-02
2.976933866739273071e-02
2.973837032914161682e-02
2.970735915005207062e-02
2.967635355889797211e-02
2.964533492922782898e-02
2.961429767310619354e-02
2.958327531814575195e-02
2.955221198499202728e-02
